4 88 90
18482

4 88 91
18153

4 88 92
18851

4 89 90
18766

4 89 91
18513

4 89 92
19142

4 90 90
18683

4 90 91
19156

4 90 92
18393

4.1 88 90
18337

4.1 88 91
18889

4.1 88 92
18529

4.1 89 90
18288

4.1 89 91
18469

4.1 89 92
19659

4.1 90 90
19072

4.1 90 91
18984

4.1 90 92
18656

4.2 88 90
18694

4.2 88 91
18812

4.2 88 92
19106

4.2 89 90
18220

4.2 89 91
19009

4.2 89 92
18525

4.2 90 90
19122

4.2 90 91
18742

4.2 90 92
19030

4.3 88 90
18954

4.3 88 91
18795

4.3 88 92
18630

4.3 89 90
18900

4.3 89 91
18844

4.3 89 92
18586

4.3 90 90
18291

4.3 90 91
18707

4.3 90 92
18165

4.4 88 90
18535

4.4 88 91
18622

4.4 88 92
18029

4.4 89 90
18761

4.4 89 91
18287

4.4 89 92
18579

4.4 90 90
18280

4.4 90 91
18633

4.4 90 92
18354

4.5 88 90
19362

4.5 88 91
18571

4.5 88 92
19213

4.5 89 90
18886

4.5 89 91
19659

4.5 89 92
18433

4.5 90 90
19187

4.5 90 91
19282

4.5 90 92
18369

4.6 88 90
18550

4.6 88 91
18242

4.6 88 92
18697

4.6 89 90
19117

4.6 89 91
19067

4.6 89 92
19056

4.6 90 90
18699

4.6 90 91
19102

4.6 90 92
18465

4.7 88 90
18431

4.7 88 91
18848

4.7 88 92
18137

4.7 89 90
18948

4.7 89 91
18901

4.7 89 92
18389

4.7 90 90
18721

4.7 90 91
18401

4.7 90 92
18763

4.8 88 90
18223

4.8 88 91
18488

4.8 88 92
18359

4.8 89 90
18982

4.8 89 91
18744

4.8 89 92
18236

4.8 90 90
18416

4.8 90 91
18581

4.8 90 92
18875

4.9 88 90
18445

4.9 88 91
19015

4.9 88 92
19007

4.9 89 90
18232

4.9 89 91
19041

4.9 89 92
18374

4.9 90 90
18659

4.9 90 91
19041

4.9 90 92
18956

5 88 90
17967

5 88 91
18520

5 88 92
19317

5 89 90
19342

5 89 91
18647

5 89 92
18245

5 90 90
17975

5 90 91
18700

5 90 92
18356

5.1 88 90
18718

5.1 88 91
18243

5.1 88 92
18530

5.1 89 90
18266

5.1 89 91
18226

5.1 89 92
18660

5.1 90 90
18847

5.1 90 91
18674

5.1 90 92
18178

5.2 88 90
18559

5.2 88 91
18733

5.2 88 92
18231

5.2 89 90
19095

5.2 89 91
18126

5.2 89 92
18161

5.2 90 90
18719

5.2 90 91
18749

5.2 90 92
18662

5.3 88 90
18455

5.3 88 91
18537

5.3 88 92
18257

5.3 89 90
18728

5.3 89 91
18498

5.3 89 92
18696

5.3 90 90
18732

5.3 90 91
18007

5.3 90 92
18388

5.4 88 90
17905

5.4 88 91
18222

5.4 88 92
18876

5.4 89 90
18614

5.4 89 91
18780

5.4 89 92
18130

5.4 90 90
18500

5.4 90 91
18441

5.4 90 92
18467

5.5 88 90
18854

5.5 88 91
18476

5.5 88 92
18267

5.5 89 90
18184

5.5 89 91
18732

5.5 89 92
19194

5.5 90 90
18315

5.5 90 91
18683

5.5 90 92
18584

5.6 88 90
18181

5.6 88 91
18833

5.6 88 92
18150

5.6 89 90
18633

5.6 89 91
17940

5.6 89 92
19270

5.6 90 90
19079

5.6 90 91
19213

5.6 90 92
18461

5.7 88 90
18300

5.7 88 91
18584

5.7 88 92
18902

5.7 89 90
18834

5.7 89 91
18573

5.7 89 92
18515

5.7 90 90
18297

5.7 90 91
18682

5.7 90 92
18103

5.8 88 90
18596

5.8 88 91
18555

5.8 88 92
18889

5.8 89 90
19037

5.8 89 91
18736

5.8 89 92
19037

5.8 90 90
18163

5.8 90 91
18205

5.8 90 92
18203

5.9 88 90
17483

5.9 88 91
18738

5.9 88 92
18947

5.9 89 90
18706

5.9 89 91
18974

5.9 89 92
18959

5.9 90 90
18740

5.9 90 91
19630

5.9 90 92
17969

6 88 90
18603

6 88 91
17943

6 88 92
18330

6 89 90
18859

6 89 91
18288

6 89 92
18476

6 90 90
18471

6 90 91
18567

6 90 92
18689

