4 88 90
18699

4 88 91
18833

4 88 92
18607

4 89 90
18801

4 89 91
18687

4 89 92
18599

4 90 90
18730

4 90 91
18677

4 90 92
18478

4.1 88 90
18476

4.1 88 91
18552

4.1 88 92
18727

4.1 89 90
18731

4.1 89 91
18577

4.1 89 92
18741

4.1 90 90
18614

4.1 90 91
18466

4.1 90 92
18616

4.2 88 90
18526

4.2 88 91
18630

4.2 88 92
18670

4.2 89 90
18771

4.2 89 91
18777

4.2 89 92
18487

4.2 90 90
18911

4.2 90 91
18592

4.2 90 92
18673

4.3 88 90
18554

4.3 88 91
18625

4.3 88 92
18548

4.3 89 90
18754

4.3 89 91
18560

4.3 89 92
18547

4.3 90 90
18749

4.3 90 91
18701

4.3 90 92
18589

4.4 88 90
18527

4.4 88 91
18597

4.4 88 92
18447

4.4 89 90
18707

4.4 89 91
18798

4.4 89 92
18725

4.4 90 90
18723

4.4 90 91
18664

4.4 90 92
18625

4.5 88 90
18559

4.5 88 91
18366

4.5 88 92
18553

4.5 89 90
18606

4.5 89 91
18701

4.5 89 92
18491

4.5 90 90
18759

4.5 90 91
18703

4.5 90 92
18665

4.6 88 90
18711

4.6 88 91
18519

4.6 88 92
18594

4.6 89 90
18601

4.6 89 91
18516

4.6 89 92
18400

4.6 90 90
18760

4.6 90 91
18536

4.6 90 92
18575

4.7 88 90
18687

4.7 88 91
18542

4.7 88 92
18490

4.7 89 90
18556

4.7 89 91
18757

4.7 89 92
18546

4.7 90 90
18660

4.7 90 91
18688

4.7 90 92
18577

4.8 88 90
18599

4.8 88 91
18574

4.8 88 92
18745

4.8 89 90
18702

4.8 89 91
18702

4.8 89 92
18650

4.8 90 90
18564

4.8 90 91
18642

4.8 90 92
18577

4.9 88 90
18418

4.9 88 91
18619

4.9 88 92
18593

4.9 89 90
18701

4.9 89 91
18627

4.9 89 92
18551

4.9 90 90
18651

4.9 90 91
18574

4.9 90 92
18700

5 88 90
18566

5 88 91
18605

5 88 92
18842

5 89 90
18639

5 89 91
18629

5 89 92
18645

5 90 90
18798

5 90 91
18756

5 90 92
18626

5.1 88 90
18787

5.1 88 91
18696

5.1 88 92
18644

5.1 89 90
18601

5.1 89 91
18687

5.1 89 92
18540

5.1 90 90
18733

5.1 90 91
18633

5.1 90 92
18475

5.2 88 90
18514

5.2 88 91
18574

5.2 88 92
18553

5.2 89 90
18488

5.2 89 91
18764

5.2 89 92
18749

5.2 90 90
18571

5.2 90 91
18655

5.2 90 92
18512

5.3 88 90
18475

5.3 88 91
18481

5.3 88 92
18619

5.3 89 90
18595

5.3 89 91
18638

5.3 89 92
18523

5.3 90 90
18796

5.3 90 91
18749

5.3 90 92
18564

5.4 88 90
18257

5.4 88 91
18558

5.4 88 92
18493

5.4 89 90
18560

5.4 89 91
18633

4 89 91
18722

4.1 89 91
18680

5.4 90 91
18476

5.4 90 92
18466

4 89 91
18661

4.1 89 91
18637

4.2 89 91
18371

4.3 89 91
18633

4.4 89 91
18793

4.5 89 91
18580

4.6 89 91
18831

5.5 90 91
18645

5.5 90 92
18493

5.6 88 90
18568

5.6 88 91
18717

5.6 88 92
18575

5.6 89 90
18669

5.6 89 91
18635

5.6 89 92
18646

5.6 90 90
18663

5.6 90 91
18626

5.6 90 92
18560

5.7 88 90
18500

5.7 88 91
18653

5.7 88 92
18642

5.7 89 90
18638

5.7 89 91
18613

5.7 89 92
18535

5.7 90 90
18745

5.7 90 91
18701

5.7 90 92
18531

5.8 88 90
18337

5.8 88 91
18695

5.8 88 92
18490

5.8 89 90
18713

5.8 89 91
18822

5.8 89 92
18394

5.8 90 90
18738

5.8 90 91
18595

5.8 90 92
18519

5.9 88 90
18663

5.9 88 91
18461

5.9 88 92
18616

5.9 89 90
18686

5.9 89 91
18538

5.9 89 92
18619

5.9 90 90
18506

5.9 90 91
18597

5.9 90 92
18448

6 88 90
18721

6 88 91
18634

6 88 92
18625

6 89 90
18578

6 89 91
18726

6 89 92
18681

6 90 90
18543

6 90 91
18671

6 90 92
18573

