1 87 90
9446.9

1 87 91
7778.3

1 87 92
6864.4

1 87 93
6451.1

1 88 90
9647.2

1 88 91
8032.2

1 88 92
7016.3

1 88 93
6514.8

1 89 90
10255

1 89 91
8719.5

1 89 92
7756.2

1 89 93
7359.3

1 90 90
10255

1 90 91
9451.3

1 90 92
8418.0

1 90 93
7937.8

2 87 90
18761

2 87 91
17909

2 87 92
17750

2 87 93
17307

2 88 90
18486

2 88 91
17995

2 88 92
17834

2 88 93
18243

2 89 90
19055

2 89 91
18207

2 89 92
18642

2 89 93
18053

2 90 90
18825

2 90 91
19071

2 90 92
19048

2 90 93
17787

3 87 90
18466

3 87 91
18313

3 87 92
18129

3 87 93
18205

3 88 90
19280

3 88 91
18059

3 88 92
18016

3 88 93
18132

3 89 90
18957

3 89 91
18468

3 89 92
18979

3 89 93
18326

3 90 90
18453

3 90 91
17865

3 90 92
18969

3 90 93
18944

4 87 90
18455

4 87 91
18286

4 87 92
17825

4 87 93
19209

4 88 90
19061

4 88 91
18728

4 88 92
18316

4 88 93
17761

4 89 90
18968

4 89 91
18360

4 89 92
19212

4 89 93
19305

4 90 90
18944

4 90 91
18329

4 90 92
18453

4 90 93
18917

5 87 90
18654

5 87 91
17876

5 87 92
18008

5 87 93
17848

5 88 90
18752

5 88 91
18767

5 88 92
18296

5 88 93
19110

5 89 90
18534

5 89 91
18463

5 89 92
18161

5 89 93
19179

5 90 90
18720

5 90 91
18713

5 90 92
18855

5 90 93
18442

6 87 90
17686

6 87 91
18243

6 87 92
18038

6 87 93
18262

6 88 90
18054

6 88 91
18617

6 88 92
18664

6 88 93
18477

6 89 90
18553

6 89 91
18680

6 89 92
18513

6 89 93
18287

6 90 90
19369

6 90 91
18784

6 90 92
18249

6 90 93
18646

7 87 90
18253

7 87 91
18166

7 87 92
17915

7 87 93
18607

7 88 90
18725

7 88 91
18920

7 88 92
18723

7 88 93
18600

7 89 90
18468

7 89 91
18217

7 89 92
18657

7 89 93
18083

7 90 90
19540

7 90 91
19467

7 90 92
18548

7 90 93
18160

8 87 90
18855

8 87 91
18925

8 87 92
18309

8 87 93
18578

8 88 90
18156

8 88 91
18489

8 88 92
18905

8 88 93
18689

8 89 90
18685

8 89 91
18718

8 89 92
18426

8 89 93
18826

8 90 90
18768

8 90 91
18726

8 90 92
18833

8 90 93
18243

9 87 90
18490

9 87 91
18545

9 87 92
18213

9 87 93
18135

9 88 90
18705

9 88 91
18148

9 88 92
18264

9 88 93
18214

9 89 90
18686

9 89 91
18123

9 89 92
18318

9 89 93
18347

9 90 90
18784

9 90 91
18611

9 90 92
17919

9 90 93
18413

10 87 90
17946

10 87 91
18433

10 87 92
18782

10 87 93
18704

10 88 90
18692

10 88 91
18518

10 88 92
18893

10 88 93
17987

10 89 90
18911

10 89 91
18801

10 89 92
19019

10 89 93
18259

10 90 90
18582

10 90 91
18652

10 90 92
18289

10 90 93
18474

