UP
11 10 11 11 10 10 11 11 11 10 10 10 10 9 9 10 11 12 12 9 10 9 9 11 11 9 10 10 10 10 10 10 10 9 9 9 9 9 9 9 9 9 9 8 8 8 8 8 8 8 8 8 7 7 8 8 8 8 9 9 9 8 8 8 8 8 8 8 8 7 6 7 8 8 8 8 8 8 8 8 8 8 8 9 7 7 7 7 8 8 8 8 8 8 8 8 8 8 8 8 8 8 7 7 7 8 8 8 9 8 8 8 8 8 8 8 8 8 8 8 7 7 7 7 7 7 7 7 7 7 7 7 7 8 8 8 8 8 8 8 8 8 8 8 8 8 8 8 8 8 7 7 7 7 7 7 7 7 7 7 7 7 7 7 7 7 8 9 8 8 7 7 7 8 8 8 8 8 6 8 10 10 9 9 8 7 8 8 8 7 8 9 9 8 8 7 9 7 8 8 8 8 8 8 8 9 8 8 9 10 8 7 7 7 8 8 8 8 8 6 8 6 8 7 7 5 6 7 7 7 7 7 7 7 7 6 6 6 7 7 7 7 8 7 7 7 7 8 7 6 
10 11 12 12 11 10 11 11 11 10 10 11 10 9 9 9 10 10 9 7 7 8 8 10 11 10 10 10 10 10 10 10 10 9 9 9 8 8 8 9 9 9 9 9 8 8 8 8 8 8 8 8 8 8 8 8 9 9 9 8 9 9 8 8 8 8 8 8 8 7 8 8 8 7 8 9 8 8 7 7 8 7 7 8 7 7 7 8 8 8 8 8 8 8 8 8 8 8 8 8 8 8 8 8 8 8 8 8 9 8 8 8 8 8 8 8 8 8 8 8 7 7 7 7 7 7 7 7 7 7 7 7 8 8 8 8 8 8 7 8 8 8 8 8 8 8 8 8 8 8 7 7 7 7 7 7 7 7 7 7 7 7 7 7 7 7 7 7 7 7 7 7 7 7 8 8 8 8 6 7 8 7 7 7 7 6 7 8 7 7 8 9 8 7 8 8 9 7 8 7 7 8 8 8 8 8 8 8 9 9 7 6 6 5 6 6 6 6 6 5 6 5 7 7 8 7 7 6 6 6 6 6 6 7 6 6 6 6 7 6 6 7 7 7 7 7 7 7 7 7 
11 12 12 12 11 11 11 11 11 10 10 10 10 9 9 10 10 8 6 5 5 6 7 9 11 10 10 10 10 10 10 10 10 9 9 9 8 8 8 9 9 9 9 9 9 9 9 8 8 8 8 8 8 8 8 8 9 9 8 8 8 8 8 8 8 8 8 8 8 8 8 9 7 6 6 6 6 5 5 6 7 7 8 8 8 7 7 8 8 8 8 8 8 8 8 8 8 8 8 8 8 8 7 8 8 8 8 8 7 8 8 8 8 8 8 8 8 8 8 7 7 7 7 7 7 7 7 7 7 7 7 7 7 8 8 8 8 8 8 8 8 8 7 7 8 8 8 8 8 8 7 7 7 7 7 7 7 7 7 7 7 7 7 7 7 7 7 7 7 7 7 7 7 8 8 8 8 8 8 7 7 7 7 7 8 7 7 8 8 8 8 9 8 7 8 7 8 7 8 7 7 8 9 8 8 7 7 7 8 9 7 6 6 7 8 8 7 7 10 11 12 8 7 6 6 6 6 6 6 6 6 6 6 6 6 6 6 6 6 6 5 6 7 6 6 7 7 6 6 8 
12 12 11 10 10 10 11 11 10 10 10 10 10 9 9 11 11 8 5 4 4 5 6 8 10 10 10 10 10 10 10 9 9 9 9 9 8 8 8 9 9 9 9 9 9 9 9 8 7 7 7 8 8 9 8 8 7 7 7 7 8 8 8 8 8 8 7 8 8 8 8 7 6 5 4 4 4 4 5 6 7 8 8 8 8 8 7 7 7 8 8 8 8 8 8 8 8 8 8 8 8 8 7 7 7 7 7 7 6 7 8 8 8 8 8 7 8 8 7 7 7 7 7 7 7 7 7 7 7 7 7 7 7 7 7 7 7 8 8 8 7 7 7 7 7 7 7 7 7 7 7 7 7 7 7 7 7 7 7 7 7 7 7 7 7 7 7 7 7 7 7 7 7 7 7 7 7 7 8 7 7 8 8 7 8 8 7 8 8 8 8 9 8 8 9 7 8 6 8 8 8 8 8 8 7 7 7 7 8 9 7 7 8 9 10 11 11 11 17 22 23 13 7 5 6 5 5 6 6 6 6 6 6 6 6 6 6 6 6 6 5 6 7 6 6 7 7 6 7 8 
11 12 11 10 10 10 11 10 10 10 10 10 10 10 10 11 11 8 5 4 5 5 6 8 10 10 10 10 10 10 10 9 9 9 9 9 8 8 8 9 9 9 9 9 9 9 9 8 7 7 7 8 8 9 8 7 6 5 5 6 7 8 8 8 8 8 8 8 8 7 6 5 5 5 4 4 5 5 5 6 8 8 7 7 8 8 7 7 7 8 8 8 8 8 8 8 8 8 8 8 8 8 7 7 7 7 7 7 7 7 7 8 8 8 7 7 8 7 7 7 7 7 7 7 7 7 7 7 7 7 6 6 6 6 6 6 6 7 8 8 7 6 7 7 7 7 7 7 7 7 7 7 7 7 7 7 7 7 7 7 7 7 7 7 7 7 7 7 7 7 7 7 7 7 7 7 7 7 8 7 8 9 8 6 7 8 7 7 8 7 7 9 9 9 10 8 8 6 7 8 7 7 7 8 9 10 9 9 9 9 8 8 10 9 9 12 13 13 20 29 28 13 6 6 7 6 6 6 6 6 6 6 6 6 6 6 6 6 6 5 4 6 7 6 6 6 7 8 9 8 
10 10 10 10 10 11 11 10 10 11 10 10 10 10 11 11 9 7 6 5 5 5 6 8 10 10 10 10 10 10 9 9 9 9 9 9 8 8 8 9 9 9 9 9 9 9 9 8 8 8 8 8 8 8 7 5 4 4 4 5 6 7 7 8 9 9 8 8 7 5 4 4 5 5 5 5 5 4 4 5 6 6 5 6 8 8 7 8 8 8 8 8 8 8 8 8 8 8 8 8 8 8 7 7 7 7 7 7 8 7 7 8 8 8 7 7 7 7 7 7 7 7 7 7 7 7 7 7 7 7 6 5 5 4 5 5 5 6 7 7 6 5 6 7 7 7 7 7 7 7 7 7 7 7 7 7 7 7 7 7 7 7 7 7 7 8 8 8 9 9 9 9 9 9 10 10 10 9 9 9 11 13 9 7 9 10 7 6 7 7 7 8 9 9 11 8 8 6 7 7 7 7 7 9 11 12 11 10 10 9 8 11 13 12 10 13 15 13 19 28 28 13 6 5 7 6 6 6 6 6 6 6 6 6 6 6 6 6 6 5 4 6 8 7 6 6 6 9 10 9 
10 9 8 9 10 11 11 10 10 11 11 10 9 10 11 9 7 6 5 5 5 5 6 8 10 10 10 10 10 9 9 9 9 9 9 9 9 9 9 9 9 9 9 9 8 8 8 8 8 8 8 8 8 7 5 4 3 3 4 5 5 6 6 8 9 9 8 7 6 5 4 4 4 5 4 4 5 5 4 4 5 6 5 5 8 9 7 7 8 8 8 8 8 8 8 8 8 8 8 8 8 8 6 6 5 5 6 6 7 7 7 7 8 7 7 7 7 7 7 7 7 7 7 7 7 7 7 7 7 7 5 4 4 3 4 4 4 5 6 6 5 4 5 6 7 7 7 7 7 7 7 7 7 7 7 7 7 6 6 6 6 6 6 6 7 7 8 9 9 9 9 9 9 9 9 10 9 9 8 9 13 14 11 10 14 13 8 7 7 7 7 9 8 9 11 9 9 7 9 8 8 8 8 9 10 11 10 9 9 9 9 14 19 15 11 13 14 10 13 20 23 13 7 5 5 5 5 5 5 5 5 5 5 6 6 6 6 6 5 5 4 6 8 7 6 6 6 7 8 9 
8 7 7 7 9 10 10 10 11 11 11 10 9 10 10 8 6 5 5 4 5 5 5 7 9 10 9 10 10 9 9 9 9 9 9 8 9 9 9 9 9 9 8 8 8 9 9 9 9 8 8 8 6 5 4 4 3 3 4 4 5 6 6 7 8 9 8 7 6 5 4 5 5 5 4 5 5 5 5 5 5 6 5 5 7 7 6 7 7 7 8 8 7 7 7 7 7 7 7 7 7 7 5 5 4 4 5 5 6 7 7 7 7 7 7 7 7 7 7 7 7 7 7 7 7 7 7 7 6 5 4 3 3 3 3 3 3 4 5 5 4 4 4 5 6 7 7 7 7 7 7 7 6 6 6 7 7 6 6 6 6 6 6 6 6 7 7 8 8 8 7 7 7 7 8 8 8 8 7 7 10 11 10 11 16 14 10 9 9 8 9 11 9 9 11 9 9 8 9 9 9 9 8 8 8 9 8 8 8 8 8 15 21 16 10 11 12 7 7 12 13 9 7 5 5 5 5 5 5 5 5 5 5 5 5 5 5 5 5 4 4 6 7 6 6 6 6 5 6 7 
5 5 6 7 8 9 9 11 11 10 10 10 9 10 10 8 6 4 4 4 5 4 4 6 8 9 9 9 9 9 9 8 8 7 7 7 8 9 9 9 8 8 8 8 9 9 9 9 8 8 8 7 5 4 4 4 4 4 4 4 4 5 6 6 7 7 7 7 7 5 4 5 5 4 4 5 4 4 4 4 5 4 5 5 5 5 5 5 6 7 7 7 6 5 5 6 5 5 4 4 4 5 5 5 4 4 4 5 5 6 7 7 6 6 6 7 7 7 7 7 7 7 7 7 6 6 6 6 5 4 3 2 2 3 3 3 3 3 3 3 3 4 4 5 5 6 6 6 6 7 6 6 6 6 6 6 6 6 6 6 6 7 7 7 7 7 7 8 8 8 8 8 7 7 7 8 8 7 7 7 7 7 7 10 15 10 9 10 9 9 11 15 15 13 13 9 7 8 8 8 9 8 8 7 7 8 8 8 8 6 5 10 17 15 9 9 9 5 4 6 6 6 5 5 5 5 5 5 4 4 5 5 5 4 4 4 4 4 4 4 4 4 4 5 5 5 5 5 5 6 
6 6 7 7 7 8 9 10 10 10 10 10 9 9 9 8 5 4 4 4 4 4 4 6 8 9 9 9 9 9 8 6 5 5 5 6 7 9 9 9 9 9 9 9 8 8 8 7 6 6 7 7 5 4 4 4 4 4 4 4 4 4 5 5 5 5 4 4 5 4 3 3 3 3 4 4 4 4 4 4 4 4 4 4 4 4 4 4 5 5 6 6 5 5 4 5 5 4 4 4 4 4 4 4 4 4 4 4 4 4 5 5 4 5 5 7 7 7 7 7 6 6 6 6 6 6 6 5 4 3 3 3 3 3 3 3 3 3 3 3 3 4 4 5 5 5 5 6 6 6 6 6 6 6 6 6 6 6 6 6 6 6 7 7 7 7 7 7 7 7 8 8 7 7 7 7 7 6 6 6 6 6 7 9 15 9 8 8 7 7 11 17 19 17 15 11 7 8 7 8 9 9 8 7 6 6 7 7 6 5 5 8 11 10 7 6 6 4 4 5 5 5 5 4 4 4 5 5 4 4 4 5 4 4 4 4 5 5 5 4 4 4 4 5 5 5 5 5 5 5 
6 7 7 7 7 8 9 10 10 10 9 9 8 8 8 7 5 4 4 4 4 4 4 6 8 9 9 9 8 7 6 5 4 5 5 5 7 8 8 8 8 8 8 8 7 6 6 4 4 4 5 5 4 4 3 3 3 3 4 4 4 4 4 4 3 3 3 3 3 3 3 3 3 3 3 3 3 3 3 3 3 3 3 3 4 4 4 4 4 4 5 5 4 4 4 4 4 4 4 4 4 4 4 4 4 4 4 4 4 4 4 3 3 4 5 7 7 7 7 6 5 5 5 5 5 5 5 4 3 3 3 3 3 3 3 3 3 3 3 3 3 3 4 4 5 5 5 5 5 5 5 6 6 7 7 6 6 6 6 6 6 5 5 5 5 6 6 6 6 6 6 6 6 7 7 7 7 6 6 5 6 6 6 8 13 6 6 7 7 6 9 14 12 11 11 9 7 8 8 8 9 9 8 7 6 5 6 5 5 5 5 6 7 7 5 5 4 4 4 4 5 4 4 4 4 4 5 5 4 4 4 4 4 4 4 4 5 5 5 5 4 4 4 5 5 5 4 4 4 5 
6 6 6 7 6 7 8 9 8 7 6 6 6 6 6 5 5 4 4 4 4 4 4 6 8 8 8 7 6 5 5 4 4 4 4 4 5 5 5 5 6 6 7 7 6 5 5 4 3 3 4 4 3 3 3 3 3 3 3 4 4 3 3 3 3 3 2 3 3 3 3 3 3 3 3 3 3 3 3 3 3 3 3 3 4 4 4 4 3 3 4 4 4 4 4 4 4 4 3 3 4 4 4 4 4 4 4 4 4 4 3 3 3 4 5 6 7 6 6 5 5 4 4 5 4 4 4 4 3 3 3 3 3 3 3 3 3 3 3 3 3 3 4 4 4 4 4 4 4 4 4 4 5 6 6 6 6 6 6 6 5 5 5 4 5 5 5 5 5 5 5 5 5 6 6 6 6 6 5 5 5 5 6 8 13 5 5 6 6 5 7 10 9 8 9 7 6 7 7 7 8 7 6 5 4 4 5 4 4 4 5 4 4 5 5 4 3 4 4 4 4 4 4 4 4 4 5 5 4 4 4 4 4 4 4 4 5 5 5 5 4 4 4 4 5 5 4 4 4 5 
5 5 5 6 6 7 7 7 6 5 4 4 4 5 5 5 4 4 4 4 4 4 4 5 7 8 7 6 5 4 4 4 4 4 4 4 4 4 4 3 4 5 5 5 5 4 4 4 4 4 4 3 3 3 3 3 3 3 3 4 4 3 3 3 3 3 3 3 3 3 3 3 3 3 3 3 3 3 3 3 3 3 3 3 3 3 3 3 3 3 4 4 3 3 4 4 3 3 3 3 3 3 3 3 3 3 3 3 3 3 3 3 3 4 5 5 6 5 5 4 4 4 4 4 3 3 3 3 3 3 3 3 3 3 3 3 3 3 3 3 3 3 3 4 3 3 3 3 3 3 3 3 4 5 5 6 5 5 5 5 5 5 5 5 6 6 6 6 6 6 6 6 6 6 6 5 5 5 5 5 6 6 6 9 14 7 7 7 6 7 9 14 15 13 13 9 7 8 7 8 7 6 5 4 4 4 4 4 4 4 5 4 3 4 5 4 4 4 4 4 4 4 4 4 4 4 5 5 4 4 4 4 4 4 4 4 4 5 5 5 4 4 4 4 5 4 4 4 4 4 
5 5 5 5 5 6 6 6 5 4 4 4 4 4 4 4 4 4 4 4 4 4 4 5 7 8 6 5 4 3 3 4 4 4 4 4 4 4 4 4 4 4 4 4 4 4 4 4 4 4 4 3 3 3 3 3 3 3 3 4 3 3 3 3 3 2 2 2 2 3 3 2 2 3 3 3 3 3 3 3 3 3 3 3 3 3 3 3 3 3 3 3 3 3 3 3 3 3 3 3 3 3 3 3 3 3 3 3 3 3 3 3 3 4 4 4 5 4 4 3 3 3 4 3 3 3 3 3 3 3 3 3 3 3 2 3 3 3 3 3 3 3 3 3 3 3 3 3 3 3 3 3 3 4 4 4 4 4 4 4 5 5 6 6 6 6 6 6 6 6 7 7 7 6 5 5 5 5 5 5 5 5 6 9 14 10 8 7 7 8 10 14 11 9 10 7 5 6 6 8 8 7 6 5 4 4 4 4 4 4 5 4 3 4 4 4 4 4 4 4 4 4 4 4 4 4 4 4 4 4 4 4 4 4 4 4 4 4 4 4 4 3 4 4 4 5 4 4 4 4 
5 5 5 5 5 5 5 5 4 4 4 4 4 4 3 3 4 4 4 4 4 4 4 5 7 8 6 5 4 4 3 4 4 4 4 4 4 5 5 4 4 4 3 3 3 3 3 4 4 3 3 3 3 3 3 3 3 3 3 4 3 3 3 2 2 2 2 2 2 3 3 2 2 2 3 3 3 3 3 3 3 3 3 3 3 3 3 3 3 3 3 3 3 3 3 3 3 3 3 3 3 4 3 3 3 3 3 3 3 4 3 3 3 4 4 3 4 3 3 2 3 3 4 3 3 3 3 3 3 3 3 3 3 2 2 2 3 3 3 3 3 3 3 3 3 3 3 3 3 3 3 3 3 3 3 3 3 3 3 4 4 4 5 5 5 5 5 5 5 5 5 5 5 4 3 3 4 4 4 4 4 4 5 7 12 8 5 5 5 6 6 7 5 5 6 5 4 6 6 7 7 7 6 4 4 4 4 4 4 4 5 5 4 4 4 4 4 3 3 4 4 4 3 3 4 4 4 4 4 4 4 4 4 4 4 4 4 4 4 4 3 3 3 4 4 5 4 4 4 5 
5 4 4 5 5 5 4 4 5 5 5 5 5 4 4 4 5 5 4 4 6 4 4 6 5 6 6 3 5 3 4 4 3 4 4 4 4 4 4 4 3 3 3 3 3 3 3 3 3 3 3 3 3 3 3 3 3 3 3 3 3 3 3 3 2 2 2 2 2 2 2 2 2 2 3 3 3 3 3 3 3 3 3 3 3 3 3 3 3 3 3 3 3 3 3 3 3 3 3 3 3 3 3 3 3 3 3 3 4 3 3 3 3 3 3 3 3 3 3 3 3 3 3 3 3 2 2 2 2 2 2 2 2 2 2 3 3 3 3 3 2 2 2 3 3 3 3 3 3 3 3 3 3 3 3 3 3 3 3 3 4 4 4 4 4 4 4 4 4 4 4 4 3 3 3 3 3 4 4 4 4 4 5 6 7 4 4 4 5 5 5 5 4 4 4 4 5 5 5 5 6 6 6 6 5 4 4 4 4 4 4 4 4 3 4 4 4 3 3 3 4 4 3 4 4 5 4 4 4 4 4 4 4 4 4 4 3 3 3 2 3 3 3 3 4 4 4 4 4 4 
5 4 4 4 5 5 5 4 5 4 3 4 4 3 3 4 4 4 4 3 3 6 3 2 5 3 4 5 3 4 4 3 4 4 4 4 4 4 4 3 3 3 3 4 3 3 3 3 3 3 3 3 3 3 3 3 3 3 3 3 3 3 3 3 2 2 2 2 2 2 2 2 2 2 2 3 2 2 3 3 3 3 3 3 3 3 3 3 3 4 3 3 3 3 3 3 3 3 3 3 3 3 3 3 3 3 3 3 3 3 3 3 3 3 3 3 3 3 3 3 2 2 2 2 2 2 2 2 2 2 2 2 2 2 2 3 3 3 3 3 2 2 2 2 2 2 2 3 3 3 3 3 3 3 3 3 3 3 3 3 3 4 4 4 4 4 4 4 4 3 3 3 3 3 3 3 3 3 3 3 3 4 4 4 4 3 3 4 4 4 4 5 4 4 4 4 4 5 5 5 5 5 5 4 4 4 4 4 4 4 4 4 3 3 3 4 3 3 3 3 3 3 3 3 4 4 4 4 4 4 4 4 4 4 4 4 3 3 2 2 2 3 3 3 3 4 4 3 3 3 
5 4 4 4 5 5 5 4 4 3 2 1 2 2 1 2 2 2 2 3 2 3 8 10 7 4 4 5 3 4 3 4 3 4 4 4 4 4 4 3 3 3 3 3 3 3 3 3 3 3 3 3 3 3 3 3 3 3 3 3 3 3 3 2 2 2 2 2 2 2 2 2 2 2 2 2 2 2 3 3 3 3 3 3 3 3 3 3 3 3 3 3 2 3 3 3 3 3 3 3 3 3 3 3 3 2 3 3 3 3 3 3 3 3 3 3 2 2 2 2 2 2 2 2 2 2 2 2 2 2 3 3 2 2 2 2 2 2 2 2 2 2 2 2 2 2 2 2 3 3 3 2 3 3 3 3 3 3 3 3 3 3 4 4 4 4 4 3 3 3 3 3 3 3 3 3 3 3 2 2 2 2 2 3 3 2 3 3 3 3 4 4 4 4 4 4 4 4 4 4 4 3 3 3 3 3 4 4 4 4 3 3 2 2 3 3 3 2 2 2 2 2 3 3 4 4 4 4 4 4 4 4 4 4 4 3 3 3 2 2 2 3 3 3 3 3 3 3 3 3 
5 4 4 4 5 5 5 4 4 3 1 0 1 0 0 0 1 1 1 2 3 2 14 34 21 5 4 5 3 4 3 3 3 4 4 4 4 4 3 3 3 3 3 3 3 3 3 3 3 3 3 3 3 3 3 3 3 3 3 3 3 3 2 2 2 2 2 2 2 2 2 2 2 2 2 2 2 2 3 3 3 3 2 3 3 3 3 4 3 3 3 3 2 3 3 3 3 3 3 3 3 3 3 3 2 2 2 2 2 3 3 2 2 2 2 2 2 2 2 2 2 2 2 2 1 1 1 1 1 2 2 2 2 2 2 2 3 3 2 1 1 2 2 2 2 2 2 2 2 2 2 2 2 2 2 3 3 3 3 3 3 3 3 3 4 4 4 3 3 3 3 3 3 3 4 3 3 3 2 2 2 2 2 2 2 2 2 2 3 3 3 4 4 4 4 4 4 4 4 4 3 3 2 2 2 3 3 3 3 3 3 2 2 2 2 2 2 2 2 2 2 2 3 3 3 3 3 3 3 3 4 3 3 3 3 3 3 3 2 2 2 2 2 3 3 3 3 3 3 3 
5 5 4 4 5 5 4 4 4 3 1 0 0 0 0 0 1 1 1 2 2 3 5 21 34 14 5 4 2 3 5 2 5 4 3 4 4 4 3 3 3 3 3 3 3 3 3 3 3 3 3 3 3 3 3 3 3 3 3 3 3 3 2 2 2 2 2 2 2 2 2 2 2 2 2 2 2 2 3 3 3 3 2 2 2 3 3 3 3 3 3 3 2 3 3 3 3 3 3 3 3 3 3 3 2 2 2 2 2 3 2 2 2 2 2 2 2 2 2 2 2 2 2 2 2 1 1 1 1 1 2 1 1 1 2 2 3 3 2 1 1 2 2 2 2 2 2 2 2 2 2 2 2 2 2 2 2 2 2 2 3 3 3 3 3 3 3 3 4 4 4 3 3 3 3 4 3 3 2 2 2 2 2 2 2 2 2 2 2 2 3 3 3 4 4 4 4 4 3 4 4 3 3 3 2 2 2 2 3 3 3 2 2 2 2 2 2 2 2 2 2 2 3 3 3 2 2 3 3 3 3 3 3 3 2 2 2 2 2 2 2 2 2 2 2 2 2 3 3 3 
5 5 4 4 5 5 4 4 5 4 2 1 0 0 1 0 1 1 1 2 2 3 4 6 19 47 18 2 5 3 3 5 3 4 3 3 3 3 3 3 3 3 3 3 3 3 3 3 3 3 3 3 3 3 3 3 3 3 3 3 2 2 2 2 2 2 2 2 2 2 2 2 2 2 2 2 2 2 2 2 2 2 2 2 2 2 3 3 3 3 3 3 2 3 3 3 3 3 3 3 3 3 3 3 2 2 2 2 2 3 2 2 2 2 2 2 2 2 2 2 2 2 2 2 2 1 1 1 1 1 1 1 1 1 2 2 2 3 2 1 1 2 2 2 2 2 2 2 2 2 2 2 2 2 2 2 2 2 2 2 2 3 3 3 3 3 3 3 3 3 4 3 2 3 3 3 3 3 2 2 2 2 2 2 2 2 2 2 2 2 2 3 3 3 4 4 4 4 3 4 4 4 3 3 2 2 2 2 2 2 2 2 2 2 2 2 2 2 2 2 2 2 2 2 2 2 2 2 2 3 3 3 3 2 2 2 2 2 2 2 2 2 2 2 2 2 2 3 3 3 
5 5 4 4 5 5 5 4 5 4 2 1 0 0 0 0 0 0 1 1 2 2 4 4 6 43 39 13 6 4 3 7 4 4 3 3 3 3 3 3 3 3 3 3 3 3 3 3 3 3 3 3 3 3 3 2 3 3 3 3 2 2 2 2 2 2 2 2 2 2 2 2 2 2 2 2 2 2 2 2 2 2 2 2 2 2 2 2 3 3 3 2 2 3 3 3 3 3 3 3 3 3 3 3 3 2 2 3 3 3 2 1 2 2 2 2 2 2 2 2 2 2 1 1 1 1 1 1 1 1 2 1 1 1 1 2 2 2 2 1 1 2 2 2 1 1 1 2 2 2 2 2 2 2 2 2 2 2 2 2 2 2 2 3 2 2 2 3 3 3 3 3 2 2 2 2 2 2 2 2 2 2 2 2 2 2 2 2 2 2 2 2 3 3 4 4 4 4 4 4 4 3 3 2 2 2 2 2 2 2 2 2 2 2 2 2 2 2 2 2 2 2 2 2 2 2 2 2 2 2 3 3 3 2 2 2 2 3 3 3 3 3 2 2 2 2 2 2 3 3 
5 5 4 4 5 5 5 4 5 4 3 2 0 0 0 0 0 0 1 1 1 2 2 2 5 4 37 45 10 5 5 2 6 4 3 3 3 3 3 3 2 3 3 3 3 3 3 3 3 3 3 3 3 3 3 3 3 3 3 3 2 2 2 2 2 2 2 2 2 2 2 2 2 2 2 2 2 2 2 2 2 2 2 2 2 2 2 2 2 3 3 3 2 3 3 3 3 3 3 3 3 3 3 3 3 3 2 2 3 3 2 1 2 2 2 2 2 2 1 1 1 1 1 1 1 1 1 1 1 2 2 2 1 1 1 2 2 2 2 1 1 1 2 2 1 1 1 1 1 2 2 1 1 2 2 2 2 2 2 2 2 2 2 2 2 2 2 2 2 2 2 3 2 2 2 1 1 1 2 2 2 2 2 2 2 2 2 2 2 2 2 2 3 3 4 4 4 4 4 3 3 3 2 2 2 2 2 2 2 1 1 1 2 2 2 2 2 2 2 2 2 2 2 2 2 2 2 2 2 2 2 3 2 2 2 2 2 3 3 3 3 3 3 2 2 2 2 2 3 3 
5 4 4 4 5 5 5 4 3 4 4 3 1 0 0 0 0 1 1 0 1 1 2 2 3 3 13 39 29 9 5 4 3 3 3 3 4 3 3 3 3 3 3 3 3 3 3 3 3 3 3 3 4 3 2 3 3 3 2 2 2 2 2 2 2 2 2 2 2 2 2 2 2 2 2 2 2 2 2 1 1 2 2 2 2 2 2 2 2 3 3 3 3 3 3 3 2 2 3 3 3 3 3 2 3 3 2 2 2 2 1 1 2 1 1 2 1 1 1 1 1 1 1 1 1 1 1 1 1 1 1 1 1 1 2 2 2 2 2 1 1 1 1 1 1 1 1 1 1 1 1 1 2 2 2 2 2 2 2 2 2 2 2 2 2 2 2 2 2 2 2 2 2 1 1 2 2 1 2 2 2 2 2 2 2 2 2 2 2 2 2 2 3 3 3 3 3 3 3 3 2 2 2 2 1 1 2 2 2 2 1 2 2 2 2 2 2 2 2 2 2 2 2 2 2 2 2 2 2 2 2 2 2 2 2 2 2 2 3 3 2 2 3 3 3 3 2 2 3 3 
5 4 4 4 4 4 4 4 3 4 4 3 1 1 0 0 0 0 0 0 1 1 2 2 3 4 5 11 31 27 8 3 3 3 3 4 4 3 3 3 3 3 3 3 3 3 3 3 3 3 3 3 3 3 3 3 3 3 3 2 2 2 2 2 2 2 2 2 2 2 2 2 3 3 2 2 2 2 2 2 2 2 2 2 2 2 2 2 2 2 3 3 3 3 3 3 3 2 2 2 3 3 3 3 3 3 2 2 2 2 1 1 2 2 1 2 1 1 1 1 1 1 1 1 1 1 1 1 1 1 1 1 1 1 2 2 2 2 1 1 1 1 1 1 1 1 1 1 1 1 1 1 1 1 2 2 2 2 2 2 2 2 2 2 2 2 2 2 2 2 2 2 2 1 1 2 2 2 2 2 2 2 1 2 2 2 2 2 2 2 2 2 3 3 3 3 3 3 3 2 2 2 2 2 1 1 2 2 2 2 2 2 2 2 2 2 2 2 2 2 2 2 2 2 2 2 2 2 2 3 3 3 2 2 2 2 2 3 3 3 2 2 2 2 2 2 2 2 3 3 
4 4 4 4 4 4 4 3 3 3 4 3 2 1 0 0 0 0 0 1 1 1 1 2 2 2 3 6 20 38 25 9 3 3 4 4 3 4 4 3 3 3 3 2 3 3 3 3 3 3 3 3 3 3 3 3 3 3 3 3 2 2 2 2 2 2 2 2 2 2 2 2 2 2 2 2 2 2 2 2 2 2 2 2 2 2 1 2 2 2 2 3 3 3 3 3 3 2 3 3 3 2 2 3 3 3 2 2 2 2 1 1 2 2 2 2 1 1 1 1 1 1 1 1 1 1 1 1 1 1 1 1 1 1 2 2 1 2 1 1 1 1 1 1 1 1 1 1 1 1 1 1 1 1 1 1 1 2 2 2 2 2 2 2 1 1 2 2 2 2 2 2 1 1 1 2 2 2 1 1 1 1 1 2 2 2 2 1 2 2 2 3 3 3 2 2 2 2 2 2 2 2 2 2 1 1 1 1 2 2 2 2 2 2 2 2 2 2 2 2 2 2 2 2 2 2 2 2 2 3 3 3 3 3 2 2 3 3 3 2 2 2 2 2 2 2 2 2 2 3 
4 4 4 3 3 3 3 3 3 3 3 4 3 1 0 0 0 0 0 1 1 1 1 1 1 1 2 5 7 20 44 20 6 3 3 3 2 3 3 3 3 3 3 3 3 3 3 3 3 3 3 3 3 4 3 3 2 3 3 3 2 2 2 2 2 2 2 2 2 2 2 2 2 2 2 2 2 2 2 1 1 2 2 2 2 2 1 2 2 2 2 3 3 3 2 2 2 3 3 3 3 2 2 3 3 2 2 2 2 2 1 1 2 2 2 2 1 1 1 1 1 1 1 1 1 1 1 1 1 1 1 1 1 1 2 1 1 1 1 1 1 1 1 1 1 1 1 1 1 1 1 1 1 1 1 1 1 1 2 2 1 1 1 1 1 2 2 2 2 2 2 2 1 1 1 2 2 2 1 1 1 1 2 2 2 2 2 1 1 2 2 2 2 2 2 2 2 1 2 2 2 2 2 2 1 1 1 1 1 2 2 2 2 2 2 2 2 2 2 2 2 2 2 2 2 2 2 2 2 3 3 3 3 3 2 2 3 3 3 3 2 2 2 2 2 2 2 2 2 2 
4 4 3 3 3 3 3 3 4 4 4 5 4 2 0 0 0 0 0 0 0 0 0 1 1 1 2 3 4 6 28 32 17 4 3 3 4 4 4 3 3 3 4 4 3 3 3 3 3 3 3 2 2 3 3 3 2 3 3 3 2 2 2 2 2 2 2 2 1 2 2 2 2 2 3 3 2 2 2 2 1 1 2 2 2 2 2 2 2 2 2 3 3 3 2 3 2 2 2 3 3 3 3 2 2 2 2 2 2 1 1 1 2 2 2 1 1 1 1 1 1 1 1 1 1 1 1 1 1 1 1 1 1 1 1 1 1 1 1 1 1 1 1 1 1 1 1 1 1 1 1 1 1 1 1 1 1 2 2 1 1 1 1 1 2 2 2 2 2 2 2 1 1 1 1 1 1 1 1 1 1 1 1 2 2 2 2 2 1 2 2 2 2 2 2 2 2 1 1 2 2 2 2 2 1 1 1 1 1 2 2 2 1 2 2 2 2 2 2 2 2 2 2 2 2 2 2 2 2 2 3 3 3 2 2 2 3 3 3 3 2 2 2 2 2 2 2 2 2 2 
4 3 3 3 3 3 3 3 4 4 4 5 4 3 1 0 0 0 0 0 0 0 0 1 1 1 1 3 3 5 5 36 30 17 9 6 7 7 6 7 8 8 8 7 7 7 6 6 6 5 5 4 4 4 4 4 4 4 4 3 3 3 3 3 3 3 3 2 2 3 3 4 4 4 4 4 3 3 3 3 2 2 2 2 2 2 3 3 3 3 2 2 3 3 3 4 3 3 4 4 4 4 4 3 3 3 4 4 2 1 1 1 1 2 2 1 1 1 1 1 1 1 1 1 1 1 1 1 1 1 1 1 1 1 1 1 1 1 1 1 1 1 1 1 1 1 1 1 1 1 1 1 1 1 2 2 2 2 2 2 1 1 1 1 2 2 2 2 2 2 1 1 1 1 1 1 1 1 1 1 1 1 1 1 1 2 2 2 2 2 2 2 2 2 2 2 2 2 2 1 1 1 1 1 1 1 1 1 1 2 2 2 2 2 2 2 2 2 2 2 2 2 2 1 1 2 1 2 2 2 3 3 3 3 2 2 2 3 3 3 2 2 2 2 2 2 2 2 2 2 
4 3 3 3 3 3 3 3 4 3 2 3 4 4 2 0 0 0 0 0 0 0 0 0 1 1 1 2 2 3 4 14 35 45 17 7 6 6 6 10 8 8 7 7 7 7 7 7 7 7 6 6 6 6 5 6 6 6 6 5 5 4 4 4 5 5 5 5 5 5 5 6 6 6 5 4 3 3 3 3 3 2 2 2 2 2 4 4 5 4 2 2 3 4 4 5 6 8 10 10 8 6 6 6 5 7 9 7 3 1 1 1 1 2 2 1 1 1 1 1 1 1 1 1 1 1 1 1 1 1 1 1 1 1 1 1 1 1 1 1 1 1 1 1 1 1 1 1 1 1 1 1 2 2 2 2 2 2 2 2 2 1 1 1 1 2 2 1 1 1 1 1 1 1 1 1 1 1 1 1 1 1 1 1 1 1 1 2 2 2 2 2 2 2 2 1 2 2 2 1 1 1 1 1 2 1 1 2 2 1 1 2 2 2 2 2 2 2 2 2 2 2 2 1 1 1 1 1 2 2 2 3 3 3 3 2 2 3 3 3 2 2 2 2 2 2 2 2 2 2 
4 3 4 4 3 3 3 3 3 3 3 3 3 5 3 1 0 0 0 0 0 1 2 3 4 4 2 4 5 3 3 3 15 42 35 13 4 4 4 7 6 6 6 4 4 6 6 6 6 5 5 5 6 5 5 6 6 5 5 4 5 5 4 5 4 4 5 4 5 4 4 4 4 4 4 3 2 2 2 2 2 1 2 2 2 2 2 3 3 2 2 2 2 3 3 3 7 10 8 6 4 4 4 4 6 11 14 9 3 1 1 2 2 2 2 1 1 2 2 1 1 1 1 1 1 1 1 1 1 1 1 1 1 1 1 1 1 1 1 1 1 1 1 1 1 1 1 1 1 1 1 2 2 2 2 2 2 2 1 1 1 1 1 1 1 1 1 1 1 1 1 1 2 1 1 1 1 1 1 1 1 1 1 1 2 1 1 1 2 2 2 2 2 2 2 2 2 2 2 1 1 1 1 1 2 2 2 2 2 2 1 2 2 2 2 2 2 2 2 2 2 2 2 1 1 1 1 1 2 2 2 2 3 3 2 2 2 3 3 3 3 3 3 2 2 2 2 2 2 2 
8 4 4 4 3 3 3 3 3 3 3 3 4 6 4 1 1 0 0 0 0 1 3 6 8 8 7 11 15 11 5 3 5 15 34 35 12 4 6 4 5 5 6 5 4 5 5 5 5 5 5 5 5 5 4 5 5 5 4 3 4 4 4 5 4 4 4 4 4 4 3 3 4 3 3 2 1 1 2 1 1 1 2 3 3 3 3 3 2 2 2 2 3 3 3 5 10 14 9 4 3 3 4 4 7 11 12 7 3 1 2 2 2 1 1 1 1 2 2 1 1 1 1 1 1 1 1 1 1 1 1 1 1 1 1 1 1 1 1 1 1 1 1 1 1 1 1 1 1 1 1 1 1 1 2 2 2 2 2 1 1 1 2 1 1 1 1 1 1 2 2 2 2 1 1 2 1 1 1 1 1 1 1 1 2 1 1 2 2 2 2 2 2 2 2 2 2 2 2 2 2 2 2 1 1 1 2 2 2 2 2 2 2 2 2 2 2 2 2 2 2 2 2 1 1 1 1 2 2 2 2 2 2 3 2 2 2 3 3 3 3 3 3 2 2 2 2 2 2 2 
12 5 3 3 3 3 3 3 3 3 3 3 6 7 4 2 1 0 0 1 0 0 2 7 11 10 10 12 16 14 6 3 3 4 16 40 31 9 6 6 6 5 6 8 6 5 5 5 5 6 7 5 5 5 5 5 4 5 5 3 3 3 3 5 5 4 4 4 4 5 4 4 5 4 3 2 1 2 2 2 1 1 2 4 4 3 3 2 2 2 2 3 5 6 5 4 9 14 9 5 4 4 4 6 8 9 7 5 3 2 2 2 1 1 1 2 1 2 2 1 1 1 1 1 1 1 1 1 1 1 1 1 1 1 1 1 1 1 1 1 1 1 1 1 1 1 1 1 1 1 1 1 1 1 2 2 2 2 2 1 1 1 1 1 2 2 1 1 2 2 2 3 2 1 2 2 1 1 1 1 1 1 1 1 2 1 1 2 1 2 2 2 1 2 1 1 1 2 2 2 2 2 2 2 1 1 2 2 2 2 2 2 2 2 2 2 2 2 2 2 2 2 2 2 2 2 2 2 2 2 2 2 2 2 2 2 2 3 3 2 2 2 3 2 2 2 2 3 2 2 
8 4 3 3 3 3 3 3 3 3 3 3 4 5 4 4 2 0 1 1 0 0 1 5 7 7 10 10 13 15 8 3 3 4 4 17 42 28 6 7 7 8 5 6 6 5 8 5 4 6 8 6 5 6 5 4 4 5 6 4 3 2 3 5 4 4 4 4 5 6 5 5 5 4 3 2 2 2 2 2 1 1 2 3 3 3 3 3 2 2 1 2 4 5 5 3 5 8 6 4 4 4 4 6 7 6 4 2 2 2 2 1 2 1 1 2 1 2 2 1 1 1 1 1 1 1 1 1 1 1 1 1 1 1 1 1 1 1 1 1 1 1 1 1 1 1 1 1 1 1 1 1 1 1 1 2 2 2 1 1 1 1 1 1 2 2 2 3 4 4 5 6 4 3 6 6 2 1 1 1 1 1 1 1 1 1 2 2 1 1 2 2 5 5 4 2 2 2 2 2 2 2 2 2 2 2 2 2 2 2 2 1 1 1 2 2 2 2 2 2 2 2 2 2 2 2 2 2 2 2 2 2 2 2 2 2 2 3 3 2 2 2 2 2 2 2 2 2 2 2 
3 3 3 4 3 3 3 3 3 3 3 3 3 5 6 7 4 1 0 1 1 2 2 3 5 6 8 7 11 15 11 4 2 3 5 5 25 48 21 2 6 9 5 4 5 7 10 7 4 5 8 7 6 6 5 4 3 5 6 5 3 2 3 5 5 6 6 6 6 6 6 5 5 4 3 2 1 1 1 1 1 1 2 2 2 3 5 6 4 2 2 2 2 2 3 4 5 4 3 3 3 3 3 4 5 5 3 2 2 2 1 1 2 2 1 1 1 2 2 1 1 1 1 1 1 1 1 1 1 1 1 1 1 1 1 1 1 1 1 1 1 1 1 1 1 1 1 1 1 1 1 1 1 1 1 1 1 1 1 1 1 1 1 1 2 2 3 4 6 8 8 11 8 6 9 9 3 1 1 1 1 1 1 1 1 1 2 2 1 1 2 2 6 6 4 2 1 1 2 2 2 2 2 2 2 2 2 2 2 1 1 1 1 1 2 2 2 2 2 2 2 2 2 2 2 2 2 2 2 2 2 1 1 1 2 2 3 3 3 2 2 2 2 2 2 2 2 2 2 2 
2 2 4 4 3 3 3 3 3 3 3 3 6 10 12 12 7 2 0 1 4 6 4 5 7 9 10 7 6 8 9 9 8 8 13 12 8 29 41 10 5 7 6 6 7 9 10 9 4 4 7 8 8 7 4 3 2 3 4 4 3 2 3 6 6 6 7 6 6 6 5 5 5 4 3 3 2 1 1 2 3 3 3 2 2 2 4 4 2 2 2 2 2 2 4 4 3 2 2 3 3 3 3 3 4 6 6 5 4 3 2 2 2 2 1 1 1 2 2 1 1 1 1 1 1 1 1 1 1 1 1 1 1 1 1 1 1 1 1 1 1 1 1 1 1 1 1 1 1 1 1 1 2 2 1 1 1 1 1 1 1 2 2 2 1 2 2 4 6 7 8 11 9 5 5 5 2 2 1 1 1 1 1 1 1 1 2 1 1 1 2 2 4 4 3 1 1 2 2 3 3 3 3 2 2 2 2 2 2 2 1 1 1 1 1 2 2 2 2 2 2 2 2 2 2 2 2 2 2 2 2 1 1 1 1 2 3 3 3 2 2 2 2 2 2 2 2 2 5 5 
2 2 3 3 3 3 3 3 3 3 3 3 7 12 12 10 6 2 0 1 5 8 7 6 8 10 12 12 10 9 12 17 20 17 16 19 12 9 25 37 15 6 6 8 9 9 8 9 7 6 7 9 9 8 5 3 2 2 3 2 2 2 3 6 7 7 7 6 7 7 6 6 7 6 5 5 4 2 2 3 3 3 3 2 2 2 2 2 1 2 2 2 2 3 5 4 4 3 2 3 3 3 3 4 5 8 10 11 9 6 3 2 2 2 1 1 1 2 2 1 1 1 1 1 1 1 1 1 1 1 1 1 1 1 1 2 1 1 1 1 1 1 1 1 1 1 1 1 1 1 1 1 2 2 2 1 1 1 2 1 1 1 2 1 1 1 1 2 3 4 5 7 7 4 3 3 2 2 1 1 1 1 2 1 1 1 1 1 1 1 2 2 5 6 5 3 2 3 3 3 3 3 3 3 2 2 2 2 2 2 2 2 2 1 2 2 2 2 2 2 2 2 2 2 2 2 2 2 2 2 2 2 1 2 2 2 3 3 2 2 2 2 2 2 2 2 2 3 8 9 
3 2 3 3 3 3 3 3 3 3 3 3 4 7 6 4 3 2 0 0 4 7 7 6 8 8 7 12 14 11 10 11 11 15 17 18 18 8 7 38 34 9 6 9 9 7 8 8 8 7 7 8 10 9 6 4 2 1 2 2 2 3 4 8 9 9 8 7 8 8 7 7 8 8 7 6 5 3 2 2 2 1 2 2 2 2 2 2 2 3 2 2 2 3 4 5 7 6 4 3 3 3 3 4 5 8 12 14 14 8 4 2 2 2 1 1 1 1 2 1 1 1 1 1 2 2 1 1 1 1 1 1 1 1 1 2 2 1 2 1 1 1 1 1 1 1 1 1 1 1 1 1 1 2 2 2 1 2 1 1 1 1 1 1 1 1 1 1 1 2 3 4 7 6 4 3 2 2 1 1 1 1 2 1 1 1 1 1 1 1 2 2 4 5 4 2 1 1 2 2 3 3 3 3 3 3 2 2 2 2 2 2 2 1 2 2 2 2 2 2 2 2 2 2 2 2 2 2 2 2 2 2 2 2 2 3 3 3 2 2 2 2 2 2 3 3 2 2 9 10 
3 3 3 4 3 3 3 3 3 3 3 3 3 4 3 3 4 3 1 0 2 5 6 6 8 8 8 9 11 9 9 12 13 15 15 18 17 9 5 9 35 28 11 9 8 4 7 4 4 5 4 6 8 5 5 4 2 1 2 3 3 4 5 7 9 9 7 6 6 6 6 6 6 5 6 5 4 3 3 2 1 1 2 3 3 3 3 2 2 3 2 1 2 4 5 7 6 5 5 4 3 3 3 3 4 6 8 10 10 8 4 3 3 2 2 2 1 1 1 1 2 1 1 1 2 2 2 2 2 2 2 2 2 2 1 2 2 3 2 1 1 1 1 1 1 1 1 1 1 2 2 1 1 1 2 1 1 2 2 1 2 2 1 1 1 1 1 1 2 4 4 5 8 9 6 4 3 2 2 2 1 2 2 1 2 1 1 1 1 1 1 1 6 3 3 1 1 2 2 2 3 3 3 2 2 2 2 2 2 2 2 2 2 2 2 2 2 1 2 2 2 2 3 2 3 3 2 2 2 2 2 2 2 2 2 2 3 2 2 2 2 2 2 2 2 2 2 2 9 9 
3 3 3 3 3 3 3 3 3 3 3 3 3 3 3 3 3 3 1 0 1 2 2 2 4 7 6 7 8 7 7 9 7 5 5 8 10 7 5 7 14 30 31 8 2 6 2 2 2 2 2 5 4 3 4 3 2 1 2 2 2 3 5 7 6 5 4 4 4 4 4 4 4 4 4 4 4 3 3 2 2 2 3 5 5 5 5 4 4 6 4 2 2 3 4 5 5 6 5 4 3 3 2 3 4 5 7 9 10 10 5 3 3 3 2 2 1 1 1 1 1 1 1 1 2 2 2 2 2 2 2 2 3 2 2 3 4 5 4 2 1 1 1 1 2 1 1 1 1 1 1 1 1 1 1 1 1 2 1 1 2 2 1 1 1 1 1 1 2 3 3 3 6 10 10 9 7 5 4 4 2 2 2 1 2 1 1 1 1 1 1 2 9 4 4 2 2 1 1 2 3 3 3 3 3 3 3 3 3 2 2 2 2 2 2 2 2 2 2 2 2 3 3 2 3 3 2 2 2 2 3 3 2 2 2 2 3 2 2 2 2 2 2 2 1 1 2 3 9 9 
3 3 3 3 3 3 3 3 3 3 3 3 3 3 2 2 3 3 2 1 0 0 1 1 2 7 7 7 9 9 9 10 7 2 1 2 3 3 3 4 4 21 38 22 7 5 1 2 2 1 2 2 2 3 3 2 2 1 1 1 1 3 7 8 5 3 2 2 2 2 2 2 2 2 2 2 3 2 2 1 1 2 4 7 8 8 7 6 5 5 4 2 3 4 5 5 6 6 5 3 3 3 2 3 3 4 6 9 10 11 6 3 3 3 3 2 2 2 2 2 1 1 2 1 2 2 2 2 2 2 2 4 4 3 3 4 5 7 5 2 1 1 1 1 1 1 1 2 2 3 3 2 1 1 1 1 1 1 1 1 2 2 1 1 1 1 1 1 2 3 3 3 5 6 6 7 7 5 5 6 4 3 3 2 2 1 1 1 2 2 2 2 5 4 4 1 1 2 2 2 3 3 3 3 4 4 3 3 2 2 2 3 3 2 2 2 2 1 2 2 2 3 3 2 3 3 2 2 1 1 2 2 2 2 2 3 3 3 3 3 3 2 2 2 2 2 2 2 8 9 
3 3 3 3 3 3 3 3 4 4 4 4 3 3 2 2 3 3 3 2 0 0 1 0 2 7 8 7 9 9 9 10 6 2 1 1 2 2 2 3 4 7 20 41 26 4 2 2 1 1 3 2 2 4 3 3 2 2 2 1 2 3 7 8 5 2 2 2 2 2 2 2 2 2 2 2 2 2 1 1 1 3 4 7 8 7 6 6 5 5 4 3 3 5 6 7 7 6 4 3 3 3 3 3 3 3 4 7 8 9 6 3 3 4 3 2 2 3 3 3 2 2 2 2 2 2 3 3 2 2 2 5 5 5 6 5 5 7 5 2 1 1 1 1 1 1 1 2 4 5 4 2 1 1 1 2 2 2 2 2 2 2 1 1 2 1 1 1 2 2 3 4 4 4 3 4 4 2 4 5 4 5 5 3 2 1 1 1 2 2 2 2 7 7 7 3 2 2 2 3 3 3 3 4 5 4 3 2 2 4 4 4 3 3 3 3 2 1 2 3 3 3 3 3 7 11 11 9 4 2 1 2 2 2 2 2 2 2 3 3 3 2 2 3 3 3 3 2 7 11 
4 3 3 3 3 3 3 3 3 3 3 4 3 3 2 3 3 3 4 2 1 0 1 0 1 5 8 7 8 8 8 9 6 2 1 1 1 2 2 3 5 3 6 32 43 18 4 2 2 1 3 3 3 4 4 3 3 2 2 2 2 3 6 7 4 2 2 3 3 3 3 2 3 3 2 2 2 2 1 2 2 4 4 5 5 5 4 4 4 4 4 3 4 6 7 9 8 5 4 4 4 3 4 4 4 3 3 5 7 6 5 4 3 3 3 2 3 4 4 3 2 2 2 3 2 2 3 3 2 2 3 5 6 7 8 5 4 6 5 3 2 2 2 2 2 2 1 2 3 4 3 2 1 1 2 2 2 2 2 2 2 2 1 2 2 2 1 1 2 2 3 5 6 5 4 4 3 2 3 4 3 4 4 3 3 2 1 1 2 2 2 3 12 8 11 9 5 2 2 2 2 2 3 4 5 3 2 2 3 5 7 5 4 3 4 4 2 1 2 3 3 3 5 7 18 30 30 22 10 4 2 2 2 2 2 2 2 2 3 3 2 2 2 3 4 4 3 1 6 11 
5 4 3 3 3 4 3 3 3 3 3 3 4 3 2 3 3 3 4 3 1 0 0 0 0 2 4 4 4 4 4 5 4 1 0 0 1 1 1 2 3 3 3 10 35 43 19 3 4 3 2 2 3 4 4 3 3 3 2 2 2 3 6 6 4 3 3 3 4 3 3 3 3 3 3 3 3 2 2 3 4 6 5 4 4 4 4 4 3 2 3 3 4 6 7 8 7 5 4 4 4 4 5 6 5 3 3 5 6 5 5 4 3 3 3 3 3 4 4 3 2 2 2 2 2 2 2 2 2 2 3 3 4 7 7 4 3 3 3 2 2 2 2 2 2 2 2 2 3 3 3 2 2 2 1 1 2 3 2 2 2 2 2 2 4 3 1 2 2 3 3 6 7 5 3 3 3 2 4 5 3 3 4 3 4 4 2 1 2 2 2 3 9 4 10 13 7 2 3 2 2 2 3 5 4 3 2 2 2 4 5 4 3 4 4 4 2 2 3 4 3 3 3 5 12 20 19 14 7 3 2 3 4 4 3 2 2 3 3 3 2 2 1 2 3 3 2 1 5 8 
6 5 3 3 4 4 4 3 3 3 3 3 4 3 2 3 3 3 4 4 2 1 0 0 0 1 1 1 1 1 1 1 1 0 0 0 1 1 1 1 2 3 4 4 13 37 46 19 4 3 3 2 3 3 3 2 2 3 2 2 2 3 4 4 3 3 3 3 3 3 3 3 3 3 3 3 3 2 3 4 6 6 4 3 3 4 3 3 3 3 3 3 4 6 7 5 6 6 5 4 4 4 4 5 4 3 3 4 5 6 7 5 3 3 3 3 4 4 3 3 2 2 2 2 2 1 1 2 2 1 2 1 2 4 4 3 3 3 3 3 2 2 1 1 2 2 1 1 2 2 2 2 2 2 2 2 3 4 4 4 3 2 2 2 4 2 1 2 2 2 3 4 5 4 3 3 3 2 3 4 3 3 4 3 4 5 2 1 1 1 1 2 9 11 16 10 5 3 3 3 2 2 4 6 5 3 2 2 2 2 2 3 3 4 3 3 3 3 4 4 3 3 3 2 2 3 3 3 2 2 2 3 4 3 3 2 2 2 2 2 2 2 2 1 1 1 2 2 3 3 
9 6 4 4 4 4 4 4 4 3 4 4 3 3 3 3 3 3 3 4 3 1 0 0 0 0 0 0 0 0 0 1 1 1 0 0 0 1 1 1 2 2 4 3 4 16 43 46 14 2 6 4 3 3 2 2 2 3 3 2 2 2 2 2 2 3 2 2 3 2 3 3 3 3 3 3 4 6 7 6 5 4 4 4 3 3 4 3 3 4 5 4 3 5 7 6 5 5 4 4 4 4 4 4 3 2 3 4 5 7 9 7 4 4 5 5 8 6 4 2 2 2 2 2 2 2 2 2 1 1 1 1 1 2 2 2 2 3 3 2 2 2 2 2 2 2 2 1 1 1 1 2 2 2 2 2 3 3 3 3 2 2 2 2 3 2 2 2 2 3 3 3 3 4 4 3 2 2 2 3 2 3 3 3 3 6 3 1 2 2 2 2 7 11 11 5 5 6 3 3 2 3 4 5 4 2 2 3 3 3 2 2 3 3 2 2 3 4 5 4 2 2 2 1 2 2 2 2 3 2 2 2 3 3 2 2 2 2 2 2 2 2 2 1 1 1 1 1 3 4 
9 6 4 4 4 4 4 3 4 4 4 3 3 4 4 4 4 4 4 3 3 1 0 0 0 0 0 0 0 0 0 0 0 1 0 0 0 0 1 1 2 2 3 3 2 5 19 49 41 10 5 5 2 2 3 2 3 4 4 3 2 1 2 2 1 3 2 2 2 2 2 3 3 3 3 3 4 6 8 7 5 3 4 4 3 4 5 3 2 4 5 4 3 5 7 7 5 4 3 4 4 4 4 4 4 3 4 5 5 7 9 8 6 6 7 6 8 7 5 3 2 2 2 2 2 2 2 2 2 1 1 1 1 2 3 3 4 4 3 2 2 2 2 2 3 3 2 1 1 1 1 2 2 2 2 2 2 2 2 2 1 1 2 3 3 3 3 3 3 4 4 3 3 3 4 3 2 2 2 2 2 3 3 3 3 5 3 1 2 3 2 1 3 4 3 2 5 7 3 2 2 2 4 5 4 3 4 4 4 3 3 3 2 2 2 2 4 5 5 5 3 2 2 2 3 3 2 4 4 3 2 2 3 2 2 2 2 1 1 1 1 2 2 2 2 2 2 2 3 5 
8 6 4 4 3 3 3 2 3 3 3 3 3 3 3 2 2 2 2 3 2 1 0 0 0 0 0 1 1 1 1 1 1 1 0 0 0 0 1 1 1 1 2 3 3 3 5 21 50 38 7 4 4 2 2 2 3 4 4 3 3 3 3 3 3 3 2 3 2 3 3 3 3 4 4 4 4 4 6 6 5 4 4 4 4 6 6 4 3 4 5 4 4 5 7 8 6 5 5 5 5 4 4 4 5 5 5 5 4 5 6 6 4 5 6 5 6 8 7 5 4 4 4 4 4 4 4 4 3 3 2 2 3 4 5 7 7 6 5 4 3 3 3 3 4 4 3 2 2 3 3 3 4 4 5 4 3 3 3 3 3 3 3 4 4 4 4 5 5 5 5 4 4 4 5 4 3 3 3 3 3 4 3 3 4 4 3 2 3 3 3 2 2 2 2 2 4 5 4 2 3 4 5 5 6 6 5 5 5 4 3 3 3 3 3 3 4 6 6 6 4 4 4 5 5 4 4 6 7 4 3 3 3 3 3 3 3 3 2 2 2 2 2 2 2 2 2 2 3 3 
8 6 4 3 2 3 2 2 2 3 3 3 3 3 2 2 2 2 2 2 2 1 1 0 1 1 1 1 1 1 1 1 1 1 0 0 0 1 1 1 1 1 1 2 4 4 4 4 27 60 30 7 6 5 5 4 4 4 4 4 4 5 4 3 5 6 4 6 5 5 6 5 5 5 5 5 4 4 5 6 6 6 6 6 6 7 7 5 5 5 5 4 4 5 6 8 7 6 5 5 5 4 4 4 5 5 5 5 4 4 6 6 5 5 6 6 5 7 8 7 6 6 6 6 6 6 6 6 6 5 4 4 5 6 7 8 8 7 6 6 6 6 6 6 6 6 5 5 5 6 5 6 7 8 8 7 6 6 6 7 6 6 7 7 6 6 6 7 8 7 6 5 5 6 7 7 6 6 7 6 6 7 7 7 8 6 6 6 7 7 6 6 7 6 5 5 6 7 7 7 7 7 7 8 9 9 7 7 7 7 6 6 6 6 5 6 7 8 8 8 7 7 7 8 8 7 6 8 9 7 6 6 7 6 6 6 6 7 7 7 7 6 6 6 6 5 5 4 5 5 
6 6 5 5 5 5 3 6 3 4 3 3 3 2 2 1 1 1 1 1 1 1 1 1 1 1 1 1 1 1 1 1 1 0 0 0 0 0 1 1 1 1 1 1 2 3 3 4 6 30 56 16 2 4 4 4 3 3 3 2 2 3 2 2 6 10 5 6 5 6 7 6 5 5 5 5 5 6 6 6 5 5 6 6 5 5 5 5 5 5 4 4 4 4 4 5 5 4 4 4 4 4 4 4 4 4 4 4 4 4 5 5 4 5 5 5 4 5 5 5 5 5 4 5 5 5 5 5 5 5 5 5 5 5 6 6 6 6 6 6 6 6 7 6 6 7 6 6 7 7 6 6 7 7 7 7 6 6 7 8 8 8 8 8 7 7 6 7 8 7 5 3 2 4 7 8 8 9 9 8 9 9 9 9 10 8 8 9 9 9 10 10 13 10 9 10 9 9 11 11 8 6 7 9 10 10 10 10 11 11 11 11 10 10 9 9 9 10 10 10 9 9 9 9 10 9 9 10 10 8 7 8 8 8 8 8 8 8 8 8 8 8 8 8 8 8 7 7 9 9 
4 4 4 5 5 6 5 13 2 2 1 1 1 1 0 0 0 0 1 1 1 1 0 1 1 1 1 1 1 1 1 1 1 0 0 0 0 0 0 0 0 1 1 0 1 1 1 3 2 4 17 5 1 1 1 1 1 0 0 0 0 0 1 1 7 16 8 6 5 4 5 5 4 4 4 4 5 6 6 5 4 4 5 5 4 3 3 4 5 4 3 4 4 4 4 4 4 4 4 4 4 4 4 4 3 4 3 4 4 4 4 4 4 4 3 3 4 4 3 3 4 4 4 4 4 4 4 4 4 4 4 4 4 4 4 4 4 4 4 4 4 4 4 4 5 5 4 5 5 6 5 5 5 5 5 5 5 5 5 6 6 6 6 5 5 5 5 5 6 5 4 2 1 3 5 6 7 7 7 6 6 7 7 6 7 7 6 6 6 6 7 8 8 6 7 8 8 8 9 6 4 3 4 7 9 8 8 8 9 9 9 8 8 8 8 8 8 8 8 8 8 8 7 7 8 8 9 9 9 8 8 9 9 9 9 9 9 9 9 9 8 8 9 9 10 10 10 9 10 11 
3 3 4 3 3 4 5 19 1 1 0 0 1 1 1 1 1 1 1 1 1 1 0 1 1 1 1 1 1 1 1 1 1 0 0 0 0 0 0 0 0 0 1 1 1 1 0 0 1 0 1 0 1 0 0 0 0 0 0 0 0 0 0 1 6 26 23 12 7 4 3 4 3 3 3 3 4 4 3 3 3 3 3 4 3 3 3 4 4 3 3 4 4 3 4 3 3 3 3 3 4 4 4 3 3 4 3 3 4 5 4 5 5 5 4 4 3 4 3 3 3 4 4 4 4 4 4 4 4 4 4 4 4 4 4 4 4 4 4 4 4 3 3 3 3 3 3 3 4 4 4 4 4 4 4 5 4 4 4 5 4 4 5 4 4 4 4 4 4 4 4 4 4 4 5 5 4 4 5 4 4 5 4 4 5 5 4 4 4 4 5 5 4 4 4 5 6 6 6 5 3 3 4 6 7 7 6 6 6 6 6 5 6 7 7 7 7 7 7 7 8 8 7 7 7 8 8 8 7 8 9 10 10 11 10 10 10 10 9 9 11 11 12 12 13 13 12 11 10 11 
4 5 5 5 4 3 5 23 1 1 1 1 0 0 0 0 1 1 1 1 1 1 1 1 1 0 0 0 0 0 0 0 0 0 0 0 0 0 0 0 1 0 0 0 1 0 0 0 1 0 1 1 0 1 0 0 0 0 0 0 1 0 1 0 4 34 45 26 10 4 2 2 2 2 2 3 2 2 2 2 2 2 2 2 3 3 3 3 2 2 2 3 2 2 3 3 3 3 3 2 3 3 3 2 2 3 2 2 2 2 2 2 2 2 2 2 2 3 3 2 2 3 3 4 4 4 4 4 4 4 4 4 4 4 4 4 5 5 5 5 5 4 4 4 4 3 3 3 4 3 3 4 4 4 5 4 4 4 5 5 5 5 5 5 5 4 4 3 3 4 4 6 5 4 4 4 4 4 5 4 4 5 4 4 4 5 5 5 5 5 5 5 6 6 6 6 6 6 6 7 7 7 7 7 7 7 8 8 8 8 8 8 8 9 9 10 10 10 10 10 10 11 10 10 10 10 11 11 10 9 9 8 8 8 9 8 8 8 7 7 7 6 6 6 5 5 4 5 5 5 
5 5 5 5 6 5 6 25 2 0 1 1 0 0 0 0 1 1 1 1 1 1 1 0 0 0 0 0 1 0 0 0 0 0 0 0 0 0 0 0 0 0 0 0 0 0 0 0 1 1 1 1 0 0 0 0 0 0 0 0 1 1 1 1 5 53 85 61 23 3 2 3 3 2 2 3 3 3 3 3 3 3 3 3 3 3 3 3 3 3 3 3 3 3 3 3 3 3 3 3 3 3 2 2 3 3 3 3 3 2 2 2 3 3 3 3 3 3 3 3 3 3 3 3 3 3 3 3 3 3 3 3 3 3 3 3 3 3 3 3 3 3 3 3 3 3 4 4 4 4 4 4 4 4 4 4 4 4 4 4 4 4 4 4 4 4 4 4 4 4 4 3 4 4 4 4 4 4 4 5 5 4 4 5 5 6 6 6 5 5 5 5 6 6 6 6 5 6 7 7 8 7 6 7 7 6 7 7 6 6 7 7 7 7 7 7 7 7 7 7 7 7 7 7 7 7 7 7 6 6 8 7 5 5 5 5 5 5 4 4 4 4 4 4 4 4 4 5 5 4 
5 5 5 5 5 5 5 21 2 0 0 0 0 0 0 0 0 1 1 0 0 1 1 1 1 1 1 1 1 1 0 0 0 0 0 0 0 0 0 0 0 0 0 0 0 0 0 1 1 1 1 1 1 1 1 1 1 1 1 1 1 1 1 2 7 71 130 107 40 5 3 3 3 2 3 3 3 3 3 3 3 3 3 3 3 3 3 3 3 3 3 3 3 3 3 3 3 3 3 3 3 3 3 3 3 3 3 2 2 2 2 2 3 3 3 2 3 3 3 3 3 3 3 3 3 3 3 3 3 2 2 2 2 2 2 2 2 3 3 3 3 3 3 3 3 3 3 3 3 3 3 3 3 3 3 3 3 3 3 3 3 3 3 3 2 2 2 2 2 2 2 2 3 3 3 3 3 3 2 3 3 3 3 3 3 3 3 3 3 3 3 3 2 2 3 2 2 3 3 3 4 4 3 4 4 3 4 4 4 4 4 4 4 4 4 4 4 4 4 4 4 4 4 4 4 4 4 4 4 4 5 4 4 4 4 4 4 4 4 4 4 5 5 5 6 5 5 5 4 4 
5 5 5 5 5 5 6 20 3 1 1 1 1 0 0 0 1 1 1 1 0 0 0 0 0 0 1 1 1 1 0 0 0 0 0 0 0 1 1 1 1 1 1 1 1 1 1 1 1 1 1 1 1 1 1 1 1 2 1 2 2 1 2 3 6 64 129 121 52 7 4 4 4 3 4 3 3 3 3 4 4 4 4 4 3 3 3 3 4 4 4 4 4 4 4 3 3 3 3 3 3 3 4 4 3 3 3 2 2 3 3 3 3 3 3 3 3 4 4 3 3 3 3 3 3 4 4 3 3 3 3 3 3 3 3 3 3 3 3 3 3 3 3 3 3 3 3 3 3 3 3 3 3 3 3 3 3 3 3 3 3 3 3 3 3 2 2 3 3 3 3 2 3 3 3 3 3 3 2 3 3 2 3 3 3 3 3 3 3 3 3 3 4 4 4 4 4 4 3 3 3 3 3 3 3 3 3 3 3 4 3 3 3 3 3 3 3 3 3 3 3 3 3 3 3 3 3 3 4 3 3 3 3 3 3 3 3 3 4 4 3 3 3 3 3 3 3 4 3 3 
6 6 5 5 5 5 6 14 4 2 1 1 1 1 1 1 2 2 3 3 1 0 0 0 0 0 1 1 1 1 1 1 1 1 1 1 1 1 1 1 1 1 1 1 2 2 2 2 2 1 1 1 1 1 1 1 1 1 1 2 2 1 1 2 3 37 77 76 36 7 4 4 5 4 4 4 4 4 4 4 4 4 4 4 4 4 4 4 4 4 4 4 4 4 4 4 4 4 4 4 4 4 4 4 3 3 3 3 3 3 3 3 3 3 3 3 3 4 4 3 3 3 3 3 4 4 4 4 3 3 3 4 4 3 3 3 4 4 4 4 4 4 4 4 4 4 4 3 3 3 3 4 4 4 4 4 4 4 4 4 4 4 4 4 3 3 3 3 3 3 4 3 3 4 4 3 3 3 4 3 3 3 3 3 3 3 3 4 4 4 4 4 4 3 3 4 4 3 3 3 3 3 3 4 4 4 3 4 4 4 4 3 3 3 3 3 3 3 3 3 3 3 3 3 3 3 3 4 4 3 3 3 3 3 3 3 3 4 4 4 4 4 4 4 4 4 4 4 3 3 
6 5 5 5 5 5 4 5 2 1 1 1 1 1 3 4 6 8 11 8 2 0 0 1 1 1 1 1 2 1 1 1 1 1 1 1 1 1 1 2 2 2 1 1 1 1 1 1 1 1 1 1 1 1 1 1 1 1 0 1 1 0 0 1 1 19 37 34 18 6 3 3 5 5 4 4 4 4 4 4 4 4 4 4 4 4 4 4 4 4 4 4 4 4 4 4 4 4 4 4 4 4 4 3 3 3 3 3 3 4 4 3 3 3 3 3 3 3 3 3 3 3 3 3 4 4 4 3 3 3 3 3 3 3 3 3 3 3 3 3 3 3 3 3 3 3 3 3 3 3 3 3 4 4 4 4 3 3 4 4 4 4 4 4 4 4 3 3 3 3 3 3 4 4 4 4 3 3 5 4 4 4 3 3 3 3 4 4 4 4 4 4 3 3 3 4 4 3 3 3 3 3 4 3 3 4 4 4 4 4 4 4 4 4 4 4 4 4 4 4 4 4 4 4 4 4 4 4 4 3 5 4 4 4 4 4 4 4 4 5 5 5 5 5 5 4 4 4 4 3 
5 5 5 6 6 5 2 1 1 1 1 1 1 2 6 9 11 15 20 13 3 0 0 1 1 1 1 2 2 1 1 1 1 1 1 1 1 1 1 1 1 1 1 1 0 0 0 0 0 0 0 0 0 0 0 0 0 0 0 0 0 0 0 1 1 11 19 19 13 6 5 4 6 5 5 5 4 4 4 4 4 5 5 4 4 4 4 4 4 4 4 4 4 4 4 4 4 4 4 4 4 4 4 3 3 3 4 4 4 4 4 4 4 3 4 4 4 4 4 4 4 3 3 4 4 4 4 4 4 3 3 3 3 3 3 3 3 3 3 3 3 3 3 3 3 3 3 3 3 3 3 3 4 4 4 4 3 4 4 4 4 4 4 4 4 4 3 3 3 3 3 3 3 4 4 3 3 3 4 3 4 4 4 3 3 4 4 4 4 4 4 4 4 4 4 4 4 4 4 4 4 4 4 4 3 4 4 4 5 5 4 4 4 4 4 4 4 4 4 4 4 4 4 4 4 4 4 5 4 4 10 9 5 4 4 4 4 4 5 5 5 5 5 5 5 5 4 5 5 4 
5 5 5 5 6 4 1 1 3 3 3 2 1 2 7 9 10 13 18 13 3 0 0 1 1 1 1 1 1 1 1 0 1 1 1 1 1 1 1 0 0 0 0 0 0 0 0 0 0 0 0 0 0 0 0 0 0 0 0 0 0 0 0 1 1 9 18 19 12 6 6 4 5 5 5 5 5 4 4 4 4 5 5 4 4 4 4 4 4 4 4 4 4 4 4 4 4 4 4 4 4 5 4 4 3 3 4 4 4 4 4 4 4 3 4 5 4 5 5 4 4 4 4 4 4 4 4 4 4 3 3 4 4 3 3 3 4 3 3 3 3 3 3 3 3 3 3 3 3 3 3 4 4 4 4 4 3 3 3 3 3 3 3 3 3 3 3 3 4 3 4 3 3 4 4 3 3 3 4 3 4 6 6 4 4 4 4 4 4 4 4 4 3 4 4 4 4 4 5 5 4 4 5 4 4 4 4 4 4 4 4 4 4 4 4 4 4 4 4 4 4 4 4 4 4 4 5 5 3 5 12 11 5 4 4 4 4 4 4 4 4 5 5 5 5 5 5 5 4 4 
6 6 6 6 6 3 1 1 2 3 2 1 0 1 4 5 5 6 8 7 2 0 0 0 0 0 1 1 1 1 0 0 0 0 0 0 1 1 0 0 0 0 1 1 1 0 0 0 0 0 0 0 0 0 0 0 0 0 0 0 0 0 0 1 1 8 17 17 9 4 4 5 4 5 5 4 4 4 4 4 4 4 5 3 3 4 4 4 4 4 5 4 4 4 4 4 4 4 4 4 4 4 4 4 4 4 4 4 4 4 4 4 4 4 4 4 4 4 4 4 4 4 4 4 4 4 4 4 3 3 4 4 3 3 5 5 3 3 3 3 4 4 3 3 3 3 3 3 3 4 5 5 2 3 4 4 5 3 3 3 4 4 3 3 3 3 5 5 3 4 4 3 3 4 4 3 4 4 4 3 6 10 9 5 4 4 4 4 4 4 4 3 3 3 4 4 4 7 4 5 5 5 4 3 3 4 4 4 4 4 4 4 4 4 4 4 4 4 4 4 4 4 4 4 4 4 4 4 4 4 8 7 4 3 3 3 3 3 4 5 4 4 4 4 4 4 4 4 4 4 
5 5 6 6 6 4 2 1 1 1 1 1 1 1 1 2 2 2 2 2 1 0 0 0 0 0 1 1 1 1 0 0 0 1 0 0 0 0 0 0 0 1 1 1 1 1 0 0 0 0 0 0 0 0 0 0 0 0 0 0 0 0 0 0 2 6 10 9 5 3 3 4 4 4 4 4 4 4 4 4 4 3 4 3 6 6 4 3 3 3 4 4 4 4 4 4 4 4 4 4 4 4 4 4 4 4 4 4 4 4 4 4 4 4 4 4 4 5 5 4 4 4 4 4 4 4 4 4 3 4 4 5 4 5 12 12 5 4 3 3 4 4 4 4 3 4 4 4 4 4 5 5 2 4 4 3 4 4 4 3 3 5 4 4 4 4 5 5 4 4 4 4 5 6 4 4 6 4 5 4 5 9 8 5 4 4 4 5 5 5 5 5 4 4 4 4 5 15 6 4 4 5 5 5 5 6 5 5 4 4 4 4 4 5 5 5 5 5 5 5 4 4 4 4 4 3 3 3 3 4 4 3 3 4 4 4 4 3 3 4 4 4 4 4 4 4 4 4 4 4 
5 5 5 5 5 5 3 1 1 1 1 1 1 1 1 1 1 1 1 1 0 0 0 0 0 0 0 0 0 0 0 0 0 0 0 0 0 0 0 0 0 0 0 1 1 1 1 0 0 0 0 0 0 0 0 0 0 0 0 0 0 0 1 1 3 6 6 6 4 3 4 5 3 3 4 4 3 3 4 4 4 4 3 4 13 11 4 4 4 3 3 4 5 5 4 4 4 4 4 4 4 4 4 4 4 4 4 4 4 4 4 4 4 4 4 4 4 5 5 4 4 4 4 3 3 3 3 3 3 3 3 4 4 4 10 10 5 4 4 4 4 4 4 4 3 3 4 4 4 3 3 3 4 5 4 3 3 4 4 4 3 4 5 3 4 5 3 3 5 3 3 3 4 4 3 4 5 3 5 4 4 4 4 4 4 3 3 4 4 4 4 4 3 5 4 5 4 27 17 4 4 4 5 5 5 5 5 4 4 4 3 3 3 4 4 3 3 3 4 4 4 4 4 4 5 4 4 4 4 3 3 3 4 4 4 4 4 5 5 4 4 4 4 4 4 4 4 4 4 4 
5 5 5 5 5 5 4 4 4 4 3 3 1 1 1 1 1 0 0 0 0 0 0 0 0 0 0 0 0 0 0 0 0 0 0 0 0 0 0 0 0 0 0 0 0 0 0 1 0 0 0 1 1 1 0 0 0 0 0 0 0 1 1 2 3 5 5 5 5 5 6 6 5 4 5 5 4 4 4 4 4 5 4 4 12 9 3 4 4 3 3 3 4 4 3 3 3 4 4 4 4 4 4 4 4 4 4 4 4 5 5 5 4 4 4 4 4 5 4 4 4 4 4 4 4 4 4 4 4 4 5 5 4 3 5 6 3 5 5 5 4 4 3 4 5 5 5 5 5 4 5 4 4 5 6 5 5 5 5 8 8 6 7 5 6 8 6 5 7 7 6 7 8 6 9 12 9 9 11 10 8 7 8 10 10 11 12 12 12 12 12 12 11 14 13 15 16 46 40 17 15 15 17 16 15 16 17 17 16 16 15 15 14 12 11 10 9 8 7 6 5 4 4 4 4 3 3 3 4 5 6 6 5 4 4 3 3 4 5 5 5 4 4 4 4 4 4 4 4 4 
4 4 4 4 4 5 5 4 4 5 5 4 4 4 5 4 3 3 2 1 1 0 0 0 0 0 0 0 0 0 0 0 1 0 0 1 1 0 0 0 0 0 0 0 0 0 0 0 0 0 0 1 1 1 1 1 1 2 2 2 3 3 4 4 4 4 4 4 5 5 6 5 4 4 5 5 4 4 5 5 5 5 4 4 7 6 4 5 5 6 7 8 9 9 10 11 12 12 13 14 15 16 17 17 17 17 17 17 17 19 19 18 18 18 18 18 19 20 20 19 19 19 20 20 20 20 20 20 21 22 24 25 24 21 23 24 22 29 29 27 27 26 27 28 29 29 29 29 30 32 31 33 27 27 33 30 34 38 33 30 34 35 36 38 35 33 38 35 34 43 37 41 46 38 40 46 38 40 42 45 45 44 47 51 50 42 43 44 46 47 48 48 48 49 51 48 50 62 62 51 51 54 55 53 54 58 55 56 56 56 56 55 54 51 49 45 42 40 38 35 30 25 20 15 10 8 6 5 5 5 4 4 4 5 5 5 4 4 4 4 4 4 4 4 4 4 4 4 4 4 
6 6 6 6 6 7 7 7 7 7 5 4 6 7 6 5 4 5 6 2 1 1 0 0 0 0 0 0 0 0 0 0 0 0 0 0 0 0 0 0 0 0 0 0 0 1 1 0 0 0 0 0 0 1 1 1 2 2 3 3 3 4 5 5 4 4 5 5 5 5 6 6 7 8 8 8 9 10 12 13 13 14 18 18 20 21 22 24 28 32 36 37 36 38 41 43 44 45 47 50 52 52 54 54 54 54 54 54 54 54 54 53 52 52 53 53 56 57 59 57 57 58 59 57 57 56 56 58 60 59 54 56 59 55 56 60 55 54 51 49 51 55 59 60 59 57 56 55 55 55 51 62 58 59 65 56 61 59 56 56 60 59 53 65 63 54 63 63 56 64 63 60 72 65 58 65 70 72 59 61 64 63 63 65 68 65 66 67 68 69 69 69 70 67 76 71 78 65 69 71 73 76 74 69 72 77 72 73 74 75 76 77 79 79 77 75 73 72 72 75 77 72 66 59 53 47 40 30 20 11 6 5 5 4 4 5 5 5 5 4 4 4 4 4 4 4 4 4 4 4 
6 6 7 8 9 10 12 15 17 16 14 11 8 6 4 3 3 3 4 3 2 2 1 1 1 1 1 2 2 2 2 2 2 1 1 1 1 1 1 0 0 0 0 1 1 1 1 1 0 0 1 1 1 1 1 1 2 3 4 5 5 5 7 8 9 11 13 14 16 17 20 24 27 29 33 36 37 41 45 46 45 44 52 51 56 56 59 62 61 63 64 64 63 62 62 64 65 66 67 68 68 68 68 68 68 68 68 68 68 66 66 65 65 66 67 67 67 68 69 67 66 67 68 67 65 64 65 67 69 70 64 65 71 66 63 68 68 70 67 68 70 67 59 57 59 55 58 66 66 58 51 54 52 49 70 61 49 60 76 65 62 77 58 53 65 64 55 66 66 47 64 55 46 48 47 44 53 70 76 76 75 63 49 50 65 73 73 73 73 73 72 71 73 75 80 81 87 77 83 82 80 81 80 74 73 77 77 76 77 78 80 84 85 85 85 85 86 86 88 87 83 83 84 89 90 89 77 66 67 63 47 28 16 9 6 4 3 4 4 4 4 4 4 4 4 4 4 4 4 4 
3 4 5 6 7 7 7 7 8 11 16 20 24 22 18 12 8 5 4 3 3 3 3 3 2 2 3 5 8 12 16 19 20 19 17 16 15 12 6 2 0 1 1 1 1 0 0 1 1 1 2 3 4 6 7 8 10 15 24 33 33 29 33 36 41 48 49 51 56 58 59 63 65 62 61 61 63 67 69 67 63 63 69 62 67 63 64 72 70 67 67 72 77 78 75 76 77 76 74 73 72 72 76 77 77 77 77 77 77 76 75 75 75 76 78 79 77 78 78 75 72 73 74 75 74 73 74 76 80 78 68 71 79 74 70 77 74 69 72 78 76 55 32 20 14 14 20 36 41 33 30 24 18 13 39 41 16 54 65 22 17 53 44 15 29 36 17 29 37 11 30 42 19 22 32 16 16 42 70 68 59 37 18 19 37 61 65 68 71 75 77 78 77 83 75 81 75 79 84 80 75 78 85 88 87 87 84 83 82 82 86 89 91 90 90 89 89 90 92 94 96 93 92 93 90 86 87 89 88 85 81 78 77 64 40 19 7 5 5 4 5 5 5 5 5 5 5 4 4 4 
2 2 2 2 2 2 2 2 2 2 3 4 6 11 15 16 16 14 11 9 4 2 4 3 2 1 1 0 1 1 2 2 4 6 7 10 19 29 23 9 1 2 4 6 7 9 11 14 19 24 29 33 38 43 46 45 47 54 57 55 56 61 64 69 71 69 71 69 68 64 77 76 62 67 70 77 77 74 79 80 74 66 69 81 77 70 77 80 78 78 80 81 80 79 78 80 80 80 80 80 80 80 81 82 82 83 84 84 85 81 81 82 81 80 80 79 79 80 80 77 73 71 73 75 76 76 76 76 76 76 76 77 79 78 74 74 78 81 75 75 73 73 67 58 29 5 43 74 60 49 31 33 16 3 20 50 3 29 81 68 22 6 5 14 52 86 48 3 6 3 6 55 28 22 17 14 15 51 83 79 50 26 18 16 13 18 20 29 62 82 70 87 81 76 80 81 82 86 79 84 84 84 84 83 84 82 80 81 83 83 82 80 82 90 88 87 88 90 93 92 90 91 93 94 95 95 91 89 92 89 84 84 82 87 91 77 58 40 18 7 5 5 3 3 5 5 5 5 5 5 
3 3 3 2 2 2 2 2 2 1 1 1 0 1 1 2 3 4 5 5 6 5 5 3 4 2 1 0 1 1 1 1 1 1 1 0 1 2 2 1 5 11 24 40 51 53 54 57 66 73 73 69 68 68 67 69 71 72 72 72 71 71 72 78 79 76 80 79 81 77 80 79 76 81 76 80 82 78 80 88 89 83 82 90 83 74 79 79 79 80 82 83 82 81 80 82 83 83 83 83 83 83 83 84 84 84 84 85 85 83 83 84 83 82 81 80 82 83 83 81 78 77 78 79 79 78 78 78 79 79 78 79 81 80 78 78 79 80 81 77 77 77 69 70 44 5 26 76 77 65 32 45 30 5 19 55 10 23 67 41 23 16 6 48 96 59 10 9 30 20 8 27 6 10 40 58 31 26 69 85 79 64 49 31 15 15 37 53 70 78 72 94 85 80 85 82 81 87 82 84 84 84 84 85 85 85 85 85 85 85 85 84 85 88 89 90 91 91 89 90 92 93 94 94 92 91 93 98 99 94 88 88 86 85 92 92 88 88 63 37 17 8 6 6 6 6 6 5 5 5 
3 3 3 3 3 3 3 3 3 2 1 1 1 1 0 0 1 2 2 2 4 5 6 8 13 10 2 1 1 1 0 0 0 1 1 0 0 1 1 1 1 2 7 19 40 65 80 80 72 69 71 74 71 68 70 75 77 73 70 74 77 77 78 82 83 81 85 83 82 78 75 74 76 83 77 78 83 80 77 80 82 83 82 87 84 78 84 83 82 83 84 85 84 83 83 85 86 86 86 86 86 86 85 85 85 85 84 84 83 85 85 86 86 84 83 83 84 87 87 86 83 83 84 84 82 81 80 81 83 83 81 82 82 82 82 81 77 79 87 78 80 84 75 82 66 18 26 75 76 65 26 33 29 12 25 59 34 15 18 15 17 40 16 47 67 38 20 44 76 48 17 38 26 24 22 24 23 33 57 75 89 92 77 48 25 27 64 71 67 72 72 84 82 83 89 84 79 86 84 87 88 89 90 91 91 91 91 90 89 89 91 91 92 93 95 97 97 95 92 90 89 90 90 91 89 88 88 91 92 87 84 88 90 87 95 96 91 104 101 87 61 30 11 5 4 5 3 4 5 5 
3 3 3 3 3 3 3 4 4 3 3 2 1 1 1 1 1 1 1 2 2 6 16 28 37 33 5 1 1 1 1 1 1 1 1 1 1 1 1 1 1 1 0 1 5 17 34 57 63 71 73 71 71 73 76 80 82 80 79 81 82 79 78 81 81 80 84 85 80 77 79 77 75 84 83 81 85 87 86 85 84 85 81 86 87 83 87 85 84 85 86 86 86 86 85 87 87 87 87 87 87 87 87 87 86 86 85 84 84 87 87 88 88 87 85 85 85 88 89 88 86 87 89 88 86 83 83 84 87 87 84 85 82 82 83 79 70 72 82 71 72 81 79 80 78 54 55 81 77 69 51 52 51 48 57 78 81 60 53 68 58 95 63 69 82 69 65 70 84 78 63 93 83 76 64 69 74 84 89 86 79 74 73 71 69 60 79 65 58 68 68 69 72 79 92 87 80 86 85 88 88 90 91 92 94 93 91 90 88 88 90 92 94 97 98 98 97 96 94 92 90 92 93 94 94 93 92 92 91 83 78 82 84 90 100 99 91 83 67 62 70 50 23 10 6 7 6 4 4 4 
3 3 3 3 3 3 3 3 3 3 3 3 2 2 2 2 2 2 3 2 3 16 39 53 55 55 11 1 1 1 1 1 1 0 1 1 1 1 1 0 1 1 1 0 1 2 6 19 40 64 74 73 76 80 79 80 81 82 82 81 81 81 79 80 79 78 84 80 64 65 73 70 64 72 87 85 77 77 81 84 87 83 76 83 89 85 87 87 87 87 87 86 86 87 87 87 87 87 87 87 87 87 88 88 87 86 86 85 85 88 89 89 89 88 87 86 85 88 89 88 87 88 89 90 87 85 85 86 88 89 86 87 83 81 82 74 65 66 70 64 61 74 82 76 76 92 86 88 89 82 89 86 85 91 82 80 92 85 77 89 84 80 79 82 96 85 85 69 80 90 87 92 78 84 98 98 86 89 85 82 81 79 74 75 83 80 81 62 60 69 64 66 66 77 95 93 85 89 87 86 87 88 89 90 91 91 90 89 88 88 90 92 96 99 97 95 94 94 96 97 99 100 101 101 99 99 99 100 97 85 77 78 78 93 105 102 109 91 41 15 12 15 15 8 4 3 4 4 4 4 
4 4 4 4 4 4 4 4 3 3 3 3 4 4 3 3 2 3 4 2 5 30 56 59 52 57 26 3 1 1 1 1 1 1 1 1 1 1 1 1 1 1 1 1 1 1 1 3 6 17 35 54 65 70 78 80 82 82 83 83 85 85 82 81 80 79 86 78 60 68 69 66 65 70 87 81 62 53 54 58 65 64 60 73 86 83 87 91 89 88 87 85 86 87 88 87 87 87 87 87 87 87 87 88 87 87 87 87 87 88 89 89 89 88 87 85 85 88 89 88 86 86 88 88 87 86 85 86 88 87 85 88 84 82 82 70 65 71 68 72 61 73 88 80 77 94 87 84 88 83 85 81 89 87 77 81 83 83 81 62 98 80 82 84 84 75 82 82 85 81 78 84 93 92 85 83 86 84 84 81 85 85 77 76 88 77 81 71 71 74 68 75 64 75 92 92 87 91 88 89 89 89 90 91 92 92 92 93 94 94 95 97 98 102 100 98 97 99 101 101 101 102 103 102 102 101 100 99 97 88 81 84 85 98 106 98 110 107 52 11 4 7 6 5 9 7 3 4 4 4 
4 4 4 4 4 4 4 4 4 4 4 4 4 3 4 4 3 3 3 2 8 38 55 58 53 58 47 8 1 1 1 1 1 1 1 1 1 1 1 2 2 2 2 2 2 1 1 1 1 2 7 20 34 48 67 75 79 79 82 89 93 88 83 82 80 79 87 77 63 79 65 62 76 74 84 79 66 59 55 57 67 65 61 78 92 84 85 89 89 88 86 85 85 87 89 88 88 88 88 88 88 88 86 86 87 88 88 88 89 88 89 89 89 88 87 85 86 89 89 88 86 85 86 86 86 86 86 86 86 84 83 88 85 85 86 70 69 77 67 82 63 70 87 82 85 80 85 86 84 85 80 82 88 85 81 89 84 90 89 78 92 87 82 78 84 87 81 84 80 85 86 82 88 83 84 90 93 81 93 84 82 87 83 86 104 77 85 77 74 80 77 79 65 71 84 84 81 87 84 86 86 85 85 85 85 85 85 87 89 90 91 91 91 94 95 96 97 96 96 97 99 102 107 111 114 116 114 112 110 99 91 91 90 90 104 107 101 104 66 19 8 13 7 14 39 29 11 4 3 4 
4 4 4 4 3 3 3 4 4 4 4 4 4 3 4 5 4 4 4 3 9 32 43 53 55 64 57 14 2 1 1 1 1 1 1 1 1 1 1 2 2 2 2 2 3 3 3 3 3 2 2 3 9 21 37 54 68 69 68 78 88 87 83 79 78 81 86 76 61 74 64 65 74 61 76 84 74 79 72 80 82 79 80 81 101 81 87 78 82 88 81 84 77 86 81 87 84 81 88 86 87 79 91 76 81 83 80 87 76 98 81 82 78 81 78 77 87 76 88 75 89 74 84 80 75 77 71 83 70 83 82 82 75 76 91 75 71 82 74 83 64 69 80 73 74 75 71 84 74 77 74 74 82 70 80 73 71 68 72 77 60 73 66 74 67 89 59 73 65 78 71 69 75 62 81 69 70 67 70 63 71 91 92 89 87 84 90 83 74 86 89 85 65 71 80 68 63 73 65 76 69 72 67 71 69 67 72 65 79 68 79 69 77 78 79 80 80 88 83 90 93 110 124 120 128 136 138 135 130 120 105 100 93 84 101 118 108 100 74 38 28 36 41 56 86 74 53 21 4 3 
4 5 3 4 3 3 3 3 3 3 3 4 3 3 3 3 3 3 3 3 6 19 30 44 46 52 46 20 5 2 1 1 1 2 2 1 1 1 1 1 2 2 2 2 3 3 4 4 4 3 3 4 5 6 12 27 47 58 59 65 75 82 82 78 80 84 82 77 64 72 77 80 74 56 74 72 50 70 53 64 60 61 72 50 83 59 74 58 64 75 65 71 57 71 57 71 62 58 73 64 71 54 83 52 61 65 57 72 47 93 60 64 58 64 59 57 73 48 70 49 77 50 67 61 53 56 44 68 41 69 68 64 54 58 91 78 71 85 89 83 69 75 80 65 50 68 44 67 54 55 55 50 65 45 68 53 56 47 59 54 45 65 46 59 44 80 38 59 48 62 57 53 65 42 68 52 60 44 59 51 54 78 85 90 81 92 92 90 74 87 94 88 68 78 85 59 50 62 48 70 56 61 52 61 58 55 67 53 77 52 76 55 73 72 73 71 67 86 76 89 83 109 127 107 115 123 129 125 123 120 108 108 98 87 95 110 112 106 95 80 74 77 86 96 101 100 95 56 23 5 
3 4 3 3 3 3 3 3 3 4 3 3 3 3 3 3 3 4 3 3 4 10 23 36 35 27 24 13 7 5 4 4 3 3 3 2 1 1 1 1 1 2 2 2 2 3 3 3 3 3 4 5 6 7 7 10 17 27 37 45 61 78 82 81 83 85 79 72 61 75 78 75 72 64 80 57 26 59 33 39 46 41 54 28 68 45 54 50 55 62 53 61 51 58 42 63 47 48 65 47 62 44 69 45 52 55 50 60 41 72 52 59 56 60 53 49 69 48 63 49 66 51 60 57 53 59 50 67 42 62 56 59 55 58 87 76 68 80 94 88 70 79 87 70 52 68 47 68 57 58 60 56 66 56 66 61 59 51 64 62 55 72 52 61 55 77 51 63 58 66 66 63 70 58 75 63 67 55 67 61 64 83 84 89 82 92 87 85 71 86 93 85 70 80 89 69 63 76 63 78 70 71 67 72 71 70 79 74 86 68 90 71 89 81 85 83 77 92 83 96 88 102 108 90 96 100 101 98 101 99 95 106 101 88 93 101 105 108 111 109 109 105 100 101 106 106 102 89 77 14 
3 3 3 3 3 3 3 3 3 3 2 3 4 4 3 3 4 4 3 3 5 5 13 18 20 14 9 8 7 7 7 6 7 6 6 4 3 3 3 3 3 4 4 3 2 2 3 3 3 3 3 4 4 6 8 8 9 10 17 34 59 79 80 77 79 83 81 70 57 75 78 73 68 63 79 62 39 71 49 59 64 57 71 42 81 60 66 66 64 69 65 74 68 72 56 81 63 67 83 64 79 60 81 64 68 70 68 76 60 79 67 74 74 75 68 62 83 67 76 68 75 70 73 74 72 80 72 84 61 78 70 76 73 68 87 74 64 76 95 87 65 75 86 77 70 83 64 81 70 69 78 80 78 78 73 82 78 69 78 78 73 86 68 74 76 83 73 75 77 78 83 78 77 78 83 78 77 71 78 75 77 90 85 89 84 89 80 79 71 89 96 90 64 75 87 76 76 90 81 83 82 79 81 81 82 83 82 88 86 78 92 79 95 87 93 92 85 94 88 98 90 95 95 86 93 93 93 91 95 89 85 101 97 86 92 100 103 104 106 106 107 103 99 102 109 109 104 100 117 36 
4 4 4 4 3 3 3 2 2 3 2 2 3 3 3 2 2 2 2 3 5 3 5 6 9 7 8 8 7 7 6 6 8 9 9 8 6 6 6 6 6 8 8 7 6 6 7 8 7 6 5 6 6 8 10 13 20 29 38 50 64 75 73 70 71 77 77 68 56 74 80 74 66 55 73 72 67 77 73 72 71 74 84 68 82 72 79 75 71 77 77 83 79 84 78 86 77 79 88 82 80 71 88 78 79 81 80 85 75 83 80 81 81 80 77 70 85 75 78 77 74 77 76 77 76 81 75 81 69 81 73 81 81 71 82 69 60 72 88 78 57 69 83 79 77 85 73 82 74 72 80 83 76 83 69 83 77 74 79 79 73 81 70 75 80 74 78 72 78 75 83 79 74 83 79 81 76 75 76 76 77 85 76 80 75 86 74 72 66 81 86 80 62 69 77 74 72 79 76 76 78 73 80 75 79 78 77 85 75 77 83 74 88 84 90 91 86 91 88 93 84 87 85 87 95 89 91 88 92 83 75 86 82 76 85 96 103 103 101 103 100 99 102 105 105 102 98 91 108 71 
5 5 7 6 4 5 5 3 3 3 3 3 3 3 5 9 9 9 11 13 14 11 14 17 18 13 8 7 7 7 7 8 10 11 12 10 9 9 9 8 9 10 11 10 10 10 12 12 13 14 17 22 28 32 38 47 57 62 59 62 66 68 71 72 74 76 71 65 56 71 77 74 64 50 70 72 77 70 81 65 72 80 80 81 72 73 81 74 74 79 81 81 78 82 85 78 76 77 78 84 70 72 78 76 74 76 77 77 75 77 81 74 74 72 74 69 79 76 76 79 73 75 75 76 75 77 74 74 74 80 70 76 80 67 74 64 57 67 75 69 55 67 82 78 72 77 74 78 75 74 75 80 76 87 75 80 71 76 78 77 72 74 73 76 79 73 78 72 76 75 80 77 75 82 76 84 76 78 76 77 77 82 73 78 72 84 71 68 57 64 63 58 61 65 70 71 70 70 73 77 76 75 80 75 80 75 80 84 73 80 81 74 84 78 80 81 81 83 83 85 83 86 82 90 95 86 89 83 85 81 70 75 74 72 79 87 93 92 93 100 99 97 99 97 94 93 95 92 90 79 
5 5 10 9 7 7 6 3 3 4 3 4 4 4 12 33 41 39 45 52 50 50 51 63 59 44 23 14 8 7 6 6 7 10 10 10 9 10 11 10 11 12 12 13 13 14 15 17 20 26 34 44 53 54 51 59 63 55 49 59 65 63 68 71 74 74 67 61 52 63 65 62 58 51 70 67 73 67 78 67 77 79 80 80 75 77 78 77 76 78 79 76 77 76 81 79 73 76 75 79 72 78 71 75 71 73 76 71 75 73 83 72 75 73 80 74 69 71 72 76 71 66 70 70 71 73 72 66 74 76 74 75 79 65 71 61 56 64 64 64 58 66 77 75 72 73 79 78 78 79 73 82 80 81 79 76 72 77 70 70 67 66 70 70 70 70 69 69 69 71 72 67 70 69 68 78 70 72 67 69 70 74 67 72 65 77 67 66 55 57 54 51 59 62 66 74 74 71 78 76 67 71 72 70 75 65 76 70 67 74 71 66 74 76 72 71 75 76 76 73 74 77 70 78 80 72 82 77 80 85 74 73 74 74 77 80 82 75 72 80 86 86 83 82 83 85 88 87 74 40 
4 3 10 10 8 7 5 2 2 3 2 3 3 2 14 49 64 55 59 54 50 56 47 56 52 44 47 25 10 6 5 5 6 6 7 6 7 9 11 12 11 12 14 17 21 25 27 30 33 38 41 43 43 46 51 48 51 55 54 51 53 58 58 58 60 64 62 57 47 54 51 49 51 54 66 63 70 61 62 70 69 64 80 67 78 75 64 71 69 68 68 67 74 69 71 80 63 72 73 68 75 79 68 76 70 72 77 69 76 69 85 73 77 75 84 80 70 75 79 83 80 68 75 67 70 72 73 62 73 70 65 64 69 59 68 61 57 64 57 62 60 62 67 68 70 69 78 71 72 72 61 67 61 51 57 52 59 73 66 67 67 64 70 68 65 73 65 70 66 73 69 64 72 64 67 79 71 71 66 68 69 74 68 75 66 69 63 67 59 63 62 63 60 61 63 71 68 61 71 79 65 73 70 70 77 62 81 67 70 76 72 66 74 77 68 66 72 71 71 69 78 80 69 78 80 74 84 72 74 86 76 69 74 74 74 79 82 71 63 65 79 81 76 77 80 77 72 65 56 9 
3 4 6 9 8 6 5 3 2 2 2 2 3 2 11 52 60 19 10 9 9 8 9 15 16 13 17 13 10 10 10 8 6 3 2 3 4 5 8 9 13 16 22 28 34 37 39 39 40 41 41 42 44 45 47 48 50 50 49 49 52 55 53 53 57 61 60 59 58 60 61 63 63 64 63 61 63 62 65 66 67 66 68 68 67 64 62 63 66 68 70 73 76 76 77 79 75 73 70 69 70 71 71 70 74 78 72 65 65 66 73 59 64 53 52 49 38 40 40 39 37 33 30 27 27 27 27 25 26 25 25 25 26 25 26 26 27 28 28 29 28 27 27 27 28 30 30 40 47 43 36 36 40 39 40 38 31 40 61 71 60 69 63 65 67 62 59 60 59 62 68 63 58 60 53 37 43 32 37 60 65 66 66 62 62 65 60 61 63 66 67 70 62 59 62 67 69 70 74 74 69 68 66 67 69 68 67 66 67 69 69 70 71 73 71 68 68 67 68 71 78 77 71 70 72 72 74 76 74 72 73 75 73 67 68 71 69 68 71 71 69 71 70 62 63 63 54 28 12 2 
2 1 3 7 8 9 8 4 2 2 2 2 3 2 11 49 53 12 2 2 2 2 4 9 10 7 7 6 6 7 9 10 10 4 2 2 2 2 4 5 8 10 14 20 26 31 34 36 38 40 40 40 41 43 46 48 49 48 47 48 49 49 46 46 50 54 56 56 56 58 59 60 60 60 57 56 58 59 60 61 61 63 65 65 64 62 61 62 65 67 70 72 73 74 75 73 74 75 74 70 64 59 44 37 35 39 38 34 33 25 23 15 17 14 15 14 12 11 11 11 11 12 11 11 11 11 11 11 12 12 14 14 14 14 14 14 15 16 17 17 17 17 18 21 23 17 13 16 18 22 38 49 45 35 34 41 44 44 48 54 53 69 60 46 53 54 54 55 54 54 59 49 44 32 25 17 19 18 27 40 69 68 64 69 64 62 57 57 60 60 60 63 63 59 58 60 59 57 59 64 63 60 59 60 62 63 63 63 64 65 66 66 67 70 69 67 66 66 66 66 66 68 64 63 66 65 64 67 67 65 68 70 68 66 70 68 62 61 64 64 63 60 55 54 53 38 17 7 3 2 
1 0 2 6 7 5 3 1 1 2 2 2 1 1 10 42 44 10 1 1 2 2 3 7 7 5 3 3 3 3 5 8 11 5 2 1 1 1 1 2 2 2 4 6 9 12 15 21 24 27 29 30 33 35 38 40 41 41 41 42 43 41 39 38 41 44 46 50 53 54 55 55 55 54 53 54 56 58 59 59 59 61 64 65 65 64 64 66 68 68 70 72 73 73 73 72 75 76 76 72 67 63 62 69 75 63 35 13 5 4 3 2 2 2 6 11 26 20 18 20 19 20 22 19 19 20 20 21 21 20 17 17 17 17 18 18 18 18 19 19 18 17 18 18 20 23 26 20 6 3 10 21 33 42 52 64 67 57 44 48 53 66 68 60 58 57 58 59 55 51 52 55 66 50 41 31 19 16 17 18 56 53 49 58 51 56 52 53 55 56 55 57 55 51 52 55 55 54 55 58 57 56 55 56 58 59 59 59 59 59 59 59 60 63 62 61 61 61 62 61 60 62 60 60 62 60 55 56 61 61 60 61 60 55 54 56 54 54 54 52 48 43 34 23 15 8 4 1 2 2 
1 1 2 5 4 2 1 0 0 1 2 2 1 2 11 38 38 10 2 1 2 2 3 5 4 3 3 3 2 2 3 4 6 5 1 1 2 1 1 1 1 1 1 1 2 3 4 7 8 11 13 15 19 22 23 25 27 28 30 31 33 35 35 35 35 37 37 41 47 48 50 50 49 47 48 50 52 55 56 57 56 56 58 61 62 62 63 66 66 66 68 69 70 69 68 72 72 70 70 70 73 75 71 77 68 37 11 2 1 0 0 0 0 0 3 9 16 12 12 14 12 11 13 13 13 13 13 12 12 14 18 18 19 20 21 22 22 21 22 22 22 22 24 25 30 35 37 33 24 25 34 44 51 46 42 45 46 45 38 42 38 32 35 42 46 45 50 54 51 47 48 42 50 56 56 52 45 36 25 21 54 47 52 54 53 53 50 50 53 53 52 52 46 43 45 49 49 48 50 51 51 50 51 52 53 54 53 53 52 52 52 52 53 55 55 55 55 56 56 56 57 58 54 53 55 54 50 50 55 54 50 49 47 43 42 44 44 41 35 28 21 16 10 5 3 2 3 3 2 3 
1 1 2 4 3 2 2 2 1 1 1 1 2 1 4 14 14 5 1 1 2 1 2 3 2 2 3 3 2 2 2 2 3 3 1 2 2 1 1 1 1 1 1 1 1 1 1 2 2 3 4 5 8 9 10 12 14 15 16 18 20 23 25 27 28 29 30 34 38 41 43 44 43 42 42 43 45 47 49 49 50 50 52 55 56 57 59 62 62 62 64 65 66 66 65 67 67 67 68 69 72 73 68 75 71 53 33 19 12 2 0 0 1 1 2 3 1 1 2 3 2 1 1 1 1 1 1 1 1 1 1 1 1 2 2 2 3 4 5 6 6 7 9 10 14 15 12 14 22 33 40 44 50 48 48 53 54 45 35 46 50 43 38 41 49 52 58 64 62 58 59 46 36 47 44 43 56 43 36 32 47 38 48 41 50 49 45 45 47 44 40 39 42 39 40 42 41 38 39 43 43 44 44 45 45 46 47 47 47 47 46 46 47 48 49 49 49 49 49 49 48 47 44 43 46 47 44 44 46 42 38 37 35 34 32 27 23 18 12 9 6 3 2 2 3 4 3 3 3 2 
2 2 2 4 4 2 3 3 2 1 2 2 2 1 1 2 2 1 1 1 2 1 2 3 3 3 2 2 2 2 2 3 3 3 2 2 2 1 2 1 2 1 1 1 1 1 1 1 1 1 1 2 2 3 4 5 6 6 7 8 10 11 13 15 17 18 20 24 30 33 36 38 38 37 36 36 37 38 40 42 43 44 46 49 51 52 54 57 57 58 60 62 63 63 63 61 63 68 70 70 67 64 64 66 69 73 71 57 42 8 0 1 1 4 4 1 1 2 4 3 2 1 0 0 0 0 0 0 0 0 0 0 0 0 0 1 0 0 0 0 0 0 0 0 1 2 2 5 8 10 17 22 18 13 11 12 10 9 9 23 57 81 73 67 76 77 77 77 69 62 61 52 32 40 37 35 41 28 36 35 38 30 33 28 38 41 38 37 36 32 26 24 34 33 35 38 37 36 36 38 38 38 38 38 38 38 39 39 39 39 39 39 40 40 41 41 41 40 39 39 38 38 35 35 37 37 35 34 33 29 26 27 27 22 15 10 7 6 4 3 4 6 7 4 3 4 3 4 2 2 
5 4 3 4 5 3 3 2 1 1 1 1 2 1 1 1 2 2 2 1 2 2 3 3 2 2 2 2 2 2 3 3 3 2 2 2 2 2 2 1 1 1 1 1 1 1 1 1 1 1 1 1 1 1 2 2 2 3 3 3 4 5 6 6 6 7 9 13 17 20 23 26 27 27 26 26 25 26 28 30 32 33 34 36 37 38 40 42 44 45 46 48 50 51 51 51 52 56 59 60 59 59 64 63 58 55 60 64 61 15 1 1 1 4 4 1 2 5 6 4 2 2 1 0 0 0 0 0 1 0 0 0 0 0 0 0 0 1 0 0 0 0 0 1 2 2 3 7 9 11 14 12 5 2 5 12 15 17 18 26 51 73 51 42 77 86 84 81 73 67 68 55 27 24 29 31 27 25 31 28 34 26 19 22 27 30 28 28 27 24 19 18 27 26 28 31 30 28 28 29 29 29 29 28 28 28 28 29 29 30 30 31 31 30 31 31 31 29 28 27 27 28 26 24 23 21 18 17 15 13 14 17 18 14 9 7 7 7 6 5 6 12 16 9 7 9 7 4 4 4 
7 4 3 3 4 4 3 2 1 1 1 1 1 0 1 1 1 2 1 1 2 2 2 2 2 1 2 3 3 3 2 3 3 4 3 2 1 2 3 2 1 1 1 1 1 1 1 1 1 1 1 1 1 1 1 1 1 2 2 2 2 3 3 2 2 3 4 6 8 9 12 14 15 15 15 15 15 14 15 17 19 19 19 22 22 22 24 26 28 29 30 31 32 34 35 36 37 39 40 42 46 49 40 48 54 51 46 42 40 15 2 1 1 2 2 1 2 6 5 4 5 3 2 0 0 0 0 0 0 0 0 0 0 0 0 0 0 0 0 0 0 1 1 2 2 2 4 7 5 4 3 2 2 3 7 24 33 35 35 44 64 85 79 81 92 93 94 93 90 90 97 82 45 20 20 25 18 23 19 15 22 18 10 15 16 21 20 20 21 19 17 16 21 20 20 20 19 17 17 19 19 20 19 18 18 18 20 20 21 21 20 22 22 22 21 22 22 19 17 16 16 18 15 12 11 9 8 8 7 7 7 10 11 12 10 9 15 16 10 6 9 13 17 14 14 17 10 5 7 8 
6 3 2 2 4 4 3 1 1 1 1 1 1 1 1 1 1 1 1 1 1 1 1 1 1 1 2 2 3 3 2 3 4 5 2 1 1 2 4 3 1 1 1 1 1 1 1 1 1 1 1 1 1 1 1 1 1 1 1 1 1 1 2 2 2 2 2 3 4 4 4 6 7 8 7 7 7 6 5 5 6 6 7 9 8 8 9 10 12 13 13 13 14 15 17 17 18 21 22 23 24 26 25 27 32 33 26 14 6 1 1 0 0 0 1 2 3 6 2 5 9 3 1 0 0 0 0 0 0 0 0 0 0 0 0 0 0 0 0 0 0 1 1 1 1 1 2 3 4 4 5 5 8 10 8 40 62 68 67 79 84 81 96 96 91 96 98 96 93 97 106 93 67 23 11 14 12 12 11 11 12 11 9 9 11 12 12 12 12 12 12 12 11 12 11 11 10 10 11 10 12 12 11 10 10 10 10 11 12 11 8 12 14 15 15 16 15 10 6 5 7 9 5 4 7 8 6 7 10 13 13 12 13 12 9 9 19 20 10 5 11 12 16 16 12 15 11 5 8 10 
2 2 1 1 1 2 2 1 1 1 1 1 1 1 1 1 1 1 1 1 1 1 1 1 1 1 1 1 2 2 2 3 5 3 1 1 1 3 4 3 1 1 1 1 1 1 1 1 1 1 1 1 1 1 1 1 1 1 1 1 1 2 3 3 1 1 1 1 1 3 3 2 2 2 3 3 3 3 3 2 2 1 2 1 1 1 1 1 2 2 3 3 3 3 3 4 4 5 6 7 8 8 9 10 11 10 7 3 1 0 0 0 0 0 1 2 6 9 4 4 5 1 1 1 1 0 0 0 0 0 0 0 0 0 0 1 1 1 1 1 0 1 1 3 4 4 5 8 11 14 16 18 25 24 13 53 83 96 95 105 102 89 96 95 93 96 98 96 94 97 104 105 88 30 7 7 8 7 6 8 7 6 6 7 7 7 7 7 7 7 7 7 6 6 7 7 7 6 6 7 7 6 5 5 5 6 5 4 5 6 5 8 17 17 28 30 19 9 6 5 5 5 5 7 13 14 11 10 13 19 24 21 14 9 8 11 15 14 10 6 9 9 14 15 12 15 11 5 7 10 
6 6 6 6 5 4 3 3 3 3 3 3 2 2 2 2 2 2 2 1 1 1 1 1 1 1 1 1 1 1 1 2 3 2 1 1 1 2 2 2 1 1 1 1 1 1 1 1 1 1 1 1 1 1 1 1 1 1 1 1 1 3 4 3 1 0 1 1 2 4 4 1 1 1 1 1 1 1 1 1 1 1 1 1 0 0 1 0 0 0 1 1 1 1 1 1 1 1 1 1 1 1 2 2 2 2 1 1 0 1 1 1 0 0 1 2 6 7 3 2 2 1 2 1 1 1 0 0 0 0 0 0 0 0 0 0 1 1 1 0 0 1 3 7 8 8 8 10 14 17 20 25 31 27 14 47 77 90 90 95 94 87 91 90 88 91 92 89 87 89 95 100 83 28 5 5 7 6 6 8 7 5 6 7 6 7 8 8 7 7 7 8 8 8 9 11 11 9 8 11 9 7 7 8 8 8 8 9 9 6 3 9 46 55 61 72 55 22 13 14 11 9 10 14 18 18 16 14 14 20 28 25 17 11 11 14 15 13 11 10 11 11 13 14 13 16 14 9 10 10 
13 13 13 12 11 11 11 11 11 10 9 8 9 9 9 9 9 8 7 7 7 7 7 7 6 6 4 4 4 3 3 3 4 4 2 2 2 2 2 1 2 2 2 1 2 2 1 1 1 1 1 1 1 1 1 1 1 1 1 1 1 2 3 2 1 1 1 2 3 5 4 2 1 1 2 3 3 2 1 1 1 1 1 1 0 0 1 1 1 1 1 1 1 1 1 3 3 1 1 0 0 1 1 1 1 1 1 0 1 1 1 1 0 0 1 2 4 5 2 1 1 1 2 3 3 2 1 0 0 0 0 0 0 0 0 0 0 1 1 0 0 1 3 6 7 6 6 6 7 8 9 12 13 11 6 24 42 51 54 56 66 79 85 83 83 84 85 83 82 83 86 84 56 20 8 9 13 13 13 16 14 10 11 13 11 12 14 14 13 12 12 14 13 14 16 19 20 16 13 16 14 13 13 14 14 14 15 16 14 6 2 16 89 101 87 97 80 31 17 18 14 12 12 13 12 13 14 14 14 16 19 19 17 14 12 13 14 13 11 11 11 11 11 11 11 14 13 11 10 9 
18 18 16 16 16 15 14 15 15 15 14 12 14 15 14 14 13 12 12 12 13 13 13 13 12 11 10 10 11 11 10 9 11 10 8 9 8 8 10 8 6 6 6 6 6 6 5 5 4 4 4 4 4 4 4 3 3 3 2 2 2 2 2 1 1 1 1 1 2 2 2 1 1 0 1 2 3 2 1 0 0 1 1 2 1 1 1 1 2 2 1 1 1 1 2 5 4 3 1 1 1 1 3 3 3 2 1 1 1 0 1 1 0 0 1 1 6 10 8 5 4 2 2 3 3 2 1 0 0 0 0 0 0 0 0 0 0 1 1 1 0 0 1 2 2 2 2 2 1 1 1 2 2 2 2 11 19 23 27 27 45 73 82 79 81 82 83 82 82 83 84 75 34 12 10 11 12 12 12 15 13 10 11 12 10 10 12 12 11 10 11 12 9 9 10 12 13 11 9 11 10 10 11 11 11 11 11 11 10 5 2 13 61 64 54 53 41 18 10 9 8 7 7 6 6 6 7 7 8 8 7 8 9 9 7 6 7 7 5 6 6 6 6 6 6 6 6 6 5 5 
19 18 17 17 17 17 16 16 16 17 16 15 16 17 16 15 15 14 14 15 16 16 16 15 14 14 13 13 14 15 14 14 15 12 11 12 11 10 13 11 12 13 13 12 12 12 10 10 10 9 9 8 8 8 8 7 7 7 6 6 5 5 4 4 4 4 3 3 2 2 2 2 2 2 1 1 2 2 2 1 1 1 2 2 1 1 1 1 2 2 1 1 1 1 1 2 2 1 1 0 0 1 2 2 2 1 1 0 0 1 1 0 0 0 0 1 8 16 17 12 11 8 5 3 4 4 3 2 1 1 0 0 0 0 0 0 0 0 1 1 1 0 0 0 1 1 1 1 0 0 0 1 0 1 2 7 11 11 14 15 34 66 73 71 75 77 77 79 80 81 81 68 23 6 6 6 5 5 5 6 5 5 5 5 4 5 5 5 5 5 5 5 4 4 4 5 5 5 4 4 4 5 5 5 5 5 5 4 5 5 3 4 14 14 13 11 8 5 4 4 4 4 4 4 4 5 4 4 5 5 4 4 4 5 4 4 4 5 4 4 4 4 4 4 4 4 4 4 3 4 
17 16 16 17 17 18 17 16 17 17 17 16 17 17 16 16 15 15 16 16 15 14 13 13 13 13 14 13 13 13 12 11 12 12 11 12 10 9 11 10 12 13 12 11 10 9 8 8 8 8 7 7 7 6 5 5 5 5 5 5 5 4 4 4 4 4 4 4 3 3 3 4 3 3 4 4 4 3 3 3 3 3 3 3 3 3 3 2 2 3 3 2 2 2 2 2 2 1 2 2 1 1 1 1 1 1 1 1 0 0 0 0 0 1 1 1 7 14 15 10 11 10 6 9 13 15 12 7 3 2 0 0 0 0 0 0 0 1 1 1 1 1 1 1 1 1 1 0 0 0 0 1 0 0 2 4 5 5 8 11 27 56 60 61 66 67 67 70 73 74 72 57 17 4 4 3 4 4 3 3 3 4 4 3 3 3 3 3 3 3 3 3 3 3 3 3 3 3 4 4 4 4 4 3 4 4 4 3 4 4 3 5 5 6 3 2 4 5 4 4 3 4 3 3 3 3 4 4 3 3 4 4 4 3 4 4 3 3 4 4 3 4 3 3 3 3 4 4 3 4 
17 17 17 16 16 17 17 17 17 18 18 18 18 18 18 18 18 18 18 16 16 15 15 14 13 13 14 14 15 15 14 14 13 14 14 14 13 13 13 12 11 12 12 12 12 11 10 10 10 10 9 9 9 8 7 7 7 7 7 7 6 6 5 5 5 5 5 5 5 5 4 4 4 4 4 5 4 4 4 4 4 4 4 3 3 3 4 4 3 3 3 3 3 3 3 3 4 4 3 3 3 3 3 2 2 2 1 1 1 0 0 0 0 1 1 2 4 6 6 4 4 6 10 24 28 26 16 7 3 2 1 1 1 0 0 0 0 0 0 0 0 1 1 1 1 1 1 1 1 1 1 1 0 0 1 1 2 3 4 6 24 47 52 51 53 59 63 60 60 63 62 37 10 3 4 4 3 4 3 3 3 4 4 3 3 3 3 3 3 3 3 3 3 3 3 3 4 4 4 4 4 4 4 4 4 4 4 4 4 4 4 4 4 4 3 3 4 4 4 4 4 4 3 3 3 3 3 3 3 3 3 3 3 3 3 4 3 3 3 3 3 4 3 3 3 3 3 3 3 3 
17 17 17 17 17 16 16 16 16 17 17 17 17 17 17 17 17 17 17 17 17 16 16 16 15 15 14 15 15 15 15 15 14 16 16 16 16 16 15 15 16 16 16 15 15 14 13 13 13 13 13 12 12 12 12 12 12 12 12 12 11 10 10 10 10 9 9 9 9 9 9 9 9 9 10 10 9 8 7 6 6 6 6 6 6 6 6 6 5 5 5 5 5 4 4 4 4 4 3 3 3 3 2 1 1 1 1 0 0 0 0 0 0 1 1 1 3 3 3 2 2 3 4 5 6 6 4 3 3 3 3 3 3 2 2 2 1 1 1 1 1 1 1 1 2 2 2 3 3 3 2 2 1 1 1 1 1 2 2 4 17 33 38 37 39 45 48 44 43 42 39 21 6 3 4 4 4 3 3 3 3 3 3 3 3 3 3 3 3 3 3 3 3 3 3 4 4 4 4 3 3 4 4 4 3 3 4 4 4 4 3 3 3 3 3 3 5 4 4 5 4 4 4 4 4 3 3 3 3 3 3 3 4 4 4 4 4 4 4 3 4 4 4 4 3 3 3 3 3 3 
21 21 21 21 21 21 21 21 21 21 20 21 21 21 21 21 21 21 21 17 16 16 15 15 16 16 16 17 17 17 17 17 16 15 15 15 15 14 14 13 12 11 11 11 10 10 10 10 10 11 11 11 11 11 11 11 11 11 11 10 11 12 12 12 11 11 11 11 11 11 11 12 12 12 12 12 11 11 10 10 10 11 12 12 12 12 12 11 10 10 10 10 10 9 9 8 8 8 8 8 8 5 2 0 0 0 0 0 0 0 0 0 0 0 1 1 1 1 1 0 0 1 1 2 1 1 1 1 1 2 2 3 3 3 2 2 3 3 3 3 3 3 3 2 2 3 3 3 3 3 3 2 1 1 1 1 1 1 1 2 8 14 15 15 16 17 19 18 17 15 12 7 3 3 3 3 3 3 3 3 3 3 3 3 3 3 3 3 3 3 3 3 3 3 3 3 3 3 3 3 3 3 3 3 3 3 3 3 3 3 2 2 2 2 2 2 4 3 3 4 4 4 3 3 3 3 3 3 3 3 3 3 3 4 4 4 4 3 3 3 4 4 3 3 3 3 3 3 3 3 
13 13 13 13 13 13 13 13 13 12 12 12 12 12 12 12 12 12 12 15 15 14 13 13 14 15 15 15 16 16 16 15 15 16 16 16 16 15 15 15 16 17 16 17 18 18 18 13 13 14 14 15 15 15 14 14 14 14 14 13 13 12 12 12 12 13 13 13 13 13 13 13 13 13 13 13 12 12 13 13 14 13 12 13 13 13 13 12 12 12 12 12 12 11 11 11 11 11 11 12 10 7 2 1 0 0 0 0 0 0 0 0 0 0 0 0 1 0 0 0 1 1 1 1 1 1 0 1 1 1 1 3 5 5 4 4 4 4 3 3 3 3 3 3 3 3 4 4 3 3 3 2 2 2 2 2 2 2 2 2 4 4 4 4 4 4 4 5 5 5 4 3 2 3 3 3 4 3 3 3 3 3 3 3 3 3 3 3 3 3 3 3 3 3 3 3 3 2 2 2 2 3 3 3 3 3 3 3 3 2 1 1 1 2 3 3 3 3 3 3 3 3 3 3 3 3 3 3 3 3 3 3 3 3 3 3 3 3 3 3 3 3 3 3 3 3 3 3 3 3 
14 14 14 14 14 13 12 12 11 11 10 10 9 9 9 9 9 9 9 8 7 6 5 5 5 5 4 4 4 4 4 4 4 5 5 5 5 5 5 4 6 6 6 6 6 7 7 9 9 9 10 10 10 11 10 11 11 11 11 11 11 11 11 11 12 13 13 13 13 13 13 13 13 13 13 13 13 12 11 11 11 11 11 12 13 12 12 11 12 12 12 12 12 12 11 11 10 10 10 11 10 7 2 1 0 0 0 0 0 0 0 0 0 0 0 0 0 0 0 1 3 3 2 0 0 0 1 2 2 2 3 6 10 10 9 9 9 7 7 6 6 6 6 5 4 4 4 4 3 3 3 2 3 3 3 3 3 3 3 3 3 3 2 3 3 2 2 3 3 3 3 2 2 3 3 2 3 3 3 3 3 3 3 3 3 3 2 2 2 2 2 2 3 3 3 2 2 2 2 2 2 2 2 3 3 3 3 2 2 2 1 0 1 3 7 4 3 4 3 3 3 3 3 3 3 3 3 3 3 3 3 3 3 3 3 3 3 3 3 3 3 3 3 3 3 3 3 3 3 3 
11 11 11 11 11 10 10 9 9 9 8 8 8 8 9 9 9 9 9 8 7 6 6 5 5 5 5 5 5 4 5 5 5 4 4 4 4 4 3 3 2 2 2 2 2 2 1 1 1 1 1 1 1 1 1 1 2 2 2 2 2 2 2 3 3 3 3 3 3 4 4 4 4 4 4 4 4 4 4 4 5 5 5 5 5 5 5 5 5 5 5 5 5 5 5 4 4 4 4 5 4 3 1 0 0 0 0 0 0 0 0 0 0 0 0 0 0 0 0 1 3 4 3 1 1 0 1 2 2 2 1 3 5 6 4 4 4 5 4 4 4 4 4 3 2 2 2 2 2 1 1 1 1 2 1 1 1 2 2 1 1 1 1 1 1 1 1 1 1 1 1 1 1 1 1 1 1 1 1 1 1 1 1 1 1 1 1 1 1 1 1 1 1 1 1 1 1 1 1 1 1 1 1 2 2 2 2 2 2 1 1 0 0 2 5 3 2 3 2 2 2 2 2 2 2 2 2 2 2 2 2 2 2 2 2 2 2 2 2 2 3 3 3 3 3 3 3 3 3 3 
3 2 2 2 2 2 2 2 2 2 2 2 2 2 2 2 2 2 2 2 2 2 2 1 1 1 2 1 1 1 1 1 2 1 2 2 2 1 1 1 1 1 1 1 1 1 1 1 1 1 1 0 0 0 0 1 1 1 1 1 1 0 0 0 0 0 0 0 0 0 0 0 0 0 0 0 0 1 1 1 1 1 0 0 0 0 0 0 1 1 0 0 0 0 0 0 0 0 0 0 0 0 0 0 0 0 0 0 0 0 0 0 0 0 0 0 0 0 0 0 2 2 1 0 0 0 0 1 2 1 0 1 1 1 1 1 1 1 0 0 0 1 0 1 1 1 1 1 1 1 0 1 1 1 1 0 1 1 1 1 1 1 1 1 1 1 1 1 1 1 1 1 1 1 2 1 2 2 2 2 2 2 2 2 2 2 2 2 2 2 2 2 2 2 2 2 2 2 2 2 2 2 2 2 3 3 2 2 2 2 1 1 1 1 3 3 3 3 2 3 3 3 3 3 3 3 3 2 3 3 3 3 3 3 3 3 3 3 3 3 3 3 3 3 3 3 3 3 3 3 
5 4 4 4 4 4 4 4 3 3 3 3 3 3 3 3 3 3 3 2 2 3 3 3 3 3 2 2 2 2 2 2 2 2 2 2 2 2 2 2 2 2 2 2 2 2 2 2 2 2 2 2 1 2 2 2 2 2 2 2 2 2 2 2 2 1 1 1 1 1 1 1 1 1 1 0 0 0 0 0 0 0 0 0 0 0 0 1 1 1 1 1 1 0 0 0 0 1 0 0 1 1 1 0 0 0 0 0 0 0 0 0 0 0 0 0 0 0 0 0 1 1 0 0 1 1 1 1 1 1 1 1 1 1 1 1 1 1 1 1 1 1 1 1 1 1 1 1 1 1 1 1 2 2 1 1 2 2 2 2 2 2 3 3 3 3 3 4 3 3 4 4 3 4 5 4 4 4 4 4 4 4 4 4 4 5 5 5 5 5 5 5 4 4 4 4 5 5 5 5 4 4 4 5 5 5 4 4 4 4 3 3 3 3 4 5 7 6 5 6 5 5 5 5 6 6 5 5 5 5 5 5 6 5 5 5 5 5 5 5 5 5 5 5 5 5 5 5 4 4 
8 8 8 8 8 8 8 8 8 7 7 7 7 7 7 7 7 6 6 4 4 5 6 7 7 7 6 6 7 7 6 6 6 6 6 6 6 6 5 5 5 4 4 4 4 4 4 4 5 6 5 4 3 3 4 4 4 3 3 3 3 3 3 3 2 2 2 2 1 1 1 1 1 1 1 1 1 1 1 1 1 1 1 1 1 1 2 2 2 2 2 1 1 1 1 1 1 2 2 2 1 1 2 2 2 1 1 1 1 1 1 1 1 1 1 1 1 1 1 1 1 1 1 1 1 1 1 1 1 1 1 1 2 2 2 2 2 2 2 2 2 2 2 2 2 2 2 2 2 2 3 3 3 3 3 3 3 4 4 4 5 5 5 5 6 6 6 6 6 6 6 5 6 6 6 6 6 6 6 6 6 5 5 6 6 6 6 6 6 6 6 6 6 6 5 5 5 6 6 6 6 6 6 6 6 6 7 7 7 7 7 7 8 8 8 8 8 8 8 8 8 8 8 8 8 8 8 9 9 9 9 9 10 9 9 8 8 8 8 8 8 8 8 8 8 7 7 7 7 6 
9 9 9 9 9 9 9 9 9 9 9 9 9 9 9 9 9 8 8 6 6 7 8 8 8 7 8 8 8 8 8 8 8 7 7 7 7 7 7 7 6 6 6 6 6 6 6 6 6 7 6 5 5 4 4 4 4 4 3 3 3 3 3 3 3 3 3 3 2 2 2 2 2 3 3 3 2 3 4 3 3 3 3 3 4 4 4 4 4 4 3 3 3 3 3 3 3 4 3 3 3 3 3 3 3 3 3 3 3 3 3 3 3 3 3 3 3 3 3 3 3 3 3 3 3 4 4 4 4 4 4 4 4 4 5 5 5 5 5 5 5 5 5 5 5 5 5 5 5 5 5 5 5 5 5 5 5 5 6 6 6 6 6 6 6 6 6 6 6 6 7 6 6 7 7 7 7 7 7 7 7 7 7 7 7 7 7 7 7 7 7 7 7 7 7 7 7 7 8 8 8 8 8 8 8 8 8 8 8 8 9 9 9 9 9 9 10 10 9 9 10 10 10 10 10 10 10 10 10 10 10 10 11 10 10 10 10 10 10 10 10 10 10 10 10 10 10 10 10 9 
9 9 9 9 9 9 9 9 9 9 9 9 8 8 8 8 8 8 8 8 8 8 8 8 7 7 8 8 7 7 7 7 7 7 7 7 7 7 6 6 6 6 6 6 7 6 6 6 6 7 6 6 5 5 5 5 5 5 5 5 5 5 5 5 5 6 6 5 5 5 6 6 6 7 7 5 4 7 8 6 5 5 5 5 6 6 6 6 6 6 6 6 5 5 5 6 6 6 6 5 5 5 5 5 5 5 5 5 5 5 5 5 5 5 5 5 5 5 5 5 6 6 6 6 6 6 7 7 7 7 7 7 7 7 7 7 8 8 8 8 8 8 8 8 7 8 8 8 8 7 7 8 7 6 6 7 7 7 7 7 7 7 7 7 7 8 8 8 8 8 8 8 8 8 8 8 8 8 8 9 8 8 8 9 9 8 8 8 8 8 8 8 9 9 9 9 9 9 9 9 9 9 9 9 9 9 9 9 9 9 9 9 9 9 10 10 10 10 10 10 10 10 10 10 10 10 10 11 11 11 11 11 11 11 11 11 11 11 11 12 12 12 12 12 12 12 12 12 11 11 
8 8 8 8 8 7 7 7 7 8 8 8 8 8 8 8 8 8 8 8 8 7 7 7 7 7 8 7 7 6 6 7 7 7 7 7 7 7 7 7 8 7 8 8 9 8 7 7 7 7 7 7 7 7 7 7 7 7 7 8 8 8 8 8 8 8 9 8 8 8 8 8 8 9 10 8 7 10 11 9 9 9 8 9 9 9 9 9 8 7 7 7 7 7 7 7 7 7 7 7 7 7 7 7 7 7 6 6 6 6 6 6 6 6 5 5 6 6 6 6 6 6 6 6 6 7 7 7 6 6 6 6 6 6 7 7 7 6 6 6 6 6 6 7 8 8 8 8 7 7 8 8 7 7 7 7 8 8 8 8 8 8 7 7 8 8 8 8 8 8 8 8 8 9 9 9 9 9 9 9 9 9 9 9 9 10 10 10 10 10 10 10 10 10 10 10 9 9 10 10 10 10 10 10 10 10 10 10 10 10 10 10 10 11 11 11 10 10 10 10 10 10 10 10 10 10 11 11 11 11 11 11 11 11 11 11 11 11 11 11 12 13 12 12 12 13 13 13 12 12 
8 8 8 8 8 8 7 8 8 8 8 8 9 9 9 9 9 9 9 8 7 7 7 7 8 8 9 9 8 8 8 8 8 8 8 8 9 9 9 10 10 10 10 12 12 12 11 10 10 9 9 8 9 9 9 9 9 9 9 10 10 10 9 9 9 9 9 10 10 9 9 9 9 9 10 10 9 11 10 9 9 9 9 9 9 9 9 9 9 9 9 9 9 8 8 9 9 9 9 9 9 9 9 9 8 8 7 7 6 7 7 7 7 7 7 7 7 7 7 6 6 6 6 7 7 7 7 6 6 6 6 5 5 5 6 6 6 7 7 7 7 7 6 7 7 7 8 8 7 7 7 7 7 7 7 8 8 8 8 8 8 7 7 7 8 8 8 9 9 9 9 8 8 8 9 9 9 9 8 8 9 9 9 9 8 9 9 9 9 9 9 9 9 9 9 9 9 8 8 10 10 10 10 10 10 10 10 10 10 10 10 11 11 10 10 10 10 9 9 9 10 10 9 10 9 10 10 10 10 10 9 9 9 9 9 9 9 9 10 10 11 11 11 11 11 11 11 12 12 12 
10 9 9 9 9 9 9 9 9 9 9 9 9 9 9 9 9 9 10 9 8 8 8 8 9 10 10 10 10 10 10 9 9 9 9 10 10 11 11 11 11 11 13 15 16 17 16 16 15 13 11 10 10 11 10 11 11 11 12 12 12 12 11 11 10 11 11 11 11 11 12 13 12 9 9 10 10 9 10 12 11 10 11 11 11 11 10 10 10 10 10 10 10 10 10 10 10 10 10 10 10 10 10 10 9 9 8 8 7 8 8 9 9 9 9 9 9 9 8 8 8 7 7 8 8 8 8 8 7 7 7 7 7 7 7 8 8 8 7 7 7 7 7 7 7 7 7 7 7 7 7 7 7 7 7 7 7 7 7 7 7 7 7 6 6 6 6 6 7 7 7 7 7 8 8 8 8 8 8 8 8 8 8 8 8 8 8 8 8 8 8 8 8 9 9 9 9 9 9 11 11 11 11 11 11 11 10 11 11 11 11 11 11 11 11 11 11 11 10 11 12 12 12 12 12 12 13 15 15 14 13 13 13 14 14 14 15 15 16 16 16 16 17 17 17 16 15 16 16 16 
11 10 10 10 10 10 10 9 9 9 9 9 9 9 8 8 9 9 10 9 9 9 8 9 10 11 11 11 11 11 11 11 10 10 11 11 12 13 13 14 14 15 18 22 25 26 25 26 24 20 16 14 13 13 13 13 14 14 14 14 14 13 13 12 12 13 13 13 12 12 13 13 9 5 4 4 4 4 9 16 15 13 13 13 13 13 13 12 11 11 11 11 11 11 11 12 11 11 10 10 10 10 10 10 10 9 9 9 8 9 9 9 9 9 8 8 8 8 8 8 8 8 8 7 8 8 8 8 7 7 8 8 7 7 8 8 8 7 7 7 7 7 6 6 6 6 6 7 7 7 7 7 7 7 6 6 6 6 6 6 6 6 6 6 6 6 6 6 6 7 7 6 6 7 7 7 7 7 7 7 8 8 8 7 7 7 7 7 7 7 7 7 9 10 11 11 12 12 12 14 14 14 14 14 14 14 14 14 14 14 15 15 15 16 16 17 18 18 18 18 17 17 17 17 17 17 18 18 18 17 16 16 15 16 16 16 16 17 17 18 17 18 19 20 19 17 15 15 16 16 
11 11 11 12 12 12 12 11 12 13 13 14 14 14 14 14 14 15 14 14 14 14 14 14 15 15 16 16 16 16 16 15 15 16 15 15 16 16 16 16 15 16 18 21 21 21 15 15 16 13 10 9 11 13 12 13 13 14 14 14 14 14 12 11 11 12 12 12 11 11 10 11 8 3 1 1 0 1 6 13 13 11 11 11 11 10 9 8 8 9 10 11 11 11 11 10 10 9 9 9 8 8 9 9 8 8 8 8 8 8 8 8 8 8 8 8 8 8 8 8 8 8 8 8 8 8 9 9 9 8 9 8 8 8 8 9 8 8 8 8 8 8 8 7 7 7 7 7 7 6 7 7 6 6 6 6 6 6 6 6 6 6 6 6 5 5 6 6 6 5 5 5 6 6 6 6 6 7 6 6 6 6 6 6 6 5 5 6 6 6 6 6 6 7 8 9 9 10 10 11 12 12 13 14 14 14 14 13 13 12 12 12 12 13 13 14 14 15 15 15 15 15 16 16 15 15 14 13 13 13 12 12 12 12 11 11 11 11 11 11 11 11 11 10 10 9 8 8 8 8 
18 17 18 18 19 20 19 18 18 19 20 20 19 18 19 18 18 17 17 15 16 16 16 16 16 16 16 16 16 15 15 15 15 16 15 14 15 15 15 14 15 15 18 20 19 17 7 4 4 4 3 4 8 11 10 11 11 11 11 10 10 10 8 8 8 8 8 9 10 10 10 11 9 2 0 0 1 1 5 9 9 8 9 9 8 7 7 6 7 7 9 10 10 9 9 8 8 8 8 7 7 7 7 7 7 7 7 7 7 7 7 7 8 8 8 8 8 8 7 7 7 8 8 8 9 9 9 9 8 8 9 9 9 9 9 9 9 8 8 8 8 8 8 8 9 8 8 8 7 7 7 7 7 7 7 7 7 7 7 7 6 6 6 6 6 6 6 7 7 7 7 6 5 6 6 6 6 6 6 6 6 6 6 6 6 8 8 8 8 7 7 6 7 7 8 8 8 9 9 7 7 8 8 8 8 8 8 8 7 7 7 7 7 8 8 8 8 8 8 8 7 7 7 7 7 6 6 6 5 5 5 4 4 4 4 4 4 4 3 3 4 4 3 3 3 3 3 2 2 2 
17 17 17 17 17 17 15 14 14 14 14 14 15 16 15 15 14 14 13 13 13 13 13 13 13 13 13 12 12 12 12 11 11 12 12 11 11 11 11 11 13 13 14 18 17 14 5 2 2 1 2 5 9 10 9 9 9 9 8 8 8 8 7 7 7 7 7 8 9 10 10 10 7 2 0 1 1 1 6 9 7 7 8 7 7 7 7 8 8 8 9 9 9 9 9 9 9 9 8 8 8 8 8 9 9 9 9 8 8 8 8 8 8 8 8 8 8 8 8 8 8 8 8 8 9 9 8 8 8 7 8 8 8 8 8 8 8 8 8 7 7 8 8 8 8 8 8 8 8 8 8 8 8 7 7 7 7 7 8 8 8 8 8 8 7 7 7 7 7 7 7 8 8 8 8 8 8 8 8 8 8 8 8 8 8 6 6 6 6 5 4 4 4 4 4 4 4 4 4 4 4 4 3 3 3 3 3 3 3 3 3 4 3 3 3 3 2 2 2 2 2 2 2 2 2 2 2 2 2 2 2 1 1 2 2 2 2 2 2 2 2 2 2 3 3 3 3 4 4 4 
15 14 14 14 15 13 12 11 10 10 10 10 10 11 11 11 11 11 11 11 11 11 11 11 11 11 10 10 10 9 9 9 9 9 9 8 8 9 9 8 8 8 9 11 10 10 3 3 2 1 2 4 7 8 8 8 8 8 9 9 9 9 8 8 8 9 9 8 8 9 9 9 7 3 2 3 1 1 9 14 9 8 9 8 8 8 9 9 10 10 10 10 10 10 10 10 10 10 10 10 9 9 10 10 10 11 10 10 9 8 8 8 8 8 8 8 8 8 8 8 8 8 8 8 8 8 8 8 7 7 7 7 7 7 7 7 7 8 8 8 7 8 8 8 7 7 7 8 8 8 8 8 8 9 9 8 8 8 9 9 9 9 9 9 8 8 7 7 6 6 6 4 3 3 3 3 3 3 3 2 2 2 2 2 2 2 2 2 2 2 2 2 2 2 2 2 1 1 1 1 1 1 1 1 1 1 1 1 1 1 2 2 2 2 2 3 3 3 3 3 2 2 3 3 3 3 3 3 4 4 5 5 5 5 6 6 7 7 8 8 8 8 8 9 9 10 10 10 10 10 
13 12 12 12 12 13 12 11 10 11 11 11 11 11 11 12 12 12 11 10 10 10 10 10 10 10 9 9 8 8 8 8 8 8 8 7 7 8 8 7 6 6 7 7 6 9 4 2 3 3 3 5 7 8 7 7 8 8 8 8 8 8 7 7 8 8 8 8 8 8 8 8 7 5 8 11 5 3 12 15 9 8 9 9 9 9 9 9 8 8 8 8 8 9 10 9 9 9 9 8 8 8 8 8 8 8 8 8 8 7 6 6 6 6 6 6 6 6 6 6 6 6 6 6 6 7 7 7 7 7 7 7 7 7 7 7 7 7 7 8 8 7 7 7 7 7 8 8 8 8 8 9 9 10 10 9 9 9 9 9 9 9 10 10 9 9 10 11 11 10 10 8 7 7 7 6 6 6 6 6 5 5 5 4 4 4 4 4 4 4 5 5 5 5 5 5 5 5 5 6 7 7 7 7 7 7 8 8 8 8 8 8 7 6 7 8 9 9 9 9 8 8 8 9 10 10 10 10 10 10 10 9 9 9 9 10 10 11 11 12 10 10 10 11 11 11 11 10 10 10 
9 9 9 9 9 10 9 8 8 9 9 9 10 10 10 10 9 9 9 9 9 9 9 9 9 9 9 9 8 8 8 8 8 8 7 7 7 8 8 7 7 8 8 7 6 11 8 5 7 7 6 6 8 8 6 6 6 6 6 5 6 6 6 6 6 6 6 6 7 7 6 6 6 6 6 8 6 5 8 8 7 7 7 7 8 7 7 6 6 6 6 7 7 8 8 7 7 7 7 7 7 7 7 7 6 6 6 6 7 6 6 6 6 6 6 6 6 6 6 6 6 6 6 5 6 6 6 6 6 6 6 6 6 6 6 6 6 6 7 7 7 7 6 6 6 6 6 7 7 7 7 7 7 8 8 8 8 8 9 9 9 9 9 9 9 10 10 11 10 9 9 8 8 7 7 7 7 7 8 8 8 8 8 9 9 10 10 10 10 10 10 10 9 9 10 10 10 10 10 9 9 9 8 8 8 8 9 9 9 9 9 9 8 8 8 9 9 9 9 9 10 9 9 9 9 9 9 9 9 9 9 9 10 10 10 9 9 9 9 9 8 8 8 9 9 8 8 9 10 10 
10 10 10 10 11 11 9 9 8 9 9 9 8 8 8 8 8 7 7 8 8 8 8 8 8 8 9 9 9 8 8 8 8 8 7 7 7 8 8 8 7 8 8 7 7 12 8 6 8 8 6 6 6 7 6 6 7 6 6 6 6 7 7 7 7 7 6 6 6 6 6 6 5 6 5 4 5 6 6 5 6 6 6 6 6 6 6 6 6 6 7 7 7 7 7 7 7 7 7 7 7 7 7 7 7 6 6 6 6 7 7 7 7 7 8 7 7 7 8 8 8 7 7 6 7 7 7 7 7 7 7 7 7 7 7 7 7 7 7 7 7 7 7 7 7 7 7 7 7 7 7 7 7 7 7 7 8 8 8 8 8 8 8 8 8 8 8 7 7 6 5 7 7 7 7 7 7 7 8 8 8 8 9 9 10 10 10 9 9 9 10 10 9 9 9 9 9 9 9 11 11 10 10 10 10 10 10 10 11 11 11 10 10 10 10 10 10 10 9 9 9 8 7 7 7 7 7 8 8 8 9 10 10 10 10 10 10 10 10 10 10 11 11 11 11 10 9 10 10 10 
