UP
9 8 8 8 8 8 8 7 8 8 9 8 8 9 8 8 8 8 9 8 8 8 9 10 9 8 7 8 9 8 8 9 9 9 9 9 9 9 9 8 8 8 9 9 9 9 9 9 8 8 8 8 7 6 7 7 7 7 7 8 8 8 8 8 7 7 7 7 7 7 7 8 8 8 8 9 10 10 9 8 8 8 9 9 9 9 9 11 11 9 8 9 9 8 9 10 10 9 8 8 8 9 8 8 8 9 9 8 8 9 9 9 9 8 8 8 8 8 8 8 8 9 9 9 9 9 9 9 9 9 9 9 9 9 9 9 10 10 8 8 9 9 8 9 9 9 10 11 11 11 10 8 9 10 10 10 9 9 9 8 8 9 9 9 8 10 10 9 8 8 9 10 8 9 9 10 11 11 11 10 11 10 10 10 10 10 10 11 11 11 11 10 10 10 10 10 10 10 10 9 8 8 8 9 10 10 11 11 11 10 10 10 9 10 10 10 9 9 9 8 8 8 8 8 8 8 8 9 8 7 7 8 9 10 9 9 9 9 9 9 10 9 10 9 8 8 8 7 8 10 
9 8 8 8 8 8 9 8 9 9 9 9 9 8 8 8 8 8 8 8 8 8 9 10 9 8 7 8 8 8 8 9 9 9 9 9 8 8 8 7 8 8 9 9 9 9 9 10 10 9 9 9 7 6 7 7 7 7 7 8 8 8 8 9 8 8 8 8 7 7 7 8 7 7 7 9 10 9 9 8 10 10 9 9 9 10 11 11 11 9 8 9 10 9 10 11 11 10 9 8 8 9 8 8 8 9 9 8 8 8 8 8 8 8 8 8 9 10 9 9 8 9 9 8 8 8 8 9 9 9 9 9 9 9 9 9 9 10 8 8 9 9 8 9 8 9 10 10 10 10 10 8 9 10 11 10 10 9 9 8 8 8 9 9 8 9 9 8 7 7 8 9 8 9 10 10 11 11 11 11 11 10 10 10 9 9 10 10 11 12 11 10 10 10 10 10 10 10 10 9 9 8 8 9 10 11 12 12 10 9 9 9 9 9 9 9 9 8 8 7 7 7 8 8 7 7 8 9 8 7 7 7 7 7 8 9 10 9 8 9 10 9 10 10 8 8 9 7 7 9 
8 8 9 9 9 9 9 9 10 9 9 9 9 8 7 8 8 9 8 8 8 8 8 9 9 9 8 8 8 7 8 8 9 9 8 8 9 9 9 8 8 8 10 11 10 8 7 9 9 10 9 8 7 7 8 9 8 7 8 8 7 7 7 8 9 9 7 7 8 7 7 7 7 8 8 9 10 9 8 8 9 8 8 8 8 9 10 10 10 9 10 9 9 11 11 10 10 10 9 10 10 9 8 7 7 8 9 8 8 7 7 8 9 9 8 8 9 9 9 9 9 8 8 9 9 9 9 8 8 8 9 9 9 10 9 9 9 8 8 7 8 8 8 8 7 8 10 10 9 8 8 8 9 10 10 8 8 8 7 6 7 8 9 9 8 8 8 7 7 8 8 7 8 10 11 11 10 11 11 11 10 9 10 11 9 8 8 8 8 9 10 10 9 9 11 12 11 10 10 10 9 9 8 9 9 9 9 9 9 9 9 9 9 9 9 8 8 8 8 7 8 8 8 7 7 8 9 9 8 6 6 6 6 7 9 9 9 9 7 7 7 8 8 8 8 9 11 12 11 14 
8 8 9 10 10 10 10 10 10 9 9 8 8 8 7 8 9 9 9 7 7 8 8 9 9 9 8 7 7 7 8 8 9 8 8 8 8 9 9 9 9 8 9 10 9 8 8 9 10 10 9 7 7 7 7 8 7 7 8 9 8 7 7 7 7 7 7 6 7 7 7 7 7 7 7 8 9 8 7 7 7 7 8 8 8 9 10 10 10 10 10 9 9 11 11 10 10 9 10 10 10 9 9 8 7 8 8 8 8 7 8 9 10 9 8 7 8 9 9 10 10 9 9 9 9 9 9 8 8 8 8 8 9 9 9 9 9 8 7 7 7 8 8 7 6 7 9 10 9 9 9 9 9 10 9 8 9 9 7 6 6 7 9 9 9 9 8 8 8 9 8 8 8 10 11 11 10 11 11 11 10 10 10 11 9 9 8 8 8 9 9 10 9 9 10 11 10 9 9 9 8 8 8 8 8 8 8 8 8 8 9 9 8 8 8 8 7 7 7 7 8 8 7 7 7 7 8 7 7 7 7 7 7 7 8 8 9 9 9 8 9 9 9 9 9 9 10 10 10 11 
7 8 9 10 11 10 10 10 10 10 9 9 8 8 7 8 8 8 8 7 7 7 8 8 8 8 7 7 7 7 8 8 9 8 8 9 8 8 9 11 9 8 9 10 9 8 9 9 10 10 9 8 7 7 6 7 7 7 8 8 8 7 7 7 6 6 6 6 6 7 7 8 8 7 7 8 8 7 6 6 6 6 7 8 8 9 9 10 10 10 9 9 8 9 10 10 9 9 9 10 10 10 10 10 9 7 7 8 8 8 8 10 10 9 7 7 7 8 8 9 9 9 9 9 9 9 9 9 9 8 8 8 8 8 9 9 8 7 7 7 7 8 8 7 7 7 8 10 10 9 9 9 8 8 8 8 9 9 8 7 6 7 8 9 10 8 7 7 8 8 8 8 8 9 10 10 10 11 11 11 10 10 10 9 9 9 9 8 8 8 9 9 9 9 10 10 9 8 8 8 8 8 7 7 7 7 7 7 7 7 8 8 7 7 8 7 7 7 7 8 8 8 8 8 7 7 7 6 7 7 8 8 8 7 7 8 9 10 9 8 9 8 8 9 9 10 10 10 10 10 
7 7 9 10 10 10 10 10 10 10 10 10 9 9 9 8 8 7 6 6 6 7 8 8 7 7 7 7 7 8 8 8 8 8 8 8 8 7 8 10 9 8 9 9 9 9 10 9 9 10 9 9 9 9 8 8 8 8 8 7 7 7 7 7 6 5 6 6 7 8 9 10 10 9 8 9 9 7 6 6 6 6 7 7 8 8 9 9 10 9 8 8 8 7 9 9 8 8 9 10 10 10 11 11 9 8 7 8 8 8 8 9 9 8 7 7 7 7 8 8 8 8 8 8 9 10 10 10 10 9 8 8 8 8 8 8 8 7 7 7 7 8 8 8 8 8 9 10 10 9 8 8 7 6 7 8 8 8 9 7 6 6 8 9 10 8 7 7 7 8 8 8 9 9 10 10 10 10 10 10 10 10 9 8 8 9 9 8 7 8 8 8 8 9 9 8 8 8 8 9 9 9 8 7 7 7 8 7 7 7 7 8 7 7 7 7 7 7 8 8 8 8 8 8 8 7 7 6 7 8 8 8 8 7 7 8 9 9 8 7 8 8 7 7 7 8 10 11 10 10 
7 7 8 9 10 10 10 9 10 11 11 11 11 11 10 9 8 7 7 6 7 7 8 8 8 7 7 8 8 8 8 8 8 8 8 8 8 8 8 8 8 8 9 10 10 9 10 9 9 10 10 10 10 10 10 9 9 8 7 6 6 7 7 8 7 6 6 7 8 9 11 12 12 11 10 10 10 8 6 6 7 7 7 7 7 7 8 8 8 8 7 8 8 7 9 10 8 9 10 11 11 10 11 11 9 8 8 8 8 8 8 9 8 8 8 8 9 9 9 9 9 9 9 8 9 9 10 10 10 10 9 9 9 9 8 8 8 8 8 8 8 9 9 8 10 9 9 10 11 10 8 8 7 6 6 8 8 8 9 8 7 7 8 9 10 9 9 8 8 8 8 8 9 9 9 10 10 10 10 9 9 9 8 7 8 8 8 7 7 7 8 8 8 9 8 8 8 8 8 9 10 9 9 8 7 8 8 7 7 7 7 7 7 7 7 7 6 7 7 8 8 8 8 7 7 7 7 7 7 7 7 7 7 7 6 7 8 9 8 7 8 8 7 6 6 7 7 8 7 7 
7 7 8 9 10 10 9 9 9 11 12 11 11 12 12 12 10 9 9 8 8 9 9 10 9 9 9 9 9 9 9 9 8 9 8 8 9 9 8 6 8 8 9 11 10 9 9 10 10 10 11 11 11 10 10 10 10 9 7 6 6 6 7 8 8 7 7 7 9 10 12 13 13 11 11 11 11 8 7 7 7 7 7 7 7 7 8 8 8 7 8 9 9 8 10 11 10 10 10 12 12 12 11 10 9 9 9 9 8 8 9 9 8 8 9 10 11 11 10 10 9 9 9 8 8 9 9 9 9 9 9 9 9 9 9 9 9 9 9 9 9 10 9 9 10 10 10 11 11 10 9 9 8 7 7 8 9 9 8 8 8 8 8 9 10 11 10 10 8 8 8 8 9 9 9 9 10 10 9 9 8 8 7 7 8 8 8 7 7 7 8 8 9 8 8 8 8 8 8 9 9 9 9 7 7 8 8 7 6 6 6 6 6 6 6 6 6 6 6 7 7 7 6 5 5 5 6 7 7 7 6 6 6 6 6 6 7 8 7 6 7 6 6 5 6 6 6 5 6 5 
7 8 9 10 10 10 10 9 9 11 11 11 11 12 13 13 12 11 11 10 10 10 10 11 11 11 11 11 10 10 10 10 10 9 9 9 10 10 9 7 8 8 9 11 10 9 10 11 11 11 11 11 11 10 10 9 10 10 8 6 6 6 7 8 9 9 9 9 9 10 11 11 12 11 11 11 11 9 7 7 7 7 7 7 7 8 8 8 8 8 9 10 9 9 11 12 11 10 11 12 13 13 12 10 10 10 11 10 9 9 10 10 10 10 10 11 11 11 10 9 9 9 9 9 9 8 8 9 9 9 9 8 8 9 9 10 11 11 10 10 10 10 10 9 9 9 10 10 11 10 10 10 9 8 8 8 9 10 8 9 9 8 8 9 9 11 11 10 8 8 8 8 9 8 8 9 10 10 9 8 8 7 7 8 8 9 9 8 7 7 8 8 9 8 8 8 8 8 8 8 8 9 8 7 7 8 8 7 6 5 6 6 6 5 5 6 6 6 6 5 6 6 5 5 5 5 5 7 7 6 6 6 6 6 7 6 6 6 5 5 5 5 5 5 6 7 6 5 7 5 
9 9 10 10 10 11 10 9 9 10 11 10 10 12 13 13 12 11 11 11 11 11 11 11 12 12 12 11 11 10 10 11 11 10 10 11 11 10 10 9 10 9 9 10 10 9 10 12 11 11 12 12 12 11 9 9 9 10 8 6 6 6 6 7 8 10 10 10 10 10 10 10 10 11 11 11 12 10 8 8 8 8 8 8 8 9 9 9 9 9 11 9 8 10 12 12 11 10 9 11 12 12 12 11 11 11 11 11 11 10 11 12 12 12 12 12 11 11 10 9 9 9 9 10 10 9 9 9 10 10 9 8 8 9 9 10 11 11 11 10 10 10 10 9 9 9 10 10 9 9 10 10 10 10 9 9 9 10 9 9 9 8 8 9 10 11 11 10 9 8 8 9 9 8 8 9 9 9 9 9 7 7 8 9 9 9 10 8 7 7 8 8 9 9 8 8 8 8 7 7 8 9 9 7 7 8 8 7 6 5 6 6 6 6 6 6 6 6 6 5 5 6 6 6 6 6 6 6 6 6 6 6 6 6 6 5 6 6 6 6 8 9 7 5 5 6 6 6 7 6 
10 9 9 10 10 11 10 10 8 10 10 9 9 11 12 11 11 10 9 10 10 10 10 10 11 12 12 11 10 11 11 11 13 11 12 12 11 10 10 11 10 9 9 9 9 9 11 11 11 11 11 12 12 12 9 8 9 9 7 6 7 7 6 6 8 10 11 11 10 10 10 10 10 11 11 11 12 11 10 9 9 8 8 8 9 9 9 9 9 9 10 9 7 9 11 11 10 9 8 9 11 11 12 12 11 11 12 12 12 11 11 13 14 13 12 12 12 12 11 10 9 10 10 11 11 10 9 10 10 11 10 9 9 9 10 10 10 11 11 11 11 10 10 9 8 9 10 9 8 8 9 10 10 10 9 8 9 10 9 10 9 8 8 9 11 11 11 11 10 10 10 10 10 9 8 9 10 10 10 10 9 8 9 10 9 9 10 9 8 8 8 8 8 9 8 8 7 7 6 7 8 9 9 7 7 9 9 7 6 6 6 6 6 6 6 7 7 7 6 5 6 7 6 7 7 6 6 5 6 6 6 7 6 6 5 5 7 9 12 15 18 17 10 6 4 5 5 6 6 6 
8 7 8 9 10 10 9 11 7 10 8 9 9 11 11 9 9 9 7 7 8 9 9 10 10 11 11 9 9 11 10 10 12 13 13 12 10 9 9 9 8 9 9 9 9 9 9 9 11 10 9 10 12 12 10 8 7 7 6 7 9 8 6 6 8 10 10 10 10 10 10 10 10 11 11 11 11 11 10 10 9 8 8 8 9 9 9 9 8 8 8 9 8 9 9 10 9 8 9 10 11 12 12 12 12 12 11 11 11 11 11 11 12 12 11 11 12 12 11 10 9 10 10 11 11 10 10 10 11 11 11 10 10 11 11 10 10 9 10 11 11 10 9 9 7 8 8 8 8 9 10 10 10 10 9 9 9 10 9 10 9 7 9 11 11 12 11 10 11 13 12 10 11 10 10 10 11 11 12 12 12 12 11 10 8 9 10 10 10 9 8 8 9 10 10 8 7 7 7 8 8 8 9 8 7 9 10 6 5 6 5 6 6 6 7 7 6 6 6 5 6 8 5 5 7 5 6 5 7 9 9 10 7 5 6 6 8 13 18 23 24 19 11 7 6 5 5 6 6 6 
7 7 6 7 8 10 8 9 9 11 8 10 9 12 11 6 6 6 8 8 7 8 8 8 9 9 9 8 8 10 10 9 10 11 11 10 9 8 8 8 8 8 9 8 8 7 8 9 9 9 8 9 10 10 10 8 8 8 7 7 8 7 7 7 8 10 10 10 11 11 11 10 10 10 11 11 11 10 10 10 10 8 8 8 8 8 7 7 6 6 8 9 9 9 9 10 10 9 10 11 11 11 12 12 12 12 12 12 11 11 11 11 11 11 10 10 11 12 11 10 9 10 10 10 10 9 9 9 10 10 11 10 10 11 10 9 9 8 9 10 10 9 7 6 7 8 8 9 9 9 9 9 9 9 8 8 9 10 10 10 8 7 9 11 11 12 12 11 11 13 12 10 10 9 9 10 10 11 11 11 11 11 10 9 9 9 10 9 9 9 9 8 8 9 9 9 8 8 9 10 10 10 10 8 8 9 10 6 6 6 6 7 6 5 5 5 5 5 6 6 7 5 6 9 9 11 11 14 19 20 21 22 14 7 5 5 5 5 5 5 5 7 6 5 5 5 5 5 6 5 
8 8 8 9 10 9 7 9 8 9 9 10 8 10 9 6 8 7 8 8 8 8 8 8 9 9 8 7 8 9 9 8 8 9 9 9 8 7 7 8 7 8 8 7 7 7 8 7 8 8 9 10 11 11 10 8 8 8 7 7 7 7 8 9 9 9 10 10 9 10 10 9 9 10 11 11 10 10 10 10 10 10 9 9 8 7 7 6 6 5 7 9 9 9 8 9 10 10 10 11 11 10 10 11 11 11 11 11 11 11 11 11 10 10 9 9 11 11 11 10 10 9 9 10 10 9 8 8 9 10 10 9 9 10 9 8 8 8 9 10 10 9 8 7 7 8 8 9 9 9 9 8 8 8 7 7 8 9 10 9 8 7 9 10 10 11 12 11 10 10 10 9 9 9 8 9 10 9 9 10 11 11 10 10 11 11 9 8 8 9 10 9 9 9 9 9 8 9 10 10 9 8 9 8 7 8 11 7 6 6 6 7 5 5 6 6 5 4 3 5 6 4 11 19 19 25 24 28 34 33 37 35 19 7 6 6 6 5 5 5 5 4 5 5 6 7 6 5 5 5 
8 8 7 8 8 7 9 11 7 8 10 10 8 10 7 6 10 8 7 8 8 8 8 8 9 9 8 8 9 9 9 7 6 7 8 8 7 7 7 7 6 6 7 7 7 8 8 7 8 8 8 10 10 9 8 7 7 7 7 6 7 7 9 10 9 9 9 10 9 11 11 9 10 11 12 11 9 9 10 10 10 11 10 9 8 7 7 7 6 6 8 9 9 8 7 8 10 10 10 10 10 9 9 10 10 10 10 10 10 10 10 10 10 10 9 9 10 11 11 10 10 9 9 10 9 8 8 9 9 10 9 8 8 8 7 6 7 7 7 8 9 10 9 8 8 7 7 8 9 9 8 8 8 8 7 7 7 8 8 8 7 8 8 9 9 9 10 9 8 8 7 7 8 8 8 8 9 8 7 7 8 8 7 8 10 10 8 8 9 9 9 9 9 9 8 8 8 8 8 8 7 7 8 8 7 8 9 6 6 5 5 6 4 4 4 5 6 5 5 8 9 10 23 35 34 37 34 34 37 35 37 33 16 5 5 5 6 6 6 6 7 6 6 6 5 6 7 6 5 5 
9 9 8 8 7 8 10 10 8 8 9 9 10 11 7 5 6 6 7 7 7 6 7 8 8 7 7 8 9 8 8 7 6 7 8 8 7 7 7 7 6 6 7 7 7 7 8 9 9 8 7 7 7 6 8 6 6 7 7 7 7 7 9 10 9 8 8 9 10 12 12 11 14 16 15 11 9 9 10 9 9 10 10 9 8 8 8 8 8 7 9 9 9 8 8 8 8 8 9 10 9 9 8 9 9 9 9 9 9 9 9 9 9 10 10 10 10 10 10 10 10 9 9 9 9 8 8 8 9 10 9 8 8 7 6 6 7 6 6 7 8 9 9 8 8 7 6 7 8 9 8 8 8 8 7 6 6 6 7 7 7 8 8 8 8 8 8 8 7 7 7 7 8 7 7 8 8 8 7 8 10 9 8 10 12 11 8 9 10 9 9 9 9 8 8 9 9 8 8 9 8 8 8 9 8 8 9 7 8 7 6 7 5 6 6 6 6 5 4 6 13 28 34 36 37 30 30 33 35 31 29 23 11 4 4 5 6 5 5 5 6 5 6 5 5 5 5 5 6 6 
8 9 9 9 10 9 7 6 11 9 7 7 7 7 9 9 6 5 7 7 7 7 8 9 9 7 7 8 8 7 7 8 7 7 8 8 7 7 7 7 7 8 8 7 7 6 7 8 9 9 8 9 11 11 9 7 7 8 8 8 8 7 9 10 9 7 8 8 9 10 10 11 14 16 14 12 9 10 10 8 8 9 8 8 8 8 8 8 8 7 8 9 9 9 9 8 7 7 8 9 9 8 8 9 9 9 9 9 9 8 8 8 9 9 9 9 9 9 10 10 10 9 8 8 7 7 7 7 8 9 9 8 8 8 6 6 8 9 8 7 7 8 8 7 8 6 6 7 8 8 7 8 8 8 7 6 6 6 8 6 6 7 7 7 7 9 8 7 6 7 7 7 7 7 7 8 7 7 7 9 11 9 8 9 9 8 7 9 10 10 9 9 8 7 7 10 12 10 9 10 8 8 8 8 7 6 7 6 8 7 6 7 5 7 7 6 4 4 5 5 20 39 34 29 34 29 33 34 31 24 20 15 8 5 5 6 6 6 6 6 6 5 6 8 9 8 6 6 6 6 
8 7 5 5 7 8 10 12 19 19 21 13 13 10 13 14 7 7 7 7 7 8 10 11 10 8 9 10 9 7 7 8 7 7 8 8 7 7 6 6 7 8 8 7 6 6 6 6 8 9 9 11 15 18 11 8 7 8 8 8 8 7 8 8 8 7 7 7 7 8 7 8 12 13 11 13 11 11 11 8 7 8 7 7 7 8 8 8 7 7 8 9 9 9 9 8 7 6 7 8 8 8 8 8 8 8 9 9 9 8 7 8 8 9 9 9 9 9 10 11 10 9 8 8 7 7 7 7 8 9 8 8 8 8 6 6 8 12 10 8 7 7 7 7 8 6 6 8 9 8 6 6 7 7 7 6 6 7 11 7 6 6 6 6 8 10 9 7 6 7 7 7 7 7 7 7 7 6 6 6 8 7 6 7 7 6 7 8 9 11 10 8 7 7 7 11 12 9 8 9 8 7 8 8 7 7 6 5 9 7 6 7 6 6 6 4 3 9 17 18 32 38 30 26 31 32 30 25 21 14 11 9 6 6 4 4 4 5 5 5 5 5 6 10 13 10 7 8 5 6 
18 13 5 4 6 9 27 37 36 45 66 35 47 33 17 13 6 8 6 5 6 7 10 12 10 8 12 14 11 7 7 7 7 7 7 8 7 6 6 6 7 7 7 7 6 6 6 5 8 8 7 8 12 16 12 8 7 7 7 7 7 7 8 8 7 7 6 7 6 7 6 7 11 11 10 15 12 13 12 9 7 8 7 7 8 8 8 8 7 8 9 9 9 8 8 8 7 7 7 7 8 8 8 7 7 7 8 8 8 8 7 8 8 8 8 7 8 9 10 11 10 9 8 8 8 7 7 8 9 9 8 7 8 7 6 6 8 13 10 7 6 6 6 6 7 6 7 9 11 8 5 5 6 6 6 6 6 8 16 9 6 5 5 6 8 12 9 6 5 7 7 6 7 7 7 7 7 6 7 10 12 10 11 14 12 9 8 7 9 12 12 7 6 7 7 11 12 8 6 7 7 7 9 10 10 10 13 16 25 22 18 21 21 18 15 8 6 15 29 28 42 35 29 27 27 30 20 15 12 6 6 6 4 5 5 5 5 5 6 6 5 5 4 8 12 8 5 7 5 5 
12 18 25 28 29 26 27 28 51 59 66 62 60 57 43 8 6 8 6 7 8 5 7 9 6 6 11 14 12 7 5 6 7 7 7 7 6 6 6 5 6 6 6 6 6 6 6 5 8 6 6 9 8 10 8 7 7 8 7 7 6 6 7 7 6 6 5 6 6 7 6 11 9 9 10 22 14 10 12 9 7 8 7 7 8 8 9 8 7 8 8 8 7 7 8 8 7 7 7 7 7 8 8 7 7 7 8 9 9 8 9 9 7 6 7 8 9 9 9 9 9 9 8 8 8 8 8 8 8 8 7 7 7 7 6 6 9 14 6 6 6 6 5 5 6 6 7 12 15 7 6 5 5 6 5 5 5 10 15 7 7 6 5 6 7 10 7 6 6 5 6 7 7 9 7 6 7 7 7 9 16 18 10 13 17 10 7 7 8 16 10 7 7 8 8 8 14 8 6 7 6 6 15 20 22 20 21 24 33 35 29 27 30 31 28 23 14 23 33 25 46 36 32 26 19 16 9 6 5 3 4 5 5 5 5 5 6 6 6 5 5 5 4 6 10 7 5 6 5 5 
8 12 18 20 22 19 20 37 66 69 66 58 53 55 54 37 13 8 7 8 8 4 5 6 6 5 8 10 8 5 5 6 7 6 6 6 6 6 6 5 6 6 6 6 6 6 6 5 7 6 10 10 5 7 6 6 7 7 7 6 5 6 6 6 6 5 5 5 6 7 7 13 10 8 9 23 14 9 14 9 6 7 7 6 6 7 8 7 7 7 8 7 6 7 8 8 7 7 7 7 7 8 9 8 7 7 8 9 9 8 9 9 7 6 7 8 8 8 8 9 9 9 9 8 8 8 8 7 7 7 6 7 7 6 6 6 10 15 6 7 7 7 5 5 6 6 6 13 16 6 6 6 5 5 5 5 4 12 15 5 7 6 4 6 7 9 6 6 6 5 5 7 7 7 7 8 7 7 8 9 14 14 6 9 14 8 7 7 7 16 8 7 8 8 7 7 16 8 6 7 7 7 20 26 30 28 29 26 27 29 28 29 32 29 22 15 9 19 32 26 47 32 24 17 11 8 4 4 4 3 5 6 5 6 5 6 6 6 5 5 5 5 4 6 11 7 5 6 6 6 
11 21 27 23 20 24 33 48 45 45 57 52 43 49 53 59 48 10 9 8 7 5 5 5 7 7 6 5 4 4 5 6 6 6 6 6 6 6 6 6 7 7 6 6 6 5 5 5 5 6 12 11 4 6 6 6 6 6 6 6 5 5 6 6 5 4 5 5 5 7 7 14 10 8 8 20 14 9 17 8 6 6 6 5 5 6 6 6 6 7 7 7 6 6 7 8 7 7 7 6 7 8 8 7 7 7 8 8 8 7 7 9 8 7 8 8 8 8 8 9 9 9 9 8 8 8 7 7 6 6 6 6 5 6 6 6 10 15 6 7 7 7 5 6 6 5 6 11 14 5 5 6 5 5 4 5 5 13 15 5 7 6 5 6 7 9 6 6 6 6 6 7 6 5 8 9 7 7 10 8 9 9 5 8 10 6 7 7 6 14 7 6 7 7 6 6 16 9 7 7 6 7 20 24 28 28 29 25 22 25 27 25 22 17 10 6 4 16 31 27 43 24 13 8 5 5 3 4 4 4 5 6 5 5 5 6 6 6 5 5 6 5 5 7 13 8 5 7 6 6 
9 17 21 19 19 27 35 31 40 44 47 61 42 47 51 57 61 20 14 8 5 6 6 4 9 11 7 5 4 6 7 6 6 6 6 6 6 6 6 6 7 7 6 6 6 5 5 5 6 5 10 11 7 6 6 6 5 5 6 5 5 5 5 5 5 4 4 5 6 7 6 12 9 8 7 17 13 8 20 7 6 6 6 5 5 5 6 6 6 6 6 6 6 6 7 7 6 6 6 6 7 8 8 7 7 7 8 7 7 6 6 8 8 7 8 7 7 7 8 9 9 9 9 8 8 8 7 6 6 6 6 6 5 5 6 6 9 14 5 7 7 7 5 5 6 5 5 11 14 5 5 6 5 5 5 5 5 13 16 5 6 6 5 6 7 9 6 6 7 7 6 6 5 6 7 7 7 9 10 8 7 7 6 9 9 6 7 7 6 14 7 5 6 6 5 5 17 10 7 6 5 6 18 23 26 26 26 24 25 27 23 16 11 8 5 4 5 17 27 21 37 17 6 4 3 4 3 4 4 3 5 6 4 4 5 6 6 5 5 5 6 5 5 8 14 8 4 6 4 4 
5 8 13 18 24 26 23 26 37 48 50 59 46 45 45 74 37 44 27 14 6 6 7 4 11 14 9 6 6 8 8 6 6 6 5 5 5 5 6 6 6 6 6 6 6 6 6 5 7 5 7 11 9 8 6 6 5 5 6 6 5 5 5 5 4 4 5 5 8 6 5 10 7 7 7 16 13 7 20 6 6 5 6 5 5 5 5 6 6 6 6 7 6 5 6 7 6 6 6 6 6 7 7 7 7 7 7 7 6 6 6 7 7 6 7 6 7 7 8 8 8 8 8 8 8 8 7 6 6 6 7 7 5 5 6 6 9 13 5 6 7 6 5 5 6 5 5 11 14 6 5 6 6 6 6 6 5 13 17 5 6 6 5 6 7 9 6 6 7 8 6 6 6 7 6 7 11 11 9 9 7 6 7 10 9 6 6 7 6 14 7 5 6 6 4 4 17 10 7 6 5 6 19 26 29 26 26 24 23 21 14 7 5 4 3 3 5 12 17 12 32 14 4 3 4 4 4 3 3 3 5 6 4 4 6 6 6 5 6 6 6 5 5 7 12 6 3 4 3 3 
6 15 28 34 36 28 16 31 18 29 46 51 48 42 43 75 35 59 48 36 12 6 6 5 12 14 9 7 7 9 8 6 6 6 5 5 5 5 5 6 6 6 6 6 6 6 7 6 7 5 8 11 8 8 6 6 5 5 5 5 5 5 5 4 4 5 5 5 7 6 5 11 7 6 6 16 13 6 21 6 5 5 5 5 5 5 5 6 6 6 6 7 6 4 5 6 6 5 5 6 6 7 6 6 7 7 7 6 6 6 7 7 6 6 6 6 7 7 7 8 7 7 7 8 8 7 7 6 6 6 7 7 5 5 6 6 9 14 5 6 7 7 5 5 6 5 5 12 16 7 6 6 6 7 7 7 5 12 18 5 6 6 6 7 7 9 7 6 7 7 6 6 7 7 7 8 10 10 10 9 6 6 7 9 7 5 5 6 7 15 7 5 6 6 4 5 17 10 6 5 5 5 19 29 31 24 24 20 13 9 6 4 4 4 3 3 3 5 7 6 31 13 4 4 4 4 4 3 3 3 5 6 5 5 6 6 5 6 6 6 6 5 5 6 9 4 2 3 2 2 
6 16 31 34 28 20 14 15 26 33 32 61 48 39 43 25 57 51 61 59 25 13 6 5 11 12 6 6 8 8 7 6 6 6 6 5 5 5 5 5 6 6 5 6 6 6 7 7 6 6 11 10 5 8 6 5 5 5 6 5 5 5 5 4 4 5 5 5 5 5 6 12 7 5 5 18 15 6 21 7 5 4 5 5 5 5 5 5 6 6 6 7 6 4 5 6 5 5 5 6 6 6 5 6 6 7 6 6 6 7 8 8 6 6 7 6 7 7 7 7 6 7 7 7 7 7 6 6 6 5 6 6 4 4 4 5 8 16 6 7 7 7 6 6 7 5 6 13 18 7 6 6 6 7 7 7 5 12 20 5 5 6 6 7 6 9 7 6 6 6 6 5 7 8 10 8 6 14 21 11 7 7 9 9 5 4 5 6 7 15 7 5 6 6 5 5 17 9 5 5 5 5 19 28 28 18 17 11 5 3 4 4 4 4 3 4 3 4 4 4 33 14 4 5 4 4 3 3 4 3 5 6 5 5 6 6 5 6 6 6 5 4 5 5 6 3 2 2 2 2 
5 13 31 34 25 23 25 28 25 30 31 51 50 31 28 40 44 49 49 51 41 37 11 5 10 12 5 6 7 7 7 7 6 6 6 5 5 5 5 6 6 6 6 6 6 6 6 6 6 6 10 9 5 7 6 6 6 6 6 6 5 5 4 4 4 5 5 5 4 4 5 11 6 5 6 20 17 7 22 8 4 4 5 5 5 5 5 5 6 7 6 7 6 3 4 5 5 5 5 6 6 5 5 5 6 6 6 6 6 7 8 8 6 6 7 6 6 6 6 6 6 6 7 7 7 7 7 6 6 6 6 6 4 4 4 5 9 18 7 8 8 8 7 8 8 6 6 14 18 8 6 6 6 6 6 6 5 13 21 5 5 6 6 6 6 10 8 6 6 6 6 6 7 7 8 10 20 47 59 32 15 8 11 10 6 5 5 6 6 15 7 5 6 5 5 6 17 8 4 5 6 6 20 24 21 12 8 5 3 3 4 4 3 4 3 4 4 5 4 4 34 14 4 4 4 3 3 4 4 3 4 5 5 5 6 6 6 6 7 6 5 3 6 5 4 2 3 2 1 2 
3 8 22 29 23 21 21 29 19 29 33 38 46 37 38 45 31 26 31 35 53 65 24 8 10 13 6 7 7 6 7 8 6 7 7 6 5 5 6 6 6 6 6 6 6 6 6 5 7 5 7 9 6 7 6 7 7 7 7 6 6 5 4 4 4 5 5 4 4 4 4 9 6 6 7 20 17 7 23 9 4 4 5 6 6 5 5 5 7 7 7 7 6 3 4 5 4 4 6 6 6 5 5 5 6 6 6 6 6 7 7 7 6 6 7 6 6 6 5 5 5 6 7 7 7 7 7 7 7 7 6 7 5 5 5 6 11 19 7 8 8 7 7 8 8 6 6 14 19 7 5 6 5 6 5 6 5 14 23 5 6 6 6 6 6 11 10 8 6 7 6 7 9 5 4 14 60 114 109 78 34 9 8 8 7 7 6 6 6 15 7 5 6 5 5 6 17 8 4 4 4 5 14 14 9 4 4 4 4 4 3 3 4 5 3 3 3 3 4 4 34 14 3 4 3 3 4 4 4 3 4 5 4 4 6 5 6 6 6 6 5 3 6 4 3 2 3 3 1 2 
5 5 11 24 28 24 24 17 22 28 25 48 51 54 49 37 29 23 37 50 59 35 53 22 11 10 8 7 9 5 8 7 5 6 7 6 5 6 6 5 5 6 6 5 6 6 6 5 7 5 11 12 5 5 7 7 7 7 7 7 8 6 6 5 4 4 4 4 4 4 3 8 6 4 5 15 13 5 21 7 7 5 4 5 5 4 4 5 6 7 6 6 5 4 4 4 3 3 7 5 5 6 6 6 6 6 5 5 6 8 8 7 7 8 7 6 5 6 6 6 6 6 6 6 7 7 7 7 7 7 7 7 6 7 8 7 11 21 6 7 7 6 6 6 6 7 5 13 19 7 5 6 5 6 6 6 6 15 28 5 6 6 5 7 6 12 9 8 7 10 4 4 9 9 9 13 73 136 72 98 59 14 10 4 5 7 6 5 6 17 6 6 6 6 6 5 17 8 5 5 4 5 5 4 4 5 4 4 4 4 4 3 3 3 4 4 3 3 4 4 33 15 2 3 3 3 3 4 3 4 4 5 5 5 6 5 5 6 5 5 8 3 5 2 3 4 1 3 2 2 
5 5 10 22 28 25 19 14 18 15 25 44 52 41 28 20 20 28 49 58 84 23 64 35 37 17 8 10 3 6 6 3 9 7 7 6 5 6 7 6 5 6 6 6 6 7 7 5 6 5 12 13 6 5 7 7 7 8 8 7 7 6 6 5 5 4 4 4 3 3 3 12 10 5 6 19 16 7 21 5 5 5 5 5 5 5 5 5 6 7 6 5 4 4 5 4 5 4 5 4 5 5 6 6 6 6 5 6 7 8 8 7 7 7 7 5 5 5 5 5 6 6 6 6 6 6 7 7 7 7 7 7 5 6 6 6 11 19 5 6 6 6 6 6 5 6 5 12 18 7 5 5 5 7 6 6 6 16 28 6 7 6 6 8 7 14 8 5 4 7 5 5 8 9 7 5 33 124 118 97 31 7 7 6 4 4 4 7 10 23 7 5 5 5 5 5 18 9 6 6 5 5 5 4 4 4 4 4 4 4 4 3 3 3 4 4 4 4 5 4 32 15 3 4 4 4 4 3 3 3 4 7 6 5 6 7 6 5 5 6 6 11 2 4 1 2 2 3 2 2 
5 5 7 16 23 28 17 24 10 12 24 40 43 26 16 14 18 32 52 50 23 98 41 78 59 30 8 11 8 6 8 8 7 6 7 6 6 6 7 6 5 6 6 6 7 7 7 5 7 6 13 14 6 5 5 6 6 7 8 7 6 6 6 5 5 5 5 5 3 4 4 16 13 4 5 18 15 8 21 4 4 6 5 4 4 5 6 5 6 7 6 5 5 5 6 6 12 8 5 5 6 6 6 5 6 6 6 6 7 8 8 7 6 7 6 5 5 5 5 5 5 5 6 5 5 5 6 7 7 7 6 7 6 6 6 6 11 20 5 6 6 6 6 7 5 5 5 13 18 6 4 5 6 7 6 6 6 16 28 7 8 6 7 7 6 9 9 7 9 10 11 8 10 10 11 11 28 84 100 80 17 9 9 11 7 6 6 6 6 19 6 4 5 5 6 6 18 9 5 7 7 5 4 3 3 3 3 4 4 4 4 4 3 3 4 5 5 6 6 5 32 16 5 6 5 5 5 4 5 4 5 11 8 5 6 7 6 4 6 6 4 5 1 4 2 5 3 2 2 3 
5 4 4 11 17 26 16 27 9 9 18 26 29 19 16 21 22 33 43 21 56 47 57 75 49 35 18 9 4 11 9 7 6 6 7 7 6 6 6 6 5 6 5 5 6 7 6 6 8 7 14 16 8 6 5 6 6 7 8 8 6 7 6 5 5 4 4 4 2 3 3 16 12 3 6 21 15 8 23 4 5 6 5 4 4 5 5 5 6 7 6 6 6 6 6 8 24 15 5 6 6 6 7 6 6 6 6 6 7 8 7 6 6 6 6 5 5 5 5 5 5 6 6 5 5 5 6 6 7 7 6 7 7 7 6 6 12 24 6 6 6 6 6 7 5 5 4 12 17 6 5 5 6 7 6 5 5 17 31 7 7 6 7 6 6 11 12 9 9 6 9 6 6 8 11 9 8 21 29 32 12 10 6 4 4 6 8 7 6 23 9 6 6 4 5 6 19 8 5 7 8 6 5 5 4 3 3 3 4 4 4 4 4 4 4 5 5 6 6 5 32 17 5 7 5 5 7 6 8 7 6 13 8 5 5 5 5 6 7 5 2 5 17 13 21 18 6 2 2 3 
5 4 4 9 15 18 16 16 20 6 15 13 15 10 11 16 15 21 26 30 37 36 62 32 47 30 39 21 12 5 7 7 8 7 7 7 6 5 5 6 6 6 6 5 5 6 6 7 7 6 14 16 8 7 7 7 7 7 9 9 8 7 6 5 4 4 4 3 2 3 3 15 12 4 11 32 18 8 26 6 5 6 6 6 6 5 4 4 5 6 6 6 7 7 6 8 30 18 4 5 6 6 6 6 7 6 6 6 6 7 7 6 6 6 6 6 5 5 5 5 6 6 6 6 6 6 6 6 6 6 6 7 7 7 6 6 11 26 7 6 6 5 6 6 5 4 4 11 16 6 5 5 6 7 5 5 5 17 35 6 6 6 8 5 8 10 10 6 5 6 25 30 22 18 16 13 10 14 11 13 10 7 6 4 6 7 4 4 6 24 9 7 7 4 5 6 20 10 7 7 7 6 7 8 8 7 4 3 3 4 4 4 4 3 4 4 5 6 6 7 34 17 5 7 5 6 7 6 9 10 6 13 8 5 5 5 6 8 7 4 2 2 15 14 20 13 3 2 2 3 
5 5 4 9 15 17 19 16 26 9 15 12 15 12 13 17 18 23 31 39 28 75 27 42 37 50 42 59 36 5 10 10 7 7 7 7 6 5 5 6 7 7 6 5 5 6 6 6 7 5 13 16 8 7 6 8 7 6 7 9 8 7 6 5 4 3 3 3 3 4 3 15 11 3 10 30 17 7 27 6 5 6 8 9 9 7 4 4 4 5 5 6 7 6 5 8 31 18 4 5 6 7 7 6 7 7 6 6 6 7 7 6 6 6 6 6 5 5 6 6 6 6 7 7 6 7 7 7 7 7 6 7 7 7 6 6 11 24 6 5 5 5 5 5 5 4 3 11 15 5 5 6 6 7 5 5 5 17 38 6 6 6 8 5 18 25 25 21 22 36 84 110 102 95 96 85 84 108 90 90 73 38 32 22 19 12 8 4 6 16 5 9 11 9 8 7 20 10 6 7 7 7 7 7 7 5 4 3 3 3 3 3 3 3 3 3 5 6 6 8 35 17 5 6 5 6 7 6 8 10 7 15 10 6 6 4 5 7 5 2 1 1 8 20 16 6 2 1 2 3 
5 5 4 8 13 17 19 24 20 17 13 16 12 10 10 15 19 21 27 29 46 46 37 47 37 49 31 61 29 31 12 6 6 7 7 7 7 6 6 8 7 7 6 5 6 6 6 6 6 5 14 17 8 6 5 8 7 6 6 8 7 7 6 4 3 3 3 3 4 6 3 17 12 2 7 23 15 8 26 7 6 7 8 10 10 9 6 5 4 5 5 6 7 7 5 9 34 19 6 6 6 7 7 6 7 7 6 6 6 7 7 7 6 6 6 6 6 6 6 6 7 7 7 7 7 7 7 7 7 7 7 7 6 7 6 6 11 25 6 5 5 5 5 5 5 4 4 13 17 6 5 7 7 7 6 5 5 15 35 5 6 6 7 5 41 87 89 86 82 96 116 123 87 102 125 96 78 118 107 100 109 95 97 104 95 72 46 11 8 15 7 14 17 14 11 8 19 8 5 7 8 7 6 5 4 3 3 3 3 3 3 3 3 3 2 3 5 6 6 7 35 17 4 6 5 6 6 7 6 10 7 17 13 6 6 5 5 4 3 2 2 6 24 54 34 8 3 3 2 3 
5 5 4 6 9 16 17 22 13 15 10 14 12 12 15 26 36 30 29 41 34 25 50 28 37 30 54 32 56 58 16 11 8 7 7 7 8 7 7 9 6 6 5 5 5 6 6 5 7 7 17 20 9 6 6 10 10 7 7 8 8 7 6 4 4 3 4 3 3 4 3 21 16 3 6 21 19 12 28 6 7 7 7 8 10 10 9 6 5 6 5 6 7 7 6 12 38 21 7 6 5 7 6 6 6 7 7 7 7 7 7 7 6 6 6 6 6 6 7 7 7 8 8 7 7 7 8 8 9 9 9 8 6 6 7 7 13 28 7 6 6 5 4 4 5 4 5 16 20 6 5 8 8 8 7 7 5 13 30 4 6 5 5 5 61 127 128 130 124 137 117 115 84 59 81 76 65 73 48 45 91 121 113 133 125 117 87 14 8 20 11 15 15 14 11 7 18 8 6 7 8 7 6 4 4 4 4 3 3 3 3 3 3 3 3 4 6 6 5 6 34 16 4 7 6 6 5 8 4 8 5 17 14 5 6 8 6 3 2 4 6 5 38 51 39 12 5 10 2 3 
4 6 5 5 7 11 13 19 10 10 10 12 11 10 17 32 50 34 28 37 45 36 33 40 27 44 59 20 72 53 60 27 10 7 7 7 8 6 6 8 6 5 5 5 5 6 6 6 6 8 17 20 9 7 6 10 7 5 6 7 7 5 5 5 5 4 3 4 3 4 3 23 17 4 8 26 27 23 41 14 10 9 7 7 8 8 8 6 5 7 6 6 6 6 7 17 43 24 7 6 5 6 7 7 7 7 6 9 10 9 8 7 6 6 7 9 8 8 7 8 8 9 10 8 8 9 10 9 9 9 10 10 7 6 6 7 16 29 9 8 8 7 6 3 5 5 5 15 19 7 4 7 8 8 7 6 7 16 36 5 7 8 4 4 54 121 128 135 137 149 135 136 130 74 72 91 116 95 43 29 72 123 111 104 102 122 87 17 9 23 12 11 10 11 11 6 21 11 9 8 8 6 5 4 4 4 4 3 3 3 3 2 3 5 4 4 6 6 6 7 36 16 5 7 5 5 5 8 6 7 7 17 13 6 7 6 4 2 2 5 14 13 33 49 40 13 11 21 8 2 
5 7 7 6 8 10 10 14 10 10 13 12 12 12 18 26 45 36 30 31 50 33 34 38 27 51 34 55 42 40 71 49 20 10 8 10 6 8 8 9 7 6 6 5 5 7 7 8 7 10 17 19 8 7 7 10 5 5 5 6 5 6 7 6 5 5 3 5 7 9 6 31 22 9 15 34 31 28 46 29 27 21 18 18 19 16 15 11 7 7 7 7 6 6 6 17 41 24 6 7 5 5 7 8 8 8 7 9 9 9 8 7 8 7 9 10 8 7 6 7 8 9 9 8 9 10 10 10 9 9 9 10 8 7 6 7 16 28 8 8 9 10 9 6 5 6 5 15 20 9 6 9 10 10 8 7 10 20 36 4 8 15 6 4 40 107 119 128 129 132 136 142 148 129 105 95 125 128 99 94 110 131 116 106 108 109 55 15 11 22 11 8 8 12 12 6 24 15 12 8 7 5 4 3 4 3 3 3 3 4 4 2 5 7 5 4 5 6 6 7 35 16 7 6 5 6 5 7 6 6 7 12 9 6 5 3 3 3 2 4 12 33 28 60 44 17 14 25 14 1 
6 6 7 9 11 12 9 8 14 13 16 15 21 22 23 20 33 45 43 37 32 25 35 26 39 30 26 58 32 48 57 59 32 35 7 9 5 8 9 10 7 6 6 5 6 7 7 8 7 9 15 17 7 6 7 10 6 7 5 5 6 6 7 6 4 6 5 9 11 12 9 37 25 9 15 32 28 21 28 24 28 23 23 24 26 22 19 13 8 8 8 8 7 6 6 17 40 25 7 7 5 6 6 7 7 7 7 6 6 8 7 8 10 8 9 8 7 6 6 6 7 8 8 8 8 8 8 8 9 9 9 10 9 8 7 9 19 32 7 7 8 11 11 10 9 10 9 21 26 14 13 14 14 14 12 10 13 21 40 9 16 26 12 4 29 91 101 111 112 107 114 123 123 141 121 81 70 87 105 132 134 131 123 121 124 96 26 8 11 21 11 8 7 10 9 5 26 17 13 7 6 5 3 3 4 3 3 4 3 3 3 3 7 10 6 4 5 6 6 6 30 17 8 6 6 7 4 5 4 4 3 6 5 3 3 2 2 2 2 3 8 43 48 53 42 21 19 30 16 2 
7 6 9 16 19 19 12 10 24 25 27 24 34 30 26 22 26 45 50 41 27 39 28 41 41 33 50 31 56 55 61 50 40 68 19 10 8 6 10 10 9 10 9 8 9 8 7 8 6 10 17 18 10 9 9 9 6 7 4 6 10 8 11 8 5 6 6 10 8 9 7 32 21 5 7 23 24 14 10 7 8 9 10 11 13 12 11 9 6 8 7 7 7 7 8 22 44 27 8 7 5 6 6 5 5 5 7 4 7 9 7 8 9 8 8 8 7 7 6 7 8 9 9 8 7 7 8 10 11 11 10 10 9 9 10 13 26 38 9 7 9 10 11 11 12 12 12 25 30 19 21 22 22 21 19 17 18 24 47 15 23 36 21 8 20 58 67 78 87 90 94 96 96 102 104 87 45 29 51 88 98 108 110 82 83 65 13 7 11 21 10 8 6 6 5 4 29 18 12 7 7 5 3 3 4 4 4 4 3 3 3 3 10 12 6 3 5 7 6 6 29 18 9 5 6 7 4 4 2 3 2 2 3 2 3 2 1 2 3 6 14 31 55 46 43 20 29 35 14 3 
14 10 19 34 35 36 25 25 36 39 38 35 41 30 26 27 20 31 36 41 31 44 66 54 42 63 79 50 48 47 44 39 58 76 58 31 13 12 16 14 23 30 29 28 24 15 10 14 12 19 34 36 27 25 17 13 10 11 8 15 27 25 29 21 9 6 4 8 6 7 5 29 27 10 8 28 24 12 13 11 6 6 4 4 5 5 6 7 6 6 7 8 7 7 8 22 40 26 9 6 6 6 7 8 7 7 10 8 15 16 10 10 10 8 10 11 10 10 9 10 11 12 13 12 11 11 13 16 18 18 16 15 10 10 11 15 28 41 11 10 11 10 8 8 8 8 9 21 28 21 27 30 29 27 25 23 23 24 33 15 21 36 33 23 25 34 46 55 64 75 71 62 75 73 79 91 58 24 25 48 74 78 63 23 19 16 5 6 9 24 9 6 6 4 5 4 31 18 11 6 7 5 3 3 3 3 3 4 4 3 3 4 12 14 7 3 5 8 7 6 30 20 10 6 5 5 4 3 2 3 2 2 3 2 3 2 1 2 4 8 16 13 18 58 56 17 33 31 9 3 
19 14 30 50 45 47 34 36 30 32 33 33 35 30 32 33 21 25 26 39 31 35 87 67 70 69 90 37 30 54 29 40 72 69 84 50 29 20 14 18 38 54 55 52 42 23 14 18 16 28 50 54 47 45 28 18 16 17 14 28 47 37 40 30 14 8 8 20 29 23 12 32 39 24 14 31 27 11 16 12 6 9 8 7 8 7 8 9 7 6 8 9 7 6 6 20 38 33 21 20 21 21 25 29 26 26 33 29 41 44 34 33 33 31 34 35 32 30 29 31 33 34 34 31 30 31 34 37 38 37 38 36 30 29 29 28 39 56 27 30 33 30 27 25 28 27 26 35 38 31 36 37 36 34 32 31 30 28 28 23 26 37 47 43 34 39 66 77 77 87 85 69 77 88 70 66 61 33 20 35 57 41 20 6 5 3 5 8 7 25 8 5 8 6 5 4 27 16 11 7 9 7 4 5 4 3 4 5 5 4 4 5 12 14 7 3 5 7 6 5 22 15 9 7 5 3 2 2 2 2 2 2 3 2 1 1 2 3 3 3 5 3 21 43 57 22 25 32 4 4 
8 5 20 33 24 32 27 28 15 18 22 27 24 25 35 29 23 26 27 23 31 55 44 63 65 57 32 36 32 30 39 51 53 69 47 29 63 26 11 9 16 32 33 32 25 11 6 6 5 15 31 33 30 27 15 8 7 8 7 19 30 20 21 19 14 13 19 50 75 54 24 35 42 36 24 38 40 21 24 22 20 16 14 13 15 13 11 11 10 11 9 7 7 9 12 28 47 57 54 59 64 62 74 84 84 85 93 87 98 103 93 96 98 92 95 93 87 84 83 85 88 90 90 84 82 84 86 87 87 85 87 86 81 85 82 74 84 104 71 85 91 90 87 82 92 92 85 90 89 79 80 77 77 73 70 70 68 64 61 62 60 63 70 65 47 57 101 123 117 125 139 131 118 124 103 83 70 47 28 12 14 11 8 4 5 4 7 9 5 22 12 14 22 17 13 7 28 13 10 7 9 6 3 5 4 5 4 4 4 4 4 4 8 9 5 2 3 4 3 3 6 4 5 5 5 2 2 2 2 2 2 1 2 2 2 2 2 3 2 2 2 7 65 35 41 27 10 9 2 4 
11 8 30 45 30 33 25 25 19 19 25 27 23 20 27 19 20 19 28 37 27 37 39 48 63 48 34 22 30 26 30 51 61 65 20 50 49 50 25 8 20 38 35 31 26 13 12 9 8 20 39 37 33 27 18 9 8 8 8 21 29 22 17 16 16 16 19 50 63 49 29 40 37 38 34 38 35 24 34 62 79 29 17 16 18 15 12 12 12 12 9 9 14 25 35 47 59 79 82 90 102 100 105 104 107 108 106 105 107 106 100 106 110 103 104 100 95 93 91 93 95 96 95 101 103 103 99 97 97 100 93 92 92 100 100 89 95 103 81 100 99 101 105 100 96 106 103 106 113 111 109 108 111 107 103 105 106 100 98 107 106 106 106 105 92 80 109 131 134 134 154 169 157 146 159 155 130 103 68 15 6 6 6 5 5 6 6 8 6 18 20 30 40 35 25 14 35 13 7 6 12 9 4 6 4 4 4 4 4 4 4 3 5 5 2 1 2 2 2 2 2 1 3 3 3 2 3 2 3 1 1 2 2 2 2 2 2 2 2 2 4 6 40 50 37 36 17 4 2 5 
8 6 28 42 27 32 27 24 30 23 25 19 36 34 33 25 23 13 35 23 45 25 21 23 52 54 25 47 15 34 28 54 67 20 51 61 50 86 41 19 31 49 36 26 19 9 11 11 9 21 39 32 28 21 25 12 8 8 8 23 30 26 15 14 15 12 9 26 42 41 38 51 31 24 27 38 40 27 20 66 162 59 16 13 13 10 7 8 7 7 9 18 40 62 67 71 75 92 90 92 107 108 115 108 108 104 97 105 105 114 117 120 121 113 117 117 109 105 103 104 106 106 105 110 112 110 104 100 105 113 122 120 113 118 118 107 115 123 104 120 107 106 114 108 104 120 114 111 120 121 113 118 124 120 115 119 122 117 104 111 117 120 112 124 139 144 126 131 137 123 119 133 133 136 140 130 142 134 87 44 22 12 6 13 11 10 12 15 14 14 9 9 6 6 6 6 33 16 10 14 32 32 23 22 10 4 4 5 5 5 5 4 5 3 1 1 3 3 2 3 3 4 5 2 2 2 3 2 5 1 2 2 2 3 2 2 3 2 2 2 4 15 48 32 42 25 5 2 2 6 
5 6 25 42 27 27 29 20 15 23 27 23 41 33 30 30 16 13 9 29 18 30 23 16 20 38 29 15 25 29 35 34 19 35 39 35 83 76 113 47 46 31 27 30 29 16 8 8 6 26 43 32 24 23 23 10 7 7 7 21 21 18 15 14 14 14 11 14 50 59 27 56 36 23 31 36 25 15 29 40 64 20 12 16 16 19 10 15 16 13 13 17 42 51 58 81 81 90 100 92 78 77 72 67 71 72 80 87 83 70 79 78 84 79 92 122 119 121 129 129 122 117 118 120 113 113 107 108 123 122 121 103 104 102 109 108 111 108 125 127 114 115 132 147 124 122 109 101 110 111 95 97 105 111 112 112 116 121 118 123 128 131 129 124 119 118 117 118 118 133 146 134 134 131 127 114 87 55 34 17 16 13 13 10 9 8 10 8 11 19 13 8 9 5 7 10 24 16 20 57 82 71 124 94 11 7 7 4 4 4 4 5 5 4 3 1 2 3 3 1 1 2 2 2 2 4 3 2 3 3 1 1 2 2 2 2 3 3 2 3 6 22 11 8 25 16 6 2 2 7 
8 8 26 41 30 29 29 19 13 23 33 35 42 41 25 15 18 22 14 11 30 13 40 16 16 15 9 33 23 27 29 49 89 75 70 94 92 90 97 84 33 30 24 27 20 15 9 8 5 23 42 43 33 24 19 8 6 5 5 17 16 15 13 12 13 13 13 15 43 60 40 48 36 23 46 51 32 21 34 28 57 47 47 40 31 33 28 21 19 16 12 13 19 18 38 86 98 96 97 87 74 71 70 71 76 79 88 107 122 104 107 115 130 123 127 146 139 136 140 143 144 143 141 150 146 152 153 153 164 162 168 149 154 154 157 150 154 167 167 161 158 158 153 144 150 148 143 145 155 153 138 156 162 165 163 161 165 174 181 169 159 154 147 133 127 149 151 148 142 132 115 100 76 57 37 24 16 10 9 18 19 10 14 14 12 12 12 12 15 23 22 14 12 11 12 15 31 18 24 51 60 77 105 51 9 7 11 10 7 5 5 6 6 3 2 3 2 2 2 2 3 2 2 2 6 11 5 2 2 3 2 1 1 2 2 2 3 3 2 2 4 4 4 9 20 12 5 4 2 9 
8 8 23 36 28 22 17 15 17 19 17 24 31 23 23 16 27 34 46 24 11 28 17 26 17 15 27 20 27 26 56 67 58 61 42 100 70 69 53 49 56 28 24 23 26 14 8 7 6 22 39 41 27 18 17 8 6 6 6 20 20 16 15 14 14 15 16 16 22 52 67 74 48 16 26 59 62 28 25 33 116 133 99 110 116 107 95 37 28 35 41 44 48 45 69 99 85 87 95 101 98 97 95 95 99 104 109 125 150 135 133 143 163 158 154 162 166 165 162 168 174 174 168 151 136 147 156 155 160 156 155 140 148 157 162 163 178 186 177 173 176 177 174 171 179 165 156 157 161 168 176 177 183 186 183 180 185 195 231 215 202 196 186 167 148 143 151 143 122 68 27 19 15 11 8 6 7 9 15 47 59 25 14 8 8 14 14 15 18 21 25 16 13 16 15 15 27 15 25 48 48 89 97 35 15 14 17 18 19 23 24 19 10 3 2 3 2 1 3 4 3 1 3 9 16 26 19 14 6 2 3 3 3 5 3 2 3 3 3 2 3 2 4 11 13 6 2 3 2 10 
8 9 26 39 30 27 24 15 9 12 20 30 24 18 16 16 32 21 37 25 15 20 11 19 17 17 21 17 25 45 60 66 42 37 60 42 61 40 58 56 71 42 18 27 27 19 8 7 10 30 46 37 21 18 18 8 7 7 7 22 23 17 16 15 14 14 15 16 20 41 54 72 48 16 12 37 44 19 45 107 175 165 166 132 115 106 135 46 31 44 62 64 75 88 84 92 90 94 102 104 100 95 95 97 103 111 111 113 127 121 118 122 130 127 128 134 135 131 125 125 128 128 125 125 115 123 132 131 133 127 135 124 126 129 129 128 141 142 141 139 128 118 129 158 148 137 135 131 116 115 131 125 132 138 138 136 138 144 158 155 153 150 140 125 117 144 153 144 127 59 11 8 12 12 11 9 8 9 20 69 84 44 20 10 14 25 22 20 23 22 25 17 20 28 20 13 18 9 22 37 28 48 51 21 12 11 14 17 15 18 23 22 13 5 2 2 2 2 4 4 2 1 9 28 21 23 31 45 18 2 2 3 3 3 3 2 3 3 3 3 3 2 3 6 6 4 2 3 4 14 
6 7 25 38 27 21 25 20 8 22 44 32 26 12 26 24 22 30 14 14 27 11 13 17 12 16 16 29 22 41 39 45 67 54 48 57 43 57 45 74 50 71 70 25 23 18 7 5 8 29 46 34 18 18 16 7 6 5 4 16 16 13 13 13 12 11 11 13 19 24 32 51 40 12 6 25 27 10 63 163 199 162 143 69 45 54 110 30 12 18 25 23 28 38 32 34 38 41 43 43 41 41 41 41 43 49 49 48 51 50 48 49 49 49 51 53 57 57 55 52 52 52 52 56 51 53 56 56 59 55 63 64 67 73 74 74 77 85 94 96 86 79 101 143 200 193 178 134 76 50 53 48 54 59 60 58 57 58 63 66 66 63 58 55 55 66 67 64 66 37 13 17 14 12 10 9 10 13 18 32 39 32 31 40 67 62 34 25 29 25 23 18 20 21 14 8 10 6 21 34 23 18 19 18 9 8 12 14 11 13 18 17 11 5 2 2 3 3 4 3 2 1 12 36 22 15 22 42 19 3 2 4 3 2 3 3 3 3 4 4 4 4 3 4 2 4 3 3 5 18 
6 7 24 33 23 20 26 20 8 20 39 34 24 22 28 22 35 18 7 10 17 11 20 17 23 28 19 21 30 41 48 37 49 54 42 54 62 53 52 49 49 60 63 60 50 28 9 7 7 23 41 35 18 17 13 7 6 6 4 14 13 12 12 13 12 12 11 12 15 20 38 57 54 11 5 32 33 7 39 137 183 122 60 21 16 36 89 24 4 5 5 3 4 7 6 7 7 9 9 9 13 19 17 13 12 12 13 13 13 13 12 14 12 12 13 13 15 16 16 14 13 13 15 17 15 15 15 17 20 17 23 32 40 50 57 58 49 54 58 55 46 41 49 65 105 104 96 67 32 16 17 14 17 20 21 18 17 16 16 18 17 15 15 18 23 17 15 14 19 13 7 12 8 7 6 7 9 13 18 22 19 26 27 34 56 48 30 21 24 21 17 15 23 24 15 8 5 3 12 31 30 9 10 23 11 10 12 12 11 11 13 11 6 2 2 3 4 4 3 2 2 2 9 29 32 24 18 26 13 3 2 3 3 3 3 2 2 2 3 4 4 4 3 4 2 4 3 2 5 14 
18 18 30 36 29 27 28 27 24 23 23 28 22 34 23 26 30 7 11 16 9 21 22 22 38 40 30 13 30 29 45 44 44 48 41 44 58 69 62 56 38 51 60 64 78 65 31 21 21 27 42 42 29 26 19 14 16 17 13 24 21 20 19 19 20 21 20 21 26 29 51 66 70 19 10 35 38 6 19 99 132 65 18 22 45 67 97 56 19 4 3 3 2 3 5 5 4 4 4 5 10 15 15 12 10 5 4 5 5 5 4 7 6 5 6 5 6 6 6 5 5 5 6 6 6 6 6 9 16 12 11 19 22 27 34 35 24 24 25 22 18 20 21 17 21 21 21 15 9 8 13 9 11 13 12 10 9 9 7 8 7 6 8 15 22 15 12 11 11 7 4 6 5 6 10 15 20 23 25 28 26 30 25 23 36 31 25 20 20 19 17 16 27 25 17 12 7 15 33 39 24 7 11 26 16 15 16 15 12 9 10 9 6 6 8 5 3 4 2 2 2 2 5 20 41 39 27 20 9 3 4 5 5 7 7 7 8 8 9 9 9 6 7 9 9 11 10 9 15 17 
37 33 35 36 36 34 33 34 29 28 22 18 21 24 32 21 21 18 28 21 33 28 20 34 31 29 27 31 24 21 30 43 43 37 35 43 43 60 58 63 56 51 51 49 72 70 43 34 39 37 39 44 42 40 40 35 41 42 31 41 34 34 31 30 32 35 34 34 36 29 39 52 57 22 12 35 39 10 17 71 101 57 33 76 137 146 125 98 42 13 7 3 2 4 4 4 4 4 3 4 7 9 11 15 13 5 3 4 4 3 3 5 3 3 4 4 5 4 4 4 4 3 3 3 4 6 5 11 20 14 12 22 19 19 32 41 28 31 39 35 31 37 38 27 25 25 26 27 26 25 27 27 29 31 29 28 28 29 27 28 27 26 28 35 42 36 31 32 31 28 28 27 28 28 32 38 42 39 37 40 42 38 39 39 42 37 38 39 34 35 35 34 42 27 19 15 9 28 62 50 15 12 31 42 37 36 35 34 33 31 32 33 31 36 37 14 3 3 2 2 2 3 4 15 34 33 32 19 5 6 25 43 42 45 45 51 54 52 53 54 51 45 46 44 48 50 43 38 46 43 
37 30 31 29 32 35 37 33 26 36 27 18 17 19 32 21 28 31 45 37 42 29 31 28 18 15 15 48 39 30 27 30 37 32 32 40 39 33 43 48 64 45 36 46 46 48 51 51 48 31 32 46 52 58 74 51 67 75 53 51 42 44 39 36 37 41 41 39 33 22 20 38 35 15 10 34 33 13 13 33 82 74 61 124 174 155 111 85 46 23 13 9 4 5 3 3 3 3 3 3 4 4 6 11 12 5 3 4 3 4 4 4 3 3 3 3 4 3 2 3 4 5 6 7 12 15 17 23 30 28 31 41 35 38 47 61 53 56 65 57 52 57 56 50 52 47 52 52 52 47 50 53 55 52 53 55 56 58 53 54 53 52 53 56 61 58 54 56 56 55 56 56 56 55 56 58 57 53 50 54 56 51 56 56 54 50 55 59 52 52 56 55 51 27 17 18 29 35 66 61 14 20 58 53 56 54 53 55 56 56 58 63 66 66 47 13 2 4 3 2 2 3 3 8 14 13 19 10 3 13 61 75 74 76 80 89 93 92 94 92 85 79 85 75 74 76 69 59 65 58 
42 34 33 22 18 24 31 37 29 40 31 24 18 26 15 33 30 33 48 49 34 35 35 12 15 13 14 40 46 40 37 28 40 46 39 35 36 31 31 41 33 38 41 44 47 44 47 71 66 28 28 44 55 65 86 44 64 81 60 47 42 44 40 36 37 39 39 37 32 32 25 50 41 19 16 37 26 14 11 11 57 59 60 99 98 67 53 33 27 22 18 27 18 16 5 4 3 3 2 3 3 3 3 4 5 4 4 4 3 4 4 3 3 3 3 3 2 3 4 7 11 15 18 22 29 34 38 42 43 48 50 55 50 58 53 61 63 58 61 57 61 61 56 68 67 56 64 60 61 55 65 63 63 58 59 65 66 65 62 62 61 62 63 64 65 66 66 65 64 63 62 62 63 64 65 65 63 61 60 60 61 61 61 59 58 60 63 63 59 59 63 58 45 37 39 28 42 37 59 62 12 22 68 53 64 68 66 65 64 64 67 73 78 58 22 8 8 6 6 6 6 7 7 7 6 6 7 6 8 25 76 68 72 76 78 82 86 88 87 84 81 78 88 73 60 63 61 53 52 42 
73 72 70 43 21 17 23 44 22 23 35 28 29 18 21 28 24 30 37 35 52 34 14 16 14 16 21 26 22 35 41 37 40 63 52 34 38 29 31 32 31 38 43 47 63 46 30 67 100 66 42 34 48 46 55 31 39 47 39 34 36 40 39 38 38 38 39 37 33 49 38 61 54 35 31 50 34 18 21 26 53 30 32 33 27 21 19 10 9 12 17 41 37 32 11 7 6 4 2 5 4 4 6 8 7 3 5 5 3 4 4 4 5 6 5 3 4 5 10 17 24 29 31 34 42 45 46 50 49 55 52 56 49 60 60 59 61 59 59 63 67 60 55 67 61 58 63 60 58 59 62 56 58 60 55 55 60 59 61 60 60 60 62 64 65 67 66 65 64 63 62 62 64 66 67 68 67 66 65 64 66 64 62 61 64 69 71 64 62 66 62 47 39 60 77 34 16 32 49 40 10 25 67 59 73 80 78 73 70 72 75 71 62 37 20 20 24 19 20 22 20 21 22 22 21 21 22 17 21 53 67 66 73 83 78 79 84 83 74 72 82 82 87 66 54 58 57 51 41 27 
65 80 103 101 77 62 39 48 21 13 20 20 17 22 30 22 31 20 14 23 27 16 12 14 18 34 27 24 24 33 29 27 37 72 68 48 38 23 28 25 33 35 39 54 38 51 62 56 96 119 88 51 37 30 30 33 36 29 21 23 37 30 31 33 33 33 34 32 27 37 26 47 43 30 37 52 33 12 18 29 42 15 19 14 11 9 8 5 6 9 12 29 30 32 17 15 16 11 8 13 11 8 19 40 38 15 11 15 14 14 14 14 16 16 13 9 9 12 19 26 33 36 37 36 42 43 44 48 48 53 51 53 34 42 45 38 39 48 46 46 41 39 42 36 35 48 45 47 46 51 52 33 43 57 47 42 58 63 62 61 60 59 60 61 63 69 69 69 69 69 69 68 66 67 67 68 68 67 67 68 68 66 63 63 67 71 70 64 66 66 54 41 34 37 44 29 22 25 24 26 18 37 64 56 58 59 65 63 61 65 66 54 38 38 38 35 29 35 47 41 30 28 28 28 29 32 36 24 35 97 76 78 73 75 82 80 83 83 74 70 77 79 77 56 48 59 64 63 46 21 
26 29 31 79 146 158 102 95 40 15 8 8 13 41 21 25 21 17 15 13 8 14 14 8 20 21 22 34 16 33 68 33 25 61 58 72 28 24 21 32 60 41 25 65 75 57 41 67 86 119 128 68 33 37 30 31 28 29 31 30 32 23 26 27 25 22 21 23 28 28 24 49 45 18 29 32 24 9 12 18 27 11 12 12 11 9 9 13 19 17 14 17 15 21 21 25 28 24 18 26 22 16 44 97 97 40 26 36 37 32 32 33 30 25 20 16 16 19 23 25 29 32 33 35 42 45 48 53 52 57 51 54 21 28 33 28 29 39 38 29 20 32 43 21 15 34 27 34 33 36 39 18 29 46 35 28 51 63 66 64 61 60 59 59 59 59 58 58 58 57 56 58 64 64 64 64 64 65 64 60 58 57 58 60 60 60 60 61 65 59 46 46 37 26 60 62 30 40 40 29 28 45 59 64 71 71 72 66 65 68 67 56 41 40 45 43 27 21 34 45 32 21 12 8 7 7 7 6 22 83 70 82 76 78 84 83 82 83 81 76 68 76 68 44 38 51 61 65 55 39 
15 22 21 35 69 126 144 132 33 16 12 9 26 26 19 31 18 21 23 17 13 17 16 13 19 23 44 15 35 22 15 39 41 26 54 30 27 25 34 60 74 87 100 41 46 99 101 93 104 91 56 22 78 43 32 27 20 24 30 28 25 23 25 24 20 17 15 15 14 19 23 39 38 5 12 26 26 21 26 24 30 23 29 24 18 10 7 15 27 32 28 29 22 24 27 26 25 27 27 33 30 24 30 44 39 22 25 32 27 26 30 30 23 14 10 9 12 17 21 22 25 30 33 36 45 48 52 56 51 51 41 48 16 27 32 30 31 31 29 25 20 33 46 25 20 40 31 38 36 38 41 30 34 45 36 32 51 53 63 62 61 60 60 59 61 70 69 67 64 61 59 59 63 64 65 67 69 71 70 67 64 67 76 80 75 75 81 79 82 78 71 78 73 69 104 98 71 62 69 79 77 86 78 81 77 67 69 71 71 72 69 64 57 68 69 79 84 58 57 90 85 63 46 40 38 33 27 19 34 70 72 79 77 84 76 86 88 84 86 83 70 82 68 37 26 31 36 39 51 41 
13 28 62 64 23 16 27 32 12 33 43 33 31 19 22 18 25 16 11 12 10 7 8 9 12 27 18 25 31 22 38 29 36 57 58 36 19 24 20 41 59 59 87 112 92 56 103 53 62 47 44 80 29 18 57 41 30 23 19 19 21 23 23 24 22 21 21 20 16 29 31 29 35 9 14 20 21 19 28 22 25 24 29 26 27 27 24 35 33 23 26 29 23 19 20 23 25 32 34 33 32 25 21 19 17 28 41 35 30 30 30 27 16 7 4 4 8 14 20 22 25 30 30 33 40 41 41 42 34 31 41 56 30 48 51 48 46 39 38 44 44 42 44 43 33 40 37 37 34 36 37 45 36 37 37 44 52 42 51 53 56 58 60 60 59 62 63 63 64 65 66 68 77 78 81 85 90 95 96 93 92 98 111 118 112 113 117 102 102 110 114 114 112 103 118 95 68 128 108 77 103 105 96 111 115 106 106 111 113 112 108 108 113 116 99 100 124 123 118 116 117 117 121 138 148 136 113 99 108 113 120 98 81 75 70 84 88 81 79 81 78 80 64 35 22 22 22 24 10 8 
46 51 98 139 101 90 101 118 112 124 81 38 25 40 13 10 12 13 9 10 16 22 16 17 23 20 25 25 29 36 39 49 53 43 28 20 22 27 43 54 20 51 72 50 29 34 23 34 41 32 55 20 20 83 75 30 24 32 33 30 22 30 28 26 26 27 28 26 19 24 22 16 16 15 21 35 32 21 27 25 29 29 28 28 32 34 25 25 24 31 34 36 33 30 34 33 24 29 33 24 26 19 13 19 24 33 36 27 28 30 27 22 13 7 5 5 7 13 19 20 22 25 24 32 39 38 37 37 30 27 27 28 22 30 29 28 26 24 25 28 31 24 18 25 27 24 29 27 27 27 30 36 32 31 37 48 51 44 56 60 66 71 73 71 72 83 85 89 94 100 104 104 96 97 99 102 106 111 109 98 101 103 105 107 108 109 108 103 99 105 110 104 103 98 94 105 118 103 103 114 114 114 109 120 125 120 112 112 114 114 111 113 118 108 119 133 109 105 128 121 120 125 134 148 153 144 131 139 132 134 160 133 122 103 70 47 39 43 43 42 45 38 33 21 17 17 17 19 16 7 
51 60 94 115 122 141 149 168 114 64 53 51 45 25 24 19 15 15 23 18 12 12 24 27 17 38 55 54 33 42 23 21 21 36 16 25 23 20 34 37 71 58 53 27 44 38 54 43 33 52 30 24 75 63 12 4 11 19 20 30 38 46 38 31 28 26 24 22 18 15 17 17 8 15 15 25 25 13 13 11 12 12 13 13 13 13 11 14 11 11 12 12 13 12 14 16 13 15 20 13 16 12 6 15 19 13 12 13 12 12 11 9 7 6 6 6 7 11 15 15 17 21 22 27 32 31 32 33 29 28 33 28 29 33 33 36 37 34 38 32 34 36 31 35 36 28 37 38 44 42 54 45 56 59 62 68 73 82 76 82 91 96 97 93 90 95 95 95 96 96 96 98 102 101 99 98 99 101 103 108 112 107 96 90 97 102 110 127 123 112 113 113 111 106 108 102 106 125 110 104 116 117 114 116 116 114 111 116 119 120 118 117 116 117 121 131 126 117 126 124 137 143 134 130 134 146 161 161 130 133 162 155 175 159 70 17 7 13 15 12 12 11 12 9 9 10 10 12 11 11 
46 50 76 100 113 120 123 114 41 35 51 43 34 21 25 17 16 19 18 22 31 34 36 29 68 74 69 66 49 79 63 23 17 16 15 22 17 24 32 51 53 58 37 33 31 32 24 27 68 21 35 65 39 13 26 56 65 78 80 69 93 86 84 80 75 72 73 73 65 64 64 62 59 59 57 58 61 54 51 44 55 48 49 49 49 49 47 45 44 44 43 43 43 46 51 51 50 55 57 55 53 47 49 54 52 50 51 50 47 48 48 47 48 47 44 41 42 47 47 44 47 53 53 52 50 49 53 60 58 53 57 58 59 60 61 62 62 61 60 56 55 56 56 57 62 59 58 58 62 66 72 73 80 85 89 92 94 96 90 100 90 96 104 92 89 107 106 97 95 98 101 96 100 101 95 103 92 104 93 108 107 112 107 112 123 112 105 85 91 91 85 87 91 85 64 87 66 68 58 61 68 64 71 63 62 49 52 54 56 55 54 57 61 54 76 75 75 83 80 103 128 132 140 151 135 128 152 140 144 165 98 66 93 82 43 15 5 5 6 5 5 5 8 10 9 11 12 12 17 12 
22 24 38 49 55 75 71 44 14 23 31 22 18 14 19 23 33 38 30 52 40 49 43 52 69 61 53 54 60 91 68 21 12 21 25 20 20 20 46 45 38 44 40 44 47 38 16 60 21 40 78 36 11 35 86 105 98 110 118 101 109 101 101 101 98 96 96 96 92 92 92 91 90 90 90 97 102 97 94 86 101 95 102 102 103 102 100 98 96 96 96 95 95 96 98 99 101 105 102 100 99 93 96 99 96 96 99 99 96 99 100 97 95 95 92 88 86 90 90 87 90 96 95 96 93 91 94 97 94 87 86 87 89 89 89 87 86 89 88 86 86 87 90 92 86 84 83 82 82 84 85 85 88 91 93 92 92 92 91 95 94 90 94 97 101 102 102 97 100 98 103 96 101 101 101 103 103 104 101 116 82 80 75 87 75 60 51 39 31 41 31 34 30 31 28 62 33 32 33 43 40 26 23 22 22 22 25 24 22 20 20 22 25 23 41 39 47 64 50 53 65 111 160 137 129 150 141 133 156 156 69 26 41 40 32 20 9 5 3 4 7 8 10 10 9 9 11 12 15 12 
8 11 14 14 15 24 22 11 10 23 27 26 25 29 31 29 29 32 31 37 45 72 51 38 57 52 48 45 50 57 43 23 23 18 15 14 26 44 42 73 44 40 54 30 33 23 66 28 31 64 38 13 24 92 99 112 106 100 99 99 108 100 104 108 108 106 105 105 107 107 107 108 108 108 104 98 103 100 98 93 107 101 104 105 106 106 104 104 103 104 105 106 106 105 104 104 105 106 101 100 103 100 99 99 98 100 103 105 104 106 106 102 100 99 98 95 98 104 106 104 106 109 107 109 109 107 105 104 100 96 101 104 106 107 105 102 99 100 100 99 98 100 103 106 101 101 102 102 100 97 95 95 96 96 95 95 94 94 92 90 106 100 98 101 102 102 100 101 102 101 96 96 95 96 98 99 104 97 101 110 67 61 59 62 47 35 33 47 26 32 18 22 15 15 17 45 18 18 24 36 32 13 12 11 13 14 19 17 14 13 15 16 16 14 24 23 27 39 32 34 27 48 116 150 139 144 142 133 156 144 91 65 88 93 98 94 69 39 23 23 29 28 21 20 26 32 30 26 29 25 
5 8 7 7 9 8 6 4 6 10 11 13 13 20 21 20 20 26 37 34 63 52 54 37 38 44 47 39 45 34 24 18 18 14 20 14 22 41 44 53 28 42 42 42 24 48 43 15 62 35 10 26 98 102 113 100 101 107 117 118 100 96 101 104 105 104 103 104 107 108 108 109 110 110 108 104 108 107 106 104 114 111 107 107 108 108 106 106 106 106 107 110 112 113 112 110 110 110 105 105 111 111 107 104 104 107 110 111 111 112 111 106 104 105 105 104 104 106 108 107 108 108 106 106 108 109 105 102 100 101 105 107 108 108 107 104 103 109 108 106 105 105 106 108 103 105 107 108 107 104 102 104 102 102 102 104 104 104 103 97 103 101 106 99 96 102 97 101 97 108 92 103 100 100 100 107 103 99 102 105 83 81 88 71 73 68 67 79 62 71 65 60 50 50 42 62 37 36 41 50 43 28 34 30 31 26 31 28 28 29 31 30 28 27 37 34 30 38 38 48 31 25 70 128 134 143 149 133 155 143 140 143 163 162 145 158 157 130 96 61 38 32 28 29 32 31 29 29 33 24 
7 12 15 20 19 13 8 3 3 3 4 5 4 8 7 8 11 15 21 20 32 24 48 47 46 40 41 28 32 20 16 15 16 13 23 12 13 23 35 26 46 31 42 29 39 42 15 58 34 11 31 70 115 89 99 92 105 102 101 110 97 98 100 101 100 100 101 104 106 107 106 106 106 106 105 104 106 106 105 105 109 111 109 108 107 106 105 105 104 103 102 104 108 110 111 108 108 109 106 106 111 110 107 106 107 107 109 109 110 110 107 104 104 106 108 109 109 110 112 113 112 110 108 108 112 115 112 107 108 112 112 111 110 110 110 111 113 113 111 109 107 106 106 107 106 107 108 109 109 108 108 111 108 107 109 113 114 113 115 113 94 93 106 97 103 103 98 98 95 110 101 111 106 103 103 109 100 98 103 107 105 103 117 96 104 104 101 99 94 97 97 103 93 90 77 88 84 77 70 83 80 83 73 76 75 72 74 76 78 78 75 73 71 66 69 70 73 90 80 73 47 17 33 105 136 129 146 127 154 145 159 157 156 158 140 156 169 169 154 112 68 46 32 27 29 28 27 30 35 26 
27 32 29 33 31 23 11 3 4 5 4 4 4 4 2 3 5 5 4 5 6 11 22 28 33 28 24 17 23 21 26 28 27 19 19 14 13 17 17 18 40 24 32 25 41 19 36 53 5 25 67 88 97 88 97 89 101 94 89 101 95 101 101 100 97 97 100 105 107 106 105 105 105 103 105 106 105 105 104 106 103 110 111 109 108 106 107 106 107 106 101 101 105 108 107 106 110 111 108 106 107 104 104 108 109 108 107 106 108 108 106 104 106 109 112 113 111 109 110 112 111 108 108 110 114 116 113 108 109 114 117 115 114 113 115 118 121 108 105 105 104 105 105 106 112 111 109 108 108 109 110 115 111 109 111 115 114 109 112 125 106 101 108 103 117 112 112 102 103 105 114 105 110 102 104 105 100 98 108 113 107 102 112 108 104 103 110 106 106 111 94 111 104 101 95 93 103 102 91 100 102 115 103 93 106 101 103 105 109 107 103 102 107 105 104 112 107 114 85 60 33 8 10 68 134 145 131 124 151 140 155 145 135 141 147 147 145 151 164 159 140 98 55 31 28 31 30 29 33 32 
39 33 25 30 41 31 9 4 7 7 5 3 4 4 3 2 2 3 3 3 6 5 4 5 5 10 8 9 14 18 24 26 24 21 21 31 35 33 52 41 21 24 22 35 22 25 39 10 15 56 75 85 87 92 99 86 92 91 91 100 98 98 98 97 94 94 97 101 103 103 103 102 102 102 105 107 104 106 104 109 100 110 107 106 105 104 106 107 110 110 105 104 108 109 104 103 109 110 107 104 105 101 102 107 109 108 105 104 106 107 106 105 107 111 112 111 110 106 105 110 108 105 107 111 114 114 110 106 107 111 113 113 113 113 115 117 117 105 104 105 106 108 108 108 113 110 107 104 105 106 108 116 111 109 110 112 107 100 97 105 115 116 104 106 107 108 121 106 107 100 113 85 106 96 98 107 93 112 106 107 105 99 101 96 99 90 103 102 96 121 94 91 90 93 95 82 84 102 98 92 99 112 114 85 114 108 109 105 109 110 109 109 113 120 115 113 81 65 38 22 11 5 5 37 121 157 131 139 149 132 150 150 145 145 152 147 143 145 154 164 169 155 127 89 54 35 29 29 32 37 
23 13 18 34 56 40 7 7 6 5 7 4 5 4 5 3 2 2 3 2 2 2 6 4 2 2 2 5 1 2 3 4 6 12 18 32 38 38 83 60 32 25 24 23 14 31 8 8 37 72 62 84 79 80 80 79 86 85 81 89 98 90 93 94 93 92 93 95 97 97 98 99 100 101 103 100 96 99 99 105 94 104 98 97 98 100 104 107 108 106 103 105 110 109 102 97 100 102 99 99 103 101 99 101 105 103 100 99 102 103 101 101 103 105 104 100 109 109 107 112 111 108 113 115 115 113 111 110 111 113 110 111 113 115 114 111 108 108 109 110 110 110 110 109 107 106 104 103 105 106 108 115 109 107 110 110 103 94 84 57 87 96 76 94 71 76 101 97 94 100 99 64 81 75 71 103 66 119 83 75 108 106 103 66 114 84 85 95 74 90 83 69 85 74 80 72 58 91 85 69 76 95 85 79 93 109 112 107 114 120 118 108 99 93 74 59 24 11 4 3 6 5 7 52 126 129 141 148 141 131 146 144 147 147 143 140 148 155 150 145 150 162 179 158 107 66 43 32 32 38 
11 10 32 51 64 41 11 15 8 3 6 4 3 2 3 3 4 3 3 2 4 2 1 1 2 2 2 4 1 2 2 1 2 2 2 5 4 10 22 25 20 25 11 11 20 9 4 22 55 61 59 66 71 62 75 70 75 82 81 81 81 84 90 94 95 91 89 93 93 94 95 95 99 99 102 97 96 96 97 104 94 101 98 99 102 102 104 110 109 103 102 108 109 112 105 104 105 102 101 96 105 105 103 100 103 100 102 99 102 103 103 104 107 105 101 101 108 105 102 109 110 105 115 112 113 106 107 109 109 112 110 109 114 118 112 108 104 105 102 103 103 102 101 96 98 103 103 104 108 110 106 110 105 107 109 109 104 90 70 29 57 53 44 85 41 53 75 81 68 89 69 58 48 39 38 87 34 113 54 42 99 105 97 32 104 63 63 93 59 33 41 60 101 48 63 70 38 88 73 39 35 69 30 60 48 97 106 118 111 119 113 79 58 36 16 8 3 3 4 4 3 6 26 93 138 119 132 129 130 134 143 132 138 150 150 146 143 153 150 153 162 135 151 159 152 132 93 56 37 30 
14 10 22 29 31 17 15 42 32 10 6 3 3 3 4 3 4 3 4 4 3 3 3 2 2 2 3 2 3 4 3 3 2 2 1 2 4 3 2 4 7 5 8 11 8 4 10 28 48 48 51 50 43 61 63 63 73 73 69 74 75 78 84 88 91 85 81 90 88 90 94 86 96 91 99 94 101 94 97 100 96 92 95 97 102 98 88 99 99 98 96 101 90 100 100 115 113 103 109 88 101 93 98 89 93 87 99 90 97 101 105 104 109 101 96 106 104 95 92 101 106 96 114 105 115 97 101 107 102 108 109 102 107 114 102 103 101 104 92 93 93 94 95 81 90 103 104 100 108 109 95 103 98 109 106 103 106 70 40 53 75 36 53 86 32 65 68 65 41 47 24 75 48 19 37 79 30 126 52 44 80 102 96 18 54 36 59 67 47 45 31 58 117 46 80 87 24 109 93 30 21 57 29 54 44 98 109 126 95 103 92 36 18 8 3 4 9 6 6 11 22 31 77 130 109 120 128 126 131 126 137 141 136 144 137 152 141 150 145 152 152 143 157 161 168 175 155 121 76 32 
25 15 8 18 23 9 23 73 55 36 23 11 7 6 6 4 2 2 2 3 1 2 3 2 3 4 2 2 5 7 6 5 3 4 3 5 7 6 7 15 9 5 6 6 4 7 27 28 34 38 37 37 44 54 39 43 56 59 58 64 68 73 62 63 71 77 79 76 80 83 88 84 93 86 92 89 91 89 93 91 92 89 94 94 91 101 88 94 98 100 96 95 92 96 100 101 88 90 100 94 101 91 87 82 89 91 93 90 97 112 102 92 92 92 88 95 103 103 101 91 106 105 112 99 113 100 99 115 102 111 107 101 105 114 102 100 96 106 91 88 87 90 92 77 90 103 105 99 97 97 93 104 96 111 101 97 94 38 43 95 76 44 99 39 33 47 47 42 35 31 40 88 55 26 40 47 36 115 25 48 48 94 113 26 68 43 28 23 52 89 30 42 95 41 90 74 19 78 62 35 29 28 26 80 52 95 104 97 103 108 88 62 48 31 18 14 24 11 15 36 77 90 118 125 116 116 122 123 120 127 129 143 130 132 140 139 153 139 146 145 147 155 167 157 157 170 173 161 167 82 
17 16 8 21 25 11 22 42 29 40 33 30 21 8 5 4 5 3 2 3 3 5 3 2 5 4 4 4 4 4 4 6 5 11 7 4 7 10 11 12 6 7 4 2 5 15 32 29 25 29 27 27 41 43 37 41 54 57 56 65 71 68 62 72 68 66 79 77 80 81 84 88 90 90 87 85 80 84 85 85 82 85 88 87 80 98 87 83 91 92 88 87 85 89 88 100 97 96 91 89 89 88 88 89 89 96 85 85 88 95 77 84 91 101 99 96 96 104 100 79 95 104 101 80 91 81 81 95 83 89 96 90 96 102 93 92 88 88 86 94 98 101 99 80 87 96 101 96 88 87 92 97 82 91 91 103 97 34 44 72 68 44 77 33 69 73 55 37 55 41 56 52 38 62 40 43 35 40 49 83 66 82 55 30 91 59 27 29 43 75 32 47 89 43 68 86 21 55 35 51 41 43 31 82 42 88 102 97 115 107 96 116 118 97 67 42 60 44 58 89 119 125 118 106 119 119 119 123 116 124 124 143 129 127 142 133 163 134 147 142 144 133 146 147 146 157 165 162 186 147 
9 11 4 2 2 2 5 9 2 1 2 15 28 12 5 8 19 6 4 3 2 2 1 1 2 3 2 2 3 3 3 4 3 2 1 3 10 13 7 1 3 7 2 2 11 18 17 22 21 21 20 20 24 26 32 34 40 37 33 38 43 50 53 72 63 54 63 58 69 69 66 80 70 82 78 94 84 91 84 101 83 96 89 90 89 97 98 76 92 94 88 101 91 100 82 87 80 91 84 85 78 84 88 88 72 81 75 83 80 86 76 98 85 93 97 89 88 107 96 88 87 99 94 97 110 95 105 99 98 95 104 87 98 96 97 97 101 83 86 94 86 83 91 85 82 85 90 91 85 83 90 82 94 93 86 92 93 78 63 56 93 79 68 68 90 97 73 72 95 108 74 72 62 81 70 71 71 53 79 94 80 95 70 78 97 59 56 78 46 50 53 76 99 66 82 108 55 66 59 85 61 86 60 55 49 90 92 103 104 86 85 105 104 103 101 94 113 109 119 105 97 118 105 102 132 130 119 120 122 110 120 128 125 132 131 134 147 132 139 141 137 146 153 165 164 173 184 177 148 178 
3 5 3 2 9 29 50 72 52 48 51 31 25 10 4 8 18 6 4 4 1 6 35 30 2 3 4 2 3 4 4 5 4 6 4 2 2 3 4 4 4 2 2 8 12 9 10 10 16 12 14 15 9 12 22 23 28 23 14 12 12 23 18 29 35 37 38 26 34 33 29 42 27 43 34 38 31 34 27 47 29 42 32 35 41 33 42 23 34 38 35 54 38 49 28 30 31 63 77 85 74 74 72 61 40 51 64 84 80 84 81 94 43 36 46 46 42 55 43 58 40 45 45 54 55 43 59 35 47 38 63 43 56 46 59 60 70 89 89 74 46 39 61 81 80 77 80 84 83 80 82 86 72 41 62 88 56 62 91 73 47 52 50 73 32 41 46 43 79 37 70 45 67 51 65 57 65 48 71 76 68 101 101 47 38 61 85 92 69 89 84 91 77 48 80 42 74 45 63 69 72 70 86 45 80 78 63 90 98 102 116 106 102 89 91 110 77 61 69 91 91 107 99 70 97 80 75 86 108 73 95 86 97 117 88 114 93 107 99 114 103 130 112 117 108 120 141 136 109 171 
5 3 3 5 14 44 52 60 77 79 88 62 29 19 18 20 19 22 22 31 26 41 110 102 17 13 9 3 2 2 2 1 1 2 2 3 4 4 3 2 2 2 3 7 9 6 8 5 12 9 12 12 6 10 17 20 26 23 13 8 5 10 8 14 19 24 30 26 31 31 28 39 25 41 34 40 35 35 29 50 33 44 37 41 50 35 49 29 38 40 40 59 42 52 31 32 33 59 74 71 65 64 63 51 35 43 61 77 75 69 69 81 40 32 40 42 35 42 30 50 31 33 34 50 48 39 55 29 43 34 51 29 41 31 45 46 55 75 79 67 41 35 55 70 77 75 75 77 79 77 73 83 53 23 55 87 42 41 84 74 25 26 26 59 25 37 33 31 38 23 32 26 43 51 38 38 39 27 77 78 79 74 75 17 26 64 73 69 78 101 80 84 64 34 46 24 57 28 43 38 40 33 42 35 45 40 37 63 73 81 94 83 96 102 90 98 56 39 43 85 92 85 89 40 65 51 57 49 65 37 55 44 53 70 43 68 44 61 52 66 55 84 73 83 80 86 92 83 91 171 
2 1 4 13 20 33 41 45 67 46 57 88 65 51 67 57 33 55 75 77 83 57 75 86 29 34 27 12 13 21 16 7 4 4 2 1 1 2 3 3 1 5 5 4 7 7 7 5 8 7 9 9 7 10 11 12 18 18 14 10 7 8 9 12 14 17 25 34 44 48 49 56 48 56 53 54 53 51 53 62 60 59 60 62 69 55 69 56 58 57 58 67 58 61 52 57 56 62 68 55 57 55 59 52 48 51 62 62 63 61 64 72 66 65 69 69 67 74 59 75 64 64 66 73 68 66 71 59 66 62 82 58 71 63 74 76 82 68 71 72 62 63 73 64 69 76 75 71 75 77 72 70 70 62 69 70 55 71 72 72 60 63 47 79 51 67 53 50 65 60 75 57 63 66 59 59 67 55 70 68 73 65 83 58 54 57 54 60 73 71 66 79 73 58 51 61 66 50 56 64 60 64 58 68 54 62 64 86 92 83 81 80 88 90 81 97 86 76 64 74 85 85 89 54 79 72 83 84 98 77 90 83 87 102 75 104 84 95 89 104 90 97 98 116 119 118 115 106 116 165 
1 2 6 26 39 43 61 53 71 63 65 69 54 41 63 41 18 32 56 45 59 47 71 95 31 38 39 17 14 25 23 17 17 30 24 16 7 2 1 3 3 5 4 5 6 6 7 6 6 7 5 5 8 10 9 8 12 15 16 19 16 10 8 8 13 17 17 21 30 35 42 42 44 40 43 49 53 49 59 52 68 53 62 61 62 56 65 64 58 57 60 54 57 51 58 59 53 53 62 50 57 48 50 48 60 59 61 50 54 60 56 47 58 63 62 65 68 70 59 60 65 65 65 69 68 76 65 78 73 79 84 64 74 72 77 77 75 79 77 76 77 89 90 62 60 74 75 68 72 80 77 81 72 78 72 68 79 70 71 72 65 77 66 80 67 68 67 77 76 74 72 69 77 78 76 74 71 61 55 57 67 73 61 76 67 62 49 56 75 64 65 75 69 62 67 70 60 66 64 72 69 68 77 64 76 77 69 74 82 79 81 92 79 75 78 86 79 83 95 89 83 95 91 96 103 101 100 104 105 105 105 110 100 105 93 114 112 107 110 120 105 113 119 127 127 127 132 141 127 133 
2 3 6 17 25 26 33 38 31 31 30 30 39 32 49 23 13 14 33 36 54 39 60 86 23 30 27 14 12 14 13 17 23 56 67 44 22 13 6 5 5 4 3 3 4 4 5 5 5 5 5 6 6 6 5 6 7 8 9 12 14 10 7 7 10 16 15 16 20 26 30 32 37 40 43 47 41 51 52 48 63 44 53 52 52 51 54 54 51 51 54 52 53 50 52 52 49 48 52 47 47 44 45 45 48 47 49 42 46 60 58 57 56 53 61 51 48 53 55 59 63 65 69 68 80 75 75 77 76 84 82 76 78 80 82 81 77 73 71 68 64 67 68 57 60 84 76 72 75 76 73 76 73 75 71 71 81 82 76 74 70 73 71 73 72 83 74 78 69 96 87 86 84 77 76 79 77 74 68 59 68 66 53 58 55 59 46 51 61 57 55 61 60 55 60 62 59 63 62 65 66 64 68 64 74 77 73 73 76 73 77 87 84 82 82 80 78 82 87 83 79 88 90 97 101 104 101 104 101 98 99 112 112 105 101 105 115 106 105 126 123 119 121 123 122 121 123 126 130 124 
9 6 5 8 10 10 14 20 9 8 7 12 23 20 29 16 9 7 16 26 28 27 30 37 14 30 22 10 8 10 10 13 19 38 48 37 26 19 13 11 8 6 5 5 4 3 3 4 4 5 6 7 5 4 5 6 7 6 6 7 8 9 8 8 9 13 13 14 15 18 18 19 26 35 36 30 30 46 42 39 60 54 55 56 57 58 59 60 60 62 64 65 66 64 63 66 69 68 71 70 67 67 65 63 61 60 65 61 66 68 52 55 61 44 56 77 80 74 68 70 77 80 78 73 82 69 76 72 71 74 73 72 71 71 72 70 66 69 65 57 50 48 47 43 78 76 63 65 72 71 74 82 82 83 82 81 82 83 79 77 76 79 81 82 80 74 75 74 81 87 88 89 98 86 84 88 84 80 77 71 74 61 52 50 41 46 47 50 54 53 49 53 55 53 54 55 56 56 56 57 58 57 55 58 62 66 66 68 68 66 70 77 80 79 76 69 66 67 69 70 74 82 86 88 91 93 90 91 90 85 87 99 104 95 107 96 106 106 99 110 107 111 109 107 106 107 109 110 131 109 
15 12 11 12 13 11 22 21 17 14 11 22 24 20 22 24 14 12 12 28 18 22 16 11 17 48 26 9 8 11 9 10 16 15 15 16 16 13 10 11 8 6 6 7 5 3 3 4 3 3 4 5 4 3 5 6 6 6 5 5 6 6 7 7 7 8 9 11 12 12 11 11 15 21 21 16 22 34 30 32 88 126 118 120 122 124 127 128 128 127 127 130 134 134 130 132 137 136 141 141 136 136 142 147 142 137 142 137 145 107 48 42 60 50 67 119 148 157 159 152 149 147 139 141 140 123 131 126 128 119 113 110 104 100 97 93 88 93 83 70 63 64 63 56 67 62 70 68 71 64 67 71 68 66 67 68 67 64 64 62 62 66 69 69 67 62 68 57 81 64 85 93 106 95 96 104 106 107 107 104 95 68 51 54 41 41 45 47 48 46 43 46 49 48 48 48 49 49 49 50 51 50 50 51 54 57 57 59 61 60 64 70 71 70 68 63 59 59 62 66 72 79 83 82 84 85 81 87 90 88 90 97 100 95 104 81 91 107 107 107 104 97 97 100 104 107 103 98 107 77 
21 20 21 23 25 19 30 25 28 27 22 33 27 24 21 26 19 21 16 27 23 15 12 11 19 57 28 15 17 14 8 7 16 8 4 6 8 5 6 7 6 5 5 6 5 4 4 4 3 2 3 3 3 2 3 3 3 3 4 4 3 4 5 5 4 4 5 7 8 8 7 7 8 10 9 10 15 19 18 25 101 183 184 185 186 188 189 190 187 180 176 179 188 189 180 176 176 176 181 180 172 171 180 190 182 175 181 175 184 127 49 31 44 46 60 92 128 163 193 193 194 207 214 217 204 193 199 194 202 192 185 182 178 176 173 167 160 165 156 143 136 141 142 134 69 72 95 70 74 75 74 79 73 68 66 65 61 57 54 53 53 57 59 59 56 55 58 47 71 54 77 78 86 82 85 96 109 125 131 123 124 107 84 76 53 43 38 38 39 38 35 38 41 41 40 40 40 42 43 45 46 45 46 49 51 54 53 54 57 57 60 64 64 66 69 72 73 72 73 76 78 84 88 87 89 90 86 90 95 97 97 100 102 99 105 78 80 101 106 104 101 98 97 97 98 92 80 69 63 43 
25 26 26 27 29 25 30 26 31 32 27 31 24 23 20 18 19 28 22 21 23 8 10 19 17 54 33 34 39 21 8 6 17 10 5 7 6 4 7 6 6 4 5 5 5 5 5 6 5 4 3 3 4 5 2 2 1 1 2 1 1 2 2 2 2 2 3 3 4 4 4 4 4 5 5 5 7 7 8 12 59 121 127 127 127 127 127 126 122 114 110 111 117 117 111 106 104 103 107 105 99 97 101 105 100 97 102 99 105 79 37 23 24 27 33 36 53 79 105 115 131 160 179 184 171 171 173 170 181 180 183 185 190 198 202 198 193 194 197 191 184 185 187 182 65 60 73 43 59 74 75 80 82 86 88 85 79 73 74 73 76 81 85 85 83 81 79 77 69 69 78 77 97 98 96 95 103 125 128 96 100 105 89 73 47 34 24 24 24 24 22 25 26 26 25 25 26 28 29 30 30 29 32 34 35 38 37 37 39 40 42 44 43 45 51 57 61 60 59 60 61 65 68 67 69 70 67 69 72 76 76 76 76 76 78 62 58 66 70 67 63 70 65 58 52 46 38 32 32 27 
25 25 24 24 26 26 27 30 28 26 25 29 26 24 27 17 25 35 32 29 20 21 13 22 15 42 32 43 45 22 8 5 14 7 6 7 5 5 8 7 6 5 6 6 6 5 5 6 6 6 5 5 6 8 4 3 2 1 1 1 1 2 1 1 1 1 2 1 2 1 1 2 2 3 3 1 2 1 3 2 8 19 15 15 15 15 15 15 13 10 8 8 9 9 8 8 8 8 9 9 8 8 8 8 8 8 10 9 12 18 19 17 17 17 20 24 26 26 24 25 36 53 62 70 69 73 72 73 77 82 88 92 101 111 118 117 114 112 122 125 119 116 117 116 32 19 24 16 29 39 40 42 53 68 79 84 87 89 87 91 96 99 101 103 105 106 99 104 61 73 84 108 155 170 169 156 154 171 149 56 34 37 34 29 20 15 8 8 8 8 7 8 9 9 9 8 9 9 10 10 9 8 10 10 10 12 12 12 13 13 14 15 14 13 14 17 18 18 18 18 19 20 22 21 22 22 21 24 27 28 29 28 27 28 24 23 19 19 21 19 17 15 11 7 7 11 17 22 26 26 
23 24 24 24 27 26 24 34 28 22 25 34 32 25 30 21 29 35 35 43 18 50 15 12 8 18 16 23 21 13 8 4 8 4 5 6 5 5 7 6 6 5 6 7 7 5 5 7 6 6 6 6 6 6 4 3 2 2 2 1 1 1 2 2 1 1 1 1 1 1 1 2 2 1 1 2 1 1 2 1 1 1 2 2 2 2 2 2 3 3 3 3 3 3 3 3 3 3 4 4 4 5 6 7 7 7 7 6 7 11 12 13 16 16 16 22 22 19 16 12 9 9 10 9 8 9 10 16 13 11 12 13 14 16 17 16 15 17 24 27 26 26 28 28 19 14 20 19 16 12 18 19 23 30 37 47 61 72 70 77 81 79 76 78 83 81 77 87 38 36 52 89 136 163 177 178 186 208 171 43 8 4 3 5 4 4 3 3 3 3 2 2 2 2 2 2 2 2 2 2 2 1 2 2 1 2 2 2 2 2 2 2 2 2 2 2 2 2 2 2 2 2 2 2 2 2 1 2 2 2 2 2 2 2 1 3 2 2 3 2 2 3 4 7 11 18 28 37 31 30 
26 28 27 25 27 28 28 40 37 28 31 37 30 15 15 15 19 17 19 42 21 66 18 8 9 9 12 15 14 17 14 6 13 7 7 6 6 6 6 7 7 5 5 6 6 6 6 15 10 6 5 4 4 3 1 2 2 2 2 1 1 2 6 7 4 2 2 2 2 2 2 2 1 1 1 3 2 1 2 1 2 1 2 2 2 2 2 2 2 2 2 2 2 2 2 3 2 2 3 3 4 5 5 6 6 6 7 5 5 9 11 9 9 9 6 5 7 8 10 10 6 4 5 5 4 3 8 20 12 5 6 5 5 6 6 6 6 5 7 8 8 9 10 10 9 11 13 18 17 16 28 20 17 14 13 15 18 23 49 58 63 60 57 60 70 77 76 84 41 7 3 4 8 17 28 41 61 83 76 27 7 6 4 5 3 2 3 3 3 3 2 2 2 2 2 2 2 2 2 2 2 1 2 2 1 2 2 2 2 1 1 2 1 2 3 2 2 2 2 2 2 2 2 2 2 2 2 3 2 2 3 3 2 3 2 3 2 2 2 2 6 10 15 22 27 30 34 37 34 32 
26 29 29 27 29 29 28 34 36 27 24 22 21 11 7 12 12 8 12 20 15 38 14 9 14 11 11 11 12 19 15 4 12 9 8 6 6 7 6 10 12 8 6 5 5 6 7 34 20 7 4 4 3 2 2 2 3 3 3 2 2 3 12 16 9 4 4 4 4 2 1 1 1 1 2 2 2 2 1 1 2 1 2 1 1 1 1 1 1 2 2 2 2 2 3 3 3 2 3 3 3 4 4 4 4 5 7 6 7 5 6 6 4 4 2 2 3 2 1 3 3 3 3 4 5 3 12 37 22 5 4 4 4 5 6 8 8 8 9 9 9 10 10 9 12 15 10 14 16 14 13 20 18 17 17 15 12 9 6 10 15 16 18 20 27 29 29 39 35 7 3 3 3 4 3 4 6 7 7 4 2 3 2 2 2 2 2 2 2 2 2 2 1 1 1 1 1 1 1 1 1 1 2 2 1 2 2 2 2 2 2 1 1 1 1 1 2 2 2 1 1 2 2 2 2 2 2 3 2 2 2 2 2 2 2 2 2 5 7 9 20 25 32 38 39 36 35 36 33 31 
26 24 21 21 21 16 14 16 14 9 8 10 10 7 9 9 13 11 11 12 17 20 14 13 18 22 24 20 24 25 18 6 9 6 6 6 5 7 9 11 16 13 9 8 7 6 9 41 32 7 4 4 3 1 2 5 2 2 1 1 3 1 9 16 11 6 7 8 7 4 2 2 2 2 2 2 2 2 2 1 1 2 2 1 1 2 2 1 2 2 1 1 1 2 2 4 4 3 3 3 3 2 1 2 3 2 4 5 4 3 3 2 2 3 3 3 4 2 2 5 2 5 5 3 3 3 20 75 42 2 2 2 2 2 3 5 5 5 7 7 9 11 9 9 9 10 8 6 5 4 3 6 5 3 3 3 3 4 2 4 5 8 23 6 3 3 2 3 4 1 5 4 3 2 3 3 3 3 3 3 3 2 1 2 2 2 3 3 2 1 2 2 1 1 1 1 1 1 2 1 2 2 1 1 2 2 2 1 1 2 2 1 1 2 2 2 4 2 1 1 2 3 2 1 2 2 1 2 2 1 2 2 2 3 3 6 11 18 23 27 30 30 31 32 33 32 30 28 28 28 
15 13 12 12 12 10 10 11 12 9 8 10 14 13 15 19 23 22 23 20 22 22 18 19 23 23 30 23 23 22 15 5 10 7 6 6 5 6 7 8 8 7 6 6 5 5 8 36 29 8 5 5 4 3 13 20 7 3 2 2 2 3 6 10 10 15 12 8 8 6 4 3 3 4 4 2 1 2 2 1 1 2 2 2 1 2 2 2 3 2 1 2 4 5 4 3 2 2 2 2 2 1 2 3 4 5 7 4 2 3 3 3 2 3 3 2 2 2 3 4 6 19 15 4 3 7 60 156 61 4 2 2 2 1 1 2 2 3 4 4 6 7 6 5 5 5 3 2 2 2 2 3 3 4 4 3 3 3 3 3 3 18 46 9 1 4 3 3 4 2 3 2 1 2 2 1 1 1 2 2 2 2 2 2 1 1 2 1 1 2 2 1 1 2 2 2 2 2 2 2 1 2 1 1 1 2 3 3 1 1 1 1 2 2 1 1 1 1 1 1 1 2 1 1 1 1 1 2 2 3 5 6 8 12 23 26 28 29 29 31 34 33 33 32 32 31 30 29 31 31 
6 5 6 7 7 7 7 9 13 16 19 22 24 23 21 26 25 24 23 22 22 20 18 21 23 20 21 15 17 18 12 4 10 7 6 6 4 4 4 4 4 5 5 5 5 4 8 33 27 8 5 4 2 2 15 21 7 2 2 2 1 4 4 6 6 16 11 6 6 5 3 2 2 3 5 4 3 4 4 4 3 3 3 3 2 2 1 1 1 1 1 1 2 1 1 1 1 1 1 2 2 2 2 2 2 6 9 4 3 4 4 3 2 2 2 2 2 3 3 3 7 23 18 4 3 5 69 168 52 4 4 3 2 2 2 2 2 2 3 2 4 6 4 4 3 2 2 1 1 2 3 1 2 3 2 3 6 4 1 3 3 38 89 16 2 2 3 3 1 1 1 2 1 2 2 2 1 2 2 2 2 1 2 1 1 1 1 1 2 2 2 1 1 1 2 1 1 1 1 1 1 2 1 1 2 2 1 1 1 2 1 1 0 1 1 1 1 2 2 2 1 1 2 4 4 2 2 2 3 15 27 25 29 30 32 32 31 29 29 31 33 34 33 32 30 30 31 31 33 33 
8 10 12 14 17 22 23 21 24 27 26 26 24 23 20 24 19 20 17 19 19 17 17 20 20 17 18 15 22 25 17 5 12 7 6 6 5 4 4 4 5 5 6 6 5 5 9 34 25 7 5 3 2 2 4 7 2 2 2 2 1 3 7 9 4 8 7 6 9 6 4 2 2 4 5 4 3 4 6 6 5 6 11 12 10 10 7 5 6 6 7 6 3 1 2 2 2 2 2 2 3 2 3 2 2 7 9 5 5 5 3 2 2 2 2 2 3 2 2 3 4 9 8 3 3 2 38 108 40 4 4 3 2 2 2 1 2 2 2 2 3 6 4 3 3 2 2 3 2 2 3 2 2 4 2 5 15 12 4 3 2 70 174 32 2 3 1 1 1 6 1 1 1 1 1 1 1 1 2 3 2 1 2 2 2 4 1 1 1 1 1 1 1 2 2 1 1 1 1 1 1 1 1 1 1 1 1 2 2 1 1 2 3 2 3 3 2 3 6 6 10 12 16 22 20 8 5 3 4 19 31 27 30 27 27 30 33 34 34 33 32 29 30 30 30 31 32 33 34 33 
13 17 18 18 22 25 23 20 22 22 21 20 19 21 18 23 19 21 20 19 19 19 19 21 21 20 20 17 23 23 14 3 7 6 6 6 5 5 5 4 5 6 5 6 5 5 9 37 26 7 5 4 2 2 1 2 1 3 3 3 2 3 14 18 7 5 6 7 14 9 5 3 4 5 6 4 4 4 6 6 5 7 13 17 20 25 24 22 23 23 24 21 13 9 11 15 17 17 16 17 16 16 12 9 12 14 9 5 4 4 3 2 2 2 2 2 3 2 1 3 2 4 4 2 4 3 26 97 56 4 2 2 2 2 1 0 1 2 2 1 3 5 5 4 4 3 3 3 2 2 2 2 2 3 2 4 14 11 3 4 3 55 144 24 2 1 5 5 1 5 1 3 2 2 2 2 2 2 2 4 4 3 8 6 7 13 17 19 13 9 12 13 11 9 8 7 7 7 7 6 7 8 6 5 5 4 3 3 3 3 3 5 7 15 24 26 20 22 28 28 31 30 33 32 28 10 6 14 11 20 25 23 32 30 31 33 35 35 32 28 24 26 28 29 31 31 31 31 32 32 
22 24 23 20 23 22 20 22 27 29 27 27 27 29 28 28 25 27 26 25 25 26 26 27 27 27 25 22 24 20 13 5 10 5 4 4 4 5 5 4 4 4 4 4 4 4 7 38 27 7 5 4 2 1 2 1 1 2 2 2 1 3 14 18 8 5 6 7 12 7 4 3 3 4 5 5 5 5 6 5 5 5 9 13 17 25 26 24 28 28 26 25 24 23 24 26 26 26 25 24 23 23 19 19 27 24 10 5 3 3 3 2 2 2 2 2 2 2 1 2 2 3 3 2 4 3 20 96 71 4 3 2 1 2 5 4 2 2 2 2 3 6 5 5 5 3 2 2 2 2 2 1 1 2 1 2 7 5 1 3 4 32 103 17 4 3 3 2 9 32 8 2 1 1 1 3 4 4 4 9 14 16 20 13 9 16 26 32 21 14 22 27 26 26 23 22 24 25 23 23 27 28 23 20 19 16 8 4 6 7 8 9 10 20 32 34 27 26 29 28 32 30 29 25 25 11 10 31 26 29 31 30 38 36 30 29 29 29 29 27 25 27 28 30 31 30 29 27 29 29 
12 12 12 10 10 11 12 17 21 19 15 14 14 15 15 13 12 12 12 11 11 12 12 12 12 12 12 10 11 8 6 4 8 5 5 4 4 5 5 4 4 4 3 5 5 4 6 26 22 6 4 4 3 2 4 3 2 2 1 2 1 3 10 14 8 6 6 6 8 6 5 4 4 5 5 6 6 5 5 5 5 6 12 14 16 23 24 22 26 27 24 27 30 30 29 30 30 30 29 29 28 28 24 23 30 25 8 4 3 3 3 2 2 2 2 2 2 3 2 2 2 3 2 2 3 2 14 65 48 4 4 2 1 4 13 13 4 2 2 2 3 5 5 5 4 3 2 1 1 2 2 2 2 3 3 3 3 3 4 2 2 26 118 24 3 2 2 2 13 41 17 8 8 8 10 13 17 18 16 14 22 24 21 15 12 17 30 35 26 19 28 33 32 32 30 30 32 32 29 28 31 32 26 24 24 20 17 16 13 10 11 17 25 29 33 33 28 26 28 27 29 28 29 24 31 19 21 34 31 31 32 33 34 30 28 27 27 29 32 34 34 29 29 30 30 29 28 27 28 28 
6 6 8 7 6 5 6 14 20 15 10 8 8 9 11 7 9 9 9 9 8 7 7 7 7 7 6 6 7 4 5 6 9 8 7 7 6 7 7 6 6 5 4 6 6 4 5 12 14 5 5 7 8 7 6 6 5 5 5 7 3 5 10 15 9 9 8 10 9 10 11 11 11 11 12 13 13 12 11 11 11 13 18 18 17 23 25 23 25 26 27 29 28 26 26 27 26 27 27 27 27 28 27 24 26 20 5 3 3 3 2 2 1 1 1 1 1 2 1 2 1 2 2 2 2 2 12 35 21 2 3 2 1 3 9 10 3 1 2 2 3 4 3 4 2 3 2 1 1 2 1 2 2 2 2 2 2 2 3 1 3 15 90 19 3 2 3 2 9 28 18 15 16 16 17 18 20 20 17 13 19 19 13 13 17 19 24 28 24 20 24 27 26 26 26 27 27 26 24 24 26 27 23 23 25 22 21 23 20 14 14 21 29 31 30 28 26 27 28 27 26 27 29 24 34 22 22 34 35 30 29 31 30 29 30 29 28 29 30 30 29 29 29 29 29 29 29 30 27 27 
5 6 6 6 6 5 6 10 14 12 9 8 8 9 10 8 9 9 10 9 9 9 8 7 7 7 6 6 7 7 7 7 9 8 8 8 6 6 7 6 7 6 7 9 9 7 7 9 10 6 7 9 9 9 6 7 6 6 6 8 6 6 7 9 7 6 5 7 6 7 8 8 8 8 9 9 9 8 7 8 8 10 12 11 11 13 14 13 14 14 15 17 17 14 14 15 15 15 15 15 15 15 16 14 15 12 6 4 5 4 3 3 2 2 1 1 1 2 2 2 1 1 2 2 2 3 8 14 7 2 2 2 3 3 4 4 2 2 2 2 3 3 2 2 2 2 2 2 1 1 1 1 1 1 2 2 1 2 2 1 2 9 52 11 6 5 6 5 8 14 13 14 14 13 13 13 11 13 13 11 14 15 12 12 17 17 15 17 17 16 16 16 16 16 16 16 14 14 15 18 21 22 22 23 24 22 21 23 24 23 22 23 25 26 25 23 23 25 25 24 28 23 25 22 20 12 17 30 34 28 25 29 28 26 29 28 27 28 28 26 24 26 27 27 28 28 27 27 26 27 
6 7 6 6 7 7 7 7 8 8 8 8 8 8 8 7 7 7 7 7 8 9 8 7 7 8 7 6 8 9 9 8 10 8 9 9 7 7 8 9 9 8 9 10 10 10 10 10 9 9 9 10 10 10 9 9 9 8 8 9 10 10 8 8 7 6 5 6 6 6 5 4 4 5 5 4 4 3 3 3 3 4 4 4 4 5 5 5 4 4 3 5 6 5 5 5 5 5 4 4 4 5 5 5 6 5 5 4 4 4 4 4 3 3 3 2 3 4 4 4 3 2 2 2 2 3 4 4 3 2 1 2 2 2 2 2 2 2 1 1 2 2 1 1 1 2 3 2 1 1 1 2 1 1 1 1 1 1 2 1 1 7 31 9 11 9 9 9 9 10 11 11 12 12 12 11 10 11 13 10 12 14 14 13 14 14 12 13 13 13 13 13 12 11 11 10 10 10 12 16 18 19 20 21 21 20 21 23 25 26 26 24 23 24 24 23 24 25 25 23 30 25 25 17 7 3 10 22 32 30 26 29 28 26 28 27 26 27 28 26 24 25 25 26 26 26 25 25 25 26 
9 9 7 8 8 8 9 8 8 9 9 9 9 9 9 8 8 8 8 8 8 9 10 11 12 12 10 9 10 11 11 10 12 11 12 12 10 10 11 11 11 10 10 11 10 10 12 9 10 11 11 11 12 12 11 11 11 10 10 11 12 12 11 11 10 9 9 10 10 9 8 8 8 8 8 6 6 5 5 4 4 4 4 4 4 5 4 4 3 2 2 1 2 2 2 2 2 2 1 2 2 2 2 3 3 2 2 2 2 3 3 3 3 3 3 3 3 4 5 5 5 4 2 2 2 2 2 2 2 2 1 1 1 1 1 1 2 2 1 1 2 2 1 1 1 4 6 5 4 3 2 2 2 1 1 1 1 1 2 2 1 5 17 11 14 14 14 13 12 12 12 13 14 14 14 13 12 13 13 11 12 13 14 14 13 13 15 14 13 13 14 14 14 13 13 14 16 18 18 21 23 24 25 26 26 25 26 27 27 27 27 27 27 28 27 27 28 30 29 28 28 31 31 11 5 4 4 17 31 34 30 30 29 29 28 29 29 30 30 30 30 29 29 28 28 28 29 29 29 29 
11 11 8 10 10 11 12 11 10 10 11 12 12 12 11 11 11 11 11 11 11 11 12 14 16 15 13 13 13 13 12 12 13 13 15 14 12 11 12 12 13 12 12 11 9 9 12 10 12 13 12 10 10 11 11 11 10 10 10 11 11 13 12 12 12 12 12 13 12 11 11 11 11 11 11 11 11 11 11 10 10 10 10 10 11 11 10 9 8 7 6 6 6 4 3 3 3 2 2 1 1 2 2 2 2 2 1 1 1 1 1 1 1 2 2 2 2 2 2 4 4 3 2 2 2 1 1 1 1 2 1 1 1 1 1 2 2 2 2 2 2 2 1 1 2 7 11 9 8 7 5 5 5 4 4 4 4 4 5 7 7 10 14 15 19 20 19 19 18 18 18 18 19 20 18 17 19 18 16 18 17 18 19 19 18 18 19 19 18 18 17 16 16 16 17 20 23 24 23 24 27 28 28 29 29 29 29 29 27 26 27 28 29 27 26 26 28 29 29 28 23 31 32 9 5 6 3 13 26 31 28 27 25 27 26 28 30 30 29 30 31 30 30 28 28 28 29 30 29 29 
12 12 9 12 12 11 11 11 10 9 10 11 11 11 11 11 11 11 11 11 11 11 12 13 13 13 12 12 12 11 11 11 12 11 12 13 11 11 11 10 12 12 12 11 8 8 11 10 11 12 12 11 11 11 11 11 11 11 12 12 12 14 14 13 13 13 14 14 11 12 12 13 13 13 13 14 14 15 16 16 15 15 16 16 17 16 15 14 13 13 13 14 14 11 8 7 6 5 3 2 2 2 2 2 2 2 1 2 2 2 1 2 2 2 2 2 2 1 2 2 3 2 1 2 1 1 1 1 1 2 2 2 2 1 2 2 2 2 1 1 2 2 1 1 1 6 9 8 8 8 6 8 8 7 7 7 7 8 9 12 13 15 16 18 20 18 18 18 18 18 18 19 24 25 22 21 24 23 20 22 23 23 23 22 21 21 21 22 22 21 19 16 15 16 17 18 19 19 18 16 15 16 16 17 17 17 18 19 17 17 17 18 19 18 17 18 19 19 19 19 16 21 23 7 5 6 3 10 19 21 19 19 18 19 17 18 20 19 18 19 20 21 20 20 20 20 20 20 19 19 
10 9 7 10 11 8 8 9 8 7 7 8 7 7 8 8 8 8 7 8 8 9 8 8 8 8 8 8 8 8 8 9 11 7 8 9 9 9 9 8 6 7 8 7 6 6 8 8 8 9 10 11 11 10 8 7 7 8 9 9 8 9 9 9 8 8 9 9 9 9 9 10 10 9 9 7 7 8 9 9 8 8 8 8 9 8 8 7 8 8 9 12 13 10 8 7 7 6 4 3 3 2 2 2 2 2 1 1 2 2 2 2 1 1 1 1 2 2 2 2 1 1 1 1 1 1 1 2 1 2 1 2 2 1 2 2 1 1 1 2 2 3 3 3 1 4 5 5 5 5 5 5 5 5 5 5 5 5 5 6 8 6 8 6 8 7 7 7 7 8 8 8 8 8 6 6 8 8 8 9 11 10 9 8 8 9 8 9 9 9 8 7 7 7 7 7 6 5 6 6 6 6 6 7 7 7 8 8 7 8 8 8 8 9 10 10 11 11 11 11 12 11 13 8 5 4 4 10 14 13 13 14 13 13 12 13 14 14 13 13 13 13 14 14 14 14 14 13 13 13 
9 9 8 10 11 9 9 10 10 9 8 8 9 9 9 9 9 8 7 8 8 9 8 8 8 9 9 10 9 8 8 9 10 8 8 9 7 7 8 7 7 7 7 8 7 7 9 7 6 6 6 7 6 5 7 6 6 7 8 8 7 8 8 8 7 7 7 7 8 8 8 8 7 7 7 7 7 7 8 7 7 6 6 7 7 7 6 7 6 3 3 3 3 2 2 3 3 3 3 3 3 3 2 2 2 2 2 2 3 2 2 2 2 2 2 2 2 2 2 2 2 2 3 2 2 2 3 3 3 3 2 3 3 3 3 3 2 3 3 4 5 5 6 6 4 5 6 6 5 6 6 8 8 8 8 8 7 7 9 7 8 6 8 8 9 10 10 11 11 11 10 10 10 10 8 8 9 11 10 9 10 10 8 7 8 10 10 9 9 9 10 11 11 11 12 12 9 9 10 11 10 10 10 10 11 11 11 9 8 9 10 10 9 9 10 11 11 11 11 11 15 10 12 12 10 7 9 13 14 11 11 14 12 12 13 14 14 14 13 13 13 12 13 14 14 14 13 12 13 13 
13 15 14 15 16 13 12 13 13 11 11 12 12 13 13 13 13 12 11 12 12 11 12 13 13 13 14 15 14 11 12 14 15 15 16 14 12 13 15 17 17 15 14 14 14 14 15 19 18 17 16 15 14 14 17 15 14 15 16 15 13 13 15 14 13 14 13 11 11 11 11 10 9 9 8 6 6 6 5 5 5 5 5 5 5 5 6 7 7 6 5 5 5 4 4 3 3 3 3 4 4 4 4 5 6 7 7 7 7 8 9 9 10 10 11 11 10 10 10 10 10 11 12 11 9 9 11 11 10 11 10 11 11 11 12 12 10 9 10 10 9 9 9 9 9 8 9 10 9 9 11 11 11 12 12 11 11 11 14 12 11 10 11 15 12 13 14 14 14 14 14 13 11 11 11 10 9 11 13 13 14 13 12 12 12 14 15 14 14 14 15 16 15 14 15 15 13 13 14 14 14 14 14 14 15 16 16 14 13 13 15 15 14 13 13 15 14 14 13 14 15 11 13 14 14 12 14 14 13 11 11 13 12 12 11 10 10 10 10 10 9 10 10 10 10 10 10 10 10 10 
9 12 12 11 11 11 12 13 12 10 11 12 11 11 11 12 12 12 11 14 13 12 14 16 16 14 13 15 16 15 19 25 28 26 26 24 24 29 40 46 24 18 15 13 12 11 12 10 11 11 10 9 10 12 15 13 12 13 13 11 9 7 9 9 8 8 8 6 8 8 8 7 7 8 8 8 8 7 7 7 6 6 7 7 7 7 8 10 11 9 9 11 12 12 11 12 13 13 14 15 15 14 14 14 15 17 18 18 19 21 23 24 26 29 31 32 31 31 32 33 33 31 30 36 34 30 31 31 30 32 32 33 31 31 33 33 30 28 28 26 22 19 18 17 19 15 17 20 19 18 22 18 19 21 21 20 19 17 15 16 13 14 10 18 10 13 14 15 16 16 16 15 14 14 16 15 11 12 16 15 14 13 14 14 13 13 13 14 15 15 13 11 11 11 11 12 12 11 10 10 11 11 11 11 12 13 13 11 9 10 11 12 11 11 12 13 12 11 11 12 12 10 11 8 9 10 9 8 10 8 9 10 9 9 9 8 8 9 10 9 8 10 9 9 8 9 9 10 9 9 
12 11 10 9 9 9 9 9 10 10 10 8 7 7 8 9 9 8 7 9 9 8 8 10 10 8 8 8 6 6 7 10 12 11 12 13 16 26 43 56 29 15 8 8 10 10 8 6 7 7 7 7 7 7 7 8 9 9 9 9 10 12 11 10 9 9 10 11 12 10 7 6 7 7 7 6 6 7 8 8 9 10 10 10 11 12 14 14 13 12 12 12 13 13 14 13 11 11 11 13 15 17 16 16 16 16 16 16 16 16 16 15 16 16 17 18 20 20 19 19 19 20 20 23 25 26 26 26 28 30 32 31 30 29 28 28 28 32 32 30 29 28 28 28 29 30 30 31 31 30 30 32 31 31 30 30 28 27 25 22 20 19 20 19 17 16 17 18 18 18 17 16 14 15 15 14 14 14 15 14 14 14 14 14 14 15 16 15 14 14 13 11 11 11 11 12 11 9 9 11 11 11 11 11 11 10 11 11 10 10 10 10 10 9 9 10 10 10 10 10 10 11 11 10 8 8 10 9 9 10 10 10 10 9 9 9 9 9 9 9 9 9 9 9 9 8 8 9 8 9 
21 21 22 22 23 24 25 24 23 23 24 25 22 20 21 22 23 22 20 19 18 16 17 19 19 17 18 17 15 13 13 13 13 14 14 13 12 15 20 23 16 11 8 7 8 8 7 10 11 12 12 12 13 14 13 14 14 14 13 12 13 15 14 13 12 11 11 12 14 13 12 12 12 11 10 10 10 10 11 11 12 11 9 9 9 10 10 10 12 14 14 14 14 14 14 13 12 12 12 13 15 17 16 16 16 17 17 16 16 15 14 14 14 15 16 18 17 15 14 14 15 15 15 15 17 19 21 23 24 26 23 23 25 27 29 31 31 34 34 34 35 36 37 38 32 32 31 31 31 32 32 31 31 31 29 28 27 25 19 18 18 18 18 17 17 18 18 18 18 18 18 17 15 15 14 14 13 15 16 16 16 15 15 16 16 16 16 15 15 14 13 12 12 12 12 13 12 10 11 11 11 11 11 10 10 9 10 10 9 9 9 9 9 9 9 9 9 9 9 9 10 12 14 14 11 10 9 10 10 10 11 11 10 10 9 9 8 8 8 8 9 9 9 9 9 9 9 9 9 10 
37 37 38 38 38 37 37 38 37 36 36 39 42 43 44 45 45 45 44 41 37 35 36 39 38 36 37 38 38 37 36 34 33 34 36 35 31 30 31 30 36 38 39 37 35 35 36 31 33 35 36 36 37 38 36 36 37 36 34 33 34 34 34 32 31 30 28 28 27 27 28 29 29 27 25 25 25 24 24 24 24 23 21 21 20 20 19 19 18 16 16 15 15 14 14 13 12 12 12 13 13 13 13 12 12 13 13 12 12 13 13 12 12 12 14 15 14 13 12 12 12 13 13 11 12 14 15 14 14 14 14 15 18 22 25 26 26 29 29 29 29 29 29 30 34 32 30 30 30 32 34 34 34 33 32 30 29 28 24 25 25 25 24 23 24 23 22 22 22 22 22 22 20 19 18 16 16 17 18 18 17 17 17 17 17 18 17 17 16 16 15 14 14 14 12 12 13 12 12 12 12 11 11 10 9 9 10 10 9 9 9 9 9 9 9 9 9 9 10 10 11 13 15 14 11 9 9 9 9 10 10 10 9 9 10 10 9 8 8 9 10 10 9 9 10 10 10 9 10 10 
31 31 32 32 32 32 35 42 44 41 39 39 43 44 45 44 45 45 45 44 42 41 42 44 43 41 42 43 45 47 48 47 46 44 48 50 48 48 48 47 39 42 45 44 42 42 43 46 47 48 47 46 46 47 44 45 47 46 46 46 47 46 46 45 44 43 41 41 43 43 45 47 47 44 42 42 42 41 41 41 40 41 42 41 40 39 38 37 37 38 38 38 38 38 38 37 36 36 35 33 32 30 29 30 30 30 30 30 29 28 26 24 21 21 21 22 23 22 21 21 22 23 22 20 20 22 21 20 18 18 19 21 24 26 28 29 29 30 30 29 29 28 28 29 33 31 30 29 29 31 32 35 35 34 33 32 31 30 32 33 32 30 28 28 29 29 29 28 28 28 28 27 24 22 20 18 17 18 19 18 17 17 17 17 18 17 16 17 16 16 15 15 15 14 12 12 13 13 13 13 12 12 11 10 10 10 10 10 10 10 9 9 9 9 9 9 10 11 12 13 13 13 13 11 10 10 10 9 9 9 9 9 9 9 12 11 11 10 10 11 11 11 9 9 10 12 12 10 12 12 
25 27 29 30 31 31 35 43 46 43 40 40 41 41 40 40 40 40 41 43 42 41 42 43 43 42 41 41 42 42 43 43 42 41 45 45 43 44 45 44 42 44 45 46 45 45 45 44 46 46 45 43 42 42 40 42 44 44 43 44 45 43 44 45 45 44 43 43 46 45 45 47 48 46 45 45 45 45 45 45 45 46 48 47 46 45 44 43 42 41 41 41 41 41 41 42 44 44 43 41 39 37 37 38 38 39 39 38 38 39 38 35 32 31 31 32 33 32 31 32 33 33 31 31 33 34 33 33 33 34 31 31 31 31 32 31 32 31 31 31 32 33 34 35 32 31 31 31 30 30 30 32 32 32 32 32 31 30 31 31 29 26 25 26 29 32 32 32 31 29 26 24 21 20 18 16 15 16 17 16 16 16 15 16 16 15 14 15 15 14 13 13 14 13 11 11 12 13 13 13 13 12 12 11 11 11 11 11 10 10 10 10 10 10 11 10 11 11 13 13 14 13 12 11 10 11 12 11 11 11 11 11 11 11 12 12 13 13 12 12 12 12 10 10 11 13 13 12 13 13 
34 35 37 38 39 37 37 41 42 40 39 41 42 41 41 40 40 40 41 42 42 41 41 42 42 41 41 41 39 39 39 39 40 39 42 41 39 39 41 42 43 41 41 42 43 43 41 42 44 44 44 42 42 42 42 43 44 43 42 42 42 40 42 44 45 45 44 44 45 43 41 42 43 43 43 43 43 44 44 45 45 45 45 44 44 44 44 43 43 43 42 42 42 41 41 42 44 45 46 45 43 42 41 41 42 42 42 42 41 39 37 36 34 34 34 35 35 34 34 35 36 35 34 36 38 38 37 36 37 39 36 34 33 32 31 31 32 31 31 31 32 33 34 35 32 33 33 33 32 31 30 31 31 31 31 31 31 30 29 29 28 26 26 28 30 31 30 29 26 23 20 18 16 16 15 14 14 15 16 15 15 14 14 14 15 15 14 15 15 14 13 14 13 13 12 11 12 13 13 13 13 13 12 12 13 13 13 13 12 12 11 11 11 12 12 12 11 11 11 12 12 12 12 12 11 11 11 12 12 12 12 12 12 12 12 12 13 14 13 12 11 13 11 11 12 14 14 13 13 14 
40 40 40 40 40 39 38 38 37 36 37 40 39 38 38 37 37 37 37 37 37 37 37 37 37 37 37 37 36 36 37 38 39 37 39 39 37 38 41 42 40 38 37 38 39 39 38 39 40 41 41 40 39 40 40 42 42 41 39 39 39 38 39 40 41 42 41 42 44 41 39 40 42 43 43 43 43 43 44 44 45 44 43 43 43 43 43 44 44 44 44 43 43 42 42 42 42 43 43 43 43 42 40 39 39 40 40 39 39 37 36 36 36 37 38 38 38 38 37 38 40 39 37 39 41 40 38 36 35 36 36 36 35 35 35 35 35 36 36 35 34 33 33 33 34 34 33 33 32 31 31 32 32 32 32 31 30 29 30 30 30 30 31 31 31 27 25 22 20 17 15 15 14 15 16 15 15 15 16 15 15 15 15 15 15 15 15 17 17 15 14 14 14 12 13 12 12 14 14 14 14 14 13 13 13 14 15 15 14 13 13 13 13 12 12 12 11 11 10 10 10 11 11 12 11 11 10 12 12 12 11 12 12 12 12 12 13 13 13 12 11 13 13 13 13 14 14 13 13 15 
40 40 39 39 39 39 39 39 40 40 39 39 38 38 38 38 37 37 36 37 38 38 38 37 37 38 38 38 39 39 39 39 39 36 39 38 35 36 39 39 37 37 37 37 38 38 38 37 38 39 37 36 35 35 36 37 38 37 36 36 37 37 38 38 39 39 39 39 40 38 38 39 40 41 41 41 41 41 41 41 41 41 41 41 41 41 41 41 41 41 41 42 42 42 43 42 40 40 39 38 37 37 36 36 36 37 37 36 36 35 35 36 37 38 38 37 37 37 36 38 39 38 36 36 37 39 38 36 34 34 33 34 35 36 36 36 35 36 36 35 34 33 33 33 34 33 32 30 30 31 31 32 32 32 30 29 27 26 27 28 29 30 30 28 25 22 20 17 16 15 16 16 16 17 17 16 15 15 15 16 16 16 16 16 16 16 15 17 16 14 13 13 13 13 15 14 13 15 15 16 16 15 13 13 13 14 14 14 14 13 12 12 12 11 11 11 12 11 11 10 12 12 11 11 11 11 11 12 13 12 12 12 12 13 12 12 12 12 12 11 11 14 14 14 14 14 14 14 13 15 
38 39 39 40 40 39 39 40 42 43 42 40 40 41 41 42 41 40 40 41 41 42 41 41 40 41 41 41 43 43 42 40 39 38 39 38 36 36 38 38 37 38 38 38 38 38 38 39 40 39 37 36 36 36 37 38 38 38 38 39 40 40 40 39 39 39 39 39 40 39 39 39 39 39 38 38 39 39 39 38 38 37 37 38 38 39 39 39 39 39 40 40 40 39 38 37 36 35 35 35 33 33 33 33 34 34 34 34 34 33 33 34 35 35 35 34 33 33 33 33 34 33 32 30 32 34 34 32 31 31 29 30 31 32 33 33 33 32 31 31 31 32 33 33 33 31 29 28 29 30 31 32 31 28 26 24 23 22 21 21 22 24 23 21 18 18 16 15 15 16 17 18 17 18 18 17 15 14 15 17 16 16 16 16 16 15 14 15 14 12 11 13 13 14 16 15 14 15 15 16 16 15 13 12 12 12 13 13 13 13 12 11 11 11 11 11 11 12 12 12 14 14 12 11 11 12 12 13 14 13 13 12 12 12 12 12 12 12 11 11 11 12 13 13 12 12 13 12 11 13 
38 38 40 40 39 38 38 39 40 41 41 41 41 42 42 43 43 42 42 41 40 40 40 39 39 39 38 40 43 44 43 41 38 39 39 38 38 38 40 41 39 38 38 38 37 37 37 41 40 39 39 39 40 41 41 40 40 40 40 41 42 42 41 41 40 40 40 40 44 43 43 41 40 40 39 39 40 41 41 40 40 39 39 39 40 40 40 40 40 40 40 39 36 33 31 31 30 30 33 34 32 33 33 32 33 33 33 33 33 33 33 33 34 34 34 34 34 33 33 32 32 31 31 29 30 32 31 29 28 29 30 30 30 31 32 32 33 31 31 31 30 30 31 33 30 29 28 29 30 30 30 29 27 23 21 19 18 18 17 17 17 18 18 18 17 15 15 15 16 16 16 16 17 18 18 17 16 15 15 16 15 15 15 14 14 13 13 14 14 12 12 14 15 15 16 15 14 14 13 13 14 13 12 11 11 11 11 12 13 13 12 12 12 11 11 11 11 11 12 12 12 12 12 12 12 12 12 12 13 13 12 11 11 11 10 10 11 11 10 10 10 10 11 11 10 11 11 10 9 10 
38 38 40 40 39 39 40 41 41 41 41 40 41 41 42 42 42 42 41 41 41 41 40 40 40 40 40 41 43 43 42 41 39 40 40 39 39 40 41 42 40 39 38 38 38 38 38 41 40 40 40 40 40 41 39 39 39 38 38 39 40 41 41 40 40 40 39 40 42 42 43 42 42 41 41 42 42 42 42 43 42 42 42 42 40 40 39 39 38 36 35 33 31 30 29 30 30 30 33 34 32 33 34 34 34 34 34 34 35 35 35 34 34 33 33 32 33 33 33 32 31 30 30 29 30 31 30 29 29 29 30 31 32 32 31 30 29 31 30 30 29 29 29 30 28 28 30 31 31 28 26 23 21 19 17 16 16 16 16 16 16 17 17 17 16 15 15 15 15 15 14 15 17 17 17 17 16 15 14 14 14 14 13 13 12 12 12 14 15 14 14 15 15 15 15 13 12 12 11 10 10 10 10 10 10 10 10 10 11 11 11 10 10 11 10 10 10 10 10 11 11 11 11 11 11 11 11 10 10 10 9 9 10 11 10 10 10 10 9 9 9 9 10 10 9 10 10 9 8 9 
38 39 40 40 39 40 41 41 41 41 40 39 39 40 40 41 41 40 40 42 43 43 42 42 41 41 41 41 41 41 40 40 39 40 40 40 40 40 41 42 40 40 39 39 39 39 39 39 40 40 41 40 40 39 41 40 40 39 39 40 40 40 40 40 39 39 39 39 39 40 41 42 42 42 41 40 40 40 40 42 43 42 41 39 36 34 33 33 32 30 29 28 29 31 32 32 31 30 33 34 32 33 34 35 35 34 34 34 34 34 34 34 32 31 30 30 31 31 31 31 30 30 30 29 30 31 30 30 30 31 29 29 30 31 30 29 27 27 27 26 27 27 28 28 27 27 29 29 26 22 19 18 17 16 15 15 15 15 14 15 15 16 16 15 15 16 16 15 15 14 13 13 15 15 15 15 14 14 13 14 14 13 13 13 13 12 12 14 15 14 12 13 13 13 12 11 10 11 10 10 10 10 10 10 10 10 9 9 10 10 9 9 9 10 10 10 10 10 10 10 10 10 10 10 10 10 10 9 9 9 8 8 9 10 10 10 10 9 9 9 9 8 9 9 8 9 9 8 9 10 
39 39 41 40 39 39 39 40 40 41 40 40 38 38 39 39 39 39 38 41 42 42 42 41 41 41 40 40 39 38 37 37 38 39 39 39 39 40 40 40 40 40 40 40 40 40 40 38 39 40 41 40 39 38 41 41 40 39 39 39 40 39 39 39 39 39 39 39 37 38 40 41 41 41 41 38 37 37 38 39 41 40 36 34 31 29 29 29 29 28 29 30 31 33 34 34 31 31 34 34 32 33 34 33 33 33 33 32 32 32 31 31 30 29 29 28 28 28 29 29 30 32 32 31 30 30 30 30 31 31 29 28 29 28 27 26 25 23 23 23 24 26 26 26 28 27 25 22 19 16 14 15 15 15 14 15 15 15 14 14 15 15 15 14 15 16 16 15 15 14 13 13 13 13 13 13 12 12 12 13 13 13 13 12 12 12 12 12 12 11 10 9 9 10 10 9 9 11 11 11 12 11 11 10 10 10 10 11 12 11 11 11 12 12 12 12 11 11 11 11 11 10 11 12 12 11 11 10 10 10 9 9 8 9 9 9 9 9 9 9 10 9 10 10 10 10 10 10 10 10 
39 39 41 41 39 38 37 38 40 41 41 41 39 39 40 40 40 40 39 39 40 40 39 39 39 38 40 39 38 37 37 37 38 39 39 40 40 41 41 41 40 40 40 40 40 41 41 39 40 41 42 41 40 39 39 39 38 37 37 37 38 39 39 39 39 39 39 39 37 39 41 41 41 40 40 41 39 38 37 36 37 36 35 33 31 30 30 31 32 33 34 34 33 32 31 31 32 32 34 34 32 33 34 33 33 32 32 31 31 30 29 29 29 30 30 30 28 28 28 30 30 31 32 31 30 29 29 29 29 29 29 29 28 28 27 26 26 26 25 25 26 28 28 27 29 25 21 18 16 15 14 14 14 14 14 15 15 15 14 14 15 15 15 15 15 15 15 15 15 14 14 13 12 11 11 11 11 11 11 11 11 11 11 11 11 11 11 10 9 8 8 8 8 8 8 8 10 12 11 12 13 11 10 9 10 10 12 13 14 13 13 13 14 15 14 14 13 13 13 13 12 12 13 14 14 13 13 12 12 12 11 10 9 9 9 10 10 11 12 12 13 11 10 11 12 12 11 11 12 12 
39 40 41 41 40 38 37 38 40 41 41 41 41 41 42 42 42 42 41 42 42 42 41 41 41 41 41 40 40 39 39 40 41 41 41 42 43 43 43 43 40 39 40 40 40 41 41 42 43 43 44 43 43 42 41 40 39 39 38 38 38 39 39 39 40 40 40 40 40 41 43 42 41 39 38 39 37 35 33 31 30 31 32 31 31 31 32 33 33 33 34 35 35 33 31 32 32 32 34 34 32 32 34 34 34 33 33 32 32 31 30 31 31 32 33 33 32 31 31 31 31 31 31 32 30 27 26 26 26 25 24 24 27 29 31 32 32 35 33 32 33 34 32 30 25 21 17 15 16 17 17 15 15 15 15 16 16 15 14 14 15 15 15 15 14 12 13 13 14 13 13 12 11 11 11 10 10 11 11 11 11 10 10 10 10 10 10 9 8 8 9 9 9 9 9 9 10 12 10 10 10 10 9 9 9 10 11 11 12 11 11 12 13 13 13 12 12 12 12 12 11 11 13 14 14 13 12 12 12 13 13 12 12 13 14 16 17 19 20 21 21 17 16 18 19 18 18 19 21 21 
