DOWN
3 3 4 4 4 4 4 3 3 3 4 4 4 4 4 5 6 37 54 17 5 6 6 6 6 6 7 6 6 6 6 7 7 7 7 7 7 8 7 6 6 9 13 21 16 9 6 9 10 6 9 8 8 7 7 7 6 7 7 7 7 7 6 6 6 6 6 7 7 8 8 8 8 8 8 8 8 8 8 9 9 8 8 8 8 8 9 9 9 9 10 10 10 10 10 10 9 8 7 7 9 9 9 10 10 10 10 9 9 10 10 10 10 10 11 12 12 12 12 12 12 13 14 14 14 14 14 14 14 14 14 15 15 16 16 17 18 18 18 18 18 19 18 16 16 16 16 16 16 16 15 15 15 15 15 15 15 14 14 13 12 12 12 12 12 12 12 13 13 14 14 13 13 13 13 13 12 12 12 12 12 12 12 12 12 12 11 11 12 12 13 13 12 12 12 13 13 13 13 13 10 11 12 11 11 11 12 12 11 11 12 13 13 13 12 12 12 12 11 12 12 12 12 11 10 9 9 10 10 10 10 10 9 9 9 9 10 9 9 9 9 9 9 8 8 7 7 7 7 7 
3 3 4 4 4 4 4 4 4 4 4 4 5 5 4 5 6 36 54 17 5 6 6 6 6 6 7 6 6 6 7 7 7 7 7 7 7 7 7 6 6 6 8 16 20 17 10 8 8 7 10 9 8 8 8 7 6 7 7 7 7 7 6 6 6 7 7 7 7 8 8 8 8 8 8 8 8 8 8 8 8 8 8 8 8 8 8 8 9 9 9 9 10 11 11 10 10 10 10 9 10 10 11 12 12 13 13 14 15 16 18 17 17 16 15 15 15 14 14 14 14 14 14 14 14 13 13 13 13 12 12 13 13 13 14 13 13 13 12 12 12 12 12 15 15 14 14 13 13 12 13 13 13 13 13 13 13 14 13 13 12 11 11 11 11 11 11 11 12 12 12 12 12 12 12 12 12 12 11 11 11 11 11 12 12 12 11 11 12 13 13 13 12 11 12 13 13 13 14 14 11 13 14 14 13 13 13 11 11 11 11 12 13 12 12 12 11 11 11 11 11 11 11 11 10 9 9 9 9 9 9 9 9 9 8 8 9 9 8 8 8 8 8 8 8 8 7 7 7 7 
4 4 4 4 4 4 4 4 4 4 4 4 5 5 5 5 6 36 54 17 6 6 6 6 6 7 7 6 6 7 7 7 7 7 7 7 6 7 7 7 8 7 7 8 12 20 21 12 7 8 9 8 8 8 8 8 7 7 7 8 8 8 7 8 8 8 8 7 7 7 7 8 8 8 8 8 8 8 8 8 8 8 9 9 9 9 9 9 10 10 10 11 11 11 11 12 12 12 12 12 11 11 11 12 13 13 14 13 14 14 14 14 13 13 11 11 10 10 10 10 10 10 10 10 11 11 12 12 11 11 11 11 11 11 11 12 13 13 12 12 12 12 12 12 12 12 11 11 11 11 12 12 12 12 13 13 13 13 13 13 13 13 13 13 13 13 13 13 13 13 14 14 14 14 14 14 14 14 13 13 13 13 13 14 14 14 13 13 14 15 16 16 15 15 15 15 15 14 14 13 13 14 15 15 14 14 14 12 12 11 12 12 13 12 12 12 12 11 11 11 11 11 11 11 11 10 10 9 10 10 11 10 10 10 9 9 10 9 9 9 9 9 9 9 9 8 8 8 8 8 
5 5 5 5 5 5 5 4 4 4 4 4 5 5 5 5 7 37 54 17 6 6 6 6 6 7 7 6 6 6 6 6 6 6 6 6 6 6 6 7 8 9 8 7 5 10 21 22 14 9 8 7 7 7 7 8 7 6 7 8 8 8 8 9 9 9 8 8 7 7 7 8 8 9 9 9 9 9 9 10 10 10 11 11 11 11 11 11 12 12 12 13 12 12 12 11 11 10 10 10 10 10 10 10 10 10 10 11 11 10 10 10 10 11 11 11 11 10 10 10 10 11 11 11 12 12 13 13 13 14 14 14 14 14 14 14 15 15 15 15 14 14 14 13 13 13 13 13 13 13 13 13 13 13 14 14 14 14 14 14 14 14 14 14 14 14 14 14 14 14 15 15 14 14 14 14 14 14 13 13 13 13 13 14 14 14 14 14 14 16 16 16 15 15 15 15 14 13 12 12 14 14 13 13 12 13 14 14 13 13 13 13 13 12 13 13 12 12 12 12 12 12 12 12 12 11 10 10 10 11 11 11 11 10 10 10 10 10 9 9 9 9 9 9 9 9 8 8 8 8 
4 5 5 5 5 5 5 5 5 5 5 5 5 5 5 5 7 38 56 18 6 6 6 6 6 6 7 6 6 6 6 6 6 5 5 6 6 6 6 6 7 7 8 7 7 6 10 19 22 17 9 7 6 6 7 7 8 6 7 9 8 8 8 9 9 8 8 8 8 8 8 9 9 9 10 10 10 10 10 10 10 10 10 10 10 10 10 10 10 10 11 11 11 11 11 11 11 11 11 11 10 10 10 10 10 10 10 12 12 11 11 12 14 15 15 15 14 13 13 13 14 14 14 14 13 13 13 13 13 14 14 14 14 14 14 13 12 12 12 12 12 12 12 14 14 14 14 14 14 15 14 14 14 15 15 15 15 15 15 15 14 13 13 12 13 14 13 12 13 13 14 14 14 14 14 14 14 14 14 13 13 13 13 13 13 14 15 15 15 16 17 16 15 14 14 14 14 14 13 13 15 15 14 13 13 14 15 15 14 13 13 14 13 13 13 14 13 13 13 13 13 13 13 12 12 12 11 10 10 11 11 11 10 10 10 10 10 10 9 9 9 9 9 8 8 8 8 7 7 7 
4 4 4 4 4 4 4 5 5 5 5 5 5 5 5 5 7 40 57 18 6 6 6 5 6 6 6 6 6 6 6 6 6 6 6 6 6 6 6 6 6 6 6 7 11 10 6 9 15 20 15 13 10 8 8 9 9 8 10 11 10 9 9 10 9 9 9 8 8 8 9 9 9 9 9 9 9 10 9 9 8 8 8 8 8 8 8 8 9 9 9 9 9 10 10 11 11 12 12 13 12 12 12 11 11 11 11 10 10 10 10 11 12 12 11 10 10 10 10 10 11 12 13 13 13 13 12 12 12 12 12 12 12 12 12 12 14 14 14 14 14 14 14 14 14 14 14 14 14 15 15 15 15 15 15 15 14 14 14 14 14 14 13 12 14 14 13 12 12 13 14 15 16 16 16 15 15 15 15 15 15 14 14 14 14 14 16 16 16 16 17 16 15 14 15 15 15 15 15 15 15 16 16 15 14 14 15 14 13 13 13 15 15 14 14 14 14 13 13 13 13 14 13 12 12 12 12 11 10 10 11 10 10 10 9 9 10 10 9 9 9 9 9 9 8 8 8 8 7 7 
5 5 5 5 5 5 5 5 5 5 5 5 5 6 5 5 7 40 59 18 6 6 6 5 5 6 6 6 6 5 6 6 6 6 6 6 6 7 7 7 6 6 7 8 9 12 11 7 7 12 25 20 15 12 11 11 11 11 13 14 12 10 10 11 11 10 9 8 8 8 7 8 8 8 8 8 8 8 8 8 8 8 9 9 10 10 9 9 10 10 10 11 11 13 12 12 11 10 9 9 11 11 11 11 11 11 11 11 11 11 11 12 11 11 12 12 12 11 12 13 14 13 12 12 12 13 14 14 14 14 13 13 13 13 13 13 14 14 14 14 15 15 15 16 16 16 15 15 15 15 15 15 15 15 14 14 14 13 14 14 15 15 15 15 15 15 14 14 14 14 15 16 16 16 16 16 16 16 15 15 15 14 14 13 13 14 15 14 14 14 14 13 13 14 15 15 15 14 14 14 13 14 15 14 13 12 12 12 12 12 13 15 15 15 14 14 13 13 13 13 13 14 13 12 11 12 12 11 10 11 11 11 11 10 9 10 10 10 10 9 9 9 9 9 9 9 9 8 8 8 
7 7 7 7 7 6 6 6 6 6 6 6 5 6 6 6 8 40 57 18 6 6 6 6 6 6 6 6 6 6 6 6 7 7 7 7 8 8 7 7 7 7 7 7 7 7 7 8 8 7 9 15 19 15 9 7 8 9 8 8 8 9 10 9 9 8 7 8 8 8 9 9 9 8 8 8 8 8 9 9 9 9 8 9 9 9 9 10 10 10 10 9 9 9 9 10 10 11 11 12 12 12 12 12 12 12 12 11 11 11 11 11 11 11 10 10 11 11 12 13 13 12 10 10 11 12 13 13 13 13 13 13 13 13 13 14 15 14 14 13 14 14 14 14 14 14 14 14 14 14 15 16 16 15 15 15 15 14 14 14 14 14 15 15 13 13 13 13 14 16 17 17 17 17 16 16 16 16 15 15 16 16 15 15 15 15 17 16 16 15 14 14 14 13 13 13 13 14 14 14 14 13 13 13 13 12 12 13 13 13 14 15 15 14 13 12 12 12 13 13 13 12 12 12 11 10 10 12 11 9 10 11 11 11 11 11 11 11 9 9 11 11 9 9 9 9 9 8 8 7 
5 6 6 6 6 7 7 7 6 6 7 6 6 7 6 7 9 42 60 19 6 7 7 7 7 7 7 7 6 6 6 6 6 6 6 6 6 6 7 7 8 8 8 7 7 7 8 9 8 8 6 8 12 17 18 14 9 7 8 10 10 8 8 8 9 8 7 7 7 6 6 8 8 8 8 8 8 9 9 9 9 8 8 8 9 9 9 9 9 9 9 9 9 9 8 9 9 9 10 10 10 10 11 11 11 11 11 11 11 11 11 11 11 11 11 11 11 11 11 12 12 12 12 11 12 14 14 13 13 13 13 13 13 13 13 13 14 14 14 14 14 14 14 14 14 14 14 14 15 15 14 14 14 13 13 13 13 14 14 14 14 14 15 15 15 15 14 14 13 13 14 13 13 13 14 15 16 17 16 15 15 15 15 15 14 14 14 14 14 14 13 13 13 13 13 13 13 14 14 14 13 13 13 13 13 13 13 12 12 12 13 13 13 13 11 11 11 11 11 12 12 11 11 11 11 10 10 11 12 12 10 10 11 12 13 12 12 11 10 10 12 12 10 10 10 10 10 9 9 9 
4 5 5 5 6 6 6 6 6 6 7 6 6 7 6 7 9 43 61 19 6 7 7 7 7 7 7 7 7 6 6 6 7 7 7 7 7 7 7 7 7 7 7 9 8 8 9 9 9 9 7 6 7 13 18 16 11 8 8 8 8 8 8 9 9 8 7 8 8 7 7 7 7 7 7 8 8 9 8 8 8 7 7 8 8 8 9 9 9 10 10 10 10 9 9 9 9 10 10 10 10 11 11 11 11 11 12 11 11 11 11 11 11 11 12 12 12 12 12 12 12 12 12 11 12 12 13 12 12 13 13 13 13 13 13 12 12 12 13 13 13 13 13 12 12 13 13 13 14 15 14 14 14 12 12 12 13 14 14 14 15 15 16 16 15 15 16 17 17 18 18 17 17 17 17 17 17 17 17 16 16 16 16 16 15 15 16 16 16 16 16 16 16 16 16 16 16 16 16 16 16 16 16 16 16 16 16 15 14 14 14 15 15 15 15 14 14 14 13 13 13 13 13 13 12 12 12 13 13 12 10 9 10 12 12 11 11 10 9 9 11 11 10 8 8 9 9 8 8 8 
5 5 5 5 5 5 5 6 6 6 6 6 6 6 6 7 9 42 58 18 6 6 7 7 7 7 7 6 7 8 8 8 8 8 9 9 9 9 8 8 7 7 7 7 7 7 7 7 7 6 8 7 6 6 8 12 15 14 10 6 5 7 9 9 8 7 7 8 9 8 8 7 7 7 7 7 7 8 7 7 7 7 7 7 7 7 8 8 9 9 9 9 9 9 9 10 10 10 10 10 10 10 10 11 11 11 12 11 11 11 11 11 11 11 11 11 11 11 11 11 11 11 11 11 11 11 12 12 12 13 13 13 13 13 13 13 12 13 14 15 15 15 14 14 14 14 14 15 16 16 16 16 15 13 13 13 14 15 15 16 16 17 17 18 16 16 17 18 19 19 19 20 20 20 20 19 18 18 18 17 17 18 18 17 16 16 17 17 17 17 18 18 18 18 18 18 18 17 17 17 17 17 17 18 18 18 18 19 17 16 16 17 18 18 19 20 19 17 16 15 15 15 15 15 15 14 14 15 14 13 13 13 13 13 11 11 14 14 12 12 13 14 12 11 11 11 11 10 10 10 
5 5 5 5 5 5 5 6 6 6 6 6 6 7 6 7 9 41 56 17 6 6 6 6 6 6 6 6 7 7 7 7 8 8 8 8 7 8 8 8 9 9 9 8 8 8 8 8 9 9 10 9 8 7 7 10 14 18 14 10 8 7 7 8 8 7 7 7 8 8 8 7 7 7 7 7 7 7 7 7 7 7 7 7 7 7 6 7 7 7 8 8 8 9 9 9 9 9 9 9 9 9 9 10 10 10 11 10 10 10 10 10 10 10 10 10 10 10 10 11 11 11 12 12 13 13 13 13 14 13 13 13 13 12 12 13 14 14 15 16 16 16 16 16 16 16 16 16 17 17 16 16 15 14 14 14 15 14 15 15 15 16 16 17 16 16 16 16 15 14 14 14 15 15 16 17 18 19 18 16 16 16 16 16 15 15 14 14 14 15 15 15 16 15 15 15 15 14 14 14 14 14 14 15 15 15 15 16 15 14 14 14 15 15 16 16 16 15 15 14 14 14 14 14 14 14 14 13 13 15 15 14 13 12 12 13 12 12 11 10 10 11 10 10 10 9 9 8 8 7 
5 5 5 5 6 6 6 6 6 7 7 7 7 8 7 8 10 41 54 17 7 7 7 7 7 7 7 7 6 6 6 6 6 6 6 6 6 6 6 5 5 5 5 7 7 8 8 9 11 12 16 16 16 15 13 9 6 11 17 19 13 7 5 6 8 9 8 7 7 8 7 7 7 7 7 7 7 7 7 7 7 8 8 8 8 8 7 7 8 8 8 8 8 9 10 10 11 11 10 10 10 10 10 11 11 11 11 11 11 11 11 11 11 11 11 11 11 11 11 11 11 12 13 13 13 12 13 13 12 10 10 10 10 10 9 9 9 9 9 10 10 10 10 11 11 11 11 11 12 12 13 14 14 13 13 13 13 12 12 12 13 13 13 13 13 14 14 14 14 13 13 13 13 13 13 14 14 14 14 13 13 13 13 13 12 12 12 12 12 12 13 13 13 13 13 13 13 13 12 12 12 12 12 12 12 12 12 12 11 11 11 11 11 11 10 10 11 11 11 12 12 12 11 11 11 12 11 10 9 8 7 6 6 7 8 9 10 11 9 8 8 9 8 9 9 8 8 8 7 7 
5 5 5 6 6 6 6 6 6 7 7 7 7 8 7 8 9 38 51 16 7 7 7 7 7 7 7 7 7 6 6 6 5 5 5 5 5 5 4 4 3 3 3 3 3 4 4 4 5 6 14 14 14 13 11 7 4 6 10 14 12 7 5 5 7 7 7 5 6 6 6 5 5 6 6 6 6 5 6 6 6 7 7 7 7 7 8 8 8 8 8 8 8 8 9 10 10 11 10 10 10 10 10 10 10 10 10 10 10 10 10 10 10 10 10 9 9 9 9 8 8 8 8 9 8 7 6 6 6 5 5 5 4 4 4 4 3 3 3 3 3 4 4 4 5 5 5 6 7 7 10 11 12 12 11 11 11 11 11 11 11 10 10 10 11 11 11 12 12 13 14 14 13 13 12 12 11 11 11 11 11 11 11 10 10 10 11 11 11 11 11 11 11 10 11 11 11 11 11 11 10 10 10 10 10 10 10 9 9 9 9 9 9 8 7 7 7 8 8 8 8 8 7 7 7 8 8 7 5 3 2 3 5 6 5 5 9 10 9 7 8 9 9 9 9 9 9 9 9 9 
6 6 6 6 6 5 5 6 6 6 7 6 6 7 7 7 8 35 47 14 6 7 7 7 7 7 7 7 7 7 7 7 6 6 6 6 5 5 5 5 5 5 5 6 6 6 5 5 6 7 4 5 4 3 3 5 7 5 4 5 6 8 7 5 4 4 3 2 3 4 4 3 3 4 4 4 5 4 4 5 5 6 6 6 6 6 6 6 6 6 6 6 6 5 6 7 8 8 8 7 7 7 7 7 7 7 7 7 7 7 7 7 7 7 6 6 5 5 4 4 4 4 4 4 3 2 2 2 2 2 2 2 2 1 1 2 2 2 2 2 2 2 2 2 3 3 4 4 5 6 8 10 11 12 11 11 10 11 11 10 10 10 10 10 10 11 10 9 9 9 9 9 9 9 10 10 11 11 11 10 10 10 10 10 10 9 9 9 9 9 9 9 9 8 8 8 8 8 8 8 8 8 7 7 7 7 7 6 6 6 7 7 6 5 5 5 5 5 5 4 4 4 4 4 4 4 4 3 3 2 2 5 11 12 6 3 2 2 2 2 2 3 3 2 3 3 3 3 4 4 
5 5 5 6 6 6 7 6 6 6 7 7 7 7 7 6 8 35 44 15 8 9 8 8 7 7 7 7 7 8 8 7 7 7 7 7 8 8 7 7 7 7 7 7 7 7 8 8 9 9 10 10 10 10 10 10 10 8 8 9 9 10 11 13 10 9 8 8 8 7 7 6 5 6 6 6 5 5 5 5 5 4 4 4 4 4 4 5 5 4 3 3 3 3 3 3 3 3 4 4 3 3 3 3 3 2 2 2 2 2 1 2 2 2 1 1 1 1 1 1 1 1 1 1 1 1 1 1 1 1 1 2 2 2 3 3 4 3 3 3 3 4 6 6 6 9 9 9 6 7 8 8 8 7 7 8 8 8 8 9 9 9 9 9 9 9 9 9 9 9 10 10 10 9 9 8 8 8 7 7 8 7 7 6 6 6 5 5 5 5 5 5 5 5 5 4 4 4 4 4 4 4 3 3 3 3 2 3 3 3 3 2 2 2 2 2 2 2 3 3 3 3 3 2 2 2 3 3 3 3 6 12 20 11 8 2 2 3 3 2 3 2 3 3 3 3 3 4 4 4 
5 5 6 6 6 6 6 7 7 7 7 7 6 6 7 7 8 37 47 16 8 8 8 8 8 8 8 8 7 7 7 7 7 7 7 7 7 7 8 8 8 8 8 8 8 8 8 8 8 8 9 9 9 9 9 9 9 11 11 9 9 10 15 21 18 14 11 11 12 11 8 8 9 9 9 9 8 8 8 7 7 7 7 6 6 6 6 7 7 6 6 6 6 5 5 4 4 3 3 3 2 2 2 2 2 2 2 1 1 1 0 0 1 1 1 1 1 0 1 1 1 1 1 1 1 1 2 1 1 1 1 1 1 2 2 2 1 1 1 1 2 2 3 3 3 3 3 4 3 3 5 5 4 4 4 4 4 4 4 4 4 4 3 3 4 4 4 4 4 4 4 4 3 3 3 3 3 3 3 3 3 3 3 2 2 3 3 3 3 3 3 3 3 3 3 3 3 3 3 3 3 3 3 3 3 3 3 3 3 3 3 3 3 3 3 3 3 3 3 3 3 2 3 4 4 4 3 2 4 6 5 6 6 7 5 3 3 4 4 4 5 5 5 6 6 6 6 7 7 7 
5 5 5 5 5 5 5 6 6 6 7 7 8 8 8 7 8 36 48 17 8 8 7 7 7 8 8 8 8 8 8 8 8 8 7 7 7 7 8 8 8 8 8 8 8 8 7 7 7 7 8 8 9 9 9 9 9 8 8 8 8 8 8 9 17 18 13 9 8 8 10 10 10 10 10 9 9 9 8 8 8 8 8 8 8 8 8 8 8 8 8 8 7 7 7 7 6 6 6 5 5 4 4 4 3 2 1 1 2 1 1 1 1 2 2 2 1 0 1 1 1 1 1 1 1 1 1 1 1 1 1 1 1 1 2 2 1 1 1 1 2 2 2 1 2 1 1 2 2 1 2 2 2 2 2 2 2 2 2 2 2 2 2 2 2 2 2 1 2 2 2 2 2 2 2 2 2 2 2 2 2 2 2 2 2 3 2 2 2 2 3 3 3 3 3 2 2 2 2 2 2 2 3 3 3 3 3 3 3 3 3 3 3 4 4 4 4 4 4 4 3 3 4 5 5 5 6 6 5 5 11 12 3 6 6 10 6 7 7 7 7 8 8 10 9 9 9 9 10 10 
6 6 6 6 5 5 5 6 6 6 7 7 7 7 8 6 7 34 48 16 7 7 7 7 7 7 7 7 8 8 8 8 8 8 8 8 8 8 7 7 7 7 7 7 7 7 7 7 7 6 7 7 7 7 7 8 8 8 9 10 10 9 8 7 9 13 15 12 7 6 8 9 8 8 8 8 8 8 8 8 8 8 8 8 8 8 8 7 7 8 8 8 6 7 7 8 8 8 7 7 7 7 6 5 4 2 1 2 2 2 1 1 1 1 3 3 1 1 1 1 1 2 2 1 2 2 3 3 3 3 3 3 3 4 4 4 5 5 5 5 5 4 3 3 5 8 8 3 2 2 1 1 1 1 1 1 1 1 1 2 2 2 2 2 2 2 2 2 2 2 2 2 2 2 3 3 3 3 3 3 3 3 3 3 4 4 3 3 4 4 4 5 5 4 4 4 4 5 5 5 5 5 5 5 6 6 6 6 6 6 6 7 7 7 7 7 7 7 8 8 8 9 9 8 8 8 11 12 9 7 24 25 9 12 7 12 10 11 10 11 9 11 9 10 10 9 9 9 9 9 
7 7 7 7 7 7 7 8 8 7 7 6 5 5 7 6 7 34 48 16 7 7 7 7 7 6 7 6 6 6 6 6 6 6 6 6 7 7 7 6 6 6 6 6 6 6 6 7 7 7 5 5 6 6 6 6 6 8 7 6 6 8 9 11 7 8 16 19 14 8 5 6 7 7 7 7 7 7 7 7 7 6 6 6 6 6 6 5 5 6 6 5 4 5 5 5 5 4 4 3 3 3 3 3 3 2 1 2 2 2 1 0 1 1 2 2 1 1 1 1 1 3 3 3 4 6 7 8 8 7 7 8 9 10 11 11 12 12 12 12 13 10 6 9 19 34 32 11 2 3 1 1 2 2 2 2 2 2 2 2 2 2 2 2 2 2 2 2 2 2 2 2 2 2 2 2 2 2 2 2 2 2 2 3 4 5 7 7 7 8 8 8 9 10 10 10 10 10 10 10 11 11 11 11 11 12 12 11 12 12 12 13 13 13 13 13 13 13 13 14 14 14 14 15 15 14 12 11 16 18 25 19 19 31 17 12 13 13 11 13 10 12 11 11 10 10 10 9 9 9 
6 6 6 6 6 6 6 6 6 6 6 6 6 6 7 6 7 37 49 17 7 7 7 7 7 7 7 7 7 7 7 6 7 6 6 6 6 6 6 6 6 7 6 6 6 6 7 7 7 7 6 6 6 6 6 6 6 6 5 5 5 6 7 7 6 6 7 10 13 10 6 4 5 5 4 4 4 4 4 4 4 4 4 4 4 3 3 3 3 3 3 3 2 2 2 2 2 3 2 2 2 2 2 2 2 1 1 1 2 1 1 1 1 2 1 1 1 1 1 1 2 3 3 3 5 10 11 13 14 14 15 16 18 19 21 21 21 23 23 25 25 18 11 15 28 59 66 32 6 3 2 2 2 2 2 2 2 3 3 3 2 2 2 2 2 2 3 3 3 3 3 3 2 2 3 3 3 3 3 3 3 4 4 5 6 7 10 10 10 11 11 12 12 13 14 14 13 13 13 13 14 14 14 14 14 14 14 14 14 14 14 15 15 15 16 16 15 14 14 14 14 16 15 13 13 12 12 13 16 13 11 5 9 25 30 19 12 11 11 12 11 12 13 13 13 12 12 12 12 12 
5 5 5 5 6 6 6 5 5 5 6 6 7 7 7 6 8 37 47 16 7 7 7 7 7 7 7 7 7 8 8 7 7 7 7 7 6 6 6 6 6 7 6 6 6 6 6 6 6 5 6 6 6 5 5 5 5 5 5 6 7 6 5 4 5 4 2 2 4 6 6 4 3 3 2 2 2 2 2 2 2 2 2 2 2 2 2 2 2 2 2 2 2 2 2 2 2 3 3 3 3 3 3 3 3 2 2 1 1 1 1 1 1 1 1 1 2 2 2 2 3 4 3 4 10 20 22 25 29 31 33 34 36 39 41 41 41 45 46 48 48 33 17 12 20 55 85 81 23 4 3 2 2 2 2 2 2 3 3 3 3 3 3 3 4 4 5 5 5 5 5 6 6 6 7 7 7 7 7 8 8 9 9 9 10 11 11 11 11 12 12 13 13 13 13 13 12 12 12 12 13 13 13 13 13 14 14 13 13 13 14 14 14 14 14 14 13 13 13 13 14 16 14 11 10 11 12 16 18 18 18 10 6 15 21 15 13 10 11 11 12 11 12 13 12 12 12 12 12 12 
6 6 6 6 7 7 7 7 7 6 6 5 5 4 5 6 8 36 45 14 7 6 6 6 6 6 7 7 7 7 7 7 7 7 7 7 7 7 6 6 6 6 6 5 5 5 4 4 4 4 3 3 3 3 3 2 2 2 2 1 1 2 2 3 2 2 3 2 2 3 4 3 2 2 2 2 2 2 2 2 2 2 2 2 2 2 2 3 3 3 3 3 4 4 4 3 3 3 3 3 3 3 4 5 6 6 6 4 4 3 3 3 4 3 3 3 4 5 5 4 5 5 4 7 22 41 48 50 55 60 61 62 65 67 68 68 69 75 76 76 72 48 25 8 11 42 87 148 52 6 4 3 3 2 2 2 2 2 2 2 3 4 4 5 7 8 9 10 10 10 10 10 11 11 11 11 11 11 11 12 13 13 12 12 12 12 11 11 11 12 12 12 13 14 13 13 12 12 12 11 13 13 13 14 14 15 15 15 14 14 14 14 14 14 13 13 13 13 14 15 17 16 14 14 16 16 13 12 50 109 98 74 40 34 17 8 15 11 11 10 11 9 11 10 10 10 10 10 10 10 
3 3 3 3 3 2 2 3 3 3 3 3 2 2 3 5 5 39 55 17 6 4 5 5 4 4 5 5 4 5 5 5 5 5 4 4 4 4 3 3 3 3 3 2 2 2 2 2 2 2 2 2 2 2 2 2 2 2 2 2 2 2 2 2 3 3 3 3 3 2 2 3 5 5 3 2 2 4 4 3 4 4 4 4 4 4 5 5 6 6 6 7 7 7 7 7 7 7 7 8 8 9 9 9 9 11 11 10 11 9 10 11 9 7 6 4 6 4 4 5 5 5 7 20 69 66 74 78 78 79 80 81 84 86 89 92 91 88 93 103 96 54 40 9 9 40 83 203 100 10 5 4 3 3 3 3 3 3 4 4 3 3 6 10 12 14 15 15 16 13 14 14 13 12 11 11 10 10 11 12 12 11 10 12 14 13 13 14 15 14 14 15 15 16 16 15 16 16 16 15 17 18 20 19 17 16 18 17 16 16 16 16 16 16 15 15 15 14 14 14 14 14 14 14 13 13 14 16 43 87 108 116 128 117 18 10 10 9 10 11 9 10 11 8 8 8 9 8 8 8 
3 3 3 3 3 3 3 2 2 2 2 2 1 1 1 2 2 34 46 10 2 1 1 1 2 2 2 2 1 1 1 1 1 1 1 1 2 2 1 1 1 1 1 1 1 1 1 2 2 1 2 2 2 2 2 2 3 3 3 3 3 3 3 3 3 4 4 4 4 5 5 5 6 8 9 8 7 6 7 8 8 7 7 7 9 10 9 9 9 9 9 9 9 9 9 8 8 9 9 9 9 9 9 8 8 9 8 8 10 10 11 11 7 4 3 2 3 3 7 12 15 14 15 40 90 88 92 99 101 96 96 98 100 103 106 110 116 114 115 119 106 63 48 8 6 25 67 161 101 11 6 5 4 3 4 4 4 3 3 3 5 10 13 12 12 15 10 4 6 7 4 2 2 2 2 2 2 2 2 1 2 3 7 14 17 16 17 17 18 17 16 17 17 17 16 15 16 16 16 15 19 13 9 11 14 16 14 12 12 11 11 10 10 10 9 9 9 9 9 9 9 10 10 10 9 9 10 11 21 41 65 87 110 99 12 7 10 10 11 12 11 10 10 9 9 10 10 10 9 9 
7 7 7 7 6 6 6 7 7 7 7 7 6 6 9 6 4 40 54 11 3 3 2 1 2 2 1 1 1 1 1 1 1 1 1 1 1 1 1 1 1 1 1 1 1 2 2 2 2 2 3 3 4 4 4 5 5 5 5 5 6 6 6 6 6 6 6 7 8 9 10 10 10 11 14 16 13 8 8 12 11 9 8 8 9 10 10 10 10 9 9 9 9 8 9 9 9 9 9 8 11 12 11 10 10 11 10 7 9 9 10 9 6 5 6 8 7 7 16 20 20 20 17 58 97 103 102 105 115 116 117 118 121 123 126 126 122 124 127 129 121 87 77 10 5 13 47 105 95 13 6 5 5 4 5 5 5 6 6 6 11 17 17 12 9 28 31 7 2 2 2 2 2 2 2 3 3 2 3 3 3 6 13 22 23 16 9 10 9 9 8 8 8 7 6 6 6 6 6 6 4 6 8 8 7 5 4 7 8 8 7 7 7 7 7 7 7 7 7 7 7 7 7 7 7 7 7 8 10 14 19 24 35 35 3 3 7 8 10 11 10 9 9 8 8 9 9 8 7 7 
9 9 9 9 9 9 9 10 9 9 9 10 9 8 11 7 8 46 56 21 29 32 15 6 5 4 3 2 2 2 1 1 1 1 1 1 2 1 1 1 2 2 2 2 2 2 3 4 5 5 6 6 6 7 7 7 8 7 7 7 8 8 8 9 8 8 8 9 9 10 11 11 10 9 10 13 13 10 8 7 8 8 8 8 7 8 9 9 9 9 8 8 8 8 8 9 9 9 8 8 8 8 8 8 9 10 9 7 10 9 9 10 10 11 8 7 7 12 40 54 49 47 34 94 125 141 137 131 136 129 129 130 133 135 138 136 129 134 136 138 140 123 127 16 6 8 31 65 74 12 5 5 4 4 4 5 5 4 6 8 8 8 8 6 4 30 52 17 3 3 5 4 4 5 5 5 5 5 5 4 4 4 6 9 7 5 7 7 7 7 6 7 7 7 6 6 6 7 7 7 7 9 8 6 5 7 11 8 8 8 8 9 9 9 9 9 10 10 10 10 10 9 9 9 9 9 8 9 11 14 13 10 13 16 5 5 6 6 8 9 9 9 9 9 9 9 9 8 7 7 
6 7 7 7 8 8 8 7 7 6 7 7 7 6 6 7 15 46 44 26 76 84 35 11 5 4 2 2 2 1 1 1 1 1 1 2 2 2 2 1 1 2 2 1 2 3 4 5 7 7 8 7 7 7 7 7 7 7 7 7 7 7 7 7 8 8 8 8 8 9 9 9 8 7 8 10 13 15 12 7 7 8 9 10 10 10 10 10 10 10 10 10 10 10 10 10 10 10 9 9 9 9 9 8 10 10 10 8 11 10 10 11 11 13 18 20 16 23 70 97 91 85 57 100 115 129 129 122 133 138 138 139 140 144 146 151 158 161 157 156 163 161 177 24 5 7 18 42 45 9 4 4 4 3 3 4 4 3 5 6 6 5 6 7 4 12 19 11 8 8 7 7 7 8 8 8 8 7 8 10 10 9 10 11 10 8 9 9 9 9 9 9 11 11 11 11 11 13 14 14 12 11 10 10 14 16 14 14 14 15 16 16 17 18 19 19 19 20 20 20 20 19 19 20 20 18 18 18 18 19 21 19 21 20 14 12 8 8 8 8 8 9 9 10 10 10 10 10 10 10 
7 7 7 8 8 8 9 9 8 8 8 9 9 8 9 9 16 45 58 49 92 84 30 9 3 2 2 1 2 2 2 2 2 2 2 3 3 3 2 2 2 2 2 2 3 4 5 7 8 8 8 8 8 7 7 7 7 7 7 7 7 7 7 7 8 8 8 8 9 9 10 9 10 10 11 10 11 13 14 13 11 8 8 9 9 9 9 9 10 10 10 10 10 9 9 9 9 9 8 8 10 10 9 8 9 9 7 5 8 8 8 8 7 7 7 7 9 21 78 140 159 153 109 129 147 149 156 155 156 149 149 149 150 152 156 159 164 167 163 163 181 192 220 41 6 6 11 28 28 10 4 4 4 4 4 4 5 7 7 6 6 8 9 9 9 10 9 9 11 10 9 10 12 12 12 13 12 12 11 10 12 12 13 14 14 14 15 15 15 15 15 17 18 17 17 18 19 21 21 21 18 24 26 24 21 18 12 27 30 31 32 32 33 33 36 37 38 38 39 39 40 41 42 43 42 41 39 39 37 33 36 32 31 24 25 22 17 16 13 11 10 9 8 8 8 8 8 8 9 9 
9 9 9 9 9 9 9 8 7 7 7 8 8 8 8 7 8 26 52 51 60 42 12 6 3 2 2 2 2 2 2 2 3 3 3 4 5 5 5 5 5 5 6 5 5 6 7 8 8 8 8 8 8 8 8 7 7 8 8 8 8 8 8 8 8 8 8 9 9 9 9 10 11 11 10 8 7 7 10 13 9 7 6 6 6 6 7 7 7 7 7 7 7 7 6 6 6 6 5 6 5 4 4 3 4 4 3 3 4 5 6 7 6 6 8 9 14 18 40 68 71 81 80 96 144 140 149 150 152 158 157 157 159 161 163 162 157 161 160 164 183 194 227 77 9 5 8 20 21 10 7 8 8 8 8 8 9 10 9 8 8 10 11 9 17 21 19 19 19 16 20 21 19 20 21 21 22 22 23 26 29 28 29 31 32 33 38 38 37 36 36 38 41 40 40 41 44 45 43 41 58 60 45 26 22 33 46 52 53 54 55 57 58 59 62 64 64 65 66 67 68 71 74 74 72 69 67 67 72 71 67 59 58 47 54 45 41 39 32 25 21 18 13 11 9 8 7 7 7 8 
8 8 8 8 7 7 7 7 7 6 7 7 8 8 7 8 8 8 9 6 7 6 4 4 3 3 4 4 4 5 5 6 6 7 7 7 7 7 7 7 8 8 9 8 7 7 7 7 7 6 7 7 7 7 7 7 7 8 8 8 8 8 8 8 7 7 7 7 7 7 6 6 7 6 6 6 6 6 6 5 5 5 6 6 6 5 5 5 5 5 5 5 5 5 5 5 4 4 4 4 5 4 3 4 5 5 4 3 4 4 5 8 11 14 21 27 44 41 43 52 44 39 47 73 158 155 163 161 157 161 161 160 162 164 166 170 173 176 170 168 176 173 207 118 15 4 8 17 20 11 12 14 14 14 14 15 16 15 17 19 20 21 23 22 24 26 28 34 38 34 38 42 41 42 43 46 48 50 50 51 52 52 53 58 58 56 56 55 52 50 50 52 56 63 64 66 67 67 64 60 65 55 38 28 37 56 67 69 70 73 76 81 85 87 88 88 89 91 92 93 94 96 97 96 94 89 87 89 90 83 85 89 100 82 86 68 73 73 64 53 46 37 28 23 19 15 11 10 9 10 
7 6 6 6 7 8 8 8 7 7 7 8 8 8 8 8 8 8 8 8 8 8 8 8 8 8 8 8 8 7 8 8 8 8 8 8 7 8 8 7 7 7 7 7 7 8 8 8 7 6 7 7 7 7 8 9 8 8 8 9 10 9 8 7 7 6 6 5 5 5 5 6 6 6 6 7 8 7 8 8 7 7 8 8 7 7 7 6 6 7 7 7 7 8 9 7 7 7 6 7 4 5 8 12 17 18 16 10 11 13 15 16 17 18 22 22 26 50 97 116 86 59 51 64 113 160 159 152 157 163 168 167 162 158 160 164 171 180 173 166 169 154 136 137 34 5 10 16 12 7 10 13 15 17 21 22 19 18 23 22 27 37 36 39 44 50 59 64 64 64 65 66 67 68 69 70 71 72 71 70 70 73 76 79 78 76 75 76 80 88 93 91 85 83 93 94 86 83 99 122 62 23 27 68 93 81 72 100 105 104 104 106 107 108 109 112 114 113 112 112 114 114 113 112 114 117 122 125 124 119 117 118 119 116 108 105 106 100 96 96 95 85 74 64 51 36 25 18 12 9 
6 7 7 7 8 7 7 8 8 7 7 6 6 6 7 7 7 7 7 7 7 7 8 8 8 7 7 7 7 7 8 8 8 8 8 8 8 9 9 8 7 8 8 8 8 8 8 9 9 9 9 8 8 8 8 8 7 8 7 6 6 5 4 3 4 5 8 9 9 10 12 13 12 11 11 9 9 8 9 11 11 11 11 12 13 14 14 15 15 15 14 14 14 12 13 13 14 13 12 17 28 42 73 106 97 50 16 9 10 12 13 14 15 17 16 18 23 31 50 77 100 106 97 95 118 150 156 157 154 149 154 157 161 165 173 173 166 170 167 173 184 170 138 90 40 15 11 11 10 8 12 10 10 13 16 16 14 29 54 77 83 79 78 91 86 82 84 84 83 84 85 87 87 88 88 90 91 92 93 94 94 95 94 96 96 104 115 105 103 102 97 97 107 119 112 102 111 124 85 37 17 52 101 108 68 64 99 121 122 121 121 122 123 125 124 126 131 133 135 138 142 142 140 137 135 133 135 135 136 135 134 134 137 134 127 126 133 129 126 125 123 115 108 108 98 84 68 51 36 27 
10 9 8 8 9 9 8 9 9 10 9 9 9 10 10 9 9 9 9 9 9 9 9 9 8 8 8 7 7 7 8 8 8 8 8 8 8 8 8 8 7 8 8 8 7 7 7 7 8 8 9 8 7 7 7 7 7 8 7 7 8 9 10 10 10 11 15 16 15 16 18 19 20 21 22 24 26 28 28 28 30 29 28 28 33 34 29 30 31 31 31 34 37 40 37 35 38 35 36 52 60 45 40 42 33 16 6 10 11 13 13 14 16 17 19 22 24 22 22 40 78 104 102 94 96 114 137 151 159 162 158 154 152 150 148 154 168 162 154 159 168 153 125 116 85 48 25 16 14 12 21 18 19 20 19 20 25 21 49 114 149 138 132 134 133 127 117 109 108 109 111 111 111 112 114 114 115 116 114 112 116 114 111 111 118 121 117 116 124 130 122 124 136 131 127 128 106 60 31 30 74 123 106 66 68 109 141 138 136 136 136 137 139 140 142 146 148 147 145 145 148 151 153 152 151 153 155 156 156 155 155 156 158 156 150 149 154 154 155 155 150 146 142 140 139 135 128 114 97 85 
17 14 10 9 9 9 10 10 10 11 12 11 12 12 11 11 11 11 11 11 11 10 10 10 10 10 9 9 9 9 9 9 9 9 9 9 9 9 9 9 8 9 9 9 8 7 7 7 7 7 8 7 7 7 7 8 8 8 9 10 12 15 18 20 29 30 27 31 37 41 40 44 48 49 47 45 45 47 46 43 46 47 47 49 52 54 56 57 55 52 52 58 64 61 56 59 63 45 25 25 18 12 10 11 9 7 10 9 10 10 10 10 11 13 15 15 16 19 21 30 51 82 103 109 104 107 123 133 134 134 134 141 149 155 153 149 148 141 136 144 159 161 140 92 64 36 21 16 15 14 15 20 27 25 18 22 42 57 83 156 204 200 194 171 159 149 133 125 125 127 127 127 127 127 128 128 130 130 127 127 131 130 124 125 135 140 135 137 139 143 149 148 145 151 114 80 43 22 39 101 185 95 47 58 124 178 158 150 150 149 149 150 152 154 157 161 163 161 158 157 159 163 165 165 165 165 167 167 168 168 168 170 172 172 168 166 163 166 172 171 166 165 169 161 157 156 156 157 159 159 
26 22 18 14 12 9 8 9 9 9 8 8 8 8 9 9 9 9 9 9 9 9 9 10 10 10 10 9 9 10 10 10 10 10 10 10 10 10 10 10 11 10 10 11 10 10 9 9 8 8 7 7 8 9 11 13 15 20 25 29 30 30 33 38 43 45 47 54 62 67 67 68 70 71 71 70 70 70 76 82 81 84 87 86 82 75 69 77 82 83 81 80 82 85 88 103 106 60 16 4 4 4 7 10 8 6 8 8 8 8 8 9 10 11 12 11 12 16 17 18 22 47 84 121 136 142 154 160 155 149 150 154 159 153 140 131 121 104 80 61 51 46 43 42 26 21 23 26 29 35 36 49 68 71 60 71 109 202 202 227 232 210 204 182 163 154 143 140 143 144 142 141 142 143 143 143 144 144 146 150 153 150 142 140 151 155 152 161 154 155 175 168 132 84 50 26 38 93 172 166 64 32 64 156 192 160 154 164 166 164 165 167 168 169 169 172 176 177 177 178 181 180 178 177 175 171 169 166 170 178 180 180 180 180 181 179 170 172 182 186 181 182 191 188 182 176 172 174 182 190 
38 38 36 32 25 17 12 10 8 7 8 8 8 8 8 8 8 8 8 8 8 9 9 9 9 9 9 8 8 8 8 8 8 8 8 8 9 8 8 9 9 9 9 8 8 8 8 8 8 8 8 10 12 15 19 23 26 28 34 43 49 52 58 67 71 80 95 97 89 82 82 84 86 92 100 103 97 87 84 84 76 69 64 56 46 42 51 67 88 105 109 103 95 89 87 92 94 61 22 9 13 7 5 5 6 5 5 5 6 6 7 7 8 9 10 12 16 19 18 18 21 32 56 94 121 129 133 131 130 131 128 122 112 95 79 65 47 45 42 40 44 52 60 62 56 63 72 72 76 93 108 117 139 163 172 186 212 240 244 251 233 198 180 169 162 160 160 162 164 164 162 161 161 161 161 161 161 162 165 169 170 165 157 153 157 160 168 188 179 159 141 99 56 28 39 67 136 177 137 57 25 69 152 205 171 148 175 174 171 169 170 172 173 174 179 180 180 174 165 160 160 160 160 165 169 173 177 177 183 191 193 194 190 190 192 190 172 171 185 195 190 191 199 191 193 194 193 191 194 197 
45 47 49 49 45 37 30 22 17 13 13 14 14 12 12 12 12 12 12 12 12 12 11 11 10 10 9 9 8 8 8 8 8 8 7 7 7 6 6 7 7 7 7 7 7 8 9 11 13 14 18 22 28 34 39 44 49 66 70 74 81 89 97 101 92 89 97 107 115 116 115 119 123 123 120 101 69 41 26 18 15 12 9 6 5 4 5 8 14 21 25 23 18 8 7 6 7 6 3 3 4 4 3 5 6 6 5 7 8 10 12 14 16 18 18 25 35 41 47 58 69 67 70 83 91 88 79 70 69 73 77 81 82 81 81 88 105 104 106 111 117 126 133 124 133 140 137 131 131 136 138 141 154 173 192 203 207 203 222 225 218 206 184 177 171 171 175 175 173 171 172 173 173 173 173 173 173 173 173 173 173 172 170 168 168 173 183 170 143 101 62 37 33 68 117 178 165 83 31 20 97 175 196 165 157 181 190 178 175 173 173 174 176 178 184 186 181 172 161 153 150 154 160 168 176 185 193 195 197 200 203 201 197 194 199 196 177 170 185 202 199 196 201 190 198 205 207 209 213 220 
42 43 45 49 53 54 55 50 37 26 21 19 16 12 14 15 15 15 16 16 16 16 16 15 14 12 12 11 11 11 11 11 11 11 10 9 7 7 7 8 8 8 8 10 11 12 15 20 26 30 37 45 55 64 70 76 82 81 67 52 46 43 38 32 33 28 25 47 92 126 130 112 101 102 102 79 43 16 6 4 4 4 3 4 6 7 6 4 4 5 6 5 4 7 9 9 11 14 16 21 22 29 32 30 29 31 32 33 38 45 51 57 62 67 76 86 91 88 94 102 99 89 82 78 84 94 95 93 101 116 124 130 134 141 153 160 154 147 149 157 161 156 153 152 165 163 161 177 183 166 175 190 199 198 205 220 227 232 226 177 165 180 172 174 176 178 182 178 172 170 173 175 175 174 173 173 173 173 173 173 174 179 185 190 189 174 124 84 59 43 35 56 108 175 186 128 58 28 48 117 190 171 175 188 203 193 170 183 186 186 185 187 189 190 187 188 190 190 188 189 192 199 203 205 208 206 203 199 199 202 205 203 197 194 199 202 191 179 196 217 215 208 216 218 221 221 218 219 228 241 
47 48 48 48 47 47 46 48 50 47 37 25 17 13 14 17 15 12 11 13 15 16 16 16 16 15 14 12 12 12 11 10 12 14 11 8 8 7 7 9 10 10 10 14 19 24 30 39 50 57 70 73 79 85 94 102 107 82 32 8 5 6 6 7 7 6 5 6 10 17 21 15 8 7 4 8 6 7 7 8 10 10 10 15 11 16 19 20 27 30 44 39 47 56 55 66 60 74 78 74 80 101 95 92 86 106 104 117 105 142 140 137 148 155 157 180 173 176 185 172 185 202 200 203 192 234 207 209 209 215 213 223 221 232 196 218 228 207 200 188 190 182 179 173 182 159 156 164 196 174 181 252 231 219 230 211 218 201 188 169 185 186 179 178 179 176 166 185 175 180 187 187 182 189 195 182 175 178 177 185 179 177 192 176 138 83 61 55 53 81 120 184 215 165 81 31 30 62 184 191 180 198 175 189 175 191 194 181 190 187 187 191 196 201 196 196 193 185 190 201 205 206 201 193 195 206 212 206 209 210 205 217 211 209 225 222 207 208 233 233 223 229 224 228 237 247 238 240 252 244 
47 48 48 49 49 49 48 52 56 59 58 50 39 30 19 15 12 11 14 16 15 15 17 17 16 14 13 14 14 14 16 15 10 8 11 13 12 12 13 14 17 20 22 26 28 29 29 31 35 39 30 28 24 20 17 14 14 13 11 9 8 8 9 11 8 9 14 15 16 18 19 22 29 36 42 40 44 49 53 62 57 65 74 61 86 72 82 90 97 102 107 112 121 144 148 150 146 166 154 163 151 180 168 188 191 199 224 192 226 220 232 232 235 239 249 238 252 228 227 233 242 238 223 246 225 250 227 246 229 242 238 240 236 242 245 229 226 230 232 223 228 230 203 220 219 212 215 216 225 219 241 194 203 223 203 214 193 183 193 204 204 193 190 213 198 169 196 198 188 191 183 191 178 205 165 144 208 192 181 186 191 164 100 84 74 64 70 114 170 185 166 184 103 52 35 59 137 216 209 192 196 212 208 187 202 197 191 191 208 184 199 204 189 196 206 206 202 195 199 209 211 211 209 203 201 204 212 217 223 218 216 231 224 223 234 227 212 216 228 237 219 249 246 238 239 248 247 248 245 212 
49 50 51 52 53 53 53 47 47 50 54 55 49 41 34 28 21 15 14 14 12 11 12 14 14 13 13 13 13 11 10 10 10 7 5 5 7 8 9 8 8 9 9 7 7 8 8 9 10 12 16 17 18 20 21 24 26 21 32 42 43 48 59 67 77 85 89 88 91 96 98 93 105 113 135 111 128 132 144 139 146 150 155 163 157 163 166 182 180 184 166 186 183 172 184 172 172 186 164 182 184 205 183 211 212 193 229 197 242 228 224 235 224 221 242 200 238 206 212 229 235 229 229 248 235 232 240 244 224 231 222 229 224 210 246 222 214 229 237 219 235 248 208 241 226 232 231 226 204 207 225 212 219 235 216 196 201 206 186 196 192 199 184 181 197 224 201 184 212 188 199 210 194 199 196 209 212 191 177 135 119 87 63 79 85 124 168 194 198 165 112 73 40 72 111 176 216 209 165 240 199 189 209 183 211 207 193 212 181 202 218 200 229 216 212 219 216 208 210 218 219 217 216 214 210 209 217 231 239 229 231 245 237 233 236 236 252 252 250 251 228 250 245 251 234 221 212 227 250 251 
47 48 49 50 51 52 52 53 50 48 49 50 51 50 50 49 40 26 17 14 13 16 20 24 30 34 33 31 37 37 25 27 35 30 22 19 16 23 30 32 34 39 44 50 54 63 74 82 88 95 90 96 103 109 116 126 136 150 157 157 156 159 160 157 183 183 167 168 181 189 183 187 191 174 179 168 182 178 181 167 184 180 173 195 162 182 183 191 188 189 170 188 183 188 193 191 189 193 188 193 213 216 204 215 213 198 213 218 207 240 213 222 214 212 215 203 233 214 236 229 235 227 240 213 236 222 247 224 241 231 226 236 227 208 233 230 215 213 222 194 219 224 206 224 209 217 219 225 198 201 205 223 221 202 216 201 209 223 191 204 196 224 214 191 195 222 183 195 210 193 225 202 223 201 214 245 154 128 124 101 88 80 120 150 169 228 228 177 123 97 90 76 107 184 213 222 201 212 199 208 247 184 206 224 195 230 216 189 210 212 172 210 242 215 215 228 224 214 216 223 222 220 220 220 220 223 228 235 237 227 233 250 243 237 232 220 222 212 220 237 235 252 247 244 248 255 255 246 230 201 
43 44 46 47 48 49 49 52 52 51 47 45 47 51 53 54 52 45 38 31 23 18 19 25 40 65 82 88 102 108 87 85 84 70 64 68 74 83 88 85 84 93 99 79 86 104 123 129 131 137 137 144 147 144 142 147 155 167 159 169 189 185 170 171 172 173 177 185 185 178 171 188 192 188 172 189 184 192 181 190 178 187 192 166 194 173 190 185 186 187 184 193 184 192 187 207 201 194 220 206 202 202 215 208 214 230 217 239 203 227 235 213 219 225 208 245 231 218 242 213 224 220 234 213 218 232 216 215 249 232 244 228 209 234 213 227 238 216 229 201 239 217 229 226 221 225 229 239 238 243 249 207 221 205 225 236 222 209 209 247 204 219 233 226 228 184 219 212 212 215 223 204 197 215 169 130 137 115 111 119 118 168 185 153 197 165 123 109 81 101 93 112 209 127 153 179 120 203 163 72 228 117 127 187 100 164 149 61 190 127 89 225 210 214 227 230 228 217 218 224 222 222 222 220 228 240 240 232 219 208 219 240 240 243 235 219 210 160 164 146 148 156 151 141 131 141 146 133 105 72 
45 47 48 50 51 51 51 46 50 54 53 50 48 50 56 57 56 61 66 52 31 20 16 12 11 13 16 15 18 22 29 58 105 129 124 124 138 127 106 86 76 82 94 107 111 131 152 155 152 155 145 155 164 165 167 177 190 184 173 180 189 175 177 220 194 187 203 194 171 170 197 192 176 201 184 194 171 188 184 189 186 190 192 189 197 192 203 192 196 199 198 209 194 184 183 199 202 190 219 210 195 205 222 203 217 229 219 236 240 212 250 223 226 236 221 248 224 216 228 227 232 237 230 248 227 248 202 238 239 240 239 218 203 247 202 224 245 224 215 208 246 224 249 238 240 235 224 182 205 229 168 215 226 249 229 148 204 224 221 218 146 155 169 126 205 209 214 99 186 148 135 195 93 138 116 54 148 172 187 147 105 185 136 96 162 69 70 115 67 162 96 65 220 79 130 185 75 157 108 49 184 90 98 164 82 149 139 57 175 127 88 223 220 232 233 232 230 222 223 228 225 226 226 224 234 249 247 230 207 192 208 230 239 252 246 218 176 97 94 55 40 44 43 30 15 14 22 31 29 17 
45 46 47 48 49 49 49 50 53 55 57 58 58 58 58 55 50 45 42 34 22 14 12 13 15 19 24 30 38 43 47 77 138 185 175 155 157 149 134 122 120 134 147 133 130 145 164 163 158 163 160 170 174 168 163 169 179 204 199 182 153 127 131 164 138 122 121 112 99 105 131 174 199 206 202 201 191 191 198 192 205 195 186 224 188 213 208 204 200 206 186 219 198 211 233 211 236 224 216 249 214 252 238 227 249 214 240 219 252 239 222 250 233 223 246 207 226 220 195 241 214 235 206 222 243 192 226 220 182 240 173 212 234 187 177 239 237 220 156 165 237 227 241 237 242 237 211 109 134 189 60 211 219 245 195 73 175 243 233 187 111 125 144 74 166 244 166 59 174 102 100 162 67 96 123 71 162 217 246 181 110 161 129 98 155 94 112 176 113 205 158 98 244 158 156 203 133 212 185 149 239 180 182 234 189 222 233 215 241 240 191 228 241 232 228 238 239 230 232 237 234 233 234 235 241 249 245 235 218 202 216 236 244 254 248 190 88 42 64 34 15 29 27 10 8 12 19 20 15 8 
36 37 38 39 39 39 39 43 40 37 39 43 47 48 42 42 37 21 12 11 13 14 17 22 25 25 25 29 31 30 30 33 54 110 175 199 177 178 173 167 166 172 180 180 165 171 183 177 169 174 176 186 191 184 178 183 197 180 194 202 192 190 197 200 218 212 207 223 229 219 210 223 224 187 203 208 235 210 212 229 213 212 216 201 230 210 213 218 206 215 173 225 192 180 224 166 207 197 156 218 151 203 168 181 210 143 210 134 145 193 100 181 153 119 176 96 148 141 100 161 92 145 129 101 184 85 201 138 103 178 82 174 219 87 112 226 237 218 116 124 198 227 226 229 241 252 227 92 118 206 59 212 243 228 190 89 182 225 253 229 138 147 189 134 202 249 191 151 234 167 165 177 165 188 219 195 227 241 229 236 210 229 228 154 182 240 220 229 244 222 244 230 205 241 223 253 252 226 232 245 245 240 238 222 244 223 224 247 210 231 248 231 236 250 243 244 245 239 241 246 243 240 243 248 247 242 238 241 235 225 235 247 247 254 242 186 96 62 119 74 32 64 59 45 45 45 30 16 13 14 
41 40 40 42 43 43 42 42 43 41 40 45 46 39 31 20 12 12 15 16 18 18 17 18 20 23 23 22 21 23 32 38 35 39 76 128 173 186 179 164 158 183 175 186 183 177 169 194 187 171 195 207 213 200 187 191 207 210 214 216 212 220 210 148 166 186 133 208 137 153 151 174 188 101 225 123 129 185 112 168 120 149 167 78 166 108 150 148 127 186 73 183 126 105 167 78 164 122 89 210 49 145 146 112 162 84 182 95 94 207 68 173 131 96 183 63 176 152 90 206 120 170 122 114 232 112 178 201 136 192 152 185 227 159 134 236 244 235 192 173 213 250 241 231 248 232 213 208 214 233 218 226 249 230 237 231 247 218 222 251 252 242 239 245 224 207 237 253 237 211 244 221 236 232 251 226 245 242 215 233 254 217 227 248 194 230 203 203 233 246 221 241 196 220 215 206 204 214 142 190 136 166 173 170 236 208 198 226 235 236 234 234 241 250 245 239 237 237 238 243 247 252 254 248 247 251 254 254 245 237 244 248 247 240 237 240 239 214 215 225 215 203 202 196 206 98 19 14 19 9 
36 37 39 41 43 44 44 48 40 41 51 49 43 48 48 29 14 13 15 16 17 16 14 15 15 15 14 13 16 18 15 13 12 14 21 36 77 129 179 191 211 171 47 43 84 168 215 200 176 209 206 210 212 211 210 212 217 214 230 229 211 218 177 77 139 113 61 154 84 125 110 87 162 61 182 103 94 174 77 164 108 140 164 55 201 102 132 131 120 161 87 152 133 139 187 119 172 149 135 204 127 203 198 169 215 149 210 202 176 239 178 217 216 205 215 231 231 227 218 237 212 234 234 220 239 249 232 231 241 248 235 236 251 237 201 247 250 245 216 202 229 251 247 252 245 253 252 226 209 223 238 197 223 245 226 226 206 208 250 210 216 213 185 210 195 229 247 193 178 178 169 153 155 163 134 174 242 248 249 188 193 246 163 209 178 124 120 178 169 152 224 249 158 205 241 209 125 164 127 195 151 135 170 142 212 218 199 224 235 242 241 239 241 248 246 242 240 239 240 242 245 244 239 236 238 243 249 250 251 254 252 246 243 249 254 251 246 252 251 238 227 233 237 196 90 26 10 11 11 9 
32 34 36 40 42 44 45 46 47 54 57 52 66 111 94 47 18 13 12 9 8 7 6 7 7 6 6 6 5 4 5 8 16 30 40 39 44 86 143 157 190 153 25 42 107 189 210 207 197 215 207 201 204 214 223 223 217 223 223 219 217 232 205 116 186 173 113 228 126 176 177 153 219 137 235 175 196 223 171 225 190 221 232 150 250 221 218 224 218 248 212 229 243 226 243 221 232 232 234 237 232 240 238 236 252 225 231 252 211 243 247 219 225 241 232 251 223 254 244 224 248 243 248 254 246 253 238 237 250 249 254 244 237 252 232 238 252 252 242 237 243 248 245 248 231 243 224 189 182 171 156 214 172 207 194 163 184 113 210 205 174 185 152 176 129 173 233 201 192 176 141 195 222 213 95 195 238 244 236 143 146 224 117 173 254 254 214 179 130 94 166 206 186 196 240 248 192 167 129 140 209 135 199 134 136 164 227 229 233 243 246 246 244 244 247 247 244 242 242 243 244 243 240 237 241 249 253 254 250 248 248 246 244 241 237 234 236 243 236 241 249 222 166 75 21 8 12 10 7 11 
40 41 41 40 38 37 37 36 42 39 26 23 32 45 40 19 7 5 5 4 5 4 4 6 8 9 12 16 22 35 52 68 86 114 134 134 130 154 200 209 214 218 137 153 196 217 199 215 211 204 209 206 208 219 229 228 220 229 203 217 242 242 241 241 230 249 211 250 218 220 246 247 222 244 235 218 244 217 246 229 238 243 231 250 214 251 245 252 249 252 254 241 255 252 244 251 241 247 250 240 253 234 233 249 245 248 238 244 232 245 240 244 237 251 254 219 232 250 227 242 245 247 237 249 255 231 251 248 242 250 246 252 253 252 253 254 251 249 253 255 246 240 243 255 255 241 188 178 219 199 99 184 109 146 211 180 196 126 145 192 199 231 177 190 166 155 171 229 241 170 113 193 249 205 80 245 236 254 209 132 152 182 136 138 171 188 127 143 199 170 146 133 169 193 234 232 234 147 171 116 233 135 211 187 118 112 220 235 236 240 244 244 244 244 249 251 248 247 245 244 244 247 247 246 248 253 254 254 253 253 250 246 246 243 239 239 241 237 234 227 186 103 45 12 8 10 13 11 8 10 
25 25 24 20 17 15 14 8 6 4 4 5 5 3 6 5 4 8 11 15 22 34 44 55 65 76 91 108 129 158 184 186 180 188 196 187 179 191 205 223 196 200 223 229 201 218 230 224 199 219 221 226 230 231 231 232 235 234 212 235 249 229 224 244 223 247 214 213 248 235 230 238 226 248 211 233 221 220 229 224 226 230 230 233 213 227 226 231 227 230 234 221 228 246 231 246 243 238 228 250 248 240 240 255 237 243 255 243 254 249 234 254 241 244 254 238 252 228 254 243 235 249 253 250 238 255 254 249 250 236 233 251 255 243 255 255 252 249 253 255 246 240 245 242 252 242 182 168 235 250 97 201 221 153 129 138 209 252 131 119 226 255 188 161 235 174 102 182 240 189 136 162 236 139 107 253 239 242 231 201 167 123 171 193 188 251 227 149 166 186 235 188 120 133 224 231 213 144 205 110 198 141 190 247 186 128 186 235 237 235 236 239 243 245 249 250 250 248 246 245 244 246 247 244 244 246 243 239 243 243 229 221 224 235 247 249 242 221 193 136 65 20 8 11 10 8 8 11 11 7 
4 5 6 6 6 6 7 17 16 20 27 29 37 61 87 103 122 134 138 148 163 175 184 194 202 205 210 219 218 209 203 197 202 214 217 206 214 229 210 238 227 215 238 224 216 224 221 226 217 233 221 230 232 225 219 224 235 243 240 240 227 226 241 226 238 230 243 223 235 244 234 237 247 254 235 250 224 254 250 248 242 251 254 254 252 243 254 251 252 254 242 253 245 251 245 250 250 241 238 253 245 255 251 247 234 237 253 247 253 239 242 242 247 245 224 248 253 228 250 238 243 235 246 252 235 252 241 237 249 235 243 241 243 239 252 243 255 254 254 255 249 248 251 239 236 249 200 148 175 228 175 178 186 182 187 133 138 221 188 119 233 235 203 138 209 203 129 177 223 211 194 174 240 119 194 233 244 219 215 196 207 184 218 191 145 141 168 145 189 178 211 230 189 142 195 242 237 228 214 157 205 211 209 249 221 183 215 240 235 229 230 235 240 242 242 242 244 244 244 241 239 244 245 242 241 241 238 231 227 230 233 241 246 236 215 196 158 93 51 30 15 9 10 15 13 10 8 10 11 10 
23 27 32 35 37 42 47 44 44 48 46 39 54 102 154 201 239 239 232 236 234 233 235 234 229 219 210 204 220 233 217 218 227 228 224 222 228 230 210 221 223 232 226 233 248 233 209 235 242 232 221 223 223 216 213 221 233 248 244 235 221 233 252 243 248 227 252 249 223 249 246 235 233 237 235 237 240 238 247 225 241 236 236 252 227 243 246 239 247 245 223 243 241 239 243 244 248 239 244 240 254 248 251 249 247 244 249 254 245 243 251 243 250 249 242 250 254 254 243 233 251 251 247 251 254 244 246 254 254 254 254 243 252 252 253 250 254 255 252 249 252 255 251 253 251 255 239 188 174 217 163 170 175 207 228 177 185 168 248 208 252 237 241 179 177 244 217 225 220 207 201 188 215 133 224 221 235 229 229 201 230 232 224 222 253 253 242 210 230 215 221 231 223 238 198 222 234 249 233 251 243 253 238 221 219 216 244 238 231 227 231 236 236 233 228 229 231 234 235 232 230 234 235 233 233 233 230 223 221 224 223 218 197 156 112 85 53 23 8 8 13 17 17 11 14 15 13 10 11 14 
23 26 28 27 26 27 29 33 35 34 33 38 44 41 58 99 146 164 186 216 217 215 218 221 228 233 232 227 216 206 215 236 237 216 214 227 231 226 242 231 206 232 224 227 215 238 249 249 227 239 229 226 221 218 222 232 240 242 229 246 250 235 228 229 237 239 233 236 240 246 238 238 254 215 250 239 253 249 249 247 254 249 242 247 248 250 247 241 252 246 234 247 252 241 250 250 245 248 255 216 252 236 255 246 246 255 242 252 225 253 248 255 231 236 255 229 252 228 253 244 247 254 243 230 242 253 247 240 245 244 247 236 250 234 246 251 246 253 246 242 253 255 245 249 242 237 244 233 213 225 251 224 251 250 224 235 182 187 207 231 235 236 220 220 169 213 192 224 254 245 240 253 233 219 228 240 199 231 240 240 244 247 238 210 245 213 219 229 248 211 235 251 225 209 229 230 227 214 231 206 247 195 222 218 244 226 209 226 227 228 233 238 235 226 218 218 223 227 227 226 224 218 213 212 214 217 215 208 198 173 134 94 63 38 23 16 14 19 19 19 21 18 13 13 15 15 13 14 14 12 
21 23 25 27 28 30 33 34 35 37 40 41 43 44 43 40 51 69 79 105 140 172 197 220 230 219 212 214 220 224 226 228 230 230 230 226 218 222 228 234 237 237 238 247 240 232 225 226 231 236 235 254 247 227 223 235 241 238 242 241 237 236 242 251 245 242 242 242 242 242 242 244 245 242 240 235 233 230 238 250 247 243 240 236 233 234 241 246 250 248 239 230 226 244 244 242 242 245 248 253 240 240 241 242 243 244 244 244 242 237 239 243 247 249 248 253 244 225 234 250 246 243 245 243 238 236 235 233 236 240 240 240 242 242 242 240 235 235 235 236 237 237 237 235 236 237 236 232 227 223 250 229 225 235 224 183 146 212 230 230 230 228 194 139 158 210 243 226 214 227 233 224 224 233 239 238 228 217 223 243 217 206 229 249 194 217 225 224 224 223 222 220 221 224 221 218 216 216 218 220 198 215 223 214 204 211 229 213 223 207 197 204 199 196 196 195 182 184 192 185 193 194 181 173 190 167 119 85 52 37 27 19 17 17 16 16 19 19 18 18 17 17 17 17 17 16 16 16 15 15 
30 32 33 34 34 36 37 39 41 43 46 49 50 51 54 50 51 50 44 50 55 51 52 63 82 117 162 203 210 201 221 232 228 219 217 223 235 229 221 215 218 229 239 238 231 227 232 240 247 248 231 225 236 253 251 240 232 242 246 245 238 233 235 240 243 244 244 246 247 248 248 247 246 246 245 242 242 240 232 224 228 234 241 249 254 244 220 228 239 247 251 251 252 254 250 245 240 236 236 238 231 232 233 233 235 236 236 246 246 246 246 245 241 238 234 238 239 230 229 233 231 235 240 238 238 238 240 241 236 229 230 233 235 236 238 233 223 224 225 228 230 231 234 244 244 244 241 236 230 227 225 216 220 230 222 201 186 216 220 216 214 213 203 182 197 223 236 222 215 220 220 222 224 219 215 210 210 210 214 206 214 223 200 210 188 213 215 212 206 201 195 190 188 186 181 177 173 172 172 172 150 152 151 146 141 139 142 115 120 112 106 106 107 121 181 205 196 197 199 182 181 197 212 221 205 87 26 22 23 21 19 19 20 20 19 18 17 17 17 16 16 16 15 15 15 15 14 14 14 14 
28 29 30 31 31 32 34 35 36 39 41 44 46 47 50 52 57 55 55 63 59 31 13 9 8 10 16 21 46 86 111 137 155 175 202 213 202 221 236 236 230 229 232 231 224 219 220 220 215 209 249 226 208 206 210 216 220 233 238 237 234 228 228 230 229 230 231 233 234 235 235 237 238 238 238 238 238 237 243 251 249 245 240 235 231 236 250 247 243 237 230 225 221 229 228 227 227 228 230 233 231 231 231 230 229 229 228 214 214 221 226 226 224 221 224 225 228 234 227 216 216 223 225 223 220 220 220 222 223 224 223 222 222 222 222 223 224 224 223 222 222 222 219 200 203 207 209 211 212 212 210 206 204 199 185 179 183 196 192 188 182 172 167 173 182 180 174 172 172 172 168 159 152 146 138 135 135 137 119 105 196 193 110 99 93 87 74 72 69 66 62 60 58 58 55 50 44 39 36 35 35 31 29 29 29 27 24 24 27 25 23 22 24 39 118 160 172 192 211 205 206 197 173 168 172 74 16 16 20 20 20 20 20 20 19 19 18 18 18 17 17 17 17 17 16 16 16 15 15 15 
30 32 35 36 37 39 41 41 43 45 49 51 53 54 49 51 55 52 54 61 49 22 10 9 9 10 13 15 12 8 12 18 26 39 58 80 117 145 172 183 186 194 203 206 214 222 227 230 232 233 219 245 243 229 237 251 248 233 233 236 238 237 238 237 234 233 233 231 231 231 231 230 229 227 226 226 224 224 218 210 211 215 218 220 223 224 222 222 222 222 224 225 225 218 218 219 220 222 224 224 222 220 217 213 210 207 204 205 209 214 213 213 211 213 218 206 202 215 212 197 193 196 194 191 186 182 178 178 173 168 165 161 158 153 150 146 139 136 133 129 125 122 121 122 117 110 102 94 86 83 76 74 71 65 58 55 59 47 41 43 45 38 32 35 36 32 29 33 34 32 31 27 24 24 24 23 22 20 17 36 127 83 21 19 17 14 18 18 17 17 16 16 16 14 15 15 15 16 17 17 21 19 18 19 20 19 17 20 21 20 20 19 20 36 78 102 110 122 135 130 129 135 113 94 115 75 29 24 25 25 23 21 20 19 21 22 21 21 21 21 20 20 20 20 20 19 19 19 18 18 
28 30 32 32 33 35 37 36 38 40 42 44 45 46 49 54 59 53 54 58 41 17 10 11 11 9 9 8 9 10 10 9 10 11 13 13 14 21 31 45 66 98 129 159 173 185 185 181 185 194 207 208 205 201 202 207 211 205 203 206 209 210 208 206 207 208 206 204 202 199 197 209 217 215 212 210 205 204 202 200 200 202 202 202 202 197 184 181 178 176 175 175 175 162 160 155 149 143 137 135 136 134 130 125 120 115 112 102 99 96 89 85 86 89 76 58 49 54 56 51 48 48 47 45 44 43 42 41 40 39 38 36 35 32 32 30 27 26 25 24 22 21 21 23 22 20 19 17 16 16 19 18 18 19 18 18 19 17 15 17 20 19 16 17 16 14 15 17 17 15 16 16 17 17 18 18 17 16 17 41 89 41 13 18 17 18 17 17 17 18 18 19 19 18 18 18 18 18 18 18 16 16 17 17 17 17 17 18 16 15 18 18 16 24 70 96 103 110 128 130 133 123 103 90 93 55 26 22 20 19 19 19 18 20 22 23 20 20 20 20 20 20 20 20 20 19 19 18 18 18 
19 20 20 20 19 20 20 20 21 22 23 24 25 25 22 22 26 25 26 28 17 8 7 9 10 10 11 13 12 11 11 11 11 10 9 9 11 12 11 9 9 11 14 23 34 49 64 80 98 114 120 105 127 164 159 137 136 140 137 133 133 132 130 126 125 125 124 122 120 119 117 107 99 97 96 93 90 89 83 74 71 67 62 57 54 54 57 53 49 44 40 37 36 33 32 31 29 27 26 24 27 26 24 23 21 19 18 18 19 18 17 16 18 22 27 22 16 16 17 17 15 16 16 16 16 16 17 17 19 20 20 20 20 20 20 20 21 21 21 21 21 20 20 18 19 19 21 22 24 25 20 18 19 22 22 21 20 23 20 18 19 19 19 19 18 20 22 21 20 18 19 20 20 19 18 18 19 21 19 22 25 13 16 18 14 18 17 17 17 18 17 18 18 18 18 16 14 12 11 10 15 17 18 17 15 16 17 18 17 15 18 20 17 19 28 37 40 44 58 66 72 65 56 49 48 29 17 16 13 14 15 16 17 16 15 15 16 16 16 16 16 16 16 16 15 15 15 14 14 14 
19 20 20 20 19 20 20 19 19 20 21 21 22 22 25 25 26 23 21 19 11 10 13 12 12 11 10 9 8 7 9 12 13 14 14 13 9 12 14 15 15 16 16 14 15 15 16 15 14 12 11 26 56 75 68 47 33 29 26 23 23 23 23 22 20 20 19 20 19 19 19 21 22 21 21 20 20 19 19 18 18 19 20 21 22 21 18 19 20 20 22 22 22 19 20 20 21 21 21 20 22 22 21 20 19 18 18 14 15 16 16 17 20 24 25 24 21 16 16 17 16 16 17 17 18 18 19 20 20 20 20 20 21 21 22 21 19 19 20 20 20 21 22 26 24 21 19 17 16 16 18 17 17 18 17 15 14 22 23 19 17 17 18 17 17 20 20 17 17 18 17 16 15 14 14 14 14 15 15 17 13 17 22 19 17 16 17 17 17 17 16 16 16 13 14 16 18 19 20 20 15 16 17 16 14 15 16 14 15 14 14 16 14 14 16 19 17 14 17 17 17 17 14 11 15 14 12 13 12 15 14 14 14 13 11 11 13 13 13 13 13 13 13 13 13 12 12 12 11 11 
18 19 20 20 20 21 22 20 20 21 21 21 21 21 18 16 19 20 19 18 12 9 10 10 11 13 12 10 9 10 11 10 8 8 10 12 12 11 10 10 11 13 15 16 14 15 18 20 18 14 46 88 78 31 19 23 19 22 20 18 18 19 20 20 18 18 19 20 20 21 22 21 21 21 21 21 21 21 21 21 20 20 19 18 18 18 20 19 19 19 18 17 17 19 19 19 19 18 17 16 17 17 17 16 16 16 16 16 18 19 18 16 16 18 20 24 24 16 13 15 15 16 15 15 15 15 15 15 17 19 19 19 19 19 19 18 18 18 19 18 19 18 18 17 17 18 18 20 21 23 19 18 19 19 18 17 18 15 19 20 17 18 20 18 16 19 18 13 15 19 18 17 20 22 23 23 20 18 18 22 17 23 13 12 22 15 17 17 17 17 18 18 18 19 19 18 17 15 14 13 14 15 15 15 15 15 16 15 19 17 16 17 16 16 14 16 15 12 15 17 17 17 15 14 22 17 14 20 19 16 13 11 12 14 14 13 12 12 12 12 13 13 13 12 12 12 12 11 11 11 
16 15 14 16 17 17 16 16 15 14 15 16 16 16 17 14 12 16 17 12 8 10 11 10 14 13 11 11 9 10 11 12 11 12 12 12 10 9 11 15 15 15 15 15 20 15 19 11 24 88 113 45 18 16 17 16 19 20 19 20 20 19 19 20 20 20 19 19 18 18 17 18 19 19 18 18 18 19 19 19 19 19 19 18 18 18 18 18 18 19 20 21 21 19 19 19 19 18 18 18 20 19 19 19 19 18 18 18 16 15 17 19 19 17 19 25 28 22 14 13 16 17 16 16 16 17 17 18 18 18 19 19 19 19 18 18 17 18 17 17 17 17 17 18 19 18 17 15 16 17 18 18 18 19 19 19 20 17 17 18 18 18 17 16 16 15 16 16 16 16 16 16 16 16 16 16 16 16 18 19 19 18 17 17 17 17 18 17 17 17 17 17 17 16 16 16 16 17 17 17 18 18 17 17 17 17 17 15 15 15 16 17 17 18 17 18 19 19 19 18 18 18 19 19 19 19 18 18 17 16 17 17 16 16 15 15 15 15 15 14 14 14 14 14 14 14 14 14 14 14 
11 10 10 10 10 11 10 10 11 11 12 13 14 14 11 12 14 14 12 10 9 8 11 12 10 8 10 10 10 12 9 10 12 14 11 9 11 10 12 15 15 15 18 22 15 24 19 37 89 114 19 17 17 18 16 15 18 16 16 16 16 17 17 17 18 18 18 18 18 18 18 16 16 16 16 17 18 19 19 18 18 18 17 17 16 17 19 19 18 18 18 18 19 19 19 19 19 18 18 18 18 18 17 17 17 17 17 19 17 16 17 19 19 18 18 22 26 26 21 17 16 16 16 16 16 17 17 18 18 18 18 19 19 19 18 18 19 19 19 19 19 18 18 18 18 18 17 16 16 18 18 18 18 18 19 19 19 19 19 19 20 19 19 19 18 18 18 18 18 18 18 18 17 17 17 17 17 17 17 18 17 17 17 18 18 18 17 17 17 17 17 17 17 16 16 16 16 16 17 17 16 16 17 17 17 17 17 16 16 16 16 16 16 16 18 19 19 20 19 19 18 17 16 16 16 16 15 15 15 15 16 16 16 15 15 15 15 15 14 14 14 13 13 13 13 13 12 12 12 12 
12 12 12 11 11 11 12 10 11 11 12 12 13 13 11 12 14 12 10 9 8 7 7 7 9 30 56 44 21 10 10 12 9 8 12 13 11 12 14 15 15 16 17 13 20 16 26 112 104 27 17 18 17 17 17 16 12 14 15 15 15 16 16 16 16 17 17 17 18 19 19 20 21 21 20 20 20 20 20 20 20 20 20 20 20 19 17 16 16 16 16 16 16 16 16 16 16 15 15 15 18 18 18 18 18 18 17 19 17 16 17 18 19 18 17 17 21 28 29 24 16 15 17 17 17 17 18 18 19 19 19 19 20 19 19 19 21 21 21 20 21 20 20 19 19 19 18 18 18 19 18 18 19 19 19 19 19 20 21 20 20 20 20 21 21 21 21 21 21 21 21 19 19 19 19 19 19 19 18 18 18 18 18 19 19 18 17 17 17 17 17 18 18 19 19 18 18 18 18 19 15 15 16 17 17 16 16 16 16 16 16 16 15 15 15 15 15 15 15 14 14 15 16 16 17 16 16 15 16 16 17 17 17 16 16 16 16 16 15 14 14 13 13 14 14 14 14 13 12 12 
9 10 11 11 10 10 11 12 13 14 13 12 12 12 13 12 11 12 10 8 7 13 10 10 43 146 196 154 100 39 10 8 13 13 11 11 12 13 15 15 15 16 18 17 16 29 117 107 32 9 18 15 12 13 17 19 17 18 18 18 18 18 18 18 18 19 19 20 21 21 21 20 18 18 17 16 16 16 16 16 16 17 17 18 18 19 19 19 19 19 20 21 21 20 21 20 20 20 19 20 19 20 19 19 19 19 20 19 17 16 16 17 18 18 17 16 18 24 29 27 20 17 17 17 17 17 18 18 18 19 19 19 20 19 19 20 20 20 20 20 20 20 20 20 20 20 19 19 20 21 20 20 20 20 20 20 20 20 20 19 19 19 19 20 20 21 21 21 20 20 20 20 20 20 20 20 20 20 20 20 20 19 19 19 19 18 18 18 18 18 18 18 19 19 19 18 17 17 18 18 15 16 17 17 17 17 17 16 16 16 17 18 18 18 19 19 19 18 18 17 17 17 17 17 17 17 17 16 16 15 16 16 16 16 15 15 15 15 14 14 13 13 13 13 14 14 14 13 13 12 
17 20 22 21 19 18 18 18 20 21 21 21 20 20 23 19 18 20 12 6 8 12 7 29 139 213 192 200 230 144 38 10 13 13 10 11 12 14 15 15 15 17 18 19 19 115 165 58 20 33 15 15 18 19 16 16 23 19 19 18 17 17 16 16 18 19 19 19 19 19 19 20 21 20 20 21 21 22 22 21 21 22 22 22 22 21 18 17 17 17 18 18 19 20 20 20 20 20 19 20 20 20 20 20 20 20 20 19 18 17 16 17 18 19 19 18 17 20 24 26 26 21 17 17 17 17 17 17 18 18 19 19 20 20 20 19 19 20 20 20 20 20 20 20 20 20 20 20 20 21 20 20 20 20 20 20 20 19 19 18 18 18 18 19 19 19 19 19 19 18 18 18 19 19 19 19 19 19 19 20 19 19 18 18 18 18 17 17 18 18 18 19 18 16 15 15 14 15 15 16 16 16 17 18 18 17 17 17 18 18 19 19 20 20 19 18 18 17 17 17 17 16 15 15 15 15 14 14 14 13 14 14 14 14 14 13 13 13 14 14 14 14 14 12 13 14 14 14 14 13 
44 46 48 46 42 39 38 37 37 39 43 47 47 46 45 44 46 37 15 6 11 8 4 74 191 93 41 69 167 208 101 22 9 8 10 16 13 15 15 15 16 17 15 15 75 162 94 44 53 42 56 44 42 44 38 33 37 37 37 36 35 34 34 33 34 34 34 34 33 33 32 29 26 24 23 21 20 20 21 22 21 21 20 19 18 20 23 22 21 21 20 20 20 22 21 21 21 21 20 20 21 21 21 21 22 22 22 22 22 21 21 22 22 23 25 24 21 21 23 27 32 27 21 20 20 19 19 19 19 19 20 21 21 22 21 21 21 21 22 22 22 22 22 22 21 21 21 22 22 21 22 22 22 22 21 21 21 21 20 20 20 20 20 20 20 20 20 20 19 19 18 18 18 18 18 18 18 18 18 18 18 18 19 20 20 20 18 18 18 18 19 19 19 18 17 16 16 17 18 19 18 18 18 18 18 18 18 18 18 18 18 18 18 17 15 15 14 14 14 15 15 16 16 17 17 16 16 15 16 17 18 18 18 18 18 18 19 19 20 20 20 21 21 20 22 23 24 24 24 23 
33 32 31 31 31 30 30 37 36 35 38 41 39 34 32 36 38 25 12 8 11 9 11 119 183 50 25 20 63 176 148 37 12 15 11 13 14 14 14 15 17 16 17 50 118 115 54 58 49 41 64 51 44 48 57 60 57 57 57 58 58 58 58 58 56 56 56 55 55 55 54 54 54 51 48 44 42 41 42 44 44 43 43 42 42 42 41 40 39 38 37 37 37 36 36 36 36 36 35 35 28 28 28 28 29 29 29 29 29 30 30 30 30 31 32 31 31 29 30 33 36 34 31 30 28 26 25 25 25 25 26 27 27 28 28 27 27 27 28 28 28 29 29 29 27 26 27 27 27 26 27 27 27 26 26 26 26 25 26 26 26 26 26 25 24 24 23 23 22 22 22 21 21 21 21 21 21 21 20 20 20 21 22 22 23 23 21 21 21 22 22 23 23 24 23 22 22 24 26 27 24 22 21 20 20 21 21 21 21 20 20 20 19 19 23 23 23 23 23 25 25 25 25 25 25 25 24 24 25 26 27 28 28 28 28 28 29 29 30 30 30 30 30 31 32 35 36 35 34 33 
13 11 10 11 13 15 15 18 15 12 12 12 9 6 5 7 7 4 6 9 9 8 12 109 169 115 167 100 30 142 234 85 15 12 10 15 14 14 14 14 17 16 21 97 128 47 25 31 30 27 21 31 33 27 26 28 27 27 28 28 29 30 31 32 33 33 33 33 34 34 34 31 28 29 30 31 33 35 34 32 33 35 36 38 39 39 37 37 36 36 37 37 38 39 38 38 38 37 37 37 37 37 38 38 39 39 39 36 37 38 38 38 38 38 37 38 39 41 41 40 38 40 41 39 37 35 33 32 32 31 32 34 34 35 35 34 33 33 34 34 35 35 36 38 35 33 34 35 34 31 33 33 32 32 32 31 31 30 31 32 33 32 31 30 29 28 28 27 26 25 25 25 25 25 25 25 25 25 26 26 26 25 25 25 26 25 25 25 25 26 27 27 27 27 26 25 25 27 30 32 29 28 25 24 24 25 25 26 26 27 28 28 29 29 28 27 27 27 28 30 31 32 33 34 34 33 32 32 32 32 33 34 34 34 34 34 34 34 33 33 33 32 32 30 32 34 34 33 31 30 
20 22 21 20 17 17 28 28 25 20 20 37 33 16 17 25 25 8 9 8 8 7 7 72 198 153 214 160 28 81 181 138 33 8 11 15 15 16 15 18 16 9 75 169 69 27 30 33 32 42 38 38 38 38 38 38 38 37 37 37 38 39 40 41 39 38 38 39 39 41 42 42 42 42 42 42 42 42 41 40 41 43 44 46 47 48 48 46 44 43 42 42 42 41 40 39 38 37 36 36 38 38 37 38 39 39 38 37 37 37 36 35 34 33 34 34 33 31 31 31 32 29 29 34 36 33 32 33 31 28 30 30 30 32 33 33 31 31 31 31 31 31 32 33 31 30 29 28 28 28 26 24 24 26 24 24 27 26 26 27 27 27 27 27 25 25 24 23 23 23 24 24 24 23 22 22 22 23 23 23 24 23 22 22 22 23 22 21 21 21 22 22 22 23 23 23 23 23 23 23 21 21 22 21 21 20 20 21 21 21 21 21 21 21 21 22 23 23 24 24 25 27 28 29 29 30 31 31 30 30 30 31 32 33 33 33 33 34 35 37 39 40 40 39 40 42 44 46 47 47 
50 51 50 45 31 21 28 29 42 54 50 64 59 47 43 56 38 7 5 6 7 9 7 36 144 214 218 98 16 49 183 184 38 17 12 16 15 16 14 13 19 33 197 52 32 20 26 36 41 49 41 41 41 41 41 41 41 41 41 41 41 42 43 44 45 45 44 43 43 43 43 45 46 46 45 45 46 46 47 47 48 48 49 49 49 48 43 42 40 39 39 38 38 37 37 38 38 38 39 39 39 37 36 36 36 35 33 35 36 36 36 36 36 35 36 35 35 34 34 34 35 34 34 35 33 29 28 28 29 32 33 32 30 30 31 31 29 29 29 30 31 32 32 29 27 27 27 28 28 26 26 26 28 31 28 24 24 25 26 26 27 26 26 25 26 26 26 25 25 25 26 24 22 22 21 21 21 22 21 21 21 21 21 19 20 20 21 20 20 20 20 20 20 20 20 20 20 20 20 20 21 21 21 21 21 20 20 20 20 19 20 19 19 20 18 18 18 18 18 19 18 19 19 19 20 20 20 21 22 24 24 24 25 25 26 26 28 29 30 31 32 33 33 30 31 33 34 34 35 35 
60 59 62 61 42 28 36 28 47 66 61 65 62 59 60 75 35 6 5 7 7 8 6 7 37 108 95 33 9 13 150 219 71 19 13 11 20 16 17 15 16 158 116 27 35 31 30 36 38 36 43 43 43 43 43 43 43 44 44 44 44 45 46 47 47 46 44 42 41 40 40 39 38 38 37 37 38 38 37 34 34 33 33 32 32 32 34 34 35 34 33 33 33 32 33 34 34 35 35 36 35 33 32 32 32 31 30 31 32 33 34 35 35 35 32 31 30 29 28 28 28 29 29 28 27 25 26 26 28 30 32 31 30 28 29 31 32 32 31 31 31 30 30 27 26 26 26 27 27 26 25 25 27 28 26 23 22 23 24 24 24 24 23 23 24 23 23 22 22 22 23 24 25 24 24 24 25 25 23 22 23 23 22 21 21 21 21 21 20 20 20 20 19 20 20 20 20 20 20 20 22 22 22 22 22 21 21 20 20 20 20 20 20 20 23 24 23 23 23 22 22 21 21 21 21 21 21 21 20 19 19 19 19 19 19 19 19 19 20 20 21 21 21 20 21 22 22 23 23 23 
67 61 61 62 45 31 43 44 57 65 63 68 68 62 65 63 17 4 6 8 5 7 9 6 6 13 8 6 8 11 90 196 166 25 22 14 13 14 15 17 118 166 42 19 31 33 34 41 42 41 39 39 39 39 39 39 39 40 40 40 40 40 41 42 41 39 38 36 35 35 34 31 29 29 28 28 29 29 32 35 35 34 34 33 33 33 34 35 36 36 36 35 34 35 35 34 34 34 34 34 34 33 34 35 36 36 35 33 34 34 35 36 36 36 31 29 29 30 30 31 31 31 32 31 30 32 33 33 29 25 27 31 31 28 28 29 27 27 26 26 26 25 26 30 31 31 29 28 28 29 27 25 24 24 24 25 27 26 26 27 27 28 28 28 27 27 27 26 26 26 26 25 24 24 24 25 26 26 24 23 24 24 23 22 21 22 25 25 25 24 23 23 23 25 25 25 25 25 25 25 21 21 22 22 21 21 20 21 21 21 21 21 21 21 21 21 21 21 20 20 20 20 20 19 19 18 19 18 19 21 21 21 20 20 19 19 18 18 18 18 18 18 18 19 19 19 19 19 19 19 
53 52 58 64 52 40 52 46 53 60 64 68 72 66 75 52 9 4 6 9 11 14 22 43 52 54 60 87 107 110 136 189 224 44 8 12 15 16 14 64 188 57 39 29 32 31 36 42 43 46 42 42 42 42 42 42 42 42 42 41 41 42 43 43 43 43 42 41 41 41 41 40 39 38 38 38 38 39 38 35 35 35 36 36 36 36 34 35 37 37 37 36 35 34 34 34 34 34 34 33 35 34 34 35 37 37 36 33 33 33 33 33 32 31 29 29 31 33 35 36 37 37 36 35 36 36 34 31 31 31 33 38 39 35 34 34 32 33 34 35 35 34 32 26 27 26 23 20 21 23 24 24 23 23 25 28 30 27 28 29 31 32 33 34 34 34 34 33 33 33 33 31 30 31 31 32 32 33 31 30 31 32 31 29 29 29 27 29 30 29 28 27 28 27 27 27 27 27 27 27 31 31 32 31 31 30 30 31 31 31 31 31 31 31 31 30 30 30 31 31 31 32 31 31 30 30 29 29 28 27 26 26 25 25 25 25 25 24 24 24 24 23 23 22 22 22 22 22 21 21 
65 65 62 53 32 15 14 20 33 47 57 54 61 61 69 38 8 7 12 25 64 98 125 182 214 199 206 208 191 211 211 211 235 149 13 22 19 17 54 160 70 30 37 33 25 18 18 19 17 19 21 21 21 21 21 21 21 21 21 20 20 21 21 21 21 21 20 20 20 21 21 21 21 20 20 20 20 21 21 23 23 23 24 24 25 26 26 26 27 27 27 26 26 24 24 25 25 26 26 27 26 25 24 25 25 25 24 23 23 23 22 21 20 19 21 22 21 21 19 18 17 18 19 21 22 22 21 19 18 14 11 12 13 10 9 9 10 11 12 12 10 8 8 11 10 9 8 8 9 10 12 14 16 18 20 22 21 20 20 22 23 25 26 26 25 25 26 26 25 25 24 25 26 26 27 27 27 27 26 25 26 25 24 23 24 24 24 27 29 28 27 28 29 27 27 27 27 27 27 27 24 24 24 24 24 23 23 23 23 23 23 23 23 23 24 25 25 26 26 26 26 26 26 25 25 24 24 24 25 27 27 27 26 26 25 26 26 26 26 25 25 24 24 24 24 24 24 23 23 23 
21 29 36 41 38 30 30 25 33 45 55 47 54 54 46 18 7 9 14 33 76 124 151 173 192 200 212 202 187 199 192 168 148 112 10 11 11 34 117 125 46 38 48 49 46 38 38 40 38 42 35 35 35 35 35 35 35 36 36 35 35 35 35 36 35 35 34 34 34 34 35 34 32 31 31 31 31 32 31 28 29 29 30 31 31 30 28 27 27 27 27 27 27 24 25 25 25 26 26 26 25 24 23 24 24 24 23 23 23 23 22 22 21 20 20 20 20 18 17 15 14 15 17 19 19 19 19 20 22 19 11 9 9 8 7 7 6 7 10 11 10 9 7 7 4 3 5 8 8 7 10 12 14 15 18 20 19 19 19 21 21 22 22 22 21 22 22 22 22 21 21 19 18 19 19 19 18 18 17 16 15 15 14 14 15 18 24 28 31 31 31 33 35 34 34 34 34 34 34 34 42 42 42 42 41 40 40 39 39 39 39 39 39 39 38 37 37 37 36 36 36 36 36 36 36 36 35 35 33 31 31 31 30 30 30 30 29 29 29 28 28 28 28 29 29 29 29 29 28 28 
34 43 44 45 46 42 43 41 39 37 44 38 44 40 30 9 4 5 7 11 18 23 29 28 26 26 23 25 30 26 25 29 36 22 21 13 25 98 136 56 61 39 40 54 63 55 48 46 43 43 46 45 45 45 45 45 45 47 47 46 45 46 46 47 49 49 48 47 46 47 47 46 44 44 43 43 44 44 45 45 46 46 46 46 46 46 46 45 44 43 43 44 44 43 42 41 40 39 38 38 37 36 37 39 40 41 40 40 40 40 39 38 37 36 32 31 34 37 40 42 43 42 41 42 39 34 32 35 33 21 9 6 6 6 6 6 5 9 17 24 29 31 28 13 7 5 11 20 22 17 19 20 19 19 24 29 31 30 30 31 32 32 31 31 32 33 34 35 34 33 32 32 33 33 34 33 32 31 29 28 27 25 24 24 26 29 32 38 42 43 43 46 49 43 43 43 43 43 43 43 40 40 40 40 40 39 38 39 39 39 39 39 39 39 42 42 42 41 39 38 38 39 39 39 39 40 40 40 40 41 41 41 41 41 41 41 41 40 40 40 40 40 40 38 39 39 39 39 38 38 
43 42 44 48 47 46 48 48 57 66 57 50 55 51 37 8 6 6 8 19 30 48 75 99 107 87 114 131 145 155 144 165 161 87 6 15 80 144 78 73 53 75 59 61 59 59 60 62 61 60 56 56 56 57 58 59 59 59 58 58 58 58 58 60 60 59 57 56 56 58 59 58 56 57 57 57 58 58 58 57 57 56 56 55 54 53 53 54 56 57 57 56 55 54 55 56 57 58 59 60 54 61 60 52 50 54 55 51 53 54 52 44 35 27 18 21 36 53 61 59 55 51 52 57 57 57 59 59 51 30 12 6 7 9 7 9 6 10 20 19 28 42 54 25 9 10 28 47 51 53 51 49 42 37 42 49 50 51 52 53 49 47 46 49 51 49 45 45 47 46 43 44 44 43 44 47 48 48 49 48 47 49 51 53 51 49 49 50 51 52 53 55 54 47 48 48 49 50 50 50 47 47 47 48 48 48 49 47 47 48 48 49 49 49 49 48 48 48 48 48 48 49 48 46 44 43 42 42 42 42 42 40 42 46 45 43 45 45 44 43 43 42 42 41 41 41 41 41 40 40 
7 5 4 4 5 7 10 15 13 16 25 38 55 62 26 4 10 19 37 74 110 169 217 190 207 204 199 191 188 213 228 225 113 25 21 44 125 113 70 58 62 55 62 60 59 58 59 60 59 57 61 61 60 59 58 57 57 60 60 60 59 59 59 60 64 65 64 64 64 64 65 66 66 65 64 63 62 61 61 62 61 60 60 60 61 60 59 60 61 61 61 61 60 58 58 58 58 59 59 59 59 64 65 63 63 62 58 68 72 62 37 16 9 8 8 10 12 14 14 13 13 15 17 17 16 16 18 17 21 25 16 20 57 54 20 14 12 43 72 39 12 7 12 18 9 9 16 20 18 17 17 15 13 15 23 29 29 29 36 48 56 60 61 61 60 59 59 61 62 63 62 63 64 62 60 57 56 55 57 59 58 58 61 62 60 58 58 59 60 61 62 63 63 59 59 60 61 61 62 62 60 60 61 61 62 62 62 61 60 60 61 61 61 62 61 61 61 61 61 61 61 62 62 62 60 60 61 62 61 62 64 60 55 57 61 61 58 58 57 55 51 48 48 55 55 54 54 54 53 53 
18 10 5 3 2 2 2 2 1 2 4 6 13 23 15 6 10 16 37 69 110 124 193 190 179 187 203 199 183 203 216 192 54 13 19 104 143 74 58 54 64 58 62 62 60 59 60 60 58 56 59 59 58 57 57 55 55 60 60 59 58 57 57 57 55 54 55 55 55 55 54 56 57 56 55 54 53 52 55 59 58 57 57 59 60 61 62 61 60 59 60 60 60 62 62 61 60 60 60 59 57 55 53 56 63 67 64 59 46 30 17 10 7 6 5 6 5 5 5 5 6 6 7 6 5 6 7 7 14 30 27 35 94 72 19 13 12 30 42 18 4 4 8 4 4 4 5 5 5 6 7 7 5 4 5 6 6 9 11 14 17 22 28 34 48 54 55 55 55 56 57 53 52 56 58 56 57 59 59 56 54 54 56 57 57 57 57 57 58 58 59 59 59 58 58 59 59 59 60 60 61 61 61 61 62 62 63 62 61 61 61 60 60 60 60 60 60 60 60 60 60 48 39 38 38 38 38 39 43 52 57 50 41 39 44 47 47 51 56 59 60 58 56 52 52 52 51 51 51 51 
23 16 12 11 11 9 8 9 9 11 9 7 8 8 4 2 4 7 11 7 9 8 19 18 12 10 10 15 110 210 197 78 17 12 74 174 85 66 63 58 67 65 60 65 63 61 61 61 60 58 54 54 55 56 57 58 58 60 59 58 57 56 55 55 57 58 59 60 60 59 58 58 58 59 59 59 60 60 58 55 56 57 58 58 58 59 63 61 59 58 58 59 60 62 62 62 62 62 62 62 67 63 62 64 62 50 37 16 8 4 4 5 6 6 4 4 5 6 6 6 7 7 6 5 5 6 7 6 9 17 14 14 27 19 9 11 12 12 18 17 14 8 5 10 12 11 9 10 13 16 25 27 22 12 6 5 7 5 4 4 4 4 6 8 11 14 19 25 33 44 55 58 60 65 65 57 49 47 50 53 52 52 53 55 56 56 56 56 56 56 56 56 56 55 56 56 56 56 56 56 57 58 58 59 59 59 60 59 59 58 58 57 57 57 57 57 57 57 57 57 57 48 40 39 38 36 36 36 36 41 45 40 31 28 30 30 28 33 40 47 50 50 50 53 53 53 52 52 52 52 
60 52 50 56 60 58 56 50 48 48 49 60 51 20 5 4 5 5 6 8 21 33 20 4 5 8 8 46 164 218 138 37 6 50 176 105 70 77 79 65 76 59 69 70 68 66 66 66 64 62 62 63 63 64 65 66 66 65 64 63 61 60 60 60 61 62 64 65 65 63 62 60 60 60 60 61 61 61 59 58 61 63 65 64 61 62 66 64 62 61 61 62 62 59 59 60 61 62 63 63 63 64 68 66 48 23 8 7 8 8 7 6 6 9 7 7 8 8 8 7 7 7 8 7 6 8 8 6 8 11 9 9 8 10 26 25 17 14 26 57 78 66 39 29 31 27 20 18 19 18 18 18 15 10 5 4 5 6 6 7 6 6 5 3 3 3 4 6 8 12 18 31 45 57 66 68 67 69 68 65 65 64 63 62 63 65 66 65 65 65 64 64 64 65 65 65 65 65 65 65 65 66 66 66 67 67 67 67 67 66 66 65 65 64 64 64 64 64 64 64 64 65 66 64 62 61 61 61 59 58 61 57 51 48 45 42 44 48 53 56 56 54 52 51 51 51 50 49 49 49 
107 92 84 84 84 83 83 83 96 105 103 112 88 31 6 4 3 1 5 45 129 186 121 30 6 4 16 87 205 174 53 15 17 163 111 60 77 77 71 77 71 66 83 76 74 73 74 74 73 70 74 73 73 72 71 70 70 68 67 66 65 64 64 64 61 60 61 61 61 61 60 59 58 57 56 55 54 53 55 58 61 63 64 63 60 59 60 60 58 58 58 58 59 55 56 57 59 60 61 61 54 52 53 53 43 28 19 28 31 33 32 30 29 28 30 31 30 27 25 25 26 27 28 27 25 25 24 20 24 29 23 29 24 30 61 48 47 37 33 41 44 48 43 59 62 63 60 56 51 44 32 24 22 25 27 25 21 20 19 19 18 18 17 15 16 16 13 10 7 6 6 8 13 22 34 48 59 70 70 65 67 66 63 61 61 62 64 63 63 63 63 63 63 66 66 66 65 65 65 65 65 65 65 65 66 67 67 66 66 66 66 66 65 65 64 64 64 64 64 64 64 62 61 60 61 61 62 64 65 67 67 65 64 65 59 55 61 62 64 64 63 61 61 65 64 64 64 63 63 63 
89 80 78 82 86 90 97 89 107 119 108 95 67 23 5 4 7 6 33 138 201 205 193 67 7 8 74 197 222 115 17 11 98 137 64 74 57 58 54 66 56 65 67 64 62 61 63 64 63 61 64 64 63 62 61 60 60 59 59 58 57 57 58 58 61 62 61 61 61 61 62 62 62 61 60 59 57 57 56 56 56 55 55 55 55 54 52 53 53 54 54 53 53 54 54 55 55 56 56 56 59 54 52 54 55 59 68 56 52 50 56 61 59 53 63 68 66 63 60 62 65 62 61 61 57 55 56 53 50 53 46 52 53 45 59 41 54 62 65 71 63 70 65 53 54 60 67 67 64 61 57 48 47 54 58 54 50 56 52 47 45 46 48 49 44 42 41 40 38 34 31 21 15 16 17 19 22 24 32 44 49 52 53 53 54 55 54 54 54 55 55 55 56 57 57 57 56 56 55 55 55 56 56 57 57 57 58 57 57 57 58 58 58 58 57 56 56 56 56 56 56 55 54 54 54 55 57 58 57 56 54 52 54 59 57 53 51 51 51 51 51 53 53 43 43 43 43 42 42 42 
56 53 56 59 59 59 62 68 63 62 67 67 44 12 4 4 5 5 53 188 161 170 226 72 9 24 130 224 120 26 16 83 163 55 45 41 35 45 52 36 52 41 37 42 41 41 42 43 43 42 45 45 45 46 47 47 48 47 47 46 46 47 48 48 47 46 45 44 44 45 46 47 47 47 48 48 48 48 53 58 55 51 51 52 55 55 51 53 54 56 55 54 54 53 53 53 53 52 52 52 50 49 52 51 46 44 50 61 71 78 71 61 62 71 69 69 71 70 66 62 61 59 60 60 56 56 60 63 58 69 66 69 83 62 65 53 60 61 59 71 68 76 69 73 65 64 67 65 62 65 59 62 67 66 59 57 64 64 64 64 66 63 55 47 43 43 47 52 53 48 41 38 34 25 19 16 15 16 21 31 39 46 51 55 59 60 55 55 56 56 56 57 57 56 56 55 55 54 54 53 54 55 55 56 56 56 57 56 56 57 57 58 59 59 57 56 56 56 56 56 56 58 58 57 56 55 55 56 56 55 53 50 51 59 63 65 69 66 62 60 60 62 64 61 61 61 60 60 59 59 
14 18 28 25 20 31 39 53 77 67 73 64 31 4 3 5 3 9 79 164 86 128 142 43 12 137 224 163 44 11 49 137 59 35 25 29 34 31 28 29 30 30 28 28 29 31 31 32 34 35 33 33 32 31 30 30 30 33 33 33 33 32 32 31 31 30 29 27 26 26 26 25 26 27 26 23 25 30 47 65 67 69 69 67 65 59 48 44 41 41 42 42 42 46 46 45 42 39 40 41 38 38 38 38 38 38 38 42 41 41 45 54 63 69 73 74 77 81 85 83 78 79 86 92 94 89 88 89 85 78 86 103 100 78 76 87 89 87 86 87 87 85 82 82 85 88 89 90 93 96 102 99 97 94 92 93 93 89 76 65 63 69 74 74 70 68 68 69 68 63 56 47 41 44 56 50 28 16 13 13 13 15 23 28 33 42 41 39 37 39 40 41 41 40 39 37 37 38 40 41 38 39 39 39 39 39 39 40 41 41 42 42 42 43 42 39 38 40 42 42 39 40 42 41 40 40 41 42 42 40 40 39 41 45 49 51 48 46 45 45 44 46 45 40 41 43 45 45 46 46 
11 8 9 6 4 6 6 10 21 25 42 44 20 4 5 4 2 9 75 169 84 14 8 8 139 193 212 98 9 36 118 75 47 17 30 27 27 27 28 30 32 34 36 32 32 31 29 26 25 25 31 31 31 31 30 30 30 33 33 33 33 33 33 33 33 32 31 29 29 29 29 29 29 30 29 28 30 34 35 33 35 36 37 37 37 38 38 38 42 49 57 63 64 59 58 54 48 44 42 43 46 46 46 46 46 46 46 46 45 45 52 62 72 77 75 75 80 89 97 99 97 94 98 112 130 145 156 163 186 207 208 221 207 167 155 169 179 180 183 186 184 177 174 190 197 205 212 218 227 235 239 236 234 233 234 238 241 216 194 171 152 135 112 93 91 90 89 88 87 81 73 72 68 62 59 44 25 14 12 12 11 10 13 16 23 32 32 32 31 29 28 27 27 29 29 28 28 29 30 31 30 30 29 28 28 27 27 28 28 28 28 28 28 28 28 27 28 28 29 29 28 28 28 27 26 25 25 25 26 26 25 24 24 24 24 25 24 23 23 22 22 23 23 20 21 21 21 20 20 19 
43 41 36 18 5 3 2 16 20 11 14 11 4 2 5 3 3 10 66 207 171 57 71 146 220 227 87 25 22 113 128 57 42 50 46 46 46 50 52 50 48 51 54 47 50 52 53 55 57 60 56 56 56 57 57 57 58 53 52 52 52 53 53 53 51 51 50 50 50 51 51 51 51 51 51 52 54 55 58 60 60 62 63 64 65 64 60 57 53 52 52 51 51 57 58 58 56 55 57 59 58 58 58 58 58 58 58 54 52 51 54 57 60 62 71 75 79 86 91 92 90 82 81 93 109 125 131 130 141 153 151 158 144 103 82 81 84 86 89 91 90 83 80 87 91 96 100 105 110 115 118 117 117 119 122 127 129 117 115 119 131 138 131 119 101 94 94 93 93 88 82 81 77 69 56 38 23 13 10 12 11 10 13 19 32 48 45 47 48 48 47 47 47 43 43 44 44 45 45 44 51 51 50 50 49 49 49 49 49 49 49 49 48 48 45 45 46 47 46 46 47 48 48 46 44 42 42 42 41 40 41 43 44 45 46 46 47 46 45 45 45 45 46 48 48 48 48 46 45 44 
36 43 42 26 12 7 7 15 32 41 50 25 5 3 5 4 6 4 19 119 205 221 213 201 217 102 23 9 77 122 60 36 45 53 50 42 43 46 47 46 45 45 46 50 50 49 46 43 42 42 46 46 46 46 46 46 46 44 45 45 46 46 46 46 46 45 45 46 47 49 49 49 48 47 49 53 54 52 50 48 47 46 46 45 46 48 53 51 49 49 48 48 47 45 47 49 52 55 58 61 56 56 56 56 56 56 56 63 63 61 59 58 57 55 55 56 59 62 65 66 65 64 67 79 98 121 131 130 121 111 119 139 140 106 79 71 68 69 71 72 72 68 65 63 66 68 68 69 71 73 76 75 75 77 80 83 85 92 87 81 78 76 70 64 69 72 74 76 77 75 72 74 79 79 69 55 42 29 22 20 17 12 11 14 23 42 54 50 48 50 53 56 56 57 58 60 61 61 60 59 51 52 53 54 56 57 57 57 57 57 58 58 59 59 55 55 58 56 53 52 54 56 57 56 54 52 52 52 49 48 49 51 52 55 56 55 51 50 50 49 49 49 48 41 41 41 41 41 41 41 
9 8 7 8 9 7 5 20 44 66 62 19 4 7 4 3 5 4 10 66 183 197 210 212 88 18 15 60 114 61 21 24 21 20 19 24 22 23 26 31 34 34 33 37 37 36 33 31 30 30 33 33 32 31 31 30 30 29 30 30 30 31 31 31 32 32 33 34 35 36 36 36 35 34 36 40 41 38 40 44 42 41 40 40 40 39 38 39 40 41 41 43 45 43 41 41 41 41 42 42 42 42 42 42 42 42 43 34 32 33 33 32 32 32 33 35 38 43 46 49 51 53 57 63 73 85 88 85 70 55 62 78 89 78 65 61 62 60 59 60 62 62 61 61 63 64 63 61 63 64 65 65 64 64 65 67 69 59 55 55 60 66 70 71 70 72 74 74 73 69 67 65 68 72 68 61 55 46 37 32 29 25 27 31 44 62 61 46 35 33 35 35 34 38 39 41 42 42 40 39 43 44 45 46 48 49 49 49 50 51 52 54 55 56 56 58 59 56 52 50 51 52 52 52 52 52 51 51 51 50 47 45 43 43 45 46 47 47 47 48 47 46 47 55 55 54 54 54 54 53 
7 7 6 7 10 11 14 24 50 87 71 13 2 2 4 5 4 3 3 6 19 56 66 34 8 17 22 100 94 32 31 29 23 32 22 31 25 24 27 31 34 32 30 31 33 34 35 35 37 39 35 35 34 33 32 31 31 32 32 32 32 32 32 32 34 36 37 38 39 39 39 39 38 37 39 43 44 42 40 39 40 40 40 41 41 42 45 46 45 42 40 39 40 45 43 41 42 42 41 40 40 40 40 40 40 40 39 41 42 42 40 39 38 39 34 34 36 38 39 40 41 43 43 42 41 40 37 33 38 44 41 44 47 44 42 43 45 43 41 42 44 46 46 46 48 48 48 47 48 50 50 48 47 46 46 46 47 49 49 49 50 49 45 41 39 40 41 38 32 27 24 20 18 17 15 12 12 12 11 10 11 13 24 35 48 65 65 48 35 32 33 33 31 31 32 34 34 34 32 32 28 28 27 27 26 26 26 26 27 28 29 30 31 32 31 32 33 31 29 27 27 28 28 29 30 30 29 28 28 28 25 23 23 24 26 28 32 32 32 32 32 31 31 32 31 30 28 27 27 26 
16 27 30 32 35 43 67 75 72 76 44 5 5 10 6 4 4 5 6 6 6 7 8 10 20 13 85 120 61 52 70 47 71 53 66 54 46 45 43 40 37 32 31 36 35 34 30 27 26 26 30 29 29 29 28 28 28 35 36 36 36 36 36 36 37 38 39 39 39 38 38 38 38 38 39 40 42 42 41 41 42 43 44 43 42 41 41 44 46 47 47 49 51 45 43 43 45 47 47 46 43 43 43 43 43 43 44 45 46 45 42 39 39 40 41 43 44 42 40 38 39 40 41 41 42 43 46 49 52 51 46 43 41 39 38 39 39 38 37 38 40 40 39 38 39 40 40 40 41 42 42 41 39 38 37 37 38 41 42 44 46 46 43 40 42 46 47 42 34 26 21 20 18 16 15 12 10 11 13 13 11 13 26 36 41 49 49 44 40 38 38 39 39 41 42 42 43 43 42 42 43 43 43 42 41 40 39 39 38 39 39 39 39 39 39 39 38 38 38 37 36 36 38 38 39 38 37 36 35 34 33 33 33 36 37 37 34 34 35 34 34 33 33 37 36 34 33 32 32 32 
67 85 83 84 85 77 87 89 73 78 45 4 3 2 3 5 6 4 4 5 6 7 5 8 5 63 159 74 78 90 68 86 59 60 70 70 75 75 69 59 50 47 47 46 48 49 49 48 50 52 44 45 45 45 45 46 46 46 46 45 45 44 44 43 42 42 43 43 42 41 40 40 40 41 41 42 44 45 44 43 44 45 44 42 39 39 43 45 45 43 41 42 43 45 42 41 43 44 44 42 44 44 44 44 44 44 43 42 44 45 45 45 47 52 45 44 46 45 44 44 46 47 47 45 42 39 40 45 43 37 40 44 45 44 44 43 40 40 41 43 44 42 42 44 46 46 45 44 45 45 47 45 43 42 41 42 42 44 44 44 43 43 43 43 42 43 46 41 32 24 19 16 14 13 17 14 8 8 10 10 8 11 26 39 43 46 44 49 51 48 43 44 46 43 44 45 45 45 45 45 46 46 46 47 47 47 47 44 42 42 41 40 40 39 41 40 39 40 43 43 40 39 39 39 39 38 36 34 35 35 35 34 33 31 30 30 31 32 32 32 31 30 29 29 29 28 28 29 30 31 
61 62 61 63 72 78 74 78 100 87 10 4 4 3 5 3 5 5 5 5 6 9 8 15 18 168 102 82 78 86 70 74 78 68 65 72 71 54 44 45 47 41 33 35 34 33 33 34 34 34 36 34 33 34 36 35 34 34 35 36 37 37 36 35 34 34 35 35 36 36 36 37 38 38 38 37 37 36 36 34 34 34 33 33 33 33 34 35 36 38 38 38 38 39 38 38 38 38 38 38 40 40 40 39 38 38 38 37 37 37 37 37 38 38 35 34 35 35 36 37 37 36 35 35 35 36 36 36 37 38 37 36 36 36 36 37 39 39 38 38 36 35 34 38 36 36 38 39 37 35 35 37 38 38 37 35 33 36 36 36 36 37 37 36 34 36 39 41 38 33 28 23 18 14 12 13 13 10 9 9 11 9 17 39 37 42 37 38 38 38 38 38 38 40 39 39 39 39 39 39 39 39 39 39 39 39 39 38 37 38 39 40 39 39 39 39 39 39 39 39 39 39 38 37 35 32 31 29 29 31 32 33 34 35 36 36 35 35 35 34 33 31 30 32 31 29 29 29 28 27 
115 114 106 100 101 101 94 118 130 86 7 4 4 4 6 4 4 3 4 7 9 6 7 9 170 136 143 120 122 105 87 86 92 93 96 90 51 29 23 27 27 26 28 32 32 31 31 31 32 32 28 27 27 29 31 31 31 31 31 32 33 33 33 32 29 28 28 28 29 29 29 30 30 30 31 31 31 31 32 34 34 34 34 33 33 32 30 31 32 33 33 33 33 37 37 37 38 38 38 39 37 37 37 37 36 36 36 35 35 35 35 35 35 35 35 35 34 34 35 35 35 34 34 34 35 36 37 37 37 36 36 35 35 34 35 34 32 33 33 34 33 33 33 34 33 34 35 36 35 33 33 34 35 36 36 35 33 34 34 34 34 34 34 34 35 34 33 32 31 32 32 27 19 14 15 13 9 10 10 8 11 8 12 28 27 32 34 35 36 36 36 35 34 29 29 29 30 31 32 32 36 36 36 36 36 36 36 38 38 38 37 36 35 33 31 30 30 30 30 30 29 30 31 31 31 31 30 30 30 30 30 29 28 27 26 27 30 30 30 29 28 26 26 26 24 24 25 26 26 26 
100 100 100 102 110 117 115 129 126 57 4 4 3 4 4 6 4 5 6 4 9 9 8 115 172 142 178 161 151 126 109 98 95 95 92 81 50 28 25 31 28 27 32 27 27 26 26 26 26 27 26 25 25 27 28 28 28 28 28 28 28 28 29 29 31 32 32 32 33 33 33 33 32 33 34 34 35 35 34 33 33 34 34 34 34 32 27 28 29 29 30 30 30 32 32 33 33 33 34 34 32 31 32 32 32 31 31 32 32 32 32 32 32 32 32 32 32 32 32 32 32 31 31 31 33 34 35 36 35 34 34 35 34 34 32 31 31 32 34 35 36 37 37 36 36 37 38 39 38 37 36 37 38 38 38 39 40 35 33 33 33 34 34 34 34 33 31 29 29 31 33 33 27 20 15 12 11 10 9 10 13 9 11 29 35 35 31 32 34 34 33 32 31 37 38 39 39 40 41 41 38 38 38 38 38 38 38 38 38 38 37 35 33 32 31 31 30 30 29 29 29 30 32 32 33 34 34 35 35 34 34 33 33 33 33 33 34 34 34 33 32 31 31 34 32 31 30 30 30 28 
93 91 88 88 90 92 91 91 86 22 3 4 3 4 3 5 4 7 6 5 6 6 56 145 94 79 108 113 98 114 108 93 84 80 66 52 42 33 35 38 33 29 31 30 30 30 29 29 30 31 31 30 30 29 29 28 28 28 28 27 26 27 28 29 29 29 29 30 30 30 30 29 28 29 29 30 30 30 32 34 35 35 36 36 37 35 32 33 33 34 34 34 34 34 34 34 34 34 34 34 34 34 34 34 34 34 34 32 32 32 32 32 32 32 33 33 33 32 32 31 31 31 31 32 33 34 34 34 34 34 35 36 37 35 34 34 35 37 39 40 42 42 42 40 41 42 44 44 44 44 43 42 42 42 42 44 45 43 42 42 43 43 43 43 40 40 42 41 40 37 35 40 47 35 15 12 20 16 10 10 10 7 8 25 42 42 42 44 45 46 45 43 41 37 36 36 36 35 35 35 36 36 36 36 36 36 36 34 34 34 34 34 33 32 33 33 33 32 31 31 31 30 30 29 29 28 28 28 28 29 29 29 29 29 29 29 27 27 27 27 26 26 26 29 27 26 25 25 24 24 
72 71 70 70 70 72 74 69 59 8 4 4 4 4 5 4 4 6 5 12 7 36 132 102 90 75 84 72 73 72 72 63 58 57 48 37 34 40 41 37 36 35 34 40 41 41 39 38 39 41 35 35 34 33 31 31 31 29 29 28 28 28 29 30 31 31 31 31 31 32 32 31 31 31 30 30 29 29 28 25 25 25 26 26 27 27 26 27 28 28 28 28 28 29 28 27 27 26 25 25 26 26 26 27 27 27 28 35 36 36 36 36 36 36 35 35 35 34 34 34 33 34 35 34 34 34 34 34 34 34 36 38 38 37 35 35 36 37 38 38 39 39 39 37 38 39 40 40 41 41 40 39 37 36 37 38 39 34 33 33 33 33 33 33 32 33 35 36 35 32 29 31 40 35 16 8 12 14 18 25 18 11 8 22 46 45 41 42 43 44 43 41 41 46 45 45 44 43 43 42 43 43 43 43 43 43 43 43 43 43 43 43 43 42 41 41 41 40 40 40 40 37 35 34 34 32 31 30 33 36 35 33 30 28 27 27 29 28 28 28 28 28 28 26 24 24 25 27 27 26 
57 57 59 63 64 68 75 66 40 4 5 3 4 4 4 6 4 5 6 6 28 118 111 67 70 92 78 59 53 42 39 32 30 33 32 29 32 40 38 32 36 41 41 39 41 41 39 37 39 42 36 38 38 37 36 36 37 33 33 32 32 33 33 34 38 39 39 40 40 41 41 40 40 39 39 38 37 37 39 41 41 41 42 42 42 42 43 44 44 45 45 44 44 43 42 41 41 40 39 38 37 38 39 40 41 41 41 38 37 37 37 37 37 37 36 36 36 36 35 35 35 36 36 36 36 35 34 34 33 33 34 35 36 35 34 34 35 36 36 35 34 34 33 32 34 35 35 35 35 36 35 34 32 31 31 31 32 38 39 39 39 39 39 39 41 41 41 41 42 43 44 43 44 49 44 22 14 27 51 57 41 26 12 17 44 47 47 48 49 49 49 48 48 47 47 48 48 49 49 49 44 44 44 44 44 44 43 43 43 43 42 41 40 39 39 39 39 39 39 39 39 40 41 41 40 39 39 38 41 46 45 44 42 41 39 40 42 42 41 41 42 42 43 40 39 36 36 36 35 34 
71 69 68 67 61 60 65 58 20 3 4 3 4 4 4 7 6 6 9 9 80 112 68 31 51 47 44 48 34 41 37 32 30 32 33 34 36 38 37 34 36 40 41 41 44 44 42 40 42 45 46 48 48 46 44 44 45 41 41 42 42 42 42 42 42 42 42 42 43 43 43 43 43 43 43 43 43 43 41 39 39 39 39 39 39 39 38 38 39 39 39 38 37 34 34 35 35 35 35 35 32 33 34 35 36 37 37 44 45 45 45 45 45 45 44 43 43 43 44 44 44 45 45 45 44 44 44 44 43 41 42 42 42 43 43 44 45 45 44 43 42 41 40 40 42 43 42 40 41 42 41 40 40 40 39 40 40 33 31 31 32 31 32 32 33 33 31 31 32 34 36 36 31 34 46 30 12 20 44 55 46 36 12 8 33 39 31 31 31 30 30 31 32 32 31 32 32 32 32 33 35 35 35 35 35 35 35 32 32 33 32 32 32 31 31 31 31 32 33 33 33 36 37 37 36 36 36 36 36 36 37 37 38 38 39 39 38 38 38 38 39 40 41 40 38 36 35 34 33 31 
41 40 44 49 49 52 62 48 10 4 5 4 4 4 7 3 11 8 6 64 129 89 64 93 54 62 57 58 63 55 54 57 59 58 58 62 64 59 61 63 56 53 56 57 60 61 57 55 58 62 60 61 61 56 52 51 52 49 49 51 52 52 51 50 53 55 56 56 56 57 56 57 57 58 58 59 60 60 60 59 59 58 57 57 56 55 53 54 54 54 54 54 53 53 54 55 56 57 59 59 55 56 57 59 61 62 63 61 60 60 60 60 60 60 59 59 59 60 61 61 62 62 61 61 62 62 63 63 62 60 60 60 60 62 63 63 62 62 62 60 59 57 56 56 59 60 59 56 56 58 55 56 56 57 57 58 58 56 56 56 56 56 56 56 54 54 54 54 54 53 53 55 47 44 60 56 33 25 34 45 47 48 17 8 38 53 52 50 48 48 49 51 52 54 53 52 51 50 48 48 49 49 49 49 49 49 49 47 47 49 51 53 53 53 51 50 52 53 54 55 56 52 49 49 47 46 45 44 41 38 37 35 34 33 32 32 34 34 34 34 35 36 36 31 30 32 35 38 40 41 
27 26 25 25 26 28 30 19 4 3 4 4 4 5 4 8 5 9 33 102 85 54 54 60 64 63 62 65 65 66 69 71 70 68 67 67 66 65 69 72 70 71 77 73 71 70 72 74 74 74 77 74 69 66 64 64 64 64 64 69 74 72 70 73 74 74 75 75 73 72 71 73 75 74 73 74 75 76 77 78 76 75 74 75 76 76 73 71 77 82 78 74 76 76 76 77 76 76 75 74 73 78 78 74 77 84 83 81 85 83 77 77 82 86 84 84 83 81 80 82 86 85 83 83 82 81 83 87 86 81 77 76 78 80 79 80 85 82 81 82 82 77 74 73 75 77 77 76 73 71 77 78 78 79 79 80 80 76 77 79 79 79 77 76 70 67 66 65 64 64 65 73 76 75 76 78 62 36 30 49 68 59 25 13 37 73 74 79 77 74 76 78 74 73 75 75 71 69 71 74 75 75 75 74 73 72 70 76 76 73 71 72 73 75 76 76 74 72 71 71 71 75 75 71 69 71 74 75 75 76 77 79 80 78 77 76 75 73 71 70 70 72 72 67 66 66 67 67 69 70 
54 55 53 52 54 54 49 16 2 3 3 3 3 3 5 5 6 21 104 80 58 47 44 43 42 41 42 44 45 44 46 46 45 44 45 46 47 47 50 51 49 49 53 53 53 53 54 55 55 54 45 43 43 42 44 45 46 43 44 47 46 46 46 47 46 44 43 45 49 51 52 51 50 52 55 58 61 63 62 60 59 58 59 60 61 65 68 65 68 70 65 61 61 62 62 64 65 65 65 65 67 70 65 57 55 55 52 53 57 59 59 64 74 80 88 89 84 76 70 68 69 71 72 73 72 70 71 72 74 73 70 67 69 70 69 70 77 80 85 90 87 79 69 56 57 59 61 61 60 58 53 53 53 53 53 54 55 60 61 62 64 64 64 64 65 65 64 63 63 63 63 64 64 62 64 68 60 42 25 14 17 21 14 9 24 54 65 63 63 63 62 62 63 65 66 66 64 62 63 66 63 64 65 65 65 65 65 56 55 57 59 60 61 62 58 57 58 58 57 55 54 56 56 53 52 53 55 57 58 60 60 61 61 61 60 60 59 58 56 56 56 56 57 56 55 53 53 52 53 52 
50 56 54 52 56 54 42 14 4 5 5 4 5 6 8 2 11 75 118 72 50 55 62 58 56 57 58 58 56 54 55 53 51 52 55 55 50 50 52 53 51 49 50 48 50 52 53 54 53 53 50 48 47 46 44 44 44 43 49 49 45 46 50 49 51 49 47 47 49 49 46 48 51 52 54 55 55 54 55 56 56 56 58 59 61 62 61 59 61 62 59 54 55 56 56 58 60 61 61 61 62 64 61 56 54 55 54 55 58 58 56 59 66 69 73 73 69 64 61 61 64 65 65 64 63 62 60 59 59 60 58 57 57 58 57 55 54 57 62 66 65 60 54 49 50 52 54 55 55 55 56 55 53 53 54 56 58 52 51 51 52 53 55 56 57 57 56 56 56 56 55 55 55 54 56 61 62 55 39 18 9 12 14 11 20 42 58 51 52 56 53 52 55 52 52 52 50 49 50 51 50 51 52 52 52 52 51 56 57 58 59 57 54 52 53 55 57 58 57 54 51 48 45 42 42 42 44 45 46 49 48 47 47 47 47 46 44 44 43 42 42 42 43 45 44 41 39 38 37 37 
30 38 36 34 40 37 23 5 2 3 2 2 2 3 5 5 38 140 47 46 41 39 39 38 40 44 44 42 40 40 38 36 34 35 39 41 42 41 42 43 41 38 37 33 35 37 38 38 37 37 42 41 39 38 36 34 34 33 40 39 33 36 42 40 37 38 42 42 39 34 31 34 37 38 39 38 37 35 35 37 37 39 40 41 43 45 46 46 48 51 52 51 50 50 51 52 53 54 53 53 52 55 56 55 55 57 59 60 61 58 53 52 54 53 52 52 51 50 50 52 56 55 52 51 51 49 47 43 41 41 40 40 41 42 42 41 39 38 38 38 40 42 42 42 43 45 45 46 46 46 46 44 43 42 42 45 47 44 42 41 42 43 44 45 44 44 44 44 44 44 43 44 47 48 47 51 55 54 50 36 16 10 10 9 13 28 47 38 42 48 45 43 48 44 44 43 42 41 42 42 44 45 45 44 43 43 42 45 46 46 44 42 40 38 42 45 46 46 46 44 42 43 43 41 39 41 42 43 44 44 42 41 40 41 42 41 39 39 39 38 38 38 38 41 39 38 36 35 34 33 
20 24 23 20 23 20 11 3 3 5 4 4 3 5 4 33 80 52 30 20 26 30 26 24 25 28 32 32 32 33 31 29 27 28 31 34 34 33 33 33 34 31 28 24 27 29 30 28 28 28 27 27 29 29 29 29 29 23 28 28 23 26 32 31 21 22 32 35 31 26 23 23 24 26 28 29 30 29 27 25 26 27 28 29 29 30 30 31 32 35 38 38 37 38 38 39 39 38 38 37 37 38 38 38 36 35 37 37 38 36 34 35 37 36 39 41 39 36 34 34 36 37 36 34 34 33 31 28 26 26 27 28 29 29 31 32 36 35 33 32 32 34 34 28 28 28 28 28 28 27 31 30 28 27 27 29 30 32 31 30 29 29 29 30 31 32 32 34 33 33 32 31 33 35 34 33 35 35 38 40 27 15 10 9 10 18 34 27 31 37 36 34 39 39 38 38 37 38 38 38 38 38 39 40 40 39 39 35 34 34 35 36 38 40 39 39 38 37 37 37 37 38 38 35 34 35 37 37 37 37 36 34 34 33 34 34 34 34 34 34 33 33 33 35 34 33 32 32 31 31 
24 26 23 19 20 17 11 5 5 7 5 7 6 7 9 57 67 17 32 27 28 39 42 36 33 34 39 45 46 45 44 42 40 39 42 42 38 37 36 37 40 39 35 33 37 39 37 35 36 37 35 36 38 38 37 36 34 30 35 35 32 34 38 38 29 32 41 43 38 31 28 27 28 29 30 31 31 30 29 28 28 29 30 30 30 28 27 27 26 28 30 30 29 29 30 30 30 29 28 27 26 25 27 27 25 24 25 28 28 26 25 26 27 25 28 30 31 29 28 27 28 30 30 28 27 28 26 24 23 24 26 28 28 29 29 30 30 31 32 30 28 27 26 24 24 23 23 23 23 23 28 27 26 25 25 26 27 27 27 26 25 24 24 23 25 27 27 29 29 28 27 26 27 28 26 25 25 24 26 35 37 26 14 10 9 15 30 27 30 34 34 33 35 33 32 31 31 31 31 30 28 29 30 31 33 33 33 34 34 33 33 34 36 38 37 35 34 34 34 35 35 32 29 27 26 27 28 29 29 29 28 27 26 25 25 25 23 24 24 24 24 23 23 23 23 23 22 22 23 23 
37 36 33 29 29 27 23 19 23 23 20 27 25 22 26 34 32 29 30 43 38 35 34 32 29 28 31 35 36 35 35 35 33 32 32 33 34 32 30 31 37 37 33 33 35 36 34 32 33 35 38 40 40 40 37 34 31 34 36 38 37 36 36 37 39 40 40 39 36 32 28 29 30 29 29 27 27 26 27 29 29 29 29 28 27 28 30 30 28 28 31 31 28 27 27 28 28 28 28 28 24 24 26 28 27 26 29 31 31 29 27 28 28 25 23 25 28 30 31 31 31 34 33 30 29 31 31 28 28 29 32 33 33 32 33 32 29 30 30 28 26 25 26 29 28 28 28 28 29 29 28 27 27 26 26 26 26 29 29 30 29 29 28 28 27 27 29 30 30 29 28 28 29 30 29 28 30 29 26 28 36 31 19 12 11 17 34 35 37 39 39 38 37 33 31 30 30 31 31 30 27 27 28 29 29 29 29 30 30 29 28 27 26 26 27 28 27 28 27 28 27 29 28 26 25 26 27 27 27 27 27 26 25 24 23 22 20 20 21 20 20 19 19 20 20 19 19 19 19 20 
30 28 27 25 25 25 26 25 29 27 24 34 31 25 37 21 24 45 32 30 36 30 28 32 34 33 31 31 32 35 37 38 36 33 33 32 31 30 27 29 35 37 32 30 32 32 29 27 28 32 31 33 36 37 37 35 34 37 36 38 39 35 33 33 41 38 31 31 34 36 34 32 31 31 30 32 33 34 35 36 36 36 35 33 31 31 31 32 30 29 33 33 30 26 27 28 29 29 29 29 29 28 29 31 28 26 27 28 29 28 27 30 31 29 27 29 33 35 35 34 33 36 36 32 32 34 35 33 31 32 35 35 33 31 32 34 37 35 32 29 29 33 36 30 30 30 31 32 33 34 35 35 34 34 34 33 33 32 33 34 35 35 34 33 30 30 32 33 34 33 32 31 32 33 32 34 38 38 34 33 39 41 32 23 26 33 38 43 43 41 42 40 38 41 38 37 38 39 39 37 36 36 35 34 32 30 29 31 32 34 35 35 34 32 32 33 35 36 36 34 33 33 33 31 30 31 33 33 32 31 31 30 29 27 25 24 25 26 26 26 25 25 24 27 26 25 25 24 24 24 
22 24 22 19 20 22 21 24 24 24 24 22 23 25 28 30 27 23 25 28 27 27 29 28 25 26 30 31 31 31 29 32 35 30 26 25 27 25 24 27 30 30 30 27 26 28 27 25 27 26 28 28 29 32 34 33 31 29 31 36 37 36 35 34 34 35 37 37 33 31 34 36 33 26 28 36 32 32 36 35 38 40 39 37 36 36 36 35 33 37 41 38 30 27 30 33 31 26 26 31 33 28 33 41 37 31 35 37 38 36 32 33 38 40 42 41 39 40 43 43 37 36 39 39 35 35 41 42 41 41 40 40 39 39 39 37 34 33 34 35 34 36 38 33 28 30 36 37 36 37 36 37 35 34 38 39 34 36 38 38 39 38 37 36 37 36 35 35 33 32 33 35 34 34 35 35 34 33 38 43 37 33 34 36 39 38 32 34 33 32 31 33 35 33 35 35 35 36 34 31 36 33 33 36 36 33 30 29 29 31 32 30 29 31 30 30 33 38 40 37 32 29 30 32 32 31 31 31 32 33 34 34 33 32 31 31 31 29 30 30 27 25 26 29 29 27 26 27 28 25 
24 26 25 24 27 29 29 26 27 28 28 28 27 29 33 33 30 29 32 35 35 36 37 37 36 34 35 37 39 39 38 41 41 38 39 41 37 35 32 30 29 29 30 27 27 32 32 31 35 34 36 37 36 35 33 34 35 34 35 38 38 36 34 33 41 42 41 40 35 30 31 29 33 40 38 35 33 37 40 38 37 36 36 37 39 40 38 36 33 33 35 36 33 37 36 33 33 36 38 37 41 40 37 31 25 22 22 32 37 39 41 41 40 37 31 30 31 32 35 36 36 36 37 36 36 38 41 38 36 37 39 41 40 37 34 33 33 32 34 36 36 38 41 33 29 29 33 34 33 34 32 33 31 30 33 34 32 32 34 35 36 36 37 37 35 32 31 34 34 34 36 37 36 36 37 37 34 32 31 34 40 38 29 26 35 40 33 34 34 33 31 30 30 30 34 33 29 29 32 36 25 30 34 35 33 30 26 28 29 30 32 32 29 26 24 26 30 32 31 30 29 25 24 26 28 30 31 32 32 33 33 34 36 36 34 32 29 30 33 35 35 38 41 35 34 31 29 29 30 27 
19 20 20 20 22 24 24 24 27 29 30 28 26 25 26 25 26 28 29 26 24 23 22 23 27 27 26 29 32 30 30 30 27 24 26 30 30 30 29 29 30 32 34 32 31 34 33 33 35 31 29 31 32 30 29 31 36 37 38 38 37 34 33 33 33 31 30 33 31 28 26 29 41 49 40 33 36 38 35 33 32 33 36 41 43 45 49 49 44 39 39 41 42 41 35 31 32 38 38 32 31 36 33 26 24 28 29 32 34 38 43 42 38 36 30 30 33 34 33 32 34 36 34 32 35 40 38 35 35 40 43 44 41 39 39 39 40 40 42 43 43 47 52 48 44 45 50 52 53 54 47 48 45 44 46 49 48 44 45 47 47 47 48 50 52 50 49 52 52 49 49 47 46 48 48 46 44 41 37 36 41 43 42 44 48 49 45 48 49 47 44 42 41 40 42 40 37 38 41 42 40 44 41 33 33 37 39 36 36 38 41 42 38 32 28 30 33 33 31 32 35 38 40 41 43 45 43 41 41 43 40 40 40 37 33 31 34 34 36 35 32 32 35 31 32 31 31 35 39 39 
23 23 22 22 22 23 22 25 29 33 31 29 27 24 27 30 36 40 35 26 23 24 22 21 28 29 25 26 27 25 28 31 30 27 27 27 25 24 24 25 27 28 28 26 24 25 24 23 25 20 25 25 26 26 27 29 32 27 27 27 26 25 25 26 27 24 22 26 29 29 28 32 30 24 21 22 29 28 23 22 23 26 28 28 25 25 30 34 31 25 23 24 27 38 31 31 33 31 28 29 26 27 24 19 18 18 19 22 23 25 25 24 24 28 30 31 32 33 30 27 25 27 26 24 27 29 27 27 31 37 36 34 31 32 37 40 39 39 39 38 35 37 41 38 36 37 39 40 40 39 42 43 42 42 43 45 46 39 40 42 42 40 40 41 44 43 45 49 48 44 42 44 48 51 50 48 48 47 45 47 49 51 52 55 55 52 52 56 58 56 54 53 56 61 57 54 59 64 58 46 52 55 47 39 44 53 56 56 59 62 62 63 61 55 51 50 49 48 49 52 56 54 51 51 53 54 50 45 44 44 44 47 53 59 59 52 42 49 56 56 49 44 47 56 55 49 44 44 47 47 
22 21 20 20 19 19 19 26 32 34 32 31 30 26 29 34 41 43 38 33 35 39 34 28 32 32 24 20 19 19 26 35 44 48 45 46 56 50 47 47 46 41 37 44 44 46 45 47 49 40 28 27 26 29 31 30 26 26 28 28 29 29 31 34 39 32 24 24 31 38 45 56 45 33 39 46 52 52 48 50 47 44 40 34 29 29 41 50 52 46 43 41 42 43 31 32 34 24 24 40 51 41 40 43 39 34 35 29 31 33 30 29 33 38 39 36 36 41 43 38 35 36 37 35 33 30 29 33 38 41 41 39 36 37 41 45 48 46 43 36 28 26 30 41 39 37 35 35 34 32 33 33 33 34 34 33 33 29 32 36 36 34 34 36 33 32 35 40 38 33 32 36 41 44 41 40 44 44 43 50 61 56 42 36 41 41 31 34 34 29 27 29 34 34 33 31 33 36 33 27 26 31 33 34 38 37 30 32 38 39 34 32 34 36 34 30 26 26 30 32 32 31 30 32 38 40 36 34 37 38 36 36 39 45 47 47 46 62 85 98 94 86 88 106 97 76 56 44 38 35 
17 16 15 16 16 17 19 23 27 27 22 22 23 21 21 25 28 28 31 39 44 38 27 22 24 24 19 15 15 16 20 27 40 51 53 49 47 45 46 48 48 43 38 39 42 46 45 46 44 31 22 20 20 24 28 27 23 24 26 28 30 31 34 36 37 29 20 20 28 41 56 58 42 42 55 49 50 53 52 52 45 35 27 23 23 26 33 40 45 47 51 52 52 50 30 27 28 22 27 51 47 35 36 45 41 34 35 37 48 53 50 52 56 52 40 32 32 43 52 55 57 56 55 53 43 33 33 36 37 38 44 49 53 52 49 51 61 58 52 39 27 21 25 45 44 41 41 46 52 55 44 42 43 46 44 37 32 29 33 37 38 38 42 47 51 52 51 47 37 29 29 37 47 53 48 48 52 54 50 52 59 56 49 49 49 46 48 55 52 41 34 38 47 49 55 55 49 48 52 57 46 44 44 44 42 36 29 33 40 39 30 27 31 35 36 30 25 26 30 32 30 26 24 27 32 30 24 23 27 29 26 23 24 29 36 40 45 55 72 82 74 60 56 64 61 50 36 29 26 24 
24 20 20 21 22 24 29 30 31 25 17 14 15 14 17 21 23 25 35 46 42 26 18 19 19 19 19 19 19 20 20 22 29 49 66 69 63 68 69 65 57 52 48 35 45 57 62 65 58 38 20 18 17 19 21 21 19 15 15 16 17 17 18 20 24 22 19 22 27 31 36 39 34 43 59 52 62 72 66 65 56 42 28 23 25 26 26 29 34 43 58 69 68 53 31 22 22 24 27 34 51 42 39 39 35 28 26 28 38 40 39 51 55 37 24 18 18 26 36 47 61 62 60 56 37 26 26 24 20 22 28 41 54 61 58 56 62 62 59 46 32 26 28 31 30 26 26 37 54 64 63 56 58 62 56 41 31 28 30 31 29 31 38 49 68 72 64 46 29 23 26 44 65 75 72 70 74 72 65 62 63 65 75 85 70 52 49 60 58 42 32 36 49 67 75 77 73 71 68 64 39 31 28 27 22 18 19 31 37 33 23 21 23 25 25 23 20 20 22 23 21 23 27 30 35 29 21 20 21 20 20 20 25 39 62 68 48 46 48 47 37 25 20 21 24 24 21 22 24 25 
24 20 19 20 21 24 29 48 50 36 21 16 16 14 12 15 18 21 34 40 24 13 14 18 16 14 15 17 17 16 15 13 18 42 79 92 78 82 72 49 29 20 19 23 38 61 79 91 84 57 34 30 25 21 18 16 15 15 16 17 17 17 17 17 22 26 31 36 33 23 15 14 12 19 30 38 73 90 77 78 70 51 31 18 16 20 26 25 28 42 68 90 91 55 34 21 23 30 27 18 20 22 23 22 24 27 26 26 33 29 28 47 54 31 23 20 18 25 33 48 73 82 83 75 49 36 35 26 19 20 26 42 67 88 93 88 80 86 88 78 62 56 56 49 43 34 31 45 68 84 87 78 78 84 74 51 35 33 33 31 28 29 39 53 74 77 66 46 29 25 34 51 72 87 84 80 81 75 66 71 85 86 82 81 72 58 57 75 76 57 43 48 63 75 74 79 90 90 66 40 22 22 29 35 28 21 25 34 38 31 22 20 22 20 20 20 19 19 18 18 17 17 18 23 30 25 18 19 22 20 18 16 16 24 42 57 58 49 45 44 37 28 24 23 27 27 25 25 28 30 
17 15 12 13 15 17 29 59 69 56 30 18 15 14 11 12 16 24 27 23 17 16 15 16 21 21 15 13 14 15 13 12 14 31 66 91 86 77 62 37 17 13 18 17 25 48 73 91 87 61 32 28 22 18 17 16 16 15 15 16 17 17 16 15 22 23 37 60 47 27 19 16 18 20 16 24 51 79 87 85 78 68 53 33 18 14 16 17 16 23 46 74 82 64 56 57 53 36 24 24 20 20 23 21 21 26 28 28 26 23 30 45 43 21 18 24 22 22 32 37 72 79 74 76 72 66 54 36 23 19 16 20 20 44 66 85 73 67 65 69 76 85 89 68 55 51 55 61 67 74 75 67 68 73 70 64 66 73 68 53 39 41 50 54 68 75 70 59 52 52 54 60 68 72 70 71 75 73 67 67 73 75 71 69 71 70 61 62 64 64 63 62 61 68 71 65 61 66 62 48 29 34 39 43 49 52 50 56 49 31 20 19 23 22 22 20 21 23 22 20 22 21 17 18 22 20 20 21 20 20 20 18 20 32 46 50 43 38 34 34 36 35 33 29 31 30 29 29 32 36 
