UP
10 14 9 7 6 5 5 9 8 7 8 12 12 12 16 13 10 13 13 12 17 23 26 20 15 18 10 9 14 12 11 13 13 9 9 11 11 10 11 9 7 13 6 7 6 5 3 2 2 3 3 4 4 5 7 7 6 8 9 10 11 10 8 10 11 12 11 11 12 11 17 20 17 17 11 5 6 7 6 5 5 3 4 12 10 15 24 19 9 6 6 3 1 4 4 3 3 3 4 4 8 23 41 47 33 29 16 4 5 13 24 34 41 45 34 21 21 34 42 48 54 60 58 50 50 54 55 55 54 58 60 50 50 49 32 29 36 15 6 7 6 10 16 12 13 12 6 4 6 3 3 3 2 2 3 4 5 4 3 2 2 3 2 2 3 3 3 3 3 3 3 4 5 4 4 4 4 4 5 6 5 3 3 3 4 7 8 4 2 3 2 1 2 5 7 4 3 5 4 5 10 8 6 9 8 3 4 9 8 8 8 7 5 4 5 5 6 7 8 10 10 10 9 7 5 7 10 10 8 7 8 6 5 8 9 7 5 3 2 1 2 4 3 2 4 5 5 7 8 6 
7 13 8 6 7 9 7 11 7 6 6 9 10 10 13 10 9 11 10 10 13 17 20 16 12 13 8 8 12 9 6 6 6 6 9 13 12 10 10 9 9 13 8 8 9 6 4 3 4 3 3 4 4 4 4 3 2 2 2 2 2 2 2 4 7 7 6 8 8 9 13 17 19 18 15 14 15 17 18 17 19 18 17 20 18 22 22 16 7 5 5 3 2 3 3 2 2 2 2 1 1 4 17 21 7 11 45 58 47 50 59 53 47 58 71 65 55 56 54 47 48 48 41 32 27 22 18 17 18 24 28 28 33 30 19 17 19 8 4 5 4 8 14 9 12 17 16 9 6 9 14 14 14 14 17 23 27 11 5 6 7 5 4 5 5 5 4 4 4 4 4 6 6 6 5 5 4 4 4 5 5 4 5 4 4 7 11 9 8 10 6 3 3 3 4 2 3 5 7 7 9 7 4 5 5 3 4 5 8 10 8 8 7 5 3 5 7 6 7 11 11 10 10 9 8 9 11 12 10 9 9 7 8 13 14 12 10 7 4 3 4 5 5 4 4 6 9 9 6 5 
10 13 7 7 7 7 6 12 8 7 8 10 8 10 12 12 14 14 10 7 10 12 16 16 13 11 7 8 13 12 9 6 5 6 10 13 12 10 10 10 10 11 8 6 7 6 5 5 6 6 4 5 5 5 5 4 3 4 4 4 3 2 2 3 6 4 5 6 4 6 8 8 9 7 5 7 7 7 8 8 11 15 16 14 11 13 14 11 6 6 7 5 4 3 2 2 2 3 3 2 1 2 5 7 4 4 35 64 53 50 50 35 23 26 33 39 30 18 15 12 11 11 9 8 7 7 7 9 12 14 15 14 18 17 14 12 8 6 7 12 10 12 15 5 5 8 16 15 7 8 7 10 13 13 14 15 17 9 4 7 9 4 4 5 5 5 5 4 4 4 4 4 4 4 4 5 5 4 4 5 4 4 7 7 4 5 8 9 11 14 9 3 3 2 2 1 2 3 5 5 4 4 3 2 4 6 7 3 5 9 9 9 8 6 6 8 9 7 7 10 10 10 11 9 7 6 6 6 6 6 6 5 6 9 9 9 13 12 8 11 13 11 11 9 7 7 8 6 3 2 
13 11 5 5 5 5 8 7 6 12 18 18 11 10 12 21 35 30 13 8 15 16 17 22 20 12 6 6 10 12 10 7 5 6 7 9 9 9 9 11 11 9 9 8 6 5 5 5 5 5 5 5 4 4 4 4 3 5 5 4 4 4 4 4 5 4 6 8 7 11 16 12 10 6 2 2 2 1 2 3 3 5 6 5 5 6 8 6 5 6 6 4 4 3 3 2 2 1 1 2 3 1 3 3 4 4 8 12 11 11 10 6 4 3 5 13 10 2 2 3 2 2 2 2 3 3 3 5 7 8 6 4 7 8 9 9 8 14 29 50 40 28 21 8 4 1 7 9 3 3 1 4 6 6 5 5 4 4 2 5 7 3 3 4 4 5 5 5 4 4 4 3 3 3 5 7 7 5 4 5 4 4 7 7 5 6 10 7 7 7 5 2 3 2 2 2 2 2 4 4 4 6 5 3 4 6 5 2 3 7 11 11 9 8 11 10 8 7 7 7 6 7 8 8 8 7 6 5 5 5 5 5 6 7 5 4 6 6 4 7 8 5 6 9 8 8 6 5 3 3 
11 13 6 6 9 15 20 9 6 10 15 15 9 11 11 12 17 17 11 7 8 9 12 20 23 15 8 6 7 10 9 7 6 6 6 6 7 8 9 11 13 9 12 10 6 5 5 4 4 4 6 5 5 5 5 6 4 5 4 3 3 5 7 6 3 2 4 6 6 10 15 12 10 8 2 1 1 2 2 4 2 2 2 2 4 4 4 4 4 7 7 5 6 3 2 1 1 1 1 1 3 1 4 6 6 3 2 1 1 2 1 2 3 3 1 2 4 6 5 3 3 3 3 3 3 2 1 1 1 2 1 1 2 3 3 3 4 8 16 27 20 13 12 28 24 9 4 2 1 7 7 7 4 2 2 2 3 3 2 4 6 3 3 4 4 4 4 5 5 5 5 5 4 4 5 7 6 4 3 3 3 2 4 4 3 5 9 6 5 6 5 3 3 2 3 4 4 3 4 5 5 7 6 2 2 3 1 2 2 4 9 10 8 9 9 5 3 3 4 4 4 4 5 8 11 12 8 5 4 5 5 7 8 8 5 4 5 5 3 5 7 6 5 4 5 5 5 4 3 2 
16 20 17 19 15 12 12 11 4 5 9 12 10 14 20 14 9 13 18 16 10 6 6 12 20 21 16 8 6 8 8 5 5 7 7 5 7 9 9 10 11 6 13 13 11 8 6 5 5 6 3 3 3 5 6 6 4 4 5 4 5 7 7 6 4 5 6 7 11 12 14 16 22 22 8 1 2 2 1 2 2 1 1 2 8 7 4 3 4 7 8 8 12 3 1 1 2 3 2 1 1 2 3 8 8 3 2 2 3 2 1 2 3 2 1 1 3 7 5 3 3 3 3 3 3 3 2 2 1 1 1 1 3 5 3 2 7 7 6 5 1 1 4 13 8 4 5 5 4 9 22 13 5 1 1 2 2 2 2 3 4 4 3 4 5 5 5 5 5 6 7 7 6 5 4 5 5 3 3 3 4 3 4 3 3 4 4 2 3 6 5 2 2 2 4 4 5 5 3 4 8 6 5 3 3 6 3 2 1 1 4 8 9 8 12 11 6 4 3 3 3 4 5 6 11 12 7 4 4 5 6 8 8 7 5 5 4 3 3 4 7 9 6 6 5 6 7 5 2 2 
10 11 18 29 18 6 6 6 3 4 12 20 16 18 14 8 7 8 8 8 8 6 6 9 16 22 18 9 5 7 5 3 4 6 5 4 7 9 9 9 9 6 13 18 19 13 7 6 7 8 6 5 6 7 8 6 3 2 4 5 6 8 7 5 3 5 4 5 8 8 7 9 14 18 7 1 2 2 1 3 3 1 1 4 17 16 5 3 3 4 5 6 10 4 2 2 4 5 3 2 2 2 5 6 4 8 4 1 1 1 1 2 3 2 2 2 2 3 3 4 5 3 3 3 3 3 2 1 1 2 2 1 3 6 2 1 2 3 4 4 1 2 3 1 2 4 6 4 3 9 22 13 6 3 3 3 2 1 2 2 3 4 3 3 6 6 5 5 5 5 6 8 7 5 4 5 5 4 3 3 4 4 3 2 3 5 7 4 3 5 5 3 3 4 5 4 7 7 3 3 9 5 4 3 4 7 4 2 2 1 2 7 11 9 7 9 6 3 3 5 5 5 5 5 7 9 7 4 5 6 8 10 10 8 6 6 5 4 5 6 8 10 7 10 6 8 13 10 4 3 
15 8 4 5 7 7 5 7 5 4 6 11 11 12 8 5 4 9 6 6 9 8 8 8 10 13 13 11 10 10 9 8 7 7 8 8 10 10 12 13 14 13 12 14 10 8 8 9 11 13 9 8 11 12 9 5 4 3 3 3 4 5 5 4 4 4 4 4 4 4 4 5 8 7 3 3 2 1 1 1 2 2 1 5 15 15 7 2 3 2 3 7 6 5 3 4 7 8 8 6 3 3 3 4 3 2 4 1 1 1 1 1 1 1 2 3 4 4 3 3 3 3 2 2 3 3 2 2 3 3 2 2 4 4 2 1 2 3 4 3 2 1 1 2 3 5 5 4 5 9 22 13 8 6 6 3 2 2 3 3 4 4 4 4 7 7 5 6 5 5 5 6 6 4 3 4 4 4 3 3 3 5 4 3 4 3 5 6 3 4 5 4 4 6 4 5 7 6 4 3 7 3 2 2 2 1 1 2 1 1 2 3 7 7 5 8 7 4 5 8 6 5 5 5 6 6 5 5 5 5 6 11 15 10 7 7 8 8 10 10 9 7 7 14 18 22 34 32 13 5 
9 8 6 5 5 6 7 6 7 7 7 6 6 12 9 7 6 7 9 10 8 8 11 13 12 10 11 15 17 15 16 15 13 12 13 15 15 15 15 15 15 13 12 9 9 10 11 11 11 10 11 10 12 15 14 12 13 15 14 12 11 10 8 6 7 8 9 9 9 8 8 10 12 9 5 5 4 2 1 1 2 2 2 8 18 19 11 3 3 2 4 14 17 15 12 12 14 16 16 12 6 4 5 7 3 1 1 1 2 1 1 1 2 2 2 3 6 10 13 13 13 12 12 12 12 12 12 12 12 11 8 6 6 4 2 1 1 2 2 1 1 1 2 3 3 5 7 6 6 9 19 14 9 5 7 5 4 2 4 5 6 7 8 9 10 8 5 5 5 5 5 5 4 4 5 5 5 4 4 4 3 6 7 4 4 3 5 6 6 5 6 8 8 6 5 6 8 6 4 3 4 4 3 2 3 3 2 1 2 1 2 2 3 4 4 5 4 3 6 10 8 6 5 5 6 6 5 5 5 5 7 13 14 12 12 16 21 25 28 24 16 11 11 22 26 27 32 30 19 15 
9 13 15 11 7 8 12 10 13 14 16 16 14 20 16 15 17 11 18 24 21 21 22 25 22 15 17 25 29 23 22 22 24 26 23 21 23 23 24 27 28 27 26 22 22 23 24 24 23 22 25 23 25 28 28 27 30 33 32 30 27 25 23 21 21 22 22 22 20 19 17 18 19 14 7 5 4 3 3 2 2 2 3 7 12 12 8 3 2 2 4 13 17 18 16 16 17 20 22 17 6 4 7 10 6 3 4 4 4 4 3 4 6 7 6 8 14 23 29 30 29 29 29 28 28 28 29 29 30 29 24 19 15 13 11 10 12 12 10 9 9 11 14 17 17 20 23 23 23 24 32 30 25 20 25 23 21 14 15 13 18 21 23 21 15 12 9 8 8 8 9 11 13 15 17 17 16 16 14 14 11 12 18 11 11 14 16 16 20 18 17 22 21 17 15 16 18 16 12 10 11 15 12 9 13 15 11 8 9 4 5 8 9 9 9 13 14 9 8 10 10 10 9 8 9 9 8 7 9 12 16 21 21 20 24 32 40 44 46 39 29 24 26 35 39 38 37 34 31 34 
12 20 24 18 11 12 19 14 21 33 47 54 51 54 54 52 48 27 35 39 35 34 31 33 31 26 27 33 33 29 31 33 33 33 33 33 33 34 37 41 42 40 38 36 34 33 33 34 34 34 36 34 34 35 34 33 34 35 35 34 34 34 34 35 34 34 33 33 31 29 28 27 29 27 18 15 14 15 18 19 18 16 16 15 11 10 10 7 8 8 7 7 7 7 9 10 10 13 16 12 11 12 16 20 19 18 21 20 20 19 18 18 22 24 23 25 29 35 37 36 33 34 34 33 33 33 34 36 37 37 35 32 30 30 30 31 32 32 30 27 27 30 34 37 35 36 39 40 39 40 40 44 42 36 41 36 32 25 29 28 36 37 38 37 32 29 29 28 26 26 29 29 31 35 37 36 35 36 35 36 31 30 39 31 34 39 35 33 40 36 33 39 35 38 35 35 37 35 31 29 30 34 31 28 32 34 29 25 30 24 27 27 26 27 30 33 31 26 27 28 25 25 25 23 23 23 21 21 23 25 28 31 30 30 34 40 40 39 39 38 34 34 37 41 44 44 40 38 39 43 
9 14 17 13 8 9 14 16 43 77 94 100 99 104 119 119 110 87 83 55 23 18 17 17 18 19 20 19 18 18 21 22 20 19 20 21 21 23 25 27 27 24 22 24 24 23 24 25 25 25 25 25 25 26 25 25 25 25 25 25 25 26 28 30 30 29 30 30 30 30 30 29 30 29 27 31 28 25 25 29 31 30 34 33 27 25 22 23 26 28 28 25 22 21 24 28 26 26 29 25 23 25 27 26 26 28 30 29 32 32 29 29 31 32 34 34 33 34 34 33 31 31 31 31 31 31 32 33 35 36 35 33 31 31 32 33 33 34 35 34 34 35 37 38 36 34 34 35 36 36 35 39 41 35 30 18 13 10 13 17 30 36 37 42 38 37 40 42 39 37 41 40 40 43 44 42 41 43 44 49 44 41 47 42 45 46 44 42 47 46 46 47 42 47 43 42 42 42 41 41 43 43 43 44 43 41 41 45 38 29 31 30 34 36 38 40 38 37 39 40 37 38 38 35 37 37 35 34 36 37 36 37 37 38 40 42 42 39 41 44 44 44 45 44 43 46 44 42 45 43 
8 9 9 8 8 8 9 9 44 83 83 82 86 92 104 121 133 146 147 101 33 9 7 6 7 9 9 8 8 8 7 7 9 9 8 7 9 9 10 11 11 11 10 10 10 10 11 12 12 12 9 9 9 10 10 11 11 12 12 12 11 11 12 14 16 16 16 17 18 19 20 19 18 16 17 22 18 14 16 23 26 23 27 26 21 24 29 29 28 30 29 24 22 24 25 30 27 23 25 24 31 31 31 29 25 24 26 27 30 31 29 28 28 27 26 25 24 25 27 28 28 28 28 28 29 30 30 30 31 32 33 34 34 35 36 34 30 32 35 36 36 35 36 37 37 36 36 38 40 42 38 38 42 36 24 7 2 2 1 6 28 47 46 47 43 40 41 46 46 44 43 43 44 46 46 45 44 44 45 50 48 46 47 46 39 28 40 45 45 47 50 48 45 47 46 45 46 48 49 48 44 44 46 47 44 42 42 42 16 7 9 15 36 45 38 41 47 45 39 38 44 47 45 43 46 47 44 42 44 45 44 43 43 44 44 44 45 44 47 48 45 44 46 47 43 48 45 44 49 44 
11 8 6 7 9 8 6 8 45 80 73 78 91 93 83 108 115 123 128 122 65 15 8 6 5 5 6 6 6 5 6 6 6 6 7 8 8 7 6 6 6 7 7 7 6 5 6 6 7 7 6 6 5 5 5 6 7 6 6 6 5 5 6 7 7 7 6 6 6 7 8 7 8 8 7 8 7 7 8 9 9 7 9 9 8 11 10 11 9 11 12 9 9 9 9 11 10 7 9 11 12 11 13 14 11 9 11 11 13 14 12 12 12 11 12 11 11 12 12 12 11 11 12 13 14 14 14 14 15 16 17 18 18 18 17 16 15 17 18 19 19 17 16 16 18 19 20 21 24 25 24 23 31 33 22 6 1 2 1 5 27 36 28 31 34 30 27 32 36 34 31 31 34 36 37 38 37 35 36 42 41 42 41 40 26 12 32 42 38 39 43 40 41 38 40 41 42 44 45 44 40 44 45 44 44 43 40 37 7 1 2 5 28 41 42 42 44 47 47 46 48 46 42 41 45 47 43 41 43 48 49 47 45 44 44 45 48 47 47 43 39 40 46 42 36 39 35 34 42 39 
6 6 6 5 6 6 6 6 34 73 84 79 84 95 92 92 112 124 128 145 106 41 12 5 5 8 6 5 6 7 6 5 6 7 7 7 7 6 6 6 6 6 6 7 7 6 6 6 6 6 6 5 4 4 5 5 4 7 6 5 5 5 6 6 5 5 6 6 6 5 5 5 5 5 6 6 6 6 6 6 6 6 6 6 7 7 6 7 6 6 7 7 6 5 6 7 7 6 6 6 6 5 6 7 7 6 6 6 7 7 7 7 8 8 8 7 7 7 7 7 7 7 6 7 9 9 7 7 8 9 8 8 8 7 7 7 8 7 8 8 7 7 7 7 7 6 7 7 7 7 6 8 10 11 10 7 5 4 5 7 11 13 14 16 19 21 21 23 23 21 18 17 16 15 15 15 15 15 15 14 15 16 16 14 10 8 11 13 14 13 14 14 15 13 14 14 15 16 16 17 15 18 19 18 18 18 18 15 7 3 3 5 13 23 26 25 24 24 24 26 27 25 23 23 23 23 23 22 24 25 24 23 23 25 28 31 33 31 28 27 27 30 32 31 30 31 31 31 33 33 
7 7 7 7 7 7 6 7 27 74 84 72 73 80 86 87 109 122 122 144 128 80 27 7 10 3 4 8 6 6 6 6 6 6 7 8 6 6 5 6 6 6 6 6 6 6 6 6 6 6 6 6 5 6 6 6 5 6 6 5 5 5 6 6 6 6 6 6 6 6 6 6 6 6 6 6 6 5 5 5 5 5 5 5 6 6 6 6 6 6 6 7 6 6 7 7 7 6 6 6 6 6 6 7 8 8 7 6 6 6 6 5 5 5 6 6 6 6 6 6 6 6 6 5 6 7 6 6 6 5 5 5 6 6 6 6 5 6 7 8 8 8 9 11 10 9 9 10 10 9 12 12 13 13 13 12 11 11 11 10 10 10 10 9 8 8 8 8 8 8 7 7 7 7 7 6 7 7 6 5 5 6 7 6 5 5 6 7 7 7 6 6 6 6 6 6 7 7 7 7 7 8 8 7 6 6 6 8 6 5 6 7 8 10 10 9 9 8 8 9 10 10 10 10 10 11 11 11 11 11 12 14 18 24 30 35 36 35 34 35 37 40 43 46 45 45 45 46 47 48 
8 8 9 9 9 9 8 9 20 79 92 76 77 77 86 88 108 120 115 133 140 131 75 27 12 4 6 9 7 7 8 8 7 7 8 8 8 7 7 7 8 8 8 7 7 7 7 8 8 8 6 6 6 6 7 7 7 6 6 6 6 6 7 7 7 7 6 6 8 8 8 7 7 8 8 8 8 7 8 8 8 8 8 8 9 9 9 9 8 8 9 9 9 10 9 9 8 8 8 9 9 8 8 8 7 6 6 7 8 8 7 7 7 7 7 7 8 8 8 8 8 9 9 8 9 9 9 9 11 12 12 13 14 15 15 17 19 19 22 25 23 22 22 19 17 15 14 13 11 10 9 8 8 7 7 7 7 7 7 7 6 6 6 5 6 7 6 6 6 7 7 7 7 7 7 7 7 7 7 7 8 9 10 11 11 11 13 13 13 13 12 12 12 13 13 13 13 13 13 14 12 13 14 15 15 15 16 16 17 20 22 22 21 22 30 32 31 31 31 31 32 32 33 33 35 37 38 39 40 40 40 39 39 40 41 42 44 44 44 45 47 49 50 49 47 46 45 46 48 49 
6 7 8 8 8 7 7 8 13 69 95 82 85 80 89 90 104 117 113 122 134 144 140 77 18 7 8 6 6 8 8 8 7 7 6 6 7 7 7 8 8 8 8 8 8 8 8 8 8 9 9 9 9 10 10 10 10 10 11 11 12 12 12 12 13 12 12 14 16 17 16 15 15 15 15 15 16 17 19 20 19 19 19 20 21 21 20 21 19 19 20 21 20 22 22 21 20 19 19 20 20 20 19 18 17 17 16 14 14 15 15 15 15 15 15 16 17 18 19 19 19 19 20 20 20 21 21 21 22 24 25 26 27 28 29 29 28 27 28 28 25 22 21 16 15 14 13 13 12 11 13 12 12 11 11 12 13 14 14 13 13 13 13 13 13 14 14 14 14 15 16 17 18 18 19 19 19 20 20 20 21 23 26 27 26 27 32 33 33 34 34 34 34 33 33 34 34 35 35 35 33 34 35 37 38 39 40 38 38 42 44 41 40 43 43 42 42 42 41 41 42 40 40 41 42 44 45 46 46 46 46 46 45 45 45 44 42 42 42 43 43 43 43 44 43 41 40 41 43 45 
4 5 5 6 5 5 5 6 8 48 88 84 85 77 85 88 96 111 114 118 126 132 149 124 52 10 5 3 4 6 6 6 7 6 5 4 5 5 6 6 6 6 6 6 6 6 5 5 5 6 6 6 7 7 7 7 8 8 8 9 9 9 10 9 10 9 10 12 15 15 14 13 13 12 11 12 13 15 16 17 17 16 16 17 19 19 18 18 16 16 17 18 18 19 20 20 19 18 17 18 18 19 19 19 19 19 20 21 21 22 21 21 21 21 20 20 21 22 23 23 23 22 22 24 24 25 25 23 20 18 20 21 23 24 24 25 26 23 23 24 22 21 20 21 20 20 22 23 24 24 22 22 22 22 23 23 24 25 25 23 22 22 22 22 22 23 24 24 24 24 26 27 27 27 28 28 28 28 27 26 28 30 33 32 30 28 29 29 30 31 31 31 30 27 27 28 29 30 31 31 29 28 28 27 28 28 27 30 29 29 29 26 24 26 28 28 29 29 29 29 29 28 28 29 29 30 30 30 30 30 31 31 31 31 31 31 31 31 32 32 32 32 32 32 31 31 31 32 33 34 
5 5 5 5 6 6 6 6 7 33 85 92 88 78 78 85 94 104 114 119 125 130 128 143 117 30 6 4 5 5 5 5 6 6 6 5 4 5 5 5 4 5 5 5 5 5 4 3 4 5 3 4 5 5 5 5 5 4 4 4 4 5 5 5 4 4 4 5 6 6 6 6 6 5 4 4 5 5 6 6 6 5 6 6 7 8 7 7 6 6 6 7 7 6 7 7 7 6 6 6 7 7 7 7 6 6 7 8 8 8 8 8 7 7 8 9 10 10 11 11 11 10 10 12 11 12 12 11 10 10 12 13 14 15 15 15 12 11 11 13 13 13 13 12 12 11 12 14 14 14 13 13 14 15 15 15 15 15 14 13 13 13 14 14 14 14 15 15 14 15 17 16 15 15 15 15 15 15 15 16 16 17 18 18 16 15 17 17 17 17 17 17 15 15 15 15 16 17 18 18 15 14 14 15 16 16 16 17 16 17 18 17 16 17 17 18 19 20 20 20 20 20 20 21 21 21 21 21 21 21 21 21 21 21 21 21 19 19 19 20 20 21 21 21 21 22 22 23 24 24 
6 6 6 6 6 7 7 5 8 24 83 101 94 85 76 89 98 99 110 117 125 131 132 138 144 86 19 5 6 5 5 5 5 5 5 5 4 5 5 5 4 4 4 4 5 4 4 3 4 6 4 5 5 5 5 5 5 4 4 4 4 5 5 6 5 4 4 4 4 4 5 4 4 4 4 4 5 5 5 5 4 4 4 5 6 6 6 5 4 4 5 5 5 4 5 5 5 5 5 5 5 5 5 4 4 4 4 5 5 5 5 5 5 5 4 4 5 6 6 6 5 5 5 6 5 5 6 6 5 5 6 6 7 6 6 5 4 4 5 6 6 5 5 5 5 5 5 6 6 6 6 6 6 6 6 6 6 6 5 5 5 5 6 6 6 6 6 5 4 5 7 7 6 6 6 6 6 5 6 7 6 6 7 7 6 6 7 7 6 7 7 6 5 6 6 6 6 6 6 6 6 5 5 5 6 6 6 7 5 5 6 7 6 6 6 6 7 8 9 8 8 8 8 8 8 8 9 9 9 8 8 8 9 10 10 10 9 9 8 8 8 9 9 9 10 11 12 12 12 12 
6 6 6 7 7 7 7 6 7 18 73 100 102 86 79 85 95 105 109 110 121 132 128 134 139 126 64 13 6 7 6 5 6 4 4 5 5 5 5 5 5 5 5 5 5 5 5 4 5 5 4 4 5 5 5 5 4 4 4 5 5 5 5 6 5 5 5 5 5 5 5 5 5 5 5 6 6 5 6 6 5 5 6 6 6 6 6 5 5 4 5 6 6 5 5 5 5 5 5 5 5 5 4 4 4 4 5 4 4 4 4 5 5 5 4 4 5 5 5 5 5 5 5 5 5 5 5 6 5 5 6 6 7 6 6 5 4 4 4 5 5 5 4 4 4 4 5 5 5 5 5 5 4 5 5 6 6 5 5 4 4 4 4 4 5 5 5 4 4 4 5 5 5 5 5 5 5 4 4 4 4 4 4 5 5 5 5 5 5 5 5 5 5 5 5 5 5 5 5 5 5 4 4 5 5 5 4 4 4 4 4 4 4 4 4 4 4 5 5 5 5 5 5 4 4 5 5 6 6 5 5 5 5 5 5 5 5 5 5 5 5 5 4 4 4 5 5 6 5 5 
6 6 7 7 7 6 7 6 7 14 57 94 101 86 80 80 88 104 108 108 119 125 120 132 134 142 106 34 9 6 5 5 6 4 5 6 6 5 5 5 5 5 5 5 6 6 6 5 5 5 5 5 5 5 5 5 5 5 5 5 5 6 5 5 6 6 6 6 6 5 5 5 5 5 5 5 5 5 5 5 5 5 6 6 6 5 6 5 5 5 5 6 6 6 6 5 5 5 5 5 5 5 5 5 5 5 5 5 5 5 5 6 5 5 5 5 5 6 6 6 6 6 5 5 5 5 5 5 5 4 5 6 6 6 5 5 4 4 4 5 5 5 5 5 6 6 6 6 5 5 5 4 4 4 5 5 5 5 5 5 5 5 5 5 5 5 4 4 4 4 5 5 4 4 4 4 4 4 3 3 4 4 4 4 4 4 4 5 5 5 5 4 4 4 5 5 5 5 5 4 4 4 4 4 4 4 4 4 4 4 4 4 4 4 4 4 4 4 4 4 4 5 5 4 4 5 5 6 5 5 5 5 5 5 5 5 5 5 6 6 6 6 5 4 4 5 5 5 5 5 
8 7 7 8 7 7 7 7 7 10 43 89 97 89 83 79 83 97 105 109 118 120 127 125 125 150 142 81 27 5 5 6 5 6 7 7 6 6 6 6 6 6 6 6 6 7 6 6 5 6 6 6 6 6 6 6 6 5 5 6 6 6 6 6 6 6 6 6 6 6 6 6 6 5 5 5 5 5 5 5 5 5 5 5 5 5 6 5 5 5 6 6 6 6 6 6 6 6 5 6 6 6 5 5 5 5 5 6 6 6 6 6 6 6 5 5 5 5 6 5 5 5 5 5 5 5 5 5 5 5 5 5 5 5 5 5 5 4 4 5 5 5 5 6 6 6 6 6 6 5 5 5 4 4 5 5 5 5 5 5 5 5 5 5 5 5 4 4 4 4 5 4 4 4 4 5 5 5 4 4 4 4 5 4 4 4 4 4 4 5 5 4 4 4 4 5 5 5 4 4 4 4 4 4 4 4 4 4 4 4 4 4 4 4 5 5 4 4 4 4 4 4 5 4 4 4 5 5 5 4 4 4 5 5 5 5 5 5 6 6 7 6 6 4 4 5 5 5 5 5 
9 8 8 9 9 9 10 9 9 9 34 86 98 95 91 83 81 92 102 108 116 123 138 119 118 140 148 133 68 17 7 6 6 9 7 8 7 7 7 7 8 8 8 6 7 7 7 6 6 6 7 7 7 7 7 6 6 6 6 6 6 6 6 6 6 6 7 7 7 7 7 7 7 7 6 6 6 6 6 5 5 5 5 5 5 5 5 5 5 5 5 6 6 6 6 6 6 6 6 6 6 6 6 5 6 6 6 6 6 5 6 6 6 5 5 5 5 5 5 5 4 4 5 5 5 5 5 5 5 6 6 5 5 5 5 5 5 5 5 5 5 5 5 5 5 6 6 6 6 6 6 6 5 5 5 5 5 5 5 5 5 5 5 5 5 5 5 5 5 5 5 5 5 5 6 6 7 7 6 5 5 5 5 5 5 5 5 5 5 5 5 5 5 5 5 5 5 5 5 5 4 4 4 4 4 4 4 4 4 4 4 4 4 5 6 6 5 5 4 4 5 5 5 5 4 5 5 5 5 4 4 5 5 5 5 5 6 5 5 6 6 6 5 5 5 5 6 6 6 6 
9 8 8 9 9 8 9 9 9 9 26 77 96 94 96 91 86 90 99 106 111 119 130 113 124 134 133 150 121 55 12 6 7 10 6 6 7 7 7 7 8 8 8 7 8 8 8 7 7 7 7 7 7 7 7 6 6 6 6 6 6 6 6 6 6 6 7 7 7 7 7 7 8 7 7 7 7 7 7 6 6 6 6 6 5 6 5 5 5 5 6 6 6 6 6 6 6 6 6 6 6 6 5 5 5 6 6 7 6 6 6 6 6 6 6 6 6 6 6 6 6 5 5 5 6 6 5 5 6 7 7 6 6 6 6 7 7 6 6 6 6 6 5 5 5 6 6 6 6 6 5 5 5 5 5 5 5 5 5 5 5 5 5 5 5 5 5 5 5 5 5 6 6 5 5 6 6 6 6 6 6 6 6 6 5 5 5 5 5 6 6 6 6 5 5 5 5 5 5 5 5 5 4 4 4 4 4 5 5 4 4 4 5 5 5 5 5 5 4 4 5 5 6 5 6 5 6 6 6 5 5 6 6 6 6 6 6 6 5 5 6 5 5 6 6 6 7 7 7 7 
8 7 7 7 7 6 7 9 8 8 18 61 91 90 95 94 90 90 95 101 107 110 113 115 131 136 130 140 141 96 32 10 7 9 6 5 7 7 7 7 7 7 7 7 7 8 7 7 7 7 7 7 7 7 7 6 6 6 6 6 6 6 6 6 6 6 6 7 7 6 6 6 7 7 7 7 7 7 7 7 7 7 6 6 6 6 6 6 6 7 7 7 7 5 6 6 6 6 6 6 6 6 6 6 6 6 7 7 6 6 6 6 6 5 6 6 6 7 7 7 6 6 6 6 6 6 6 6 7 8 7 7 7 7 7 7 8 8 7 7 7 7 6 7 7 7 7 6 6 6 6 6 6 6 5 6 6 6 6 6 6 6 6 6 6 6 6 6 6 6 6 6 6 6 6 6 6 6 6 6 6 6 5 5 5 5 5 5 6 6 6 6 6 6 6 5 5 6 6 6 6 6 6 5 5 6 6 5 5 5 5 5 6 6 6 6 6 6 6 6 6 6 6 6 6 6 6 6 6 6 6 6 6 6 6 6 6 6 6 6 6 6 5 6 6 6 7 7 7 7 
8 7 7 7 7 6 7 9 7 7 13 49 88 88 90 92 91 88 91 98 106 113 113 124 121 127 140 131 139 138 80 23 8 7 8 5 7 6 6 6 6 6 6 6 7 7 7 7 6 6 6 6 7 7 7 7 6 7 7 6 6 6 6 6 7 7 7 7 7 7 6 6 6 7 8 8 7 7 7 7 8 7 7 6 7 7 6 7 7 7 7 7 7 6 6 6 6 6 6 7 7 7 7 7 8 8 8 8 7 6 6 6 6 6 6 6 6 7 7 7 7 7 7 7 7 7 7 7 7 7 8 8 7 7 7 7 8 7 7 7 7 7 7 7 7 7 7 7 7 7 7 7 7 6 6 7 8 7 7 7 7 7 7 7 7 7 7 7 7 7 7 7 7 6 6 6 6 6 6 6 6 6 5 5 6 6 6 6 6 7 7 7 7 6 6 6 6 6 6 6 7 7 6 6 6 6 6 6 6 7 7 7 6 6 6 6 7 8 8 8 7 7 6 6 7 6 6 6 7 7 7 7 7 6 6 6 5 6 6 7 7 6 6 6 6 6 6 7 7 7 
9 7 7 8 7 9 9 10 8 8 11 40 84 90 88 89 90 89 90 97 104 114 117 124 113 118 138 130 137 157 128 56 13 6 9 6 7 7 7 7 7 6 7 6 7 7 7 7 6 7 6 6 7 7 7 7 7 7 7 7 7 6 7 7 7 7 7 7 7 7 7 6 6 7 8 8 7 7 7 7 8 7 7 6 7 7 6 6 6 7 7 7 7 7 7 7 7 7 7 7 8 8 8 8 8 8 8 8 8 7 7 7 7 7 7 7 7 7 7 7 7 7 7 7 7 7 7 7 7 7 7 8 8 8 7 7 7 6 6 6 7 7 7 7 7 7 8 8 7 7 6 6 7 7 6 6 7 7 7 7 7 7 8 8 7 7 7 7 7 7 7 7 6 6 6 6 6 6 7 7 8 9 8 6 6 7 6 7 7 7 7 7 7 7 7 7 7 7 7 7 7 6 6 6 6 6 6 6 6 7 7 7 6 6 5 5 6 7 7 7 7 6 6 6 6 6 6 6 6 7 7 6 6 6 6 5 5 5 7 8 7 7 6 6 6 6 6 6 6 7 
7 6 8 9 6 9 6 9 9 8 10 28 72 90 88 89 90 92 94 97 100 104 109 114 116 117 121 128 135 142 148 106 36 8 7 7 7 7 7 8 7 6 8 6 6 6 6 7 7 7 6 6 6 6 6 7 7 7 7 7 6 6 6 6 6 7 7 7 7 7 7 7 7 7 7 7 7 7 7 7 7 7 7 7 7 7 7 7 7 7 7 7 7 6 6 8 6 7 6 8 7 7 8 8 7 7 7 7 7 7 6 6 6 6 7 7 6 6 6 6 6 7 7 6 7 7 6 6 6 7 7 7 7 7 7 7 7 7 6 6 6 7 7 7 7 8 7 7 7 7 6 6 7 9 8 6 6 6 6 7 7 7 7 7 7 7 7 7 7 7 7 6 6 6 6 6 6 7 7 7 12 20 17 8 6 7 7 7 7 6 6 6 6 6 6 6 7 6 6 6 6 6 6 6 6 6 6 6 6 6 7 7 6 5 5 5 6 6 6 6 6 6 6 6 6 6 6 6 6 6 6 6 6 5 5 6 6 6 7 8 7 6 7 6 6 6 6 6 6 6 
7 8 11 10 7 9 6 9 8 7 8 21 63 91 86 85 90 94 96 99 102 103 105 110 112 114 118 125 127 140 151 132 87 20 5 9 8 7 6 7 7 7 7 6 6 6 6 6 7 7 7 7 7 7 7 7 8 7 7 7 6 6 7 7 7 7 7 7 7 7 7 6 6 6 6 6 6 6 6 6 6 6 6 7 7 7 7 7 7 7 7 7 7 6 7 6 6 7 6 8 7 7 8 8 8 7 8 8 8 7 7 7 7 7 7 7 7 6 6 6 6 6 6 6 7 7 6 6 6 7 7 7 7 7 7 7 7 7 6 6 6 7 7 7 7 8 7 7 7 7 6 6 8 9 8 6 6 6 6 6 6 6 6 6 6 6 6 6 6 6 6 6 6 7 7 7 7 7 7 7 13 24 23 11 6 6 6 6 6 7 7 7 7 7 7 7 7 6 6 6 6 6 6 6 6 6 6 6 6 6 7 6 6 6 6 6 6 6 6 6 6 6 6 6 6 6 6 6 6 6 6 6 6 6 6 6 6 6 7 8 7 6 7 6 6 6 6 6 6 6 
9 9 9 7 6 10 8 9 9 8 7 15 54 92 85 82 88 91 94 99 106 106 104 108 110 115 120 125 125 132 133 137 140 58 10 7 7 7 7 7 7 7 7 7 7 7 7 7 7 7 7 7 7 7 7 7 8 8 8 7 7 7 7 7 7 7 7 7 7 7 7 7 7 6 6 6 6 6 6 6 6 6 7 7 7 7 6 7 8 8 8 8 7 7 7 6 10 14 8 8 6 6 7 7 7 7 7 8 8 8 8 8 8 8 8 8 7 7 7 7 7 7 7 7 8 8 7 7 7 7 7 7 8 7 7 7 7 6 6 6 6 7 7 7 7 7 7 7 7 7 6 7 7 8 8 7 6 6 6 6 6 6 6 6 7 7 6 6 6 6 6 6 6 7 7 6 6 7 7 6 8 13 14 8 5 6 6 6 6 6 7 7 7 7 7 7 7 7 7 7 6 6 6 6 6 6 6 7 6 6 7 6 6 6 7 7 7 6 6 6 6 7 7 7 7 7 6 6 6 7 7 7 6 6 6 7 7 7 7 7 7 7 7 7 7 7 7 7 7 7 
8 8 7 6 7 12 8 7 8 8 8 10 42 82 84 83 84 84 87 96 109 108 102 104 107 114 119 124 127 128 126 136 151 117 40 7 6 6 8 7 7 8 6 7 7 7 7 7 7 7 7 7 7 7 7 7 7 7 7 7 7 7 7 7 7 7 7 7 7 7 7 7 7 7 6 6 6 6 6 7 7 7 7 7 7 7 6 6 7 8 8 7 7 6 6 7 22 33 14 7 5 6 6 7 6 6 7 7 7 7 7 7 7 7 7 7 7 7 6 6 6 6 6 6 8 8 6 6 6 6 6 6 6 6 6 6 6 6 6 6 6 6 6 7 7 7 7 7 7 6 6 7 7 7 7 7 6 6 6 6 6 6 6 6 7 7 7 6 6 6 6 6 6 7 7 6 6 6 7 7 6 6 6 6 6 8 7 7 7 7 7 7 7 6 6 7 7 7 8 7 7 7 7 7 7 7 7 7 6 6 7 6 6 7 7 7 7 7 7 6 6 6 7 6 6 6 6 6 6 7 7 7 6 6 6 6 6 6 6 6 6 6 6 6 6 7 7 7 7 7 
7 7 7 8 14 29 21 9 8 8 9 8 34 71 83 83 83 77 79 91 108 105 96 97 102 110 115 118 121 121 134 142 127 146 95 22 7 5 8 7 6 7 6 6 6 6 6 6 7 7 7 7 7 7 7 7 6 6 6 6 6 6 6 7 7 7 7 7 7 7 7 7 7 6 6 6 6 6 6 6 6 6 6 6 6 6 6 6 7 7 7 7 7 7 5 6 18 27 13 5 5 6 7 7 7 6 7 6 7 7 7 7 7 7 6 6 6 7 7 6 6 6 5 5 7 7 6 5 6 6 6 6 6 6 6 6 6 6 6 6 6 6 6 7 7 7 7 7 7 6 6 7 6 6 6 7 6 5 5 5 6 6 6 6 6 6 6 6 6 6 6 7 7 8 7 7 7 7 7 6 6 8 8 7 7 8 8 8 8 8 7 7 7 8 8 8 8 8 8 8 8 8 8 8 8 8 8 8 7 6 7 7 6 7 7 8 7 7 7 6 6 6 7 7 7 7 7 7 7 7 6 6 6 6 6 6 7 7 6 6 7 7 7 7 7 7 7 7 7 7 
8 8 7 8 18 42 37 12 8 8 9 7 29 64 80 84 82 76 75 85 102 101 93 94 98 107 114 116 118 115 129 140 116 138 131 61 18 5 6 7 5 7 5 6 6 6 6 6 6 6 6 7 7 7 7 6 6 6 6 6 6 6 6 6 7 7 7 7 7 7 7 7 7 7 6 6 6 6 6 6 6 6 6 6 6 6 6 6 6 6 6 6 7 10 6 5 7 10 7 6 6 7 7 7 7 7 7 7 7 8 8 8 8 8 7 7 7 8 8 7 7 7 6 6 7 7 6 6 7 7 7 7 7 7 7 7 6 6 7 7 6 6 6 7 7 7 7 7 7 6 6 7 6 6 6 7 6 6 6 6 6 6 6 7 6 6 6 6 6 6 7 7 7 8 8 7 7 7 7 6 7 9 8 7 6 7 8 8 8 8 8 8 8 9 9 9 9 8 7 7 8 8 8 8 8 8 8 8 7 7 7 7 6 7 7 7 7 7 7 6 6 7 7 7 7 7 8 8 7 6 6 6 6 6 6 6 7 8 7 7 8 8 7 8 8 8 8 7 7 7 
5 7 7 7 10 21 15 8 7 7 8 5 23 56 76 83 83 79 76 81 95 99 95 94 99 108 116 117 123 119 116 135 130 136 141 108 40 7 6 7 6 7 6 6 6 6 6 6 6 7 7 7 7 8 7 7 6 6 6 6 6 6 7 7 7 7 7 7 7 7 8 8 7 7 7 7 7 6 6 6 6 6 7 7 7 7 7 7 6 6 6 6 6 5 6 9 7 7 7 8 6 7 7 7 7 7 7 6 6 6 7 7 7 6 6 7 7 7 7 7 7 7 6 6 7 7 6 7 7 6 7 7 7 7 7 7 7 7 7 7 7 7 7 7 7 7 7 7 7 6 7 7 7 6 6 7 7 7 8 8 8 7 7 7 7 6 7 7 7 8 8 7 7 7 7 6 6 6 7 8 8 7 6 5 6 7 6 7 7 7 7 7 7 7 7 7 7 6 6 5 7 7 7 7 7 7 7 8 7 7 8 7 6 7 7 7 7 7 7 7 7 6 6 6 6 7 7 7 7 7 7 7 6 6 6 6 5 6 6 6 7 7 6 7 7 7 7 6 6 6 
8 9 9 8 7 7 8 8 9 7 7 8 14 50 77 79 83 91 86 79 83 99 96 88 97 105 112 114 108 108 117 122 127 126 136 139 93 27 8 6 5 6 7 6 7 7 7 7 7 6 6 6 7 7 7 6 6 6 6 6 7 7 6 6 6 6 6 7 7 6 6 6 6 6 6 6 6 6 6 6 6 6 6 6 6 6 6 6 6 6 6 6 6 5 6 6 7 7 7 7 6 6 7 7 7 7 7 7 7 8 8 7 7 6 6 6 6 6 6 6 6 6 6 6 6 6 7 7 7 6 6 7 7 7 7 7 7 7 7 7 7 8 8 7 7 7 7 7 7 7 8 7 7 7 6 6 6 6 6 6 6 7 7 6 6 6 6 6 6 7 7 7 7 7 7 7 7 7 7 6 6 7 7 6 6 7 6 6 6 6 6 6 7 7 7 7 7 7 7 7 7 7 6 5 5 6 6 8 8 7 6 6 7 7 7 7 7 7 7 7 7 8 8 7 7 7 7 8 7 7 7 7 7 7 6 6 6 6 6 7 7 7 8 8 7 7 7 7 7 7 
10 10 10 10 10 9 10 11 12 10 10 9 12 43 83 86 82 83 79 74 76 92 101 101 103 108 109 110 112 115 124 122 124 133 130 148 122 63 17 6 6 6 8 7 7 8 7 7 7 7 7 7 7 7 7 7 7 7 7 7 7 7 7 6 6 6 6 7 7 7 7 7 6 6 6 6 6 6 6 6 6 6 6 7 7 7 7 7 7 7 6 6 6 6 7 7 7 8 8 8 6 6 7 7 7 8 8 7 7 7 7 7 7 7 7 7 6 6 6 6 7 6 6 6 6 6 6 6 7 7 7 7 7 6 6 7 7 7 6 6 6 7 7 7 7 6 6 6 6 6 7 7 6 6 6 6 6 6 6 6 6 6 6 6 6 6 5 6 6 6 6 6 6 6 7 7 7 7 7 6 6 7 7 6 6 7 6 6 6 6 6 6 6 6 6 7 7 7 6 6 7 7 6 6 6 6 7 7 7 6 6 6 6 7 6 6 6 6 7 7 7 7 6 6 6 6 6 6 7 7 7 7 7 6 6 6 6 6 6 7 7 7 8 8 7 7 7 7 7 7 
8 8 8 8 9 9 8 8 8 8 10 9 9 34 81 89 82 78 78 78 78 81 96 103 99 102 98 100 109 112 120 114 110 131 115 140 137 109 44 11 6 7 9 8 8 8 8 8 8 7 8 8 7 7 7 7 7 6 7 7 7 8 7 7 7 7 7 7 8 8 8 8 7 7 7 7 7 7 7 7 6 6 6 7 7 8 8 8 8 8 8 7 7 7 7 7 7 8 8 8 6 6 6 7 7 8 8 7 7 7 6 7 7 7 7 6 6 6 6 6 6 7 7 7 7 7 7 7 7 7 7 7 7 7 7 7 7 6 6 6 6 6 6 6 6 6 6 6 6 6 6 6 6 6 6 6 6 6 6 6 6 6 6 5 5 5 5 5 5 6 6 6 5 6 6 6 6 6 6 6 6 6 6 6 6 6 6 5 5 5 6 6 6 5 5 6 6 6 5 5 6 6 6 6 6 6 6 6 6 6 5 5 6 6 6 6 6 6 6 6 6 6 6 6 6 6 6 6 6 6 6 6 6 6 6 6 6 6 6 6 6 7 7 7 6 6 6 6 6 6 
7 7 6 7 7 7 6 6 7 7 9 7 6 23 71 86 82 79 83 86 82 78 90 98 97 97 94 98 109 111 118 120 106 136 114 130 135 141 98 30 6 7 7 6 6 6 6 6 6 6 7 7 6 6 6 6 6 6 6 6 7 7 7 6 6 6 7 7 7 7 7 7 7 7 7 7 7 7 7 6 6 6 6 7 8 8 8 8 8 8 8 8 8 7 7 7 7 7 7 7 6 6 7 7 7 7 7 7 6 6 7 7 7 7 6 6 6 6 6 6 6 7 7 7 6 6 6 7 6 6 6 6 7 7 7 7 6 6 6 6 6 6 6 7 6 6 6 6 6 6 6 6 6 6 6 6 7 6 6 5 6 6 6 5 5 5 5 5 5 6 6 6 5 5 5 5 5 5 6 5 5 6 6 5 5 5 5 5 5 5 5 5 5 5 5 5 5 5 5 5 5 5 6 6 6 6 6 6 6 6 6 6 6 6 6 6 6 6 6 6 6 6 6 6 5 5 6 6 6 5 5 5 5 5 5 5 5 5 5 5 5 6 6 6 6 6 6 6 6 6 
7 6 6 6 6 6 5 6 6 6 8 7 5 15 60 82 83 78 83 87 79 70 64 64 69 67 66 72 78 81 87 106 82 108 95 91 97 120 139 68 14 7 6 6 6 6 6 6 6 6 7 7 6 6 6 7 7 8 9 9 8 8 7 6 7 7 6 6 6 6 6 5 5 5 5 5 5 5 6 6 6 5 6 6 7 7 7 7 7 7 7 7 7 7 6 6 6 6 6 6 7 7 7 7 6 6 6 6 6 6 6 6 6 6 6 6 6 7 7 7 7 7 6 6 6 6 6 6 6 6 6 6 6 6 6 6 6 6 6 6 6 6 7 7 6 6 5 6 6 6 7 6 6 6 6 6 7 6 6 5 6 6 6 6 6 5 5 5 6 6 6 6 6 6 6 6 6 6 6 6 5 6 6 5 5 5 6 6 5 5 6 6 6 5 5 6 6 6 6 6 5 5 6 6 6 6 6 6 6 7 7 7 6 6 6 5 5 5 5 5 5 5 5 5 5 5 5 5 5 5 5 5 5 5 5 5 5 5 5 5 5 5 5 6 6 6 6 6 6 6 
6 6 6 5 5 5 5 5 5 4 6 6 5 12 54 81 86 78 80 86 78 59 33 24 31 27 28 32 32 34 37 67 41 55 57 35 41 59 117 111 39 9 7 8 7 7 7 7 7 8 8 8 7 7 8 8 9 10 11 11 10 9 8 8 8 8 7 7 6 6 6 6 6 6 6 6 6 6 6 6 6 6 6 6 6 6 6 6 6 6 5 5 5 6 6 5 5 5 6 6 6 6 6 6 6 6 6 6 6 6 5 5 5 5 6 6 6 7 7 7 7 7 6 6 6 6 6 7 7 7 7 7 7 6 6 6 6 6 6 6 6 6 6 6 6 5 5 5 6 6 7 6 6 6 6 6 6 6 5 5 6 7 7 6 6 6 6 6 6 6 6 6 6 6 6 6 7 7 7 6 6 6 6 5 5 6 6 6 6 6 6 6 6 5 6 6 6 7 7 7 6 6 6 6 6 6 6 6 6 7 7 7 7 6 6 5 5 5 5 5 5 5 5 5 5 5 5 5 5 5 5 5 5 6 6 6 6 5 5 5 5 5 6 5 5 6 6 6 6 5 
5 6 6 5 5 5 6 6 7 4 5 6 5 8 51 82 89 77 79 88 84 65 26 11 19 13 14 17 13 15 17 51 24 30 41 13 18 26 82 153 78 12 9 7 6 6 6 6 6 7 6 6 6 6 6 7 8 7 7 8 8 8 7 7 7 6 6 6 5 5 6 6 5 5 5 5 5 5 5 6 6 6 6 6 6 6 5 5 5 5 5 5 5 6 5 5 5 5 6 6 5 6 6 6 6 6 6 6 6 5 4 4 5 5 5 5 5 6 6 6 6 6 5 5 5 6 6 6 6 5 5 5 6 6 6 6 6 6 6 6 6 5 5 6 5 5 4 5 5 6 7 6 6 6 5 5 5 6 5 5 6 7 7 7 7 7 6 6 6 6 6 6 6 6 6 6 6 6 6 6 5 6 6 5 5 5 6 5 5 5 5 5 6 5 5 6 6 6 6 6 6 6 6 6 5 5 5 5 5 6 7 6 6 5 6 6 6 6 6 6 5 6 6 6 6 5 6 6 6 6 6 6 6 6 6 7 7 6 6 6 6 6 7 6 7 7 7 7 7 7 
6 6 6 5 5 5 5 6 6 5 4 6 4 5 34 84 79 87 93 80 83 75 44 14 15 15 11 17 17 14 17 33 40 19 57 14 17 19 59 136 135 46 9 5 5 6 5 5 5 4 6 6 5 5 5 5 5 5 5 5 5 6 6 6 5 5 5 5 5 5 5 5 5 5 5 5 5 5 5 5 5 5 5 5 5 5 5 5 5 5 5 5 5 5 5 4 4 4 4 4 5 5 5 5 5 5 5 5 5 5 5 5 5 5 5 5 5 5 5 5 5 5 5 5 5 5 5 5 5 5 5 6 6 6 6 6 5 5 5 5 4 4 4 5 5 4 5 5 5 5 4 5 5 5 5 5 5 5 5 5 5 5 5 5 5 5 5 4 5 5 5 5 6 6 5 5 5 5 5 5 5 5 5 5 5 5 5 6 6 5 5 5 6 5 5 5 6 6 6 6 5 5 5 5 4 5 5 5 6 6 6 6 6 6 6 6 6 7 6 6 6 6 5 6 6 6 6 6 6 6 6 6 6 5 5 6 6 6 6 6 7 7 7 7 7 7 8 8 7 7 
7 7 6 6 6 6 6 7 6 7 5 6 5 5 27 79 76 83 89 79 86 84 59 19 8 14 17 15 14 14 12 24 49 12 43 40 15 15 39 116 151 97 29 5 5 4 4 4 5 4 4 4 4 4 4 4 4 4 4 4 4 4 5 5 5 5 5 5 5 5 5 5 5 5 5 5 5 5 5 5 5 5 5 5 5 4 5 5 5 5 5 5 5 6 5 5 5 5 5 5 5 5 5 5 6 6 6 5 5 5 5 5 5 5 5 5 5 5 5 5 5 5 5 5 6 5 5 5 5 4 5 5 6 6 5 5 6 6 6 5 5 5 5 5 5 5 5 5 5 5 5 5 6 6 6 6 5 5 5 5 5 5 5 5 5 5 5 5 6 6 6 5 4 4 4 4 4 4 4 5 5 5 5 5 5 5 5 5 5 5 5 5 5 5 5 5 5 5 5 5 6 6 6 5 5 5 5 4 4 4 4 5 5 5 5 5 5 5 5 4 4 6 6 6 6 6 6 7 6 6 6 7 6 6 6 6 6 6 6 7 7 7 7 6 6 6 6 7 6 6 
20 20 20 20 20 20 20 18 15 19 18 17 17 15 26 75 83 80 81 80 87 78 75 52 18 13 18 17 19 18 20 25 59 23 19 40 28 25 28 79 126 156 91 18 8 5 6 5 4 7 5 5 5 5 5 4 4 4 4 4 4 4 4 5 4 4 4 4 4 4 4 4 5 5 5 5 5 5 4 4 4 4 4 4 3 3 3 4 4 4 4 4 4 4 4 4 4 4 3 3 4 4 4 4 4 4 4 5 6 6 6 6 6 6 5 5 4 5 5 5 5 5 5 5 5 5 5 5 5 5 5 6 6 5 5 5 4 4 4 4 5 4 5 5 5 5 4 4 4 5 4 4 4 4 4 4 4 4 4 4 5 4 4 4 4 4 4 4 4 4 4 4 4 5 5 5 5 5 5 5 5 5 5 5 5 5 5 5 5 5 5 5 5 5 4 4 4 4 4 4 5 5 5 4 4 4 5 5 5 5 4 5 5 5 5 5 5 5 5 5 4 5 5 4 4 4 4 4 4 5 5 5 5 5 5 5 6 5 5 5 5 5 6 7 6 6 6 6 7 6 
15 15 15 16 16 16 16 18 14 19 20 17 21 19 22 65 88 82 79 82 84 83 84 71 38 40 48 42 51 52 58 52 66 40 18 50 69 76 67 94 128 150 122 71 25 14 18 14 11 17 14 14 14 14 13 13 13 13 12 12 12 12 13 13 12 11 11 11 11 11 10 9 9 9 9 9 9 9 8 8 8 8 7 7 7 7 6 6 7 7 7 7 7 6 6 6 6 5 5 5 5 5 5 5 4 4 4 4 4 4 4 4 4 4 4 4 4 4 4 4 4 4 4 4 4 4 4 4 4 4 4 4 4 4 4 4 4 4 4 4 5 5 5 5 5 5 5 5 4 5 4 4 4 5 5 4 4 5 5 5 5 5 4 4 5 4 4 4 4 4 5 5 5 5 5 5 5 5 5 4 4 5 5 4 4 4 5 5 5 5 4 5 5 4 4 4 4 4 4 4 4 4 4 4 4 5 5 5 4 4 4 4 4 5 5 4 4 4 4 4 4 4 4 4 3 4 4 4 4 4 5 5 5 5 5 5 5 5 5 5 5 5 5 5 4 4 4 4 4 5 
14 14 15 15 15 16 16 14 11 12 13 12 15 15 15 46 82 84 79 84 81 74 77 73 30 12 12 11 14 11 12 14 11 9 4 11 10 15 14 31 89 130 156 127 59 23 16 17 18 17 17 17 17 17 17 17 17 17 17 17 16 16 17 17 17 17 17 17 16 16 16 16 16 16 16 16 16 16 16 15 15 16 16 16 15 15 14 15 15 15 15 15 15 15 15 14 14 14 13 13 12 12 12 11 11 11 11 10 9 9 9 9 9 9 10 10 10 9 9 8 8 8 8 7 7 7 7 7 7 7 7 7 7 7 7 6 6 6 6 6 6 6 6 6 6 6 6 6 6 6 6 6 5 5 5 5 5 6 6 5 5 5 4 4 5 5 4 4 4 4 5 5 5 5 5 4 4 4 4 4 4 4 4 4 4 4 4 4 4 4 4 4 4 4 4 4 4 4 5 5 4 4 4 4 4 5 5 5 5 4 4 4 4 5 5 5 4 4 4 4 4 4 4 4 4 4 4 4 4 4 5 5 4 4 4 5 4 4 4 5 5 5 5 5 4 4 4 4 5 4 
11 11 11 11 11 11 12 12 14 11 12 11 12 12 12 32 73 83 78 84 80 76 88 91 49 20 25 30 28 28 32 34 32 41 21 11 38 40 35 46 90 127 150 149 109 47 16 17 21 14 16 16 16 16 16 16 16 16 16 15 15 15 15 15 15 16 16 15 15 15 15 15 16 16 16 16 16 16 16 17 17 17 17 17 17 17 17 17 18 18 18 18 18 18 18 18 18 18 18 18 17 17 17 17 18 18 18 18 19 19 19 19 19 19 19 20 19 19 18 18 17 18 18 17 17 17 17 18 18 19 18 18 18 18 17 17 16 16 16 16 17 17 17 16 16 16 16 16 16 16 15 14 14 13 13 14 14 13 13 13 12 12 12 11 11 11 11 10 10 10 10 10 9 9 9 8 8 8 7 7 7 7 8 7 7 7 6 7 7 7 6 6 7 6 6 6 6 6 6 6 6 5 5 5 5 4 4 5 5 4 4 4 4 4 4 4 4 4 4 4 5 5 4 4 4 4 4 4 4 4 4 4 4 3 4 4 4 4 4 4 4 4 5 4 4 4 4 4 4 4 
16 16 16 16 16 16 16 14 20 14 17 17 15 16 15 29 71 85 79 83 79 84 81 73 71 35 33 39 35 42 42 40 40 53 49 20 53 56 45 51 69 130 154 149 146 90 36 18 18 16 17 17 17 17 17 17 17 17 17 16 16 16 16 16 16 16 16 16 16 15 15 15 14 14 14 14 14 14 14 15 15 15 15 14 14 14 15 15 15 15 16 15 15 15 15 15 15 15 16 16 16 16 16 16 16 16 16 17 17 17 17 17 17 17 18 18 18 18 19 19 19 19 19 19 18 18 18 19 20 20 20 20 20 19 20 21 22 22 22 22 22 22 22 21 21 22 22 22 22 22 22 22 21 20 20 20 21 20 20 20 20 20 21 21 21 20 20 19 19 19 19 18 18 17 17 17 17 17 17 17 17 17 17 17 17 16 16 17 17 16 16 16 17 16 16 16 16 16 15 15 15 14 13 13 13 13 12 11 11 11 11 11 11 10 11 11 10 10 11 12 13 13 13 13 13 12 10 9 9 9 9 8 7 7 7 8 8 8 8 8 8 8 8 8 8 8 8 8 8 7 
22 22 21 21 21 21 21 19 23 19 21 22 21 22 24 31 61 89 77 80 83 87 82 76 78 30 9 12 14 15 17 12 13 19 45 32 31 37 19 16 23 104 151 136 154 130 70 28 16 19 17 17 16 16 18 19 18 17 18 17 16 15 16 18 17 17 17 16 16 15 15 15 15 15 16 16 16 16 16 15 15 15 15 14 14 14 14 14 15 15 14 14 14 13 13 14 14 14 15 15 15 14 14 14 14 14 14 15 15 14 14 14 14 14 14 14 14 14 14 15 15 15 14 14 14 14 14 14 14 14 14 14 14 13 14 14 16 16 16 16 16 16 16 16 16 17 18 19 20 20 21 21 21 22 22 22 22 24 23 23 22 23 23 24 26 26 25 24 24 23 23 22 21 21 21 21 21 20 20 21 21 21 21 20 20 20 20 20 21 21 21 21 21 21 21 20 20 20 20 21 21 20 20 20 20 20 20 21 21 20 20 19 19 20 21 21 21 21 21 22 22 22 22 22 23 22 21 20 20 19 19 19 18 18 18 19 19 19 18 18 18 18 19 21 21 21 21 21 21 20 
27 27 27 26 26 26 26 26 26 26 25 25 25 27 26 27 53 97 85 86 92 88 83 83 85 45 14 12 15 14 17 14 14 17 34 40 26 39 23 14 19 65 133 155 150 155 128 65 25 18 20 23 23 20 19 20 19 16 17 18 18 18 19 20 19 18 19 18 18 17 17 16 16 17 17 17 17 17 17 16 16 16 16 16 16 16 17 17 17 17 17 16 16 15 15 15 16 16 16 16 15 15 15 15 15 16 16 17 16 15 15 14 14 15 15 15 15 15 15 15 15 15 15 15 14 14 14 14 14 15 15 15 15 14 14 14 14 14 14 15 15 16 15 15 15 15 15 16 18 18 18 18 20 20 21 20 20 22 22 21 21 22 23 24 25 25 24 24 23 22 21 19 18 18 18 18 17 16 17 17 17 17 17 16 16 16 16 16 17 18 18 18 18 17 17 17 17 17 18 18 18 18 18 19 19 19 19 20 19 18 18 18 18 19 20 20 20 20 20 20 20 20 20 20 21 21 21 21 21 21 21 21 21 21 21 21 21 21 21 21 21 21 22 24 24 24 24 24 24 24 
25 25 25 25 25 25 25 24 25 25 24 23 24 25 23 24 48 96 91 88 90 90 88 87 94 60 21 11 13 15 14 17 15 16 26 42 22 40 31 13 20 28 108 153 145 155 162 126 63 24 26 25 24 21 19 20 23 26 25 25 27 27 26 23 22 22 22 22 22 21 21 21 21 21 20 20 20 20 20 19 19 19 20 20 20 20 19 18 18 18 19 18 17 17 17 17 17 16 17 17 18 18 18 18 19 20 20 20 19 18 18 17 17 18 18 17 17 17 17 17 17 17 17 17 16 16 16 16 16 16 16 16 16 16 16 15 14 15 15 15 16 16 16 16 16 15 15 15 16 16 14 15 16 17 17 16 16 17 17 16 17 17 17 17 18 18 18 18 18 17 17 16 15 15 15 15 14 14 14 15 15 15 15 14 14 14 14 14 15 15 15 15 15 16 15 15 15 15 15 15 15 16 16 16 16 16 16 16 15 15 15 15 16 16 16 16 16 16 16 16 16 16 16 16 16 16 16 16 16 17 17 17 17 17 17 17 17 17 17 17 17 17 17 18 18 18 18 18 18 18 
21 21 21 22 22 22 22 23 24 24 24 24 24 26 27 26 40 81 85 79 80 85 86 84 92 69 32 17 16 18 16 21 21 19 29 48 28 44 41 23 28 21 91 134 149 147 147 155 125 75 29 22 21 26 28 24 21 23 21 20 21 23 24 23 22 22 23 23 23 23 23 23 23 23 23 22 22 22 22 20 20 20 20 20 21 21 22 20 20 21 22 21 20 22 21 21 21 21 20 20 20 20 20 20 20 21 22 21 21 21 20 20 20 20 19 19 19 18 18 19 19 19 19 19 19 18 18 18 18 17 17 17 17 17 17 17 18 18 18 18 18 19 19 20 19 19 18 18 18 18 15 16 17 17 17 17 16 17 17 16 16 15 14 14 15 15 15 15 15 16 15 15 15 16 16 15 15 14 14 14 14 14 14 14 14 13 13 14 14 15 15 14 15 15 15 14 14 14 14 14 14 14 14 14 14 15 15 14 15 15 15 15 15 15 15 15 15 15 15 15 15 15 15 15 15 14 14 14 14 14 14 14 14 14 14 15 16 16 16 16 16 16 16 16 16 16 16 16 16 16 
12 12 12 13 13 13 13 17 18 20 20 20 21 22 24 23 30 70 87 80 79 81 83 84 92 83 64 54 58 65 67 66 75 68 88 108 95 100 109 103 97 90 145 135 142 151 152 145 146 156 81 49 30 27 25 22 21 25 25 23 22 22 22 23 22 22 22 23 22 23 22 23 23 22 22 21 22 22 22 21 21 21 20 19 19 20 21 20 20 21 22 21 20 22 22 22 21 21 21 20 21 21 20 20 20 20 21 21 21 21 20 20 20 20 20 20 20 19 19 20 20 21 21 21 20 20 20 20 20 20 21 21 21 21 21 21 21 21 21 21 21 21 22 20 20 20 20 20 19 19 18 18 19 19 19 19 19 17 17 18 19 20 20 20 19 17 17 17 18 18 18 18 18 18 18 18 18 17 17 17 17 16 16 16 16 16 16 16 17 17 17 16 16 16 16 16 15 15 15 15 15 15 15 15 15 16 16 15 15 16 16 16 15 15 15 15 15 15 15 15 15 16 17 16 16 15 15 15 15 15 15 15 15 15 15 15 16 16 16 16 16 16 16 16 16 16 16 16 16 16 
5 5 5 5 5 5 5 5 6 7 7 7 7 8 10 10 15 57 91 86 82 81 85 86 86 82 81 86 88 86 93 82 97 88 104 111 118 112 125 130 117 128 125 106 129 145 149 153 159 162 178 135 90 58 38 29 27 27 27 28 28 28 29 30 27 26 26 27 26 26 26 25 24 24 23 24 24 26 26 27 26 25 24 23 22 22 21 22 22 22 22 22 23 22 22 22 21 21 21 21 24 23 23 23 23 24 24 23 23 23 23 23 23 22 22 21 21 21 21 21 21 22 22 22 21 21 21 21 21 21 21 21 21 22 22 22 22 22 22 22 22 22 22 21 21 22 22 22 21 21 23 22 22 21 22 22 23 21 21 21 21 22 23 23 23 22 21 21 21 22 22 21 20 21 21 21 21 20 20 21 21 20 20 20 20 20 20 20 20 20 20 20 19 19 19 18 18 18 18 19 19 19 19 19 19 19 20 20 20 20 19 19 19 19 19 19 19 19 19 19 19 19 20 19 19 18 18 18 18 19 19 19 19 19 19 18 18 18 18 18 18 18 18 18 18 18 18 18 18 18 
6 6 6 6 6 6 6 5 5 6 6 5 5 5 5 5 7 43 84 84 84 82 85 87 82 74 76 77 80 87 86 87 96 95 96 106 107 108 115 114 120 127 106 89 120 135 137 152 163 151 153 166 167 147 117 83 57 31 20 13 11 13 16 18 18 18 18 18 17 17 16 15 15 14 14 15 16 17 18 18 17 17 16 16 16 16 19 21 21 20 19 20 22 21 22 22 22 22 22 23 20 20 21 22 23 24 24 22 22 23 24 23 23 23 23 23 22 22 22 22 23 22 22 22 21 21 21 21 21 21 21 21 22 22 22 22 23 23 23 23 22 22 22 22 23 23 23 22 21 20 23 21 20 19 19 21 22 21 20 20 19 19 20 21 24 24 22 22 23 23 23 23 23 23 24 24 24 23 23 23 23 23 23 22 22 22 22 22 23 23 22 22 21 21 21 21 21 21 22 22 22 22 23 23 23 23 23 25 25 23 22 22 22 22 23 23 23 23 23 23 23 23 23 22 22 22 22 21 21 22 22 22 22 22 22 21 20 20 20 20 20 20 20 21 21 21 21 21 21 21 
7 7 6 6 6 6 6 6 6 6 6 6 6 6 6 5 6 31 77 84 89 87 85 88 86 83 81 77 77 82 78 88 91 96 93 107 102 110 113 109 126 126 116 112 120 137 144 137 142 167 151 157 160 166 172 161 136 105 79 51 31 18 10 6 6 7 7 7 6 6 6 5 5 5 6 6 6 7 7 6 6 6 6 6 6 6 7 8 8 7 7 8 9 10 10 10 10 11 11 11 12 13 13 14 15 16 17 16 16 16 17 17 16 16 18 19 19 18 18 19 19 18 18 18 18 18 17 17 18 19 19 20 21 21 21 21 21 20 20 20 20 20 19 19 21 20 20 18 18 18 19 17 16 15 16 17 19 17 17 17 17 18 20 21 24 24 22 22 22 23 23 23 24 24 25 25 25 25 24 24 23 24 24 22 22 22 23 23 23 23 23 23 23 22 22 22 22 22 23 24 24 24 24 25 25 25 26 27 25 23 22 21 21 21 23 23 22 22 23 23 23 23 23 23 24 24 24 24 23 23 23 23 22 23 23 23 23 23 22 22 22 22 22 23 23 23 23 23 23 23 
7 7 7 6 6 6 7 6 6 6 7 7 7 7 6 5 8 19 71 87 90 93 87 86 90 87 77 72 77 84 85 87 88 92 98 103 106 109 112 114 118 126 131 132 137 140 140 140 144 149 157 156 156 156 159 162 166 160 162 148 115 80 48 27 14 8 5 6 6 6 6 6 5 6 6 5 5 5 5 6 5 5 5 5 5 5 5 5 5 5 5 5 5 4 5 4 4 5 5 6 5 5 5 5 5 5 5 5 6 6 6 6 6 6 7 7 6 6 6 6 7 6 6 7 7 7 6 6 6 7 8 9 10 10 9 10 10 8 9 9 9 11 11 9 12 11 11 10 10 12 15 12 12 13 13 13 16 15 15 15 15 15 16 16 16 16 17 17 18 17 17 16 16 18 18 17 17 17 18 17 16 18 19 16 15 16 18 18 18 18 18 18 18 18 19 19 19 18 19 21 22 22 22 22 23 23 23 25 24 22 23 24 23 21 23 22 20 21 23 24 23 22 22 22 23 24 25 24 24 24 23 22 22 23 24 25 25 23 22 22 23 23 23 23 23 23 23 23 23 23 
7 7 7 7 7 7 7 7 7 7 7 7 6 6 6 5 7 17 66 89 90 90 87 89 91 81 69 66 73 83 90 92 90 89 94 99 102 107 111 114 117 122 127 126 131 134 135 135 140 143 149 149 149 151 153 156 159 157 167 175 171 157 131 102 81 55 28 14 8 5 6 6 6 7 7 6 6 7 7 6 6 6 6 6 6 6 6 6 6 6 6 6 6 6 5 5 5 6 6 6 6 6 5 5 5 5 5 5 5 6 6 5 5 5 6 6 5 5 4 4 4 5 5 5 6 5 5 5 4 4 5 5 5 5 5 5 6 6 5 5 4 20 34 5 4 6 6 5 5 5 8 6 5 6 5 5 7 7 7 7 7 7 6 6 6 6 6 7 7 7 6 7 7 8 8 7 6 6 7 8 7 8 9 7 6 7 9 8 8 8 8 7 8 8 8 9 9 10 11 11 14 14 14 13 13 13 13 12 13 16 16 16 15 16 14 14 16 16 16 16 17 20 21 20 20 21 21 21 21 20 19 19 19 20 20 20 20 19 18 19 20 21 21 19 19 20 20 21 22 22 
7 7 7 7 7 8 8 7 7 7 7 7 7 7 7 6 6 13 56 89 89 86 85 89 90 81 71 66 69 80 92 97 91 86 91 98 105 109 113 116 116 119 121 120 124 129 132 137 142 145 147 148 150 152 155 158 160 161 158 156 158 165 168 164 154 148 121 72 42 26 14 8 8 8 8 7 7 7 7 7 7 7 7 7 7 7 7 7 7 7 7 7 7 7 6 5 6 7 7 6 7 7 6 6 6 6 6 6 6 7 7 6 6 7 7 7 6 5 5 5 5 6 6 6 6 6 6 6 6 6 6 6 6 6 6 7 8 6 5 9 6 27 73 18 5 8 6 7 5 5 7 5 5 6 5 5 6 6 6 6 6 6 5 5 5 5 5 5 6 5 5 5 5 6 6 5 5 5 5 5 5 5 5 5 4 4 6 6 5 5 5 4 4 4 4 4 4 4 4 5 5 5 5 5 6 6 6 5 6 6 6 5 5 6 5 5 7 7 6 6 7 8 9 8 9 10 10 10 9 8 8 9 9 9 9 9 8 8 8 8 9 10 10 9 10 10 11 12 12 13 
6 6 6 6 7 7 8 7 7 7 8 8 8 8 8 7 6 10 45 88 92 89 88 87 88 87 81 73 67 74 92 101 94 88 94 101 105 110 115 117 118 120 122 122 123 127 132 137 142 143 145 147 150 154 158 161 163 162 161 161 160 159 160 162 152 168 173 149 142 121 73 39 21 9 5 6 8 7 6 6 6 7 7 7 6 6 6 6 7 7 8 8 8 8 7 6 6 7 7 6 7 6 6 6 6 7 7 8 8 8 8 7 6 6 6 6 6 6 6 7 7 7 7 7 7 7 7 6 6 5 6 6 6 6 6 6 6 7 7 7 5 18 87 66 10 6 4 9 7 5 6 5 7 8 7 6 7 7 6 7 7 7 7 7 7 7 7 7 7 7 7 7 6 7 7 8 8 8 9 9 9 9 10 10 10 9 10 10 10 10 10 10 10 11 11 11 11 10 9 9 10 9 9 7 7 6 6 7 6 4 5 5 5 4 4 4 5 5 5 5 4 5 6 5 4 4 4 5 4 4 4 4 4 4 4 4 4 4 4 4 4 4 4 3 3 4 4 4 4 4 
8 8 7 7 7 7 7 8 8 8 8 8 7 7 8 8 8 9 35 85 96 96 93 89 87 92 90 78 67 72 92 104 100 95 101 105 100 107 113 118 122 127 130 131 130 130 133 135 135 134 139 142 146 151 155 158 160 157 158 167 174 170 164 163 181 175 161 168 178 172 157 148 125 81 41 18 12 10 9 8 8 9 9 8 8 8 8 9 10 10 11 12 12 13 11 10 11 12 12 11 11 11 11 11 12 12 13 13 14 15 14 14 13 14 14 14 14 15 16 17 18 19 19 20 19 19 19 19 21 25 26 28 29 29 28 27 29 42 36 26 39 41 101 118 49 36 30 38 37 39 43 43 49 55 52 48 49 46 46 47 47 48 49 49 51 52 53 54 54 54 54 55 57 61 64 65 67 70 72 73 73 73 74 78 78 76 81 81 82 82 82 83 83 83 86 87 86 83 82 82 81 78 72 66 60 54 52 42 34 31 33 33 26 16 11 9 7 8 8 8 7 4 4 4 5 5 5 5 5 5 5 5 5 4 4 4 5 4 4 4 4 4 4 4 4 4 4 4 4 4 
8 8 8 8 8 8 8 8 9 8 8 8 7 7 7 9 9 7 25 75 94 95 92 89 85 91 92 83 73 77 96 109 109 105 109 113 108 113 118 122 127 134 140 142 138 137 140 142 141 139 140 144 150 156 161 164 165 160 144 139 152 165 170 174 174 169 180 195 176 159 175 178 176 173 139 92 72 75 77 74 76 78 80 78 77 76 78 78 79 81 82 84 86 91 89 87 87 88 89 89 91 90 90 91 92 93 95 89 92 97 99 101 104 106 107 105 105 106 109 112 114 120 124 123 121 121 121 121 122 123 123 125 125 126 127 128 124 123 119 119 149 132 146 148 139 143 134 126 125 137 132 127 135 146 141 134 139 136 135 134 135 136 136 137 138 140 142 144 144 144 144 139 138 143 145 145 146 148 148 148 148 143 144 152 149 142 141 141 141 142 141 141 141 145 150 154 155 153 151 152 159 156 153 150 145 142 139 146 146 143 141 132 117 102 104 98 84 75 67 56 43 37 29 17 9 5 5 5 5 6 5 4 4 4 4 4 4 4 4 4 4 3 3 3 3 3 3 3 3 3 
5 6 6 6 7 8 8 8 8 8 8 8 8 8 6 8 9 6 18 64 88 86 85 86 83 86 92 90 82 83 101 114 115 113 116 122 127 129 129 129 132 137 143 146 144 145 151 158 158 157 152 156 164 171 176 179 180 171 142 131 153 177 182 177 165 171 180 178 170 164 163 170 170 163 164 170 167 152 146 151 155 159 161 160 156 154 153 154 154 154 154 154 154 155 155 154 151 151 154 158 155 153 152 152 152 152 154 154 158 159 156 153 150 151 157 158 155 153 153 154 156 159 159 157 155 155 155 155 160 163 158 154 152 155 159 163 157 137 160 172 152 151 166 162 157 147 162 165 157 145 161 152 155 162 157 154 162 161 160 158 158 156 156 155 153 154 156 158 158 158 157 157 159 162 161 156 153 153 156 161 160 152 151 158 155 151 162 161 159 157 155 153 151 148 153 157 157 155 154 153 156 157 157 157 157 158 157 148 157 165 158 149 155 171 155 145 148 157 163 159 147 132 124 119 106 76 45 24 13 6 5 5 4 4 4 4 4 4 3 4 4 3 3 3 3 3 4 4 4 4 
19 15 12 10 9 9 8 7 6 5 6 8 8 9 6 7 7 5 11 36 76 77 69 76 76 69 68 73 79 83 97 123 125 90 65 71 102 105 84 68 78 79 105 161 192 194 185 181 182 196 189 198 195 184 187 189 172 171 176 178 175 171 173 177 185 185 178 172 172 174 170 167 171 177 174 165 163 171 171 164 165 167 167 167 165 166 169 169 170 169 167 165 165 165 165 165 165 165 165 165 170 170 168 167 167 167 167 169 165 160 161 164 165 165 162 160 160 160 160 160 160 160 160 160 160 160 160 160 161 161 158 158 161 164 163 161 160 161 163 164 164 164 164 166 165 165 165 165 166 165 164 162 162 164 167 167 165 165 165 165 165 164 164 164 159 159 157 155 161 160 169 157 160 153 159 175 153 152 172 178 147 167 154 145 178 160 153 153 167 160 162 159 161 168 146 168 166 150 149 174 169 161 154 171 156 180 149 173 148 158 159 162 166 170 154 156 179 150 184 161 167 154 164 160 168 174 163 146 119 83 49 22 15 8 4 5 5 3 3 4 3 3 3 4 4 3 4 4 3 5 
81 73 64 55 47 39 34 30 23 19 16 11 11 18 26 31 33 34 48 80 112 107 95 94 96 102 110 116 128 124 92 66 43 23 16 16 18 22 25 28 34 38 79 170 190 189 190 194 191 196 187 183 183 175 180 192 173 173 177 178 176 173 175 180 181 179 177 173 172 173 174 173 172 173 171 172 173 174 171 169 170 171 169 169 167 166 169 170 171 170 169 167 166 170 171 171 171 171 171 171 172 170 168 167 167 167 167 172 169 164 165 168 169 169 165 164 164 164 164 164 164 164 164 164 164 164 164 164 165 165 162 162 165 167 167 164 161 163 165 166 166 166 165 167 168 168 168 168 167 167 161 158 158 161 164 164 161 161 162 160 160 159 159 159 164 158 148 168 153 173 171 168 169 163 157 152 168 165 150 150 166 179 173 166 173 149 172 171 158 163 157 166 153 165 169 171 146 166 184 131 171 175 167 149 172 152 178 158 156 149 179 163 168 176 158 161 140 149 167 164 161 175 171 166 145 141 155 162 158 157 151 127 98 59 27 13 7 5 5 5 5 5 5 4 5 4 5 6 4 4 
89 92 95 98 95 89 83 78 69 68 61 45 45 71 113 129 126 121 131 150 156 156 153 146 142 138 123 103 81 54 33 21 15 12 14 17 18 20 28 37 39 40 83 168 184 184 186 187 179 184 200 181 183 170 169 187 169 174 176 173 171 169 172 176 169 166 168 168 167 168 173 179 179 175 175 180 180 177 171 168 168 168 166 164 162 162 166 167 168 167 166 164 163 168 168 168 168 168 168 168 167 166 164 163 163 163 163 171 167 163 163 166 169 168 164 163 163 163 163 163 163 163 163 164 163 164 163 164 164 163 161 160 163 166 166 163 159 160 162 163 164 163 162 163 163 163 163 163 163 163 162 160 159 162 165 165 163 163 162 161 160 158 157 157 161 167 151 169 151 171 170 154 153 157 171 180 164 153 160 159 174 150 139 159 172 135 140 151 143 154 167 155 163 157 142 166 155 165 167 140 117 129 138 137 131 146 164 162 161 137 158 132 121 122 141 159 142 117 163 143 83 99 137 162 139 126 147 154 155 161 165 170 159 148 121 84 51 27 10 5 4 4 5 4 6 5 4 5 4 3 
67 72 79 85 89 90 90 93 84 85 79 55 47 70 96 105 109 110 119 129 130 127 118 104 89 72 53 37 28 21 17 17 18 18 18 22 29 29 33 41 48 45 77 167 196 205 205 198 194 213 221 200 200 180 168 183 168 174 172 167 163 163 166 170 174 173 177 183 184 182 190 192 190 191 189 184 180 179 179 179 179 179 177 174 171 170 173 174 175 174 173 171 170 172 172 172 172 172 172 172 174 172 170 169 169 169 170 176 171 168 168 171 173 173 169 168 168 168 168 168 168 168 168 168 168 168 168 168 169 168 165 165 168 172 171 169 166 167 169 169 170 169 169 167 167 167 167 167 167 167 165 163 163 165 169 168 166 165 164 163 162 161 160 159 159 176 144 128 151 141 137 126 161 178 138 134 149 146 135 132 142 130 125 142 141 93 82 104 107 131 134 117 154 140 125 133 114 124 141 117 82 98 118 126 121 121 129 143 106 97 93 93 78 76 84 108 86 74 119 147 68 47 95 153 155 147 167 165 154 144 143 171 171 169 167 151 144 103 60 28 11 5 4 4 5 5 4 4 4 4 
13 17 25 35 46 57 64 67 56 52 45 28 21 31 45 54 64 69 71 74 75 59 44 36 28 21 19 19 19 20 20 22 24 24 24 25 27 26 22 26 45 44 57 116 151 173 182 176 177 206 212 200 194 183 174 172 160 168 163 156 153 156 163 167 176 175 177 191 195 192 198 207 215 222 218 203 195 198 197 192 191 191 189 187 183 181 180 181 181 180 180 177 176 180 179 179 179 179 179 179 179 178 176 175 174 175 176 179 174 170 170 173 175 175 171 170 170 170 170 170 170 170 170 170 170 170 170 170 171 170 167 167 170 174 173 171 169 171 173 174 174 173 172 169 169 169 169 169 169 169 160 158 158 160 163 163 161 159 158 158 157 157 156 156 153 159 104 64 125 85 70 81 92 126 165 93 71 85 77 84 76 74 75 78 77 60 66 79 78 80 81 62 109 92 66 90 111 92 72 55 78 85 101 110 120 101 108 121 93 56 84 68 79 73 77 84 62 72 83 137 101 55 83 134 146 144 161 165 165 155 141 166 168 159 167 167 165 164 143 100 54 20 7 4 4 5 5 4 5 5 
8 9 10 11 12 14 16 18 14 13 12 10 12 23 35 40 43 40 33 27 24 19 16 17 17 16 15 16 17 18 19 20 21 22 25 26 24 24 16 17 36 39 45 71 91 112 133 133 125 136 154 150 137 147 156 131 115 144 142 135 137 146 157 163 160 148 146 166 175 170 171 180 190 198 196 184 177 178 178 177 177 178 178 176 174 172 170 170 170 170 169 167 165 169 169 169 169 169 169 169 168 168 166 164 164 165 165 167 162 158 158 161 163 162 159 158 158 158 158 158 158 158 158 158 158 158 158 158 159 158 155 155 158 161 160 159 156 158 160 161 161 161 159 156 156 156 156 156 156 156 150 148 148 150 153 152 150 147 147 148 148 149 150 150 156 158 105 56 99 68 58 68 66 93 148 76 50 69 66 75 71 66 77 54 48 59 79 79 79 54 73 44 73 64 51 54 75 92 65 54 72 65 78 107 89 122 99 115 90 69 76 58 62 68 76 61 86 78 95 103 128 106 121 141 148 142 146 155 157 147 144 157 169 163 159 159 154 163 164 148 108 57 27 8 3 4 5 4 4 4 
10 11 11 9 9 9 9 8 8 8 8 9 14 24 33 32 27 22 17 14 14 16 16 15 14 13 12 13 13 14 18 20 19 19 21 22 22 22 14 13 27 33 44 62 64 74 98 101 78 67 93 91 73 96 117 81 60 113 116 112 118 132 147 156 149 131 126 149 162 156 152 157 161 164 166 165 162 158 155 155 156 158 159 158 156 157 160 160 161 160 158 156 156 155 155 155 155 155 155 155 158 158 156 155 154 155 155 156 152 148 149 152 153 153 149 148 148 148 148 148 148 148 148 148 148 148 148 148 148 148 145 145 148 151 150 148 145 146 148 149 149 149 148 148 148 148 148 148 148 148 145 142 141 144 146 147 144 141 141 142 144 145 147 148 141 146 131 75 64 60 74 73 93 90 82 86 56 63 82 87 92 71 98 63 66 108 82 90 86 70 79 85 55 64 85 67 63 111 95 92 78 69 83 118 96 129 103 107 97 101 83 61 54 82 105 83 133 98 129 102 144 144 131 134 151 149 135 140 137 135 149 140 152 154 130 123 139 151 135 102 78 66 60 28 6 4 5 4 4 4 
11 12 12 11 11 10 10 9 7 11 8 9 11 11 17 25 23 17 17 17 17 19 18 16 16 16 13 9 7 10 16 19 17 16 20 23 24 26 18 12 26 43 54 58 58 64 76 77 64 53 62 60 53 81 110 87 66 92 84 97 119 113 148 153 155 129 115 146 146 147 148 143 153 147 154 164 156 160 150 144 156 151 142 151 153 145 159 156 139 143 163 158 145 148 153 146 145 151 161 138 149 147 144 140 147 155 143 153 153 144 141 140 156 145 133 142 146 132 155 150 139 136 147 145 141 142 144 145 144 139 144 150 141 143 153 143 142 141 143 146 145 141 138 144 133 140 148 138 143 141 130 108 99 110 121 136 146 110 103 97 116 146 143 133 145 132 137 121 114 113 113 125 142 130 109 117 131 103 115 124 124 111 128 116 117 127 119 126 122 115 120 123 116 118 124 120 116 132 132 119 127 116 133 127 125 132 135 127 130 123 122 112 96 123 132 132 153 118 138 146 136 138 140 133 146 159 114 135 136 134 143 132 140 143 111 103 116 147 115 41 18 25 34 14 7 5 6 6 5 3 
26 24 21 18 17 15 14 15 11 16 13 12 9 2 4 12 18 20 21 21 21 24 23 22 22 23 19 12 10 15 22 26 24 24 29 33 35 36 17 7 33 63 59 54 56 60 63 66 66 67 72 80 81 103 123 108 99 127 110 116 117 90 122 128 138 125 103 125 133 136 138 139 152 139 144 144 124 133 136 136 137 136 143 139 133 138 139 132 153 140 128 142 135 128 137 139 149 138 144 154 128 135 144 142 137 144 150 138 140 135 146 132 137 159 139 142 144 122 146 132 127 131 132 133 127 135 137 138 139 143 140 138 132 134 151 143 137 148 139 132 143 145 132 135 146 140 130 138 142 135 91 92 85 101 105 119 129 85 112 114 104 114 129 133 130 124 122 105 114 137 134 125 123 133 138 130 128 121 135 135 134 135 129 103 123 140 120 112 123 132 123 99 132 128 102 126 130 115 115 104 146 110 98 115 134 109 95 133 128 92 114 127 87 111 134 110 100 125 117 93 123 147 143 134 140 153 108 122 128 118 127 121 137 162 142 141 141 154 134 44 6 6 15 10 7 5 5 5 6 9 
28 25 22 20 18 18 18 17 12 15 14 19 15 4 2 4 12 20 19 21 26 27 24 23 24 25 23 18 16 19 24 26 26 27 31 34 39 38 16 7 44 74 61 60 63 63 60 58 61 66 69 88 98 106 109 104 112 113 102 112 98 79 108 119 114 118 92 96 125 127 125 119 124 117 131 134 121 133 134 133 135 136 139 133 131 134 134 132 119 154 150 117 143 144 134 125 140 132 125 114 142 130 134 128 131 137 107 132 136 120 130 123 117 126 106 108 136 127 119 101 137 139 100 118 134 124 102 130 128 97 109 134 137 91 103 135 110 87 114 128 90 89 138 107 81 103 124 104 64 105 94 102 70 88 100 116 117 86 72 67 94 71 55 92 108 63 55 133 112 58 75 126 130 125 120 79 45 89 127 109 108 115 80 34 67 120 78 36 67 109 74 29 76 103 52 31 102 113 38 33 109 60 26 67 101 56 24 93 70 21 53 88 36 41 104 56 24 89 78 19 80 132 130 124 127 136 110 102 117 102 111 101 116 155 144 150 155 148 157 81 23 6 7 7 3 8 13 9 5 4 
15 14 13 12 12 12 12 12 13 18 21 28 28 13 3 1 8 20 19 21 25 25 25 24 26 29 30 28 27 28 29 29 30 32 34 34 32 30 26 35 64 67 67 68 71 73 70 64 60 57 53 67 80 83 83 86 96 97 99 113 93 77 86 82 76 102 78 67 115 116 113 114 125 119 119 116 114 106 67 64 113 98 49 76 116 72 52 110 113 49 60 135 90 42 102 121 62 43 101 105 28 65 115 63 39 100 91 26 69 124 77 32 67 106 48 23 82 105 39 30 92 90 29 49 106 65 19 67 86 28 41 107 114 21 36 110 62 13 66 100 29 17 104 80 13 57 122 74 12 46 106 74 18 38 70 110 103 94 27 11 59 59 14 34 87 33 11 87 69 14 37 90 100 109 122 61 10 50 109 116 114 122 62 9 36 112 82 9 43 108 56 7 49 104 34 16 76 89 21 9 100 62 11 54 99 48 10 91 64 6 41 94 33 19 106 51 9 73 80 10 57 116 128 126 127 132 127 102 127 116 127 108 113 145 131 133 143 143 157 139 129 88 52 27 23 59 93 76 36 8 
25 25 25 23 20 18 16 14 21 29 30 26 22 11 3 1 6 20 22 23 24 24 25 25 26 27 28 30 32 32 31 30 32 33 35 35 34 35 41 62 77 63 74 70 69 69 71 70 66 60 57 60 68 73 76 80 80 80 84 88 78 67 64 58 55 87 71 56 106 106 107 105 115 113 104 101 114 90 30 21 93 68 9 40 112 37 14 79 87 19 23 114 57 15 79 120 41 10 86 95 6 31 95 47 9 76 83 12 37 130 71 7 47 92 35 8 83 127 20 16 79 84 20 24 110 63 7 54 93 28 19 98 115 11 29 117 61 7 63 104 27 11 92 84 12 41 107 82 16 23 104 61 12 32 67 117 111 85 41 10 47 67 21 24 87 31 9 90 83 17 37 97 111 115 125 63 11 49 103 109 108 118 63 11 33 99 79 16 40 93 59 12 49 94 45 20 72 91 28 20 81 68 16 46 85 50 17 76 74 18 44 89 39 25 89 64 22 71 83 27 55 101 115 114 113 112 114 92 114 113 117 97 99 128 122 130 137 136 129 125 155 152 122 87 83 124 155 146 104 48 
50 50 51 49 46 42 39 37 45 47 47 38 38 35 18 10 8 12 16 20 25 27 28 28 28 27 28 31 32 31 30 30 31 34 36 36 38 42 39 49 62 52 68 67 62 59 60 61 59 55 58 52 58 61 62 66 60 72 77 71 73 65 63 64 53 77 72 55 100 97 104 98 102 102 99 93 109 86 26 16 84 63 8 36 112 39 12 61 79 24 23 90 59 19 67 114 49 10 75 91 13 27 85 56 12 67 83 17 35 115 84 13 42 87 39 13 74 113 30 22 78 89 29 25 103 70 17 55 90 40 25 96 119 26 34 99 75 20 75 116 40 22 96 97 30 45 95 85 34 38 92 69 39 52 71 96 96 71 60 33 58 65 33 40 85 45 28 90 88 40 43 89 100 95 97 62 31 54 89 90 90 99 73 30 48 85 70 42 52 76 68 35 62 73 57 35 72 89 45 46 85 83 43 59 88 67 45 69 88 51 58 81 52 48 71 73 51 74 80 53 69 91 94 93 91 87 87 80 87 90 87 71 72 90 90 102 105 114 120 117 116 120 130 121 127 142 144 150 153 126 
56 57 57 56 55 53 52 59 58 52 59 54 60 62 44 34 21 13 12 10 13 18 20 21 21 21 22 26 27 26 27 28 30 33 36 36 34 40 35 38 42 35 55 47 49 50 51 50 48 47 47 42 49 47 44 51 48 50 56 45 52 39 33 38 41 60 64 49 82 76 86 88 89 89 98 83 88 80 38 32 76 70 25 43 95 58 28 67 96 45 36 98 77 39 70 105 63 31 77 95 35 45 87 67 37 74 89 38 48 90 83 38 50 88 60 42 72 85 60 43 79 88 47 48 94 69 45 67 81 59 51 86 94 53 60 84 78 51 76 94 57 46 80 87 52 60 83 73 56 60 70 63 61 64 62 67 70 63 55 51 60 53 43 50 63 54 49 46 49 53 48 51 52 57 66 59 49 44 54 52 49 51 51 37 42 47 43 41 42 44 45 35 46 41 34 43 40 36 41 36 41 38 34 34 40 36 36 34 37 33 32 34 30 30 27 29 30 30 30 28 32 32 27 27 28 26 26 32 25 26 26 23 24 26 23 28 25 30 39 49 49 49 60 76 85 87 89 102 122 136 
52 53 53 53 52 50 49 51 49 46 53 50 51 50 51 54 44 33 24 14 8 7 7 8 8 8 10 11 12 12 13 15 16 18 20 21 21 25 24 26 25 20 33 23 27 31 33 33 32 32 29 28 33 32 29 34 34 33 38 33 39 30 27 33 29 35 39 32 46 42 49 50 48 50 61 54 57 59 42 39 53 54 34 39 60 53 39 50 54 43 44 62 63 50 55 63 51 40 55 50 45 45 55 49 44 55 48 43 46 48 52 44 42 47 41 40 40 39 45 34 41 42 33 38 47 33 35 41 38 37 36 34 30 33 42 37 36 39 33 29 33 33 25 27 29 29 26 25 29 26 22 23 25 25 24 23 26 25 19 21 20 17 21 19 16 14 17 14 13 14 14 15 15 14 12 11 16 11 13 13 12 11 14 15 13 12 12 12 12 12 11 10 13 14 10 11 12 12 11 8 12 10 13 11 10 10 13 12 10 11 11 11 12 12 11 11 13 12 13 13 13 12 11 13 13 13 14 19 13 12 15 17 19 15 12 14 13 11 12 19 25 24 25 29 30 26 26 32 43 57 
52 53 55 56 55 53 52 51 51 51 50 50 50 50 49 50 52 51 43 32 24 17 12 8 6 6 8 10 12 13 10 9 8 8 8 8 9 9 9 9 9 10 10 9 10 10 11 11 11 11 12 12 12 12 12 12 13 13 12 12 12 13 15 18 16 14 13 14 13 13 15 16 16 16 17 16 16 16 15 13 12 11 11 12 14 14 14 13 12 11 12 13 14 16 15 13 13 12 13 14 14 13 13 13 13 14 14 15 15 14 14 14 14 13 11 11 12 12 12 12 13 12 12 13 13 12 12 14 14 12 13 14 14 15 15 14 14 14 14 14 14 14 14 14 14 14 14 15 15 15 18 21 13 13 19 17 21 26 18 13 15 17 16 13 12 12 11 11 11 12 12 12 12 13 14 15 14 12 11 9 10 12 14 14 10 13 11 12 13 13 14 14 15 15 15 16 16 16 15 15 17 16 16 15 15 15 16 17 17 17 17 18 18 18 18 20 22 24 26 27 28 29 32 34 32 32 36 39 38 38 41 41 42 36 35 39 38 36 34 39 39 34 38 40 43 38 30 28 30 33 
60 59 57 56 56 55 55 57 58 57 56 55 54 53 51 50 50 52 52 49 45 43 37 27 18 11 9 8 9 9 9 9 9 9 11 13 13 13 13 13 12 11 11 10 10 10 9 8 8 8 9 9 9 8 8 8 8 8 8 7 7 8 9 10 9 8 8 7 7 6 7 8 7 8 8 7 7 7 6 4 4 4 5 6 7 7 7 6 6 6 6 7 8 8 8 8 8 8 9 9 10 10 10 11 11 11 12 12 12 12 13 13 13 12 13 14 15 15 15 15 16 16 18 19 20 19 19 21 23 25 27 28 30 31 32 33 33 33 33 34 35 35 37 41 40 39 39 39 40 40 44 45 32 33 44 46 53 59 42 32 37 46 45 37 34 32 28 26 26 24 22 23 22 22 27 27 22 21 29 39 36 30 33 38 30 21 25 25 24 24 23 22 21 21 21 22 22 22 21 21 20 20 20 20 19 19 19 20 20 20 20 20 20 20 20 21 21 22 23 23 23 24 25 26 24 25 29 31 30 30 31 31 34 31 31 35 34 35 33 33 28 23 27 30 32 32 32 34 36 36 
73 72 69 68 67 67 68 69 69 68 68 67 66 66 67 64 61 59 59 60 59 60 59 57 53 43 30 19 14 11 11 10 9 8 8 8 8 10 11 14 15 17 17 16 17 18 19 20 21 21 16 17 17 18 18 19 19 16 15 14 15 16 16 16 18 18 17 18 17 18 20 20 20 20 20 19 19 20 20 20 19 19 18 19 20 21 24 24 24 24 25 26 27 27 28 28 28 28 27 27 25 27 28 29 29 29 28 26 26 26 27 28 27 26 25 25 27 27 27 27 28 28 28 31 31 29 28 29 30 31 33 34 36 37 38 39 41 40 39 38 38 36 37 39 38 36 34 34 35 35 33 33 25 25 31 29 31 33 25 19 20 23 22 19 18 16 14 12 13 12 11 10 13 28 45 40 37 50 57 54 42 24 24 36 32 12 11 11 11 10 10 9 8 8 8 9 9 9 8 8 8 8 9 9 8 8 8 8 8 8 8 8 8 8 9 9 9 10 10 11 12 12 13 14 15 17 17 13 10 9 10 13 20 20 18 19 17 21 21 21 18 17 23 25 25 24 27 33 37 36 
75 75 76 76 76 75 74 72 73 73 74 74 75 75 76 73 69 69 70 72 72 70 70 72 74 73 69 63 51 31 14 7 9 13 14 13 13 12 12 10 9 8 8 7 8 8 9 9 9 9 12 12 12 12 12 13 13 13 13 13 14 15 15 15 15 14 14 15 14 14 15 14 14 14 13 13 13 14 13 12 12 11 10 10 10 11 11 11 11 11 11 12 12 12 13 13 13 13 12 12 9 10 10 11 10 10 10 9 8 8 9 9 9 9 8 8 9 9 9 9 9 9 10 11 11 10 10 10 11 12 12 14 15 15 16 16 18 18 19 19 19 19 19 20 19 18 18 19 20 21 18 19 19 23 28 28 30 30 29 28 27 28 30 30 29 27 25 24 23 20 17 11 14 28 32 24 24 33 40 36 18 12 16 17 19 13 17 17 19 21 22 23 23 24 24 24 24 24 24 24 26 27 27 28 28 27 26 29 29 29 29 29 29 29 29 29 30 31 34 36 38 39 39 39 38 38 32 23 16 16 20 28 43 45 41 41 35 36 35 36 32 31 38 37 37 34 32 34 37 37 
66 68 70 71 71 70 69 67 67 68 69 70 72 72 71 69 68 69 71 71 70 71 70 68 68 68 66 63 65 59 34 14 6 4 6 8 9 10 12 14 17 19 21 23 23 22 20 19 17 16 11 10 10 9 8 7 7 6 6 5 5 4 4 4 4 4 5 6 6 6 7 6 6 6 6 5 5 6 6 6 6 6 6 6 6 6 7 7 7 7 7 7 8 8 8 9 9 10 9 9 14 14 14 14 13 13 13 15 16 16 16 17 17 16 18 20 22 22 22 22 22 24 26 28 30 33 35 36 44 55 59 64 68 73 76 78 83 86 89 92 94 94 92 88 87 86 86 88 91 93 107 98 91 85 79 81 86 96 95 92 95 101 98 85 69 57 42 31 25 24 26 26 23 14 9 13 26 29 23 15 7 7 12 12 14 17 29 29 30 30 29 29 29 30 29 29 29 29 29 30 25 26 26 27 27 27 26 29 29 29 28 28 28 28 30 30 29 27 26 24 24 25 26 24 21 22 21 17 14 15 16 19 28 31 29 33 31 29 26 26 23 20 23 17 19 19 17 17 17 16 
69 67 66 66 65 66 67 65 64 65 66 66 67 67 68 67 65 66 66 64 62 60 61 64 69 74 72 68 65 67 67 49 24 10 7 7 6 6 6 7 8 9 10 11 12 14 16 18 20 21 27 26 25 25 24 23 23 25 26 25 20 14 13 14 13 13 18 24 26 25 27 28 28 28 27 25 26 28 28 27 27 28 28 29 29 29 27 27 26 26 26 26 26 26 27 27 28 28 29 29 26 25 25 25 25 26 26 25 24 24 25 26 25 24 22 23 25 25 25 24 25 24 23 25 28 32 36 39 41 44 47 51 57 61 64 64 62 64 66 67 65 64 63 69 69 69 68 68 68 68 61 60 71 78 88 115 145 172 168 141 101 68 43 26 16 12 10 8 8 12 19 27 22 12 10 14 15 10 7 10 13 13 17 32 31 28 24 25 25 25 25 25 25 25 25 24 24 24 25 25 25 25 24 25 25 26 26 25 25 25 24 24 24 23 21 21 23 25 26 26 26 24 22 22 21 24 27 26 26 28 25 24 27 27 28 31 27 29 29 32 31 29 35 25 27 25 23 22 22 20 
79 76 71 69 69 70 72 68 69 69 69 68 68 68 69 69 69 70 70 70 68 66 65 64 64 66 66 65 68 70 66 62 56 40 21 12 9 8 7 7 6 7 7 9 10 10 11 11 11 11 10 11 11 12 13 14 16 16 17 18 15 12 12 14 12 12 15 19 19 18 17 18 18 17 16 16 16 17 17 15 15 15 16 16 16 16 16 16 16 16 16 15 15 15 14 14 13 13 13 13 14 14 13 13 14 15 16 14 14 14 14 15 14 13 13 13 14 14 14 14 15 16 17 18 19 23 27 29 34 40 44 48 51 55 56 58 63 65 68 70 70 68 66 59 62 64 68 72 76 78 92 92 102 104 101 121 148 122 125 103 57 23 8 4 3 5 8 11 12 12 13 11 7 5 6 5 4 7 14 19 26 34 44 64 70 82 67 65 61 53 46 41 38 31 29 25 24 26 25 24 25 25 24 24 25 25 26 25 25 24 24 23 23 23 24 24 25 25 26 25 23 23 23 25 25 26 26 24 25 29 27 25 27 24 23 25 24 28 32 37 37 38 47 48 43 35 29 27 25 23 
77 77 75 74 73 72 71 68 71 71 70 68 69 72 73 73 71 71 69 67 65 65 66 68 69 70 68 66 64 64 62 59 62 66 50 30 14 11 13 15 12 9 9 9 8 8 8 9 10 10 11 10 10 10 11 13 15 15 15 15 15 16 16 16 16 15 15 14 15 16 17 17 16 16 15 15 15 16 16 15 15 15 15 15 15 15 14 14 14 15 15 15 14 15 14 14 14 13 13 13 14 14 13 13 12 12 12 12 12 12 12 13 13 12 11 11 10 11 11 12 13 15 16 16 17 20 24 29 33 39 46 49 51 57 60 61 64 65 66 68 69 70 71 72 80 85 91 99 106 106 100 91 79 65 49 42 46 29 19 11 7 6 6 6 9 9 9 11 12 11 8 6 5 3 3 6 8 18 41 57 66 72 77 86 91 93 98 108 110 105 99 93 87 72 59 35 26 28 23 18 29 27 27 27 25 24 25 27 27 26 25 25 25 26 28 27 24 25 28 28 27 25 24 24 28 27 24 24 25 26 27 27 27 27 27 27 27 28 28 26 25 27 30 33 35 35 33 33 31 27 
72 72 72 73 74 74 74 72 72 71 70 69 69 70 69 69 69 69 67 66 65 63 63 65 66 67 65 63 60 60 62 58 59 66 63 51 37 34 38 41 35 28 26 21 16 11 9 8 8 8 7 8 9 10 11 12 12 12 12 13 14 14 14 13 14 14 14 14 15 16 16 16 15 15 14 14 15 15 15 15 15 15 15 15 15 15 14 14 14 14 15 15 14 15 15 14 14 14 13 13 13 13 13 13 12 12 11 12 11 11 11 12 12 11 11 10 10 9 9 10 10 13 14 13 13 16 22 30 37 43 49 52 55 63 70 69 66 66 66 70 74 79 82 80 85 90 92 88 72 57 53 43 31 22 12 7 6 4 4 6 7 9 9 9 8 9 9 9 9 8 7 6 5 2 2 12 27 55 81 85 93 95 96 101 105 103 102 108 111 113 113 107 101 116 107 74 43 24 18 25 27 25 25 26 24 23 24 26 26 26 27 27 27 28 28 27 26 27 29 29 29 28 26 26 29 28 25 25 25 25 24 24 24 24 24 24 24 25 24 22 20 21 22 21 24 24 24 26 27 25 
79 79 78 77 77 76 76 76 73 70 70 71 70 68 64 63 64 64 63 62 62 60 58 58 58 56 54 52 50 52 53 46 41 44 46 45 44 41 45 47 41 35 33 30 25 19 14 11 9 8 8 7 7 7 8 9 9 9 9 10 10 11 11 11 12 12 13 13 14 15 15 15 14 14 14 14 14 14 15 14 14 14 15 15 15 15 14 14 14 15 15 15 15 15 15 14 14 14 14 14 13 13 14 14 13 12 11 11 10 10 11 11 11 10 10 10 9 8 8 8 8 9 10 13 19 27 37 47 52 55 64 69 72 75 73 69 67 68 68 69 69 68 69 69 55 41 35 31 23 15 7 5 6 6 6 6 6 6 8 10 10 10 9 9 7 7 7 7 7 7 8 8 8 6 12 45 69 87 95 87 93 94 96 104 107 108 119 137 137 123 116 118 118 112 114 105 80 40 20 25 25 24 24 26 25 25 27 22 22 23 24 24 24 24 25 25 26 26 26 27 28 27 26 27 29 30 29 29 29 29 28 27 26 26 26 26 26 27 26 23 22 22 24 24 25 24 23 24 25 23 
65 64 62 60 58 56 55 53 50 47 47 48 48 46 42 42 43 43 43 43 43 42 40 39 38 35 33 31 31 34 33 29 26 27 28 27 26 25 26 27 25 24 24 25 25 24 24 22 19 16 14 11 7 5 5 5 7 8 8 8 9 9 10 11 10 10 11 12 12 13 13 13 13 13 13 13 14 14 14 14 15 15 15 15 15 15 15 14 14 15 15 15 15 15 15 14 14 14 14 14 13 13 14 14 13 12 11 10 10 10 10 10 10 9 9 9 8 8 7 8 8 9 12 19 29 41 52 60 65 68 70 68 67 68 66 62 57 56 55 51 48 44 41 37 22 9 6 5 5 3 5 6 7 7 7 7 8 9 10 10 9 8 8 8 9 9 8 8 8 8 9 8 7 5 15 65 92 88 89 89 93 95 100 111 117 114 124 150 145 117 105 111 117 104 96 101 99 61 27 22 21 20 21 23 22 22 24 22 23 23 24 24 23 22 23 24 25 24 24 24 25 25 24 25 26 28 28 28 30 31 31 29 28 28 28 28 28 29 28 25 23 24 25 25 26 24 23 25 27 26 
39 38 37 36 34 33 32 32 30 29 28 29 29 28 27 27 27 28 28 28 27 27 28 27 26 25 24 24 23 24 23 23 25 26 26 24 24 23 23 23 24 25 26 25 25 26 27 28 27 26 23 20 15 11 9 8 8 8 7 7 6 7 7 8 8 8 9 9 10 10 10 11 12 12 12 12 13 13 13 13 14 14 14 14 15 15 14 14 14 14 15 15 14 14 14 14 14 14 14 14 13 14 14 14 13 12 12 11 10 10 10 10 9 8 8 8 7 7 7 7 7 8 10 14 20 27 33 39 46 54 55 52 46 39 31 25 22 20 18 16 15 14 14 13 7 3 3 4 5 5 5 8 9 7 7 7 8 7 7 8 7 7 8 9 10 10 9 9 9 8 7 7 5 2 5 40 78 83 83 85 85 83 85 94 97 92 91 103 96 82 82 83 82 100 92 96 102 72 33 21 23 22 22 22 21 20 20 21 22 22 22 21 20 20 21 21 21 21 21 21 21 21 22 22 22 22 23 23 23 24 24 24 24 24 23 24 26 27 26 23 21 21 23 23 24 23 23 26 29 28 
28 28 28 28 28 27 27 28 29 28 28 27 27 28 27 26 27 27 27 27 26 26 26 26 25 26 26 26 26 25 25 26 27 26 25 24 24 24 23 23 24 26 27 30 27 25 25 25 26 26 28 27 25 23 20 17 16 11 10 9 8 7 6 6 6 7 7 7 7 8 8 9 9 9 9 10 10 11 11 11 11 12 12 12 13 13 13 12 13 13 14 14 13 13 13 14 14 14 14 14 13 13 13 13 12 12 12 10 10 9 9 9 8 7 7 6 6 5 5 5 5 6 6 7 8 9 13 16 20 22 19 14 11 8 5 4 3 2 1 1 1 1 2 3 2 2 2 4 6 6 3 5 5 4 4 5 5 6 6 7 7 7 7 7 7 6 5 4 5 8 12 17 26 14 2 17 57 74 73 75 72 67 67 72 73 70 71 72 66 68 81 79 66 79 86 94 102 79 35 13 18 16 16 16 15 13 14 16 16 16 16 16 15 15 17 18 17 17 19 20 20 20 22 22 21 22 24 24 22 22 23 24 25 24 23 23 21 22 22 21 20 21 23 26 27 26 25 26 28 26 
28 28 27 27 27 27 27 25 27 27 26 25 25 27 27 27 27 27 27 26 25 25 24 23 23 23 23 23 25 26 26 26 25 23 22 23 24 25 25 24 24 25 25 24 23 22 24 25 26 26 23 24 25 25 24 24 23 24 23 22 19 16 12 10 7 6 6 5 6 6 7 7 7 7 7 7 8 8 9 9 9 9 10 10 10 11 12 11 11 12 13 12 12 13 13 13 13 13 13 13 13 12 12 11 11 11 11 10 10 9 8 8 7 6 6 5 5 4 4 4 4 4 4 3 3 3 3 4 5 4 3 1 1 1 2 1 2 2 1 1 1 1 1 1 1 2 3 3 3 2 2 3 2 2 3 3 3 3 3 2 3 3 4 3 3 3 1 1 3 14 36 60 97 59 6 5 37 59 57 59 55 51 53 59 60 58 59 65 61 61 74 77 67 73 78 77 85 74 30 6 4 4 4 4 4 3 4 5 5 5 4 5 5 5 6 6 6 7 8 9 9 9 9 10 10 11 14 14 13 13 15 17 18 18 17 16 15 17 18 18 19 22 25 25 27 26 25 27 28 26 
41 40 39 36 34 33 31 29 30 32 30 28 27 27 26 25 25 25 24 24 23 23 23 23 23 23 22 22 22 24 23 23 22 22 22 22 22 23 24 25 24 24 23 22 22 23 24 25 25 25 23 23 24 24 24 24 24 24 24 24 23 22 22 21 19 17 14 10 8 5 4 5 6 5 5 5 6 7 7 8 8 8 8 8 8 8 10 9 9 10 10 10 10 11 11 11 11 10 10 10 10 10 10 10 10 10 10 9 9 9 7 8 5 6 6 5 5 4 4 4 4 4 3 3 2 1 2 2 2 2 2 2 2 2 1 2 2 2 1 1 1 1 1 1 1 1 1 2 2 1 1 1 2 2 2 1 1 2 2 3 4 4 5 6 5 1 0 1 7 39 61 44 34 20 6 5 17 45 45 43 43 42 42 43 45 46 50 56 53 50 57 64 65 67 72 74 80 71 28 3 1 1 1 1 1 1 1 1 1 1 1 1 2 2 2 2 2 2 2 2 2 2 2 2 2 2 3 3 4 5 7 10 11 13 14 12 13 14 18 20 19 22 28 26 26 26 26 26 27 27 
59 58 56 54 51 49 47 46 49 50 50 48 48 50 52 52 51 49 46 43 41 40 39 40 40 39 38 38 37 35 35 35 35 34 34 33 31 31 30 30 29 30 29 29 29 29 28 27 26 25 25 25 26 26 25 25 24 23 23 23 23 22 22 22 24 25 23 21 19 17 17 14 11 10 8 6 5 5 5 5 5 5 5 6 6 7 6 6 7 7 7 8 8 7 7 7 7 7 7 7 8 7 7 7 7 7 7 9 7 5 7 8 5 4 3 2 2 2 2 2 2 2 2 2 2 2 1 2 2 1 1 1 1 1 1 1 1 1 1 1 1 1 1 1 1 1 2 1 1 1 2 1 1 1 1 2 3 2 2 3 3 2 2 3 3 2 1 1 1 10 21 19 14 9 4 3 10 29 29 29 30 30 30 30 33 33 36 43 44 43 48 54 54 54 62 64 65 55 25 5 4 4 3 3 3 3 3 4 4 4 4 4 4 4 4 5 5 5 6 7 7 8 9 10 6 2 2 2 3 6 10 13 15 15 10 7 7 9 14 19 19 21 27 25 25 24 25 25 26 26 
70 69 67 65 62 61 60 58 58 59 57 57 58 60 64 65 64 61 58 56 54 52 52 51 50 50 50 50 50 51 52 52 51 49 47 47 49 47 44 43 43 43 44 46 47 47 46 44 41 39 38 39 39 38 38 37 36 34 34 35 34 34 33 33 29 27 27 27 28 27 27 28 28 26 23 20 18 16 14 12 10 9 8 7 7 6 6 6 6 6 6 6 6 7 7 7 7 7 7 7 7 7 6 6 6 6 6 4 5 2 3 3 2 2 3 2 2 1 1 1 1 1 1 1 1 1 1 1 1 1 1 1 1 1 1 1 1 1 1 1 2 2 2 2 1 1 2 1 1 2 4 5 6 6 6 6 8 5 5 8 9 7 3 1 1 1 1 1 1 6 13 12 9 8 5 3 7 18 18 19 20 20 20 20 21 23 26 32 34 35 41 45 44 45 53 54 51 43 26 11 13 13 12 12 12 12 12 15 15 15 15 16 16 17 16 16 17 18 19 20 21 21 21 21 13 3 1 2 3 7 12 13 17 17 10 8 8 10 15 20 21 23 26 24 23 23 23 24 25 25 
71 70 68 66 65 64 64 64 63 61 60 59 59 61 62 62 62 63 62 61 60 60 60 58 57 56 57 58 59 60 61 62 61 59 56 55 58 57 56 55 55 55 55 56 58 60 61 59 57 56 53 53 53 53 52 51 51 51 51 51 51 50 50 49 49 49 49 48 47 46 45 43 42 42 43 42 41 40 38 36 33 30 27 26 24 22 18 17 16 15 15 15 14 12 11 11 11 10 10 9 10 10 11 11 11 11 11 10 12 7 4 6 8 8 6 4 3 2 1 1 1 1 1 1 1 1 1 1 1 2 2 2 2 3 3 3 3 2 2 2 3 3 4 4 2 1 1 2 3 6 9 12 18 21 20 19 20 15 16 19 20 17 11 7 4 3 1 1 2 4 9 10 9 7 7 3 7 17 16 16 17 17 16 15 16 17 18 22 23 23 28 32 32 35 38 38 36 33 25 17 23 22 22 22 21 21 22 21 21 21 21 21 22 22 22 21 22 22 22 22 23 22 22 24 16 4 2 2 3 10 13 10 16 19 14 17 17 18 21 23 23 23 25 24 23 23 23 24 25 25 
71 69 67 66 66 66 67 69 68 66 66 67 68 68 67 67 67 68 67 66 65 65 65 64 63 62 63 63 63 62 64 65 64 62 59 58 57 59 60 61 60 58 57 55 57 59 60 60 59 58 58 58 59 58 58 57 57 57 57 58 57 57 56 55 53 52 51 49 47 45 44 44 46 49 51 53 53 52 51 50 49 48 47 48 48 47 45 44 43 42 42 42 41 38 38 36 35 33 32 31 34 34 34 35 36 36 37 36 33 20 12 26 31 19 7 3 2 1 1 1 1 1 1 1 1 1 1 2 2 2 3 3 4 4 5 5 5 5 5 4 4 4 4 4 3 1 1 3 10 18 14 16 21 24 22 20 20 24 24 23 23 22 21 20 14 9 1 0 1 3 6 7 6 4 5 3 9 18 17 17 18 17 16 15 15 15 15 17 15 15 19 22 22 26 24 23 24 23 21 18 23 23 22 22 22 22 22 22 22 22 22 22 22 22 23 24 24 23 23 23 23 22 21 23 19 6 2 2 4 13 17 14 20 23 20 24 26 24 23 23 23 23 24 24 24 24 24 25 25 25 
71 69 67 67 67 69 71 68 66 66 68 71 73 71 70 70 69 67 65 63 61 60 61 60 60 60 59 59 60 61 62 63 63 62 61 61 60 61 63 63 63 61 61 60 60 60 61 61 61 61 59 60 60 61 61 61 61 59 60 60 60 60 59 57 58 58 57 56 56 55 54 55 57 59 59 59 59 58 56 55 56 57 57 57 56 54 52 52 52 52 53 54 54 55 55 53 51 50 48 48 48 48 49 49 50 51 52 58 46 26 25 48 43 17 3 1 1 1 1 1 1 1 1 1 1 1 1 2 2 2 3 3 4 5 5 5 5 6 7 5 2 2 1 1 1 1 1 4 15 30 31 29 28 27 24 22 21 19 21 24 25 25 24 24 26 22 9 5 4 3 4 3 3 1 3 2 10 18 17 17 17 17 16 15 15 15 16 17 15 15 18 20 19 24 21 20 21 21 21 23 22 22 21 21 21 21 21 22 22 22 22 22 22 22 22 22 22 22 23 23 23 24 23 24 19 7 2 2 4 11 16 20 25 24 22 25 25 23 22 23 24 24 24 25 24 24 24 25 25 26 
76 74 73 72 73 76 78 73 70 71 74 76 75 72 70 71 69 67 64 62 60 59 60 61 61 61 59 58 57 58 58 58 59 59 60 62 63 62 61 60 60 60 60 60 58 57 58 60 62 64 59 60 61 63 63 64 64 63 63 63 63 63 62 61 61 61 62 62 63 63 64 64 65 65 65 64 64 63 60 58 61 63 64 63 61 60 61 61 60 60 60 61 60 60 60 59 59 58 57 57 58 58 58 58 59 59 59 59 48 32 44 54 34 7 1 0 0 1 1 1 1 1 1 1 1 1 2 3 3 4 4 4 5 5 6 6 6 8 6 3 1 1 1 1 0 1 1 1 7 20 36 32 30 31 30 27 26 24 26 29 29 27 27 28 29 27 19 23 22 13 4 1 2 1 3 3 12 19 15 14 15 15 15 14 14 15 17 19 17 17 20 21 18 24 22 23 23 21 23 29 24 23 23 22 22 22 23 21 21 21 21 21 21 21 21 21 21 21 22 22 22 24 23 21 15 4 1 1 2 5 9 19 24 23 25 26 23 22 22 24 26 25 24 25 24 24 24 24 25 26 
79 77 76 75 75 75 76 78 76 76 76 75 73 71 72 73 73 72 71 69 68 70 71 71 72 71 71 70 70 70 70 70 69 66 64 63 63 63 62 61 60 60 60 60 59 58 58 58 59 60 57 56 56 55 56 57 58 56 55 54 53 51 50 49 50 51 51 52 53 53 55 55 55 54 54 53 53 54 52 51 52 53 55 55 56 57 60 60 60 61 60 61 61 64 64 64 63 63 62 62 61 63 65 66 66 65 63 57 53 52 64 53 25 2 1 1 1 0 1 1 1 1 1 1 9 28 22 23 28 29 28 28 29 31 32 32 35 34 16 2 2 0 1 1 0 1 0 1 1 7 42 41 39 40 41 41 38 36 38 39 37 35 36 38 33 32 29 30 34 29 13 3 1 1 3 5 11 13 11 10 11 11 11 11 11 11 11 13 15 17 20 22 21 25 26 28 29 28 27 29 26 26 26 26 27 28 29 28 27 25 24 23 24 24 26 26 25 25 25 24 24 23 27 22 8 2 1 1 5 6 5 12 24 26 25 25 24 24 25 27 27 27 27 27 27 27 27 26 26 26 
71 70 69 68 67 67 67 67 66 64 63 62 61 61 58 57 57 57 57 55 54 55 56 56 56 56 56 56 54 51 52 53 52 49 46 45 43 44 43 43 43 44 43 44 44 44 44 44 44 44 40 39 38 38 38 39 40 40 39 38 36 35 35 34 36 37 37 37 37 38 38 39 39 38 38 37 36 37 37 39 39 39 41 42 43 45 47 48 48 48 49 48 49 51 51 51 51 51 51 51 49 51 53 54 54 53 51 55 53 55 62 47 23 1 1 1 1 1 1 1 1 1 1 3 25 59 47 48 51 48 48 49 51 52 51 48 44 40 16 1 2 0 1 1 1 1 1 2 1 3 36 41 42 41 41 41 40 37 37 38 37 37 38 39 37 39 37 32 36 37 25 10 3 3 4 6 7 7 6 6 7 7 8 9 9 11 14 16 18 20 22 23 23 24 26 29 31 31 30 29 26 26 26 26 27 28 29 32 32 30 28 28 29 29 28 26 26 27 27 26 27 27 34 29 9 1 1 2 5 6 4 12 28 30 25 27 32 33 33 34 34 34 33 32 32 32 32 32 31 30 
43 42 41 40 39 40 40 41 40 40 40 39 39 39 38 37 37 37 36 35 35 34 34 34 34 34 34 34 33 33 34 35 36 35 34 31 26 27 27 27 28 28 29 30 31 32 34 34 34 34 32 32 32 33 33 33 34 35 35 34 34 34 35 35 35 35 37 38 38 38 38 36 35 35 34 34 34 34 33 32 32 33 34 35 36 36 36 36 37 37 37 37 37 37 38 38 39 39 40 40 39 39 39 39 39 39 38 39 38 38 40 33 18 1 1 1 1 1 0 1 1 1 0 2 21 44 33 35 39 40 41 43 45 44 42 39 36 30 11 1 1 0 1 0 1 2 2 2 1 1 22 31 37 34 32 32 34 32 31 31 31 32 33 34 31 32 32 29 29 29 26 20 15 14 14 15 15 14 15 16 17 17 18 20 22 22 22 23 24 25 25 26 26 26 27 29 30 30 30 30 30 30 29 29 29 29 29 33 33 32 30 30 31 31 37 37 37 37 36 34 35 36 40 38 15 1 0 1 3 4 6 18 34 33 30 31 32 33 35 36 36 36 36 35 35 36 36 36 36 36 
28 28 27 27 27 27 27 29 30 30 30 29 29 29 28 28 27 27 27 26 25 24 23 23 23 23 23 23 23 22 23 24 24 24 24 24 26 26 26 26 26 27 26 25 27 29 30 30 30 29 25 26 27 27 27 27 26 29 28 28 29 29 30 31 29 29 32 34 35 35 34 32 30 30 30 31 32 33 34 34 34 34 34 34 35 33 29 29 30 31 31 32 33 32 32 32 32 33 33 33 33 33 32 32 32 33 34 31 32 33 33 31 20 3 1 1 1 1 1 1 1 1 1 4 22 33 26 30 29 26 26 28 29 29 27 28 30 25 10 1 1 0 1 1 1 1 1 2 1 2 17 24 29 27 25 26 27 26 25 25 26 27 28 27 31 33 33 32 30 28 30 32 32 32 31 30 31 33 36 38 36 35 35 36 38 39 37 38 38 37 36 36 36 37 36 36 35 34 34 34 43 41 40 37 36 35 34 37 36 35 34 34 34 34 35 32 32 33 31 29 29 29 29 30 17 2 1 3 2 2 5 15 24 23 23 25 23 25 27 29 31 33 33 34 34 35 36 36 37 36 
32 32 31 31 31 31 31 30 29 29 29 29 29 29 27 26 27 26 26 24 24 23 23 23 23 23 23 23 22 21 21 21 21 20 20 20 19 19 18 18 18 17 16 14 15 15 15 15 15 14 14 14 14 14 13 13 12 14 14 14 14 14 14 14 15 15 16 17 17 16 16 15 14 14 14 13 14 14 14 14 13 13 12 12 12 12 13 13 13 13 13 13 14 13 13 13 13 12 12 12 13 13 13 13 14 15 16 17 17 16 15 15 12 4 1 1 1 1 1 1 1 1 1 2 9 9 7 10 10 11 11 11 12 13 14 13 13 12 5 2 1 0 1 1 1 1 1 1 1 3 18 21 22 21 21 22 22 20 19 20 21 22 22 22 23 21 22 24 23 21 22 22 21 21 20 18 18 20 20 20 18 17 16 17 17 18 19 18 17 16 16 15 15 13 13 12 11 11 11 11 9 9 8 8 8 7 7 6 6 6 6 7 7 7 8 8 8 10 11 11 11 12 11 13 13 7 8 10 11 12 15 22 25 21 23 27 25 26 28 31 33 34 35 35 36 37 38 38 39 39 
34 33 33 33 33 33 33 32 32 32 31 31 31 31 29 29 30 30 30 29 28 27 27 27 27 27 27 27 27 28 28 27 27 26 26 27 29 29 28 27 26 25 25 25 25 24 24 23 23 23 25 24 23 22 21 21 21 21 20 20 19 19 19 19 19 19 19 19 18 17 16 15 14 13 12 12 11 11 10 9 9 8 7 7 7 6 5 4 4 3 3 3 3 3 3 3 2 2 2 2 2 2 2 2 3 3 3 5 4 3 2 2 3 2 2 2 2 2 2 1 1 1 1 1 3 1 1 2 1 2 1 1 2 2 2 2 3 3 1 1 1 0 1 1 1 1 1 1 0 1 2 2 1 1 2 2 1 1 2 2 2 3 4 5 7 7 7 8 9 9 9 8 8 8 8 9 9 9 9 8 8 8 8 8 9 9 8 8 9 10 12 13 14 13 13 13 14 14 15 15 17 17 17 18 18 19 20 22 23 24 26 27 28 29 28 27 28 31 31 30 30 33 32 32 35 34 34 36 37 37 36 39 38 32 34 37 35 35 37 38 39 39 39 40 41 42 43 44 44 44 
24 23 23 23 23 23 23 24 24 23 23 22 21 21 19 19 19 20 20 20 20 19 18 18 18 18 18 18 18 17 17 16 16 16 17 16 15 15 14 14 14 13 13 15 14 13 12 12 13 13 12 12 11 10 10 10 11 10 10 9 9 9 9 10 10 10 10 9 9 9 9 9 9 9 8 8 8 8 9 10 9 9 9 9 9 10 10 10 9 9 9 10 10 9 9 9 9 9 9 9 10 10 10 10 11 11 11 13 12 13 12 10 13 12 13 14 13 12 12 11 10 11 9 8 11 7 8 8 5 6 6 6 6 6 5 4 4 3 2 2 1 1 2 1 1 1 1 1 1 1 1 1 1 1 1 1 1 1 1 1 2 2 5 10 14 16 16 15 14 15 16 16 16 16 17 18 18 17 17 18 19 19 20 20 21 22 24 25 26 28 31 34 35 38 38 39 40 40 40 40 38 38 38 39 40 41 42 39 40 41 42 42 43 43 43 42 43 45 43 40 39 41 42 38 38 43 36 34 39 39 36 40 41 37 35 37 38 39 39 40 41 40 40 42 43 44 44 45 44 44 
8 8 7 7 7 8 8 7 6 6 6 5 5 6 9 11 15 17 18 18 17 17 17 16 16 15 15 15 15 16 16 16 16 16 16 16 17 16 16 16 16 17 17 16 16 15 15 15 16 16 17 16 16 16 16 16 17 17 17 17 16 17 17 17 17 18 18 19 19 19 19 20 21 22 22 21 22 22 24 25 25 25 25 26 27 27 27 27 27 26 26 27 28 28 27 27 28 29 30 30 30 32 33 33 33 33 33 32 31 35 35 32 34 34 35 37 37 36 35 34 34 36 35 33 37 31 31 31 26 29 29 30 30 29 27 25 22 20 16 14 11 9 9 6 5 4 4 3 3 3 2 2 2 2 2 2 2 2 2 2 2 3 6 11 19 26 31 31 30 31 31 34 35 34 35 35 34 32 33 35 35 36 37 37 37 37 38 37 36 36 36 37 38 41 39 38 38 37 37 38 39 39 39 38 39 39 39 44 44 43 42 41 41 41 42 42 43 45 44 42 42 43 44 41 40 45 39 37 40 37 36 40 43 41 40 40 40 40 41 42 42 43 42 42 42 43 44 44 44 44 
9 8 7 6 6 6 6 5 5 6 7 7 10 15 20 25 32 35 35 34 34 35 35 33 32 31 30 30 31 33 33 33 34 33 33 33 33 33 32 32 33 34 35 36 35 34 35 36 36 35 35 35 35 36 36 36 36 37 37 36 35 35 35 36 34 34 35 36 35 34 33 33 35 37 36 34 34 35 36 37 38 38 39 39 40 40 41 43 43 41 39 39 39 41 40 40 41 43 44 43 41 44 47 47 45 45 45 42 42 42 43 44 45 45 46 47 48 47 45 45 46 47 48 46 45 45 46 47 47 47 47 48 48 47 46 45 44 43 40 37 33 30 27 23 21 19 18 17 16 15 13 12 10 8 7 6 5 4 4 4 5 5 5 6 9 14 24 34 37 37 37 38 39 39 39 39 38 38 38 39 40 41 41 41 40 40 40 39 39 39 38 38 38 36 31 29 29 29 31 35 36 37 38 38 39 39 40 44 44 42 42 41 42 43 44 45 46 45 44 44 45 45 45 45 45 45 44 43 43 43 43 43 44 44 45 45 47 47 48 48 48 49 49 49 48 48 48 49 49 50 
32 29 27 26 26 26 26 27 27 27 28 28 30 37 41 44 45 42 39 39 41 44 44 43 42 41 41 41 42 42 44 45 46 46 46 45 43 43 43 43 44 45 45 47 45 44 45 46 46 46 46 46 46 47 47 47 48 47 47 46 45 45 45 45 44 44 45 46 46 45 44 43 43 45 44 42 41 42 42 43 42 42 42 42 42 42 43 44 44 42 41 42 42 43 42 41 43 44 44 43 40 42 43 44 44 43 42 39 39 40 41 42 42 41 41 41 41 39 37 35 36 37 38 37 37 38 39 40 40 40 39 39 39 38 38 38 38 39 39 38 37 36 35 36 34 33 33 34 34 33 32 30 27 23 21 19 18 19 19 21 22 22 21 23 24 24 25 31 35 36 33 35 37 37 36 36 36 35 36 38 38 38 39 39 39 39 39 40 40 39 39 40 40 37 34 33 33 33 33 37 40 41 42 43 45 46 46 45 45 46 46 46 46 45 45 45 47 47 46 46 47 49 50 50 50 49 49 48 47 46 47 47 47 47 48 47 46 47 47 47 48 48 49 52 52 51 49 49 49 49 
49 46 43 42 43 43 42 46 43 41 41 41 43 45 47 48 46 41 38 39 42 46 48 48 47 47 47 48 47 47 48 50 51 51 50 49 48 48 49 50 50 50 50 48 46 45 46 47 47 46 44 44 44 45 45 45 46 45 44 43 43 42 42 43 44 45 45 45 45 45 45 44 44 45 45 44 44 43 43 42 41 41 41 40 40 38 36 36 35 33 32 34 35 37 36 36 37 38 39 38 37 36 36 38 39 38 36 34 34 36 37 38 37 36 36 37 37 37 35 35 36 37 37 36 36 35 36 36 37 37 36 34 34 34 35 36 36 36 35 34 33 32 31 32 31 31 33 35 37 36 35 35 34 34 34 34 35 33 33 33 33 31 31 32 36 35 32 35 39 40 37 35 35 35 35 34 34 34 35 37 36 36 36 37 38 39 38 38 39 39 40 40 40 42 39 39 38 35 33 35 36 37 39 41 43 45 46 44 43 44 44 43 43 42 42 44 45 45 45 46 47 49 50 50 50 50 49 49 47 46 46 46 46 47 47 46 44 45 45 45 45 45 47 49 49 49 48 48 49 50 
46 43 41 41 42 42 41 41 40 39 40 42 44 45 44 44 45 43 42 43 44 44 43 44 44 44 44 44 44 44 45 46 46 45 44 43 44 45 45 46 46 45 45 45 43 42 42 43 43 41 41 41 41 42 42 42 43 43 42 41 41 40 41 41 40 39 39 39 39 39 39 39 40 40 42 42 43 42 41 40 40 40 41 40 41 41 42 40 37 32 29 28 30 33 32 32 34 37 38 37 37 35 34 36 38 36 34 35 37 39 40 40 39 37 36 37 38 39 38 39 41 41 40 40 39 38 38 37 37 37 36 35 34 35 35 36 37 37 37 37 37 37 37 36 34 34 36 37 38 37 35 35 36 37 38 39 40 39 39 36 33 31 32 34 32 31 31 33 38 41 41 37 34 34 34 33 33 33 33 34 33 32 33 34 35 36 36 36 37 37 38 38 38 37 36 38 39 37 35 36 29 30 32 34 36 37 38 39 38 36 35 34 34 34 36 38 39 39 39 40 42 42 42 43 43 42 41 41 40 40 40 40 40 40 40 41 41 42 42 42 42 43 43 42 42 42 42 43 44 45 
43 41 41 41 42 42 41 45 45 43 41 41 42 39 39 41 42 44 44 42 41 40 39 40 40 41 40 40 41 43 43 42 41 40 39 39 39 40 40 40 40 41 41 42 40 39 39 40 39 39 39 39 39 40 40 40 41 42 41 40 40 40 40 40 41 41 40 40 40 40 41 41 41 41 42 45 45 44 42 41 41 41 42 42 42 43 44 43 41 38 35 35 36 39 38 38 41 43 45 45 39 37 36 37 38 37 36 36 37 38 39 38 37 37 35 36 37 36 35 35 36 36 35 35 37 37 37 36 37 38 37 36 36 37 37 38 38 38 38 38 39 39 40 41 39 38 38 39 38 37 40 39 38 38 38 39 39 39 39 37 32 32 34 36 39 41 41 39 36 36 37 37 37 37 36 36 35 35 35 35 34 34 34 35 36 36 34 35 35 35 35 35 36 37 36 38 40 38 36 38 32 32 33 35 36 37 37 37 34 31 30 29 29 30 31 32 33 33 33 33 34 35 34 35 35 35 34 33 34 35 35 35 35 35 35 35 34 35 35 35 36 36 36 38 37 37 36 37 37 38 
40 38 38 39 39 39 38 35 38 40 38 40 42 40 42 41 41 40 41 41 41 42 42 43 44 44 43 42 43 45 44 42 41 42 42 43 42 41 41 41 42 43 44 44 42 41 41 41 40 40 39 39 39 39 40 40 40 42 41 40 40 40 40 40 45 46 45 44 44 45 46 47 46 45 46 48 48 46 44 42 43 42 42 42 42 40 37 39 40 40 41 42 43 47 45 45 46 48 49 49 49 49 49 47 47 47 48 46 46 46 46 46 46 46 46 47 47 46 44 43 43 43 43 44 45 47 46 46 46 47 48 50 50 51 51 50 50 48 45 43 42 42 43 46 44 42 42 42 42 41 37 37 37 37 37 39 39 41 44 43 39 38 40 40 35 35 35 35 34 35 37 38 39 38 38 38 37 37 37 37 37 38 38 38 38 37 34 34 34 34 34 34 34 33 32 33 33 31 29 30 31 31 31 32 32 32 32 34 34 33 32 32 32 33 32 33 34 33 32 33 34 35 35 36 36 35 35 34 35 36 35 35 35 35 34 35 39 39 39 39 40 40 40 44 44 43 44 45 45 46 
48 47 47 48 49 49 48 49 54 54 50 49 50 48 52 51 47 46 47 51 54 52 50 51 51 51 50 48 48 49 44 41 41 42 45 46 46 44 43 44 48 49 51 52 50 49 48 48 47 46 46 46 46 47 47 48 48 49 48 47 47 47 47 48 47 46 45 44 45 45 46 48 49 47 47 47 47 44 44 48 47 46 45 43 43 43 43 45 46 44 42 41 42 48 47 46 46 46 46 45 45 46 47 44 42 43 46 49 49 48 48 48 49 49 49 49 49 48 46 45 46 47 48 48 49 48 47 45 43 42 43 45 47 47 46 45 44 42 41 41 40 41 41 40 39 38 39 40 40 39 37 37 37 36 36 36 36 36 40 41 37 35 34 31 33 34 33 32 33 34 36 35 35 34 34 33 33 33 33 33 35 35 36 36 35 34 35 35 34 33 33 33 33 33 33 35 37 37 37 39 38 38 37 37 37 36 36 35 36 37 39 39 39 39 38 38 39 38 37 37 38 41 42 42 42 42 41 41 39 39 39 38 37 37 36 36 36 36 37 37 38 38 38 37 37 38 40 42 44 45 
58 59 60 60 60 60 60 57 56 55 55 55 56 57 55 54 55 56 57 56 56 55 55 55 56 55 55 55 54 51 25 7 9 9 12 12 18 18 16 31 61 52 50 56 54 51 48 48 48 49 46 46 47 47 48 48 47 46 46 46 46 46 47 47 45 44 44 45 45 45 45 45 45 46 46 45 44 44 43 43 45 44 43 42 42 43 43 43 43 43 43 43 43 42 43 43 44 43 43 42 40 40 40 40 40 41 42 41 41 40 40 40 39 39 41 42 41 41 41 40 40 39 38 38 39 39 39 39 39 38 38 39 39 40 40 39 38 39 41 41 41 40 39 37 38 39 39 40 41 42 39 39 39 39 39 39 39 39 39 39 39 39 39 39 39 39 39 39 39 39 40 40 40 39 37 35 34 33 34 36 37 38 38 37 36 35 34 34 34 34 33 33 33 37 38 38 36 35 34 35 38 39 40 41 41 41 41 42 42 41 40 41 41 42 43 43 42 41 42 44 46 45 44 44 44 44 44 44 42 41 43 44 44 40 37 35 36 39 42 42 43 45 49 53 53 53 54 56 57 58 
60 60 60 60 60 61 61 59 59 58 56 55 55 55 59 60 59 58 57 57 57 55 54 54 54 54 54 54 52 46 19 2 2 1 2 1 2 2 2 14 46 47 48 53 52 51 50 50 49 49 53 51 51 50 49 49 49 49 49 49 49 48 48 47 48 49 48 48 48 48 48 48 48 49 49 48 48 47 46 47 48 47 45 44 44 45 43 43 43 43 43 43 43 40 41 41 42 41 41 40 39 38 38 38 39 39 40 41 41 40 40 40 39 39 38 38 38 38 38 38 37 38 38 39 39 40 41 41 41 39 40 41 41 42 42 43 43 44 45 45 44 43 42 42 42 42 42 42 42 42 42 42 42 42 42 42 42 43 43 43 43 43 43 43 43 42 40 39 38 38 38 39 40 41 40 39 37 36 36 36 37 39 39 40 39 40 42 42 42 41 41 41 40 40 41 41 39 38 38 38 37 37 39 40 40 40 40 38 37 36 36 36 37 37 38 37 36 35 35 36 36 37 37 37 38 38 38 38 39 40 40 39 39 38 37 36 34 34 34 37 38 38 38 43 43 44 45 47 49 50 
65 65 64 63 62 62 62 63 63 62 60 59 59 59 59 59 58 57 56 55 55 55 55 55 55 55 55 55 56 51 21 2 1 1 2 2 2 2 2 14 49 53 54 55 54 54 53 51 48 47 51 49 48 47 48 49 50 46 47 48 50 50 49 48 47 47 47 46 45 44 44 43 44 44 44 44 43 42 42 44 45 44 43 41 42 42 41 41 41 41 41 41 41 42 42 43 43 43 42 42 43 43 43 43 43 44 45 43 43 43 43 42 42 42 41 41 42 42 43 43 43 43 43 44 44 45 46 46 46 47 47 47 47 47 47 47 47 47 48 48 49 48 48 48 48 47 47 47 47 46 48 48 47 47 47 47 47 47 47 47 47 47 47 47 47 46 45 43 41 40 40 40 41 42 42 42 40 39 38 37 37 38 39 40 40 40 41 41 41 41 41 41 40 40 41 41 39 38 38 39 37 38 39 40 40 40 40 39 39 38 38 38 38 39 39 38 38 38 37 37 36 35 35 35 36 37 37 37 39 39 37 34 33 32 33 34 34 33 33 36 39 38 37 42 41 39 38 38 38 38 
62 62 62 61 58 55 52 49 48 47 47 46 47 47 48 50 52 54 55 54 53 53 53 53 53 52 52 53 53 49 20 2 1 1 2 2 2 2 1 13 45 47 47 47 48 48 46 42 39 37 36 35 33 34 35 37 39 41 43 46 49 50 50 49 48 47 46 45 44 43 43 44 45 45 46 45 44 43 43 42 43 43 43 42 43 44 43 43 43 43 43 43 44 45 46 46 46 46 46 45 46 45 45 45 46 47 47 47 47 47 46 46 45 45 45 46 46 47 47 48 48 48 47 47 47 47 47 46 47 48 47 47 46 46 45 46 47 47 47 48 49 49 49 48 48 48 48 48 48 48 48 48 48 48 47 47 47 47 47 47 47 47 47 47 47 46 45 43 43 42 42 42 42 43 44 44 43 43 42 42 42 42 42 42 42 42 42 42 42 42 42 42 42 41 42 42 41 40 41 41 42 42 43 44 45 45 45 44 43 42 42 42 43 43 42 41 42 42 42 42 41 42 42 43 44 45 46 46 47 47 45 43 41 39 38 39 39 39 39 40 41 42 43 43 42 41 41 41 42 42 
