DOWN
9 9 11 14 13 11 10 10 9 9 10 13 15 15 14 13 12 11 10 9 9 8 8 10 10 9 9 9 9 9 9 9 9 9 9 9 7 7 7 7 8 8 9 8 10 13 15 12 8 7 8 7 8 8 8 7 7 6 6 5 5 5 4 4 4 5 5 5 5 5 5 5 5 5 5 5 5 5 5 5 5 6 5 5 5 6 8 8 7 7 6 6 6 6 8 7 5 7 9 7 7 6 6 7 6 6 7 7 7 7 6 6 7 8 8 6 6 6 7 7 8 9 6 5 8 9 7 6 7 7 7 7 8 8 8 7 7 7 8 7 7 7 7 8 8 8 8 8 7 7 7 7 7 7 7 7 7 7 7 7 7 7 6 6 6 6 7 7 6 6 7 7 7 7 7 7 7 7 7 7 7 7 6 6 6 6 6 6 6 7 7 7 6 6 6 6 6 6 6 6 7 7 7 6 6 7 7 7 7 7 7 7 6 6 6 6 6 6 6 6 6 6 6 6 6 6 6 6 6 6 6 6 6 6 6 6 6 6 6 6 6 6 6 6 6 6 6 6 6 6 
13 12 12 14 15 15 16 13 12 11 13 15 17 17 14 13 12 11 11 12 13 12 10 9 8 7 7 9 10 10 11 12 12 10 9 9 10 11 12 12 12 10 10 9 9 11 12 9 7 6 5 5 5 6 6 5 6 6 6 6 5 5 4 4 4 4 4 4 4 4 4 4 4 4 4 4 4 4 5 6 6 6 6 5 5 6 6 6 6 7 8 7 6 6 6 5 4 5 6 4 6 6 7 7 6 6 7 6 7 7 7 6 6 7 7 6 6 8 8 7 8 8 7 7 9 8 6 6 8 7 7 7 7 7 7 7 8 9 9 9 9 9 9 8 8 8 8 8 8 8 8 8 8 7 7 7 7 7 7 7 7 6 6 6 6 6 7 7 6 6 7 7 6 6 6 7 7 7 7 7 7 7 6 6 6 6 6 7 7 7 7 7 6 6 6 6 6 6 7 7 7 7 7 7 7 7 7 8 8 8 8 8 7 7 7 7 7 7 7 7 7 7 7 7 7 7 6 6 6 6 6 6 6 6 6 6 6 6 6 6 6 6 6 6 6 6 6 6 6 6 
9 7 7 8 8 9 10 9 8 7 8 8 9 9 9 8 8 8 9 11 12 11 9 7 5 5 6 7 7 6 6 8 8 6 6 6 7 8 10 11 10 9 8 8 6 6 6 5 4 5 6 6 5 6 5 4 5 4 5 5 5 5 5 4 4 4 4 3 4 4 5 5 4 4 4 5 5 5 5 6 6 6 6 6 6 7 7 7 7 8 8 8 8 8 8 7 7 7 6 5 6 5 6 6 5 5 6 6 6 7 7 7 7 6 5 6 7 7 7 7 6 7 7 8 8 7 6 6 7 7 7 7 7 7 7 7 8 7 7 8 8 8 8 7 7 7 7 7 7 7 8 8 8 8 7 7 7 7 7 7 7 7 6 6 6 6 7 7 6 6 7 7 7 7 7 7 7 7 7 7 7 7 7 7 7 7 7 7 7 7 7 6 6 6 6 7 7 7 7 7 7 8 8 8 8 8 8 9 9 9 9 8 8 8 8 8 8 7 7 7 7 7 7 7 7 6 6 6 6 6 6 6 6 6 6 6 6 6 6 6 6 6 6 6 6 6 6 6 6 5 
9 8 9 9 8 7 6 6 6 5 5 5 5 5 5 5 5 5 6 6 6 6 5 4 4 5 5 4 4 4 4 5 5 4 4 4 3 4 5 6 6 7 7 6 5 5 5 5 6 7 7 7 8 9 9 9 9 11 13 15 16 17 16 15 14 12 9 6 4 4 4 4 4 5 5 5 5 5 5 5 6 6 6 7 8 8 7 8 8 7 7 7 8 9 7 7 7 7 6 5 6 5 5 6 6 6 6 6 6 5 5 6 7 7 7 8 8 7 7 8 8 7 8 9 7 7 7 7 7 7 7 7 7 7 7 7 8 7 6 8 9 8 7 7 7 7 7 7 7 7 7 7 8 8 8 8 8 8 8 8 8 7 7 7 6 6 7 7 6 6 7 7 7 7 7 7 7 8 8 8 8 8 8 8 7 7 8 8 8 7 7 6 6 6 7 7 7 7 7 8 8 8 9 9 9 9 9 9 9 9 9 9 8 8 8 8 8 7 7 7 6 6 6 6 6 6 6 7 6 6 6 6 6 6 6 6 5 6 6 6 6 6 6 6 6 6 6 5 5 5 
8 7 7 7 8 7 7 7 7 7 7 6 6 5 6 7 7 7 7 7 7 8 9 9 10 10 11 10 11 12 13 14 15 15 15 15 15 16 18 20 22 24 24 23 24 26 28 31 33 34 38 41 46 51 55 58 60 62 64 67 66 62 56 52 43 32 20 11 6 5 4 5 5 5 5 5 5 5 5 5 6 7 7 7 7 7 7 7 8 7 7 6 6 6 6 6 5 5 6 6 5 5 5 5 5 6 6 6 6 6 7 7 7 7 7 7 7 7 7 7 7 8 8 8 8 8 7 7 7 8 8 8 7 7 7 7 8 8 8 8 8 8 8 8 8 8 8 7 7 7 8 8 8 7 7 7 7 8 8 8 8 7 7 7 7 7 7 7 7 7 7 7 7 7 7 7 7 7 7 8 8 8 8 8 8 7 8 8 8 8 8 7 7 7 7 7 7 7 8 8 9 9 10 10 9 8 8 8 8 8 8 9 9 9 8 8 8 8 8 7 6 6 6 6 6 6 6 6 6 6 7 7 6 6 6 6 6 6 6 6 6 7 7 6 6 6 6 6 6 6 
21 20 21 22 23 24 23 23 22 22 22 23 24 25 27 28 28 29 29 29 29 31 33 34 35 36 36 36 36 37 37 37 36 35 34 32 29 29 29 30 30 30 30 30 31 31 31 32 32 32 30 30 29 28 27 27 27 26 25 25 24 21 18 16 14 12 9 7 6 5 6 5 5 5 5 5 5 5 5 6 6 7 7 7 7 7 7 8 8 8 7 7 7 6 6 6 5 5 5 5 5 5 5 5 6 6 6 6 6 6 6 6 6 6 7 7 7 7 7 7 7 7 7 7 8 7 7 7 7 8 8 7 7 7 8 8 8 8 8 8 8 8 8 8 8 8 8 7 7 7 8 8 8 7 7 7 7 7 8 8 8 8 8 7 8 8 8 8 8 8 8 8 8 8 8 8 7 7 7 8 8 8 8 8 8 8 8 8 8 8 7 7 7 7 7 7 7 7 7 8 9 9 9 9 9 8 8 8 8 8 8 8 8 8 9 9 9 9 8 7 6 6 6 7 7 7 7 7 7 7 7 7 7 7 7 6 6 6 6 6 6 6 6 6 6 6 6 6 6 6 
34 33 33 33 33 33 31 30 30 29 29 30 31 32 36 37 35 32 30 27 26 22 20 19 18 17 16 15 14 12 12 11 10 9 9 8 9 9 8 8 7 7 7 6 6 6 6 6 6 5 6 6 5 5 5 5 5 5 6 6 7 7 7 7 7 7 7 7 6 6 6 6 6 6 6 6 6 6 6 5 6 6 6 6 6 6 6 7 7 7 7 7 7 6 6 6 6 6 6 6 5 5 5 6 6 6 6 5 6 6 6 6 6 6 6 6 7 7 7 7 7 7 7 7 7 7 7 7 7 7 7 7 7 7 8 8 8 8 8 8 8 8 8 8 8 8 7 7 7 7 8 8 8 7 7 7 7 7 8 8 8 8 8 8 8 8 8 8 8 8 8 8 8 8 8 8 8 8 8 8 8 7 7 8 8 8 8 8 8 8 8 7 7 7 7 7 7 7 8 8 9 9 9 9 9 8 8 8 8 8 8 8 8 8 8 9 9 9 8 8 7 7 7 7 7 7 7 7 7 7 7 7 7 7 7 7 6 6 6 6 6 6 6 6 6 6 6 6 5 5 
10 9 8 8 8 8 7 7 7 7 6 6 6 6 6 6 6 7 7 7 7 7 6 6 6 5 5 5 5 5 5 5 5 5 5 5 5 6 5 5 6 5 6 6 6 6 6 6 6 6 5 5 5 5 6 6 6 6 6 6 6 6 7 7 7 6 7 7 7 7 7 7 7 7 7 7 7 7 6 6 6 6 6 6 6 6 7 7 7 7 6 6 6 6 6 6 6 6 6 6 5 5 5 5 5 5 6 5 5 6 6 6 6 6 6 7 7 7 7 6 6 7 7 7 7 7 7 7 7 7 7 7 7 7 7 8 8 8 8 8 8 8 8 7 7 7 7 7 7 7 8 8 8 7 7 7 7 7 7 8 8 8 8 8 8 8 8 8 8 8 8 8 9 9 9 8 8 8 8 8 8 7 7 7 8 8 8 8 8 8 8 8 8 7 7 7 8 8 8 9 9 9 9 9 9 8 8 8 8 8 8 8 8 8 8 8 8 8 8 7 7 7 7 7 7 7 7 7 7 7 7 7 7 7 7 6 6 6 6 6 6 6 6 6 6 6 5 5 5 5 
5 5 5 5 5 5 5 5 5 6 6 5 5 4 5 5 5 5 5 5 5 5 6 6 6 6 6 6 6 6 6 6 6 6 7 6 6 6 6 6 6 6 6 5 5 5 5 5 5 5 5 5 6 6 6 5 5 6 6 6 6 5 5 5 6 6 5 5 5 5 6 6 5 5 5 5 5 5 5 5 5 4 4 4 4 4 4 5 5 5 5 5 5 6 6 6 6 6 5 5 6 6 6 5 5 5 5 5 6 6 6 6 6 6 6 7 6 6 6 6 6 6 6 6 7 7 7 6 7 7 7 6 6 7 7 7 7 7 7 8 8 8 8 7 7 7 7 7 7 7 8 8 8 7 7 7 7 7 8 8 8 8 8 8 8 8 8 8 8 8 8 8 8 8 8 8 8 8 8 8 7 7 7 7 8 8 8 8 9 8 8 8 8 8 8 8 8 8 9 9 9 9 9 8 8 8 8 8 8 8 8 8 8 8 8 8 8 7 7 7 7 6 7 7 7 7 6 6 6 6 7 7 7 6 6 6 6 6 6 6 6 6 6 6 6 6 6 5 5 5 
6 6 5 6 6 5 5 4 5 5 5 5 5 4 4 4 5 5 5 6 6 6 6 5 5 5 5 5 5 5 5 5 5 5 5 5 5 5 5 5 5 5 5 6 6 6 6 5 5 5 5 5 5 5 5 4 4 4 4 4 4 4 4 4 4 4 4 3 3 2 2 2 2 2 2 2 2 2 2 2 2 2 2 2 2 2 1 1 2 2 2 3 4 4 5 5 6 6 6 5 6 6 6 6 5 5 5 5 6 6 6 6 6 6 6 6 6 6 6 6 6 6 6 6 6 6 6 6 7 7 7 6 6 6 7 7 7 7 7 7 7 7 7 7 7 7 7 7 7 7 8 8 8 7 7 7 7 7 8 8 8 8 7 7 8 8 8 8 8 8 8 8 8 8 8 8 7 7 7 7 7 8 8 7 7 7 8 8 8 8 8 7 7 7 7 7 7 8 8 9 9 9 8 8 8 8 8 8 8 8 8 8 7 7 8 8 7 7 7 7 7 7 7 7 7 7 6 6 6 6 6 6 6 6 6 6 6 6 6 6 6 6 6 6 6 6 6 6 6 6 
4 4 4 4 5 5 5 5 4 4 4 4 4 4 4 4 4 4 4 4 4 4 4 3 4 4 4 5 5 4 5 5 5 5 5 5 5 5 5 5 5 5 5 4 5 5 5 5 5 5 5 5 4 3 2 2 2 1 1 2 2 1 1 1 1 1 1 1 1 1 1 1 1 1 1 1 1 1 1 1 1 1 1 1 1 1 1 1 1 1 1 1 1 1 2 2 3 4 4 4 5 5 5 5 5 5 5 6 6 6 6 6 6 6 6 6 6 6 6 6 6 6 6 6 6 6 6 6 7 7 7 6 6 6 6 6 7 7 7 7 7 7 7 7 7 7 7 7 7 7 8 8 7 7 7 7 7 8 8 7 7 7 7 7 7 7 7 7 7 7 7 7 7 7 7 7 7 7 7 7 8 8 8 8 7 7 7 7 7 7 7 7 7 6 6 6 7 7 8 8 9 9 8 8 8 8 8 8 7 7 7 7 7 7 7 8 7 7 7 7 7 7 7 7 7 7 6 6 6 6 6 7 6 6 6 6 5 6 6 6 6 6 6 6 6 6 6 6 6 6 
4 5 5 5 5 5 6 5 5 4 4 4 4 4 4 4 4 4 4 4 4 4 4 4 4 4 4 4 4 5 5 5 5 5 5 5 4 5 5 5 5 5 5 5 5 5 5 5 5 4 5 5 4 4 3 3 2 2 2 1 1 1 1 1 1 1 1 1 1 1 1 1 1 1 1 0 0 1 1 1 1 1 1 1 1 1 1 1 1 1 1 1 1 1 1 1 1 1 1 2 2 2 3 3 4 5 5 5 5 6 6 6 6 6 5 5 5 5 5 5 5 5 5 5 5 5 5 5 6 6 6 6 6 6 6 6 6 6 6 6 6 6 6 7 7 7 7 7 7 7 7 7 7 7 7 6 6 7 7 6 7 7 7 7 7 8 7 6 7 8 8 8 8 7 7 6 6 6 6 7 8 7 7 8 8 7 8 8 8 8 8 8 7 7 7 7 7 7 8 8 8 8 8 8 7 7 7 7 7 7 7 7 7 7 6 6 6 6 6 6 6 7 7 7 7 6 6 6 6 6 6 7 7 6 6 6 6 6 6 6 6 6 6 6 6 6 6 6 6 6 
5 5 5 5 5 6 6 5 5 5 4 4 4 5 5 4 4 4 4 4 4 4 4 4 4 4 4 4 4 5 5 5 5 5 5 5 4 5 5 5 5 5 5 5 5 5 5 5 5 5 5 5 5 5 5 5 4 5 4 3 2 2 2 1 1 1 1 1 1 1 1 1 1 1 1 1 0 1 1 1 1 1 1 1 1 1 1 1 1 1 1 1 1 1 1 1 0 0 1 1 1 1 1 1 2 2 2 3 3 3 4 5 5 5 5 5 5 5 4 4 4 5 5 6 6 6 6 6 6 5 5 5 6 6 6 6 5 6 6 6 6 6 7 6 6 6 7 7 7 6 7 7 7 6 6 6 6 7 7 7 7 7 6 6 6 7 7 6 7 8 7 7 7 7 7 6 6 6 6 7 7 7 7 8 8 7 7 7 7 7 7 7 7 7 7 7 7 7 8 8 8 8 8 7 7 7 7 7 7 7 7 7 7 7 6 6 6 6 6 6 6 7 7 7 7 7 7 6 6 7 7 7 7 6 6 6 6 6 6 6 6 6 6 6 6 6 6 6 6 6 
5 5 5 5 5 6 6 5 5 5 5 4 5 5 5 5 5 5 5 5 5 4 4 4 4 4 4 5 5 5 5 5 5 5 5 5 5 5 5 5 5 5 5 6 6 5 5 5 5 5 5 5 5 5 6 6 6 6 6 5 4 4 3 3 3 2 2 1 1 1 1 1 1 1 1 1 1 1 1 1 0 1 1 1 1 1 1 1 1 1 1 1 1 1 1 1 1 1 1 1 1 1 1 1 1 1 1 1 1 2 2 2 3 3 4 4 4 5 5 5 5 5 5 5 6 6 6 5 5 5 5 5 6 6 6 6 6 6 6 6 6 6 7 6 6 6 6 6 6 6 6 6 6 6 6 6 6 6 6 7 7 6 6 6 6 6 7 6 7 7 7 7 7 7 8 7 7 7 7 7 7 6 7 8 8 7 7 7 7 7 7 7 7 7 7 7 7 7 7 7 7 7 7 7 7 7 7 7 7 7 7 7 7 7 6 6 6 6 6 6 6 7 7 7 8 8 8 8 7 7 7 7 7 6 6 6 5 5 5 5 5 5 5 5 5 5 5 5 5 5 
5 5 5 6 6 6 6 5 5 5 4 4 4 4 5 5 5 5 5 5 5 5 5 5 5 5 5 5 5 5 5 5 5 5 5 5 5 5 5 5 5 6 6 6 5 5 5 5 5 5 4 5 5 5 5 5 5 5 5 5 5 5 5 5 4 4 4 3 2 2 2 1 1 1 1 1 1 1 1 1 1 1 1 1 1 1 1 1 1 1 1 1 1 1 1 1 0 0 0 1 0 0 1 1 1 1 1 1 1 1 1 1 1 1 1 2 2 2 3 3 4 4 4 5 6 6 6 5 5 5 5 5 5 6 6 6 6 6 6 6 6 6 6 6 6 6 6 6 6 6 6 6 6 6 6 6 6 6 6 7 7 6 6 6 7 7 7 6 6 6 6 6 6 6 6 5 6 6 7 7 7 6 7 8 8 7 7 7 7 7 7 7 7 7 7 7 7 7 7 7 7 7 7 7 7 7 7 7 7 7 7 7 7 7 7 7 7 7 7 7 7 7 7 8 8 8 8 8 8 8 8 7 7 6 6 6 5 5 5 5 5 5 5 6 6 6 6 6 6 6 
6 6 6 6 6 6 6 5 5 5 5 4 5 5 5 5 5 5 5 5 5 5 5 5 5 5 5 5 5 5 5 5 5 5 5 5 5 5 5 5 5 6 6 6 6 5 5 5 5 5 5 5 5 5 5 5 5 5 5 5 5 5 5 5 5 5 5 5 5 4 4 4 3 2 1 1 1 1 1 1 1 1 1 1 1 1 1 1 1 1 1 1 1 1 1 1 1 0 0 0 1 1 1 1 1 1 1 0 0 0 0 1 1 1 1 1 1 1 1 1 1 2 3 3 4 5 5 5 5 6 6 6 6 6 6 7 7 7 7 6 6 6 6 7 7 7 7 7 7 7 6 6 6 6 6 6 6 7 7 7 7 7 7 6 5 4 4 3 3 3 3 3 3 3 2 2 2 3 4 6 7 7 7 7 8 7 7 7 7 7 7 7 7 7 7 7 7 7 6 6 6 6 7 7 7 6 6 7 7 7 7 7 7 7 7 7 7 7 7 7 7 7 7 7 8 8 8 8 8 7 7 7 7 6 6 6 6 6 6 6 6 6 6 6 6 6 6 6 6 6 
6 6 6 6 6 6 6 6 6 5 5 5 5 5 5 5 5 5 5 5 5 5 5 5 5 5 5 5 5 5 5 5 5 5 5 5 5 5 5 5 6 6 6 6 6 6 6 6 6 5 6 6 6 6 6 6 6 5 6 6 6 5 5 5 5 5 5 5 6 6 6 6 5 4 4 4 3 2 2 2 2 1 1 1 1 1 1 1 1 1 1 1 1 1 1 1 1 1 0 0 1 1 1 1 1 1 1 1 0 0 0 1 1 1 1 1 1 1 1 1 1 1 1 1 1 2 2 2 3 3 4 4 5 5 6 6 7 7 6 6 6 6 6 6 6 6 6 6 6 6 6 6 6 6 6 6 7 7 6 6 7 7 6 4 2 1 1 1 1 1 1 1 1 1 1 1 1 1 2 5 7 7 6 6 7 7 7 7 7 7 7 7 7 6 7 7 7 6 6 6 5 6 6 7 7 6 6 6 6 6 7 7 7 7 7 7 7 7 7 7 7 7 7 7 7 7 7 7 7 7 7 7 7 6 6 6 5 5 5 5 5 5 5 5 5 5 5 5 5 5 
6 6 6 6 6 6 6 6 6 6 6 6 6 6 5 5 5 5 5 5 5 5 5 5 5 5 5 5 5 5 5 5 5 5 5 5 5 5 5 5 6 6 6 6 6 6 6 6 6 6 6 6 6 6 6 6 6 6 6 6 6 6 6 6 6 6 5 5 6 6 7 6 5 6 6 6 6 4 3 3 3 2 2 1 1 1 1 1 1 1 1 1 1 1 1 1 1 1 0 0 1 1 1 1 1 1 1 1 1 1 1 1 1 1 1 1 1 1 0 0 0 1 1 1 1 0 1 1 1 1 1 1 2 2 3 3 5 5 5 5 6 6 6 6 6 6 6 6 6 6 6 6 6 6 6 6 6 6 5 5 6 6 4 2 1 1 1 1 1 1 2 3 3 2 2 1 1 1 2 4 6 7 6 6 6 6 6 6 6 6 6 6 6 6 6 6 6 6 6 6 5 6 6 6 6 6 6 6 6 6 6 6 7 7 7 7 7 7 7 7 7 7 7 7 7 7 7 6 6 6 6 6 6 6 6 6 6 6 6 6 6 6 6 6 6 5 5 5 5 5 
6 6 6 6 6 6 6 6 6 6 6 5 5 5 5 5 5 5 5 5 5 5 5 5 5 5 5 5 5 5 5 5 5 5 5 5 5 5 5 6 6 6 6 6 6 6 6 6 6 6 6 6 6 6 6 6 6 6 6 6 5 5 5 6 6 6 6 6 6 6 6 6 5 5 6 6 6 6 5 5 5 4 4 4 3 3 2 2 1 1 1 1 1 1 1 1 1 1 1 1 1 1 1 1 1 1 1 1 1 1 1 1 1 1 1 1 1 1 1 1 1 1 1 1 0 0 1 1 1 1 1 1 1 1 1 1 2 2 2 3 3 4 4 5 5 6 6 7 6 6 6 6 6 6 6 5 5 5 6 5 4 3 2 2 2 1 1 2 2 5 13 20 18 10 4 1 2 1 1 3 5 7 6 7 7 6 6 6 6 6 6 6 6 6 6 6 6 6 6 6 5 5 5 6 6 6 6 6 6 6 6 6 6 6 6 6 6 7 7 7 7 7 7 7 7 7 7 6 6 6 6 6 5 5 6 6 6 6 5 5 5 5 5 5 5 5 5 5 6 6 
6 6 6 6 6 6 6 5 6 6 6 5 5 5 5 5 5 5 5 5 5 5 5 5 5 5 5 5 5 5 5 5 5 5 5 5 5 5 5 6 6 6 6 6 6 6 6 6 6 6 6 6 6 6 6 6 6 6 6 6 6 6 6 6 6 6 6 6 6 6 6 6 6 6 6 6 6 6 6 5 6 6 6 6 6 6 5 5 4 4 3 3 2 1 1 1 1 1 1 1 1 1 1 1 1 1 1 1 1 1 1 1 1 1 1 1 1 1 1 1 1 1 1 1 0 0 1 1 1 0 0 0 0 1 1 1 1 1 1 1 1 1 1 2 2 2 3 3 4 4 5 5 6 6 6 5 4 4 3 2 1 1 1 2 2 1 1 2 7 37 73 84 65 45 26 4 1 1 1 3 5 6 6 7 7 6 6 6 6 6 6 6 6 6 6 6 5 5 5 5 6 6 6 6 6 6 6 6 6 6 6 6 6 6 6 6 6 6 6 6 6 7 7 7 7 7 7 7 6 6 6 6 5 6 6 6 6 6 6 5 5 5 5 5 5 5 5 6 6 6 
6 6 6 6 6 6 6 6 6 6 6 6 5 5 5 5 5 5 5 5 5 5 5 5 5 5 5 5 5 5 5 5 5 5 5 5 5 5 5 6 6 6 6 6 6 6 6 6 6 6 6 6 6 6 6 6 6 6 6 6 6 6 6 6 6 6 7 7 7 6 6 7 7 7 6 6 6 6 6 6 6 6 6 6 7 7 7 7 7 6 6 5 5 4 3 3 2 2 2 1 1 1 1 1 1 1 1 1 1 1 1 1 1 1 1 1 1 1 1 1 1 1 1 0 0 0 0 1 1 1 1 1 1 1 1 1 1 1 1 1 1 1 1 1 1 1 1 1 1 2 2 3 4 4 3 2 2 1 1 1 1 1 2 4 2 1 2 3 31 103 132 97 64 74 73 17 1 1 1 2 3 5 6 6 6 6 5 6 6 6 6 6 5 6 6 5 5 5 5 5 6 6 6 6 6 6 6 6 6 6 6 6 6 6 6 6 6 6 6 6 6 6 6 6 7 7 7 7 7 7 6 6 6 6 6 6 6 6 6 6 6 6 6 6 6 5 5 5 6 6 
6 6 6 6 6 6 6 6 6 6 6 6 6 6 5 5 5 5 5 6 6 5 5 5 5 5 5 5 5 5 5 5 5 5 5 5 5 5 6 6 6 6 6 6 6 6 6 6 6 6 6 6 6 6 6 6 6 6 6 6 6 6 6 6 6 6 6 6 6 6 6 7 7 7 7 6 6 6 6 7 7 6 6 6 6 6 6 7 7 8 7 7 7 7 7 6 5 4 4 3 2 2 2 1 1 1 1 1 1 1 1 1 1 1 1 1 1 1 1 1 1 1 1 1 0 0 1 1 1 1 1 1 1 1 1 1 1 1 1 1 1 1 1 1 1 1 0 1 1 1 1 1 1 1 1 1 1 1 1 1 1 1 2 4 2 1 1 5 49 93 78 36 14 54 92 34 2 2 1 2 3 5 7 7 6 6 5 5 6 6 6 5 5 6 5 5 5 5 5 5 6 6 6 5 5 5 5 6 6 6 6 5 5 5 5 5 5 5 5 6 6 6 6 6 6 6 6 6 7 7 6 6 6 6 6 6 6 6 6 6 6 6 6 6 6 6 5 5 5 5 
6 6 6 6 6 5 5 6 6 6 6 6 6 5 5 5 5 5 5 5 5 5 5 5 5 5 5 5 5 5 5 5 5 5 5 5 6 6 6 6 6 6 6 6 6 6 6 6 6 6 6 6 6 6 6 6 6 6 6 6 6 7 6 6 6 6 6 6 6 6 6 7 7 7 7 6 6 6 7 7 7 7 7 7 7 7 7 7 8 8 8 7 7 8 8 8 8 8 7 6 7 6 5 4 3 2 2 2 1 1 1 1 1 1 1 1 1 1 1 1 1 1 1 1 1 1 1 1 1 1 1 1 1 0 0 0 0 0 0 0 1 1 1 1 1 1 1 1 1 1 1 1 0 0 0 0 0 1 1 1 1 1 1 1 2 1 1 6 38 41 31 19 6 50 83 39 3 2 2 2 2 3 5 5 4 4 3 3 3 3 3 3 3 3 3 3 3 3 3 3 3 3 3 3 3 3 3 3 3 3 2 2 2 2 2 2 3 4 5 6 6 6 6 6 6 6 6 6 6 6 6 6 5 5 6 6 6 6 6 6 6 6 6 6 6 6 6 6 6 6 
6 6 6 5 5 5 5 5 5 6 6 5 5 5 5 5 5 5 5 5 5 5 5 5 5 5 5 5 5 5 5 5 5 5 5 5 6 6 6 6 6 6 6 6 6 6 6 6 6 6 6 6 6 6 6 6 6 6 6 6 6 7 6 6 7 7 7 7 7 7 7 7 7 7 7 7 7 7 7 7 7 7 7 7 7 7 7 8 8 8 8 8 7 7 7 7 7 8 8 8 8 7 7 6 6 5 5 4 3 2 2 2 2 1 1 1 1 1 1 1 1 1 1 1 1 1 1 1 1 1 1 1 1 1 1 1 1 1 1 1 1 1 1 0 1 1 1 1 1 1 1 1 1 1 1 1 1 0 0 0 0 0 0 1 1 1 1 5 23 35 37 41 38 79 67 28 2 3 4 3 1 1 2 2 1 2 1 1 1 1 1 1 1 1 1 1 1 1 1 1 1 1 1 1 1 1 1 1 1 1 1 1 1 1 2 2 4 6 7 7 7 7 7 7 7 7 7 6 6 6 6 6 6 6 6 6 6 6 6 6 6 6 6 6 6 6 6 6 6 6 
5 5 6 5 5 5 5 5 5 5 5 5 5 5 5 5 5 5 5 5 5 5 5 5 5 5 5 5 5 6 5 5 5 5 5 5 5 5 5 6 5 6 5 6 6 6 6 6 6 6 6 6 6 6 6 6 6 6 6 6 6 6 6 6 6 7 7 7 7 7 7 7 7 7 7 7 8 8 7 7 7 7 7 7 7 7 7 7 7 7 7 7 7 7 6 6 6 6 6 7 6 6 6 6 6 6 6 6 5 4 3 3 2 1 1 1 1 1 1 1 1 1 1 1 1 1 1 1 1 1 1 1 1 1 1 1 1 1 1 1 1 1 1 0 1 1 1 1 1 1 1 1 1 1 1 1 1 0 0 1 1 0 0 1 1 1 1 3 15 40 47 49 52 75 47 14 1 4 5 3 1 1 1 1 1 1 1 1 1 1 1 1 0 1 1 0 0 0 0 1 1 1 1 1 1 1 1 2 2 2 2 2 3 3 4 5 6 7 8 8 7 7 7 7 7 7 7 6 7 7 7 7 6 6 7 6 6 6 6 6 6 6 6 7 6 6 6 6 6 6 
5 5 5 5 6 6 6 6 6 5 5 5 5 5 5 5 5 5 5 5 5 5 5 5 5 5 5 5 5 6 5 5 5 5 5 5 5 5 6 6 6 5 5 6 6 6 6 6 6 6 6 6 5 5 6 6 6 6 6 6 6 6 6 6 6 6 6 6 6 6 6 7 7 7 7 7 6 6 6 6 6 6 6 6 6 6 6 5 5 5 5 6 6 6 5 5 5 4 4 4 4 4 4 4 4 4 4 3 3 2 2 1 1 1 1 1 1 1 1 1 1 1 1 1 1 1 1 1 1 1 1 1 1 1 1 1 1 1 1 1 1 1 1 1 1 1 1 1 1 1 1 1 1 1 1 1 1 0 0 1 1 1 1 1 1 1 1 1 4 17 29 33 35 30 20 3 6 13 7 3 1 1 1 1 1 1 1 2 1 1 1 1 0 0 1 0 0 1 0 1 1 1 1 1 2 3 4 4 4 4 4 5 6 6 6 6 6 7 7 7 8 8 7 7 7 7 6 6 7 8 7 7 7 7 7 7 7 7 6 6 7 7 7 8 7 6 6 7 7 7 
3 4 4 4 4 5 5 5 5 4 4 4 4 4 4 4 5 5 5 5 5 6 6 5 5 5 5 5 6 6 5 5 5 6 5 5 6 6 6 6 6 5 5 5 5 5 5 5 5 5 5 5 5 5 5 5 5 5 5 5 5 5 5 5 5 5 5 5 5 5 5 5 5 5 5 4 4 4 4 3 3 3 3 3 3 3 3 3 3 2 2 3 3 3 2 2 2 2 2 2 2 2 2 1 1 1 1 1 1 1 1 1 1 1 1 1 1 1 1 1 1 1 1 1 1 1 1 1 1 1 1 1 1 1 1 1 1 1 1 1 1 1 1 1 1 1 1 1 1 1 1 1 1 1 1 1 1 1 1 1 1 1 1 1 1 1 2 2 1 2 5 13 16 6 1 2 11 17 7 2 1 1 1 1 1 1 2 3 3 2 2 1 1 0 1 0 1 1 0 1 0 1 1 1 2 5 7 8 8 7 7 7 7 8 7 7 7 8 8 9 9 9 8 8 9 8 8 8 8 9 8 8 9 9 9 9 9 9 9 9 9 9 9 10 10 9 9 9 9 8 
2 2 2 2 2 2 2 2 2 2 2 2 2 2 3 3 3 3 3 3 3 4 4 3 3 3 4 4 5 5 4 4 4 5 4 4 4 4 4 4 4 4 3 3 3 3 3 3 3 3 3 3 3 3 3 3 3 3 3 3 3 2 2 2 2 2 2 2 2 2 2 2 2 2 2 2 2 1 1 1 1 1 1 1 1 1 1 1 1 1 1 1 1 1 1 1 1 1 1 1 1 1 1 1 1 1 1 1 1 1 1 1 1 1 1 1 1 1 1 1 1 1 1 1 1 1 1 1 1 1 1 1 1 1 1 1 1 1 1 2 2 2 2 1 1 1 1 1 1 1 1 1 1 1 1 1 1 1 1 1 1 1 1 1 2 1 1 2 1 1 2 2 2 1 3 13 16 9 3 1 1 1 1 0 1 1 1 2 2 2 2 1 1 1 1 0 1 1 0 0 1 1 1 1 2 6 9 9 10 10 10 10 10 10 10 10 10 10 9 9 9 9 10 10 11 11 10 10 10 10 10 9 10 10 10 9 9 10 10 10 10 10 10 12 11 10 10 10 9 9 
1 1 1 1 1 1 1 1 1 1 1 1 1 1 1 1 1 1 1 1 1 1 2 3 3 2 2 2 2 2 2 2 2 2 2 2 2 2 2 2 1 1 1 1 1 1 1 1 1 1 1 1 1 1 1 1 1 1 1 1 1 1 1 1 1 1 1 1 1 2 2 1 2 2 2 2 2 2 2 2 2 2 2 2 2 2 2 2 2 2 3 3 3 3 3 3 3 3 4 4 3 3 3 3 3 3 3 3 2 2 2 2 2 2 2 2 2 2 2 2 3 3 4 4 3 3 3 3 4 4 3 3 3 3 4 4 4 4 4 5 5 5 6 4 4 4 4 4 3 3 3 2 2 2 1 1 1 1 1 2 1 1 1 1 1 1 1 1 1 1 1 2 2 3 3 4 3 2 1 1 1 1 1 0 1 1 0 1 1 1 1 1 1 1 0 1 1 1 0 1 1 1 1 1 3 7 10 9 10 11 12 12 12 11 13 13 13 11 10 9 9 10 11 11 12 12 11 11 10 10 9 9 10 10 10 10 11 11 12 12 12 11 11 9 9 10 13 16 19 21 
4 3 3 3 3 3 2 2 2 2 2 2 2 2 2 2 1 1 1 1 1 1 2 4 4 2 1 1 1 1 1 1 1 1 1 1 1 1 1 1 1 1 1 1 1 1 1 1 1 1 1 1 2 2 2 3 3 3 3 3 3 4 4 4 4 4 4 4 4 4 4 5 5 5 6 6 6 6 6 6 6 6 6 6 6 5 5 6 6 6 7 7 7 7 7 7 7 7 7 7 7 7 7 7 7 6 6 6 6 7 7 6 6 6 5 5 5 6 6 6 7 7 7 7 7 7 7 7 7 7 6 6 6 6 7 7 7 7 7 7 8 8 8 8 8 8 8 8 8 7 7 7 7 7 7 8 8 6 7 8 6 4 3 2 2 2 1 2 3 3 3 3 2 3 2 3 4 1 1 0 1 1 1 1 1 1 1 0 0 1 0 1 1 0 0 2 3 1 1 1 0 1 0 1 4 10 12 11 12 12 13 13 12 12 13 13 13 12 11 11 11 10 10 11 11 11 11 10 10 9 8 9 10 11 11 11 11 11 11 11 11 11 11 9 9 11 14 20 26 29 
5 5 5 5 5 5 4 4 4 4 4 4 4 4 4 4 3 3 2 2 1 1 2 3 3 2 1 1 1 1 1 1 1 1 1 1 1 1 1 1 1 1 1 1 1 1 1 1 1 1 1 2 2 3 4 5 5 6 6 6 6 6 6 6 6 6 6 6 7 7 7 7 7 8 8 8 8 8 8 8 8 8 8 8 8 8 7 7 8 8 8 8 8 8 8 8 8 7 8 8 8 8 8 8 8 8 8 6 6 7 7 8 8 7 7 7 8 9 9 9 9 9 10 10 10 9 9 9 8 8 9 10 10 10 9 8 8 8 8 9 9 9 9 10 10 9 10 10 11 11 12 12 12 13 14 14 15 13 14 14 12 11 8 4 2 2 1 2 3 3 12 17 6 3 2 1 1 1 1 0 1 1 1 1 1 1 1 1 1 1 1 1 1 0 1 6 7 2 1 1 0 1 0 1 6 12 12 11 12 12 12 12 12 12 12 12 12 12 12 12 12 12 12 11 11 11 11 10 10 10 9 9 10 11 11 11 10 9 9 9 9 9 10 12 11 10 10 10 10 10 
5 5 5 5 6 5 5 5 5 5 5 5 5 5 5 5 5 5 4 3 3 2 1 2 2 2 1 1 1 1 1 1 1 1 1 1 1 1 1 1 1 2 2 2 2 2 2 2 2 2 2 3 3 4 5 5 6 7 7 7 6 6 6 7 7 7 7 6 7 7 8 8 7 7 8 8 8 7 8 8 8 8 9 9 9 9 9 9 9 9 9 9 9 10 9 9 9 9 9 9 10 9 9 9 9 9 9 8 8 9 11 12 12 12 10 9 9 10 12 12 10 12 13 12 11 11 12 11 10 10 11 13 13 11 10 10 9 10 11 11 11 12 13 14 13 12 13 13 13 13 14 14 14 14 13 13 13 13 13 13 12 12 8 3 2 2 2 2 2 5 24 30 9 1 1 1 1 1 1 1 1 1 1 1 1 1 1 1 1 1 1 1 1 0 3 8 7 2 0 0 1 1 1 2 7 12 12 12 12 12 13 13 13 13 12 12 12 12 12 12 12 12 13 12 11 12 12 11 10 10 10 10 11 11 11 11 11 10 9 9 9 10 10 11 10 10 10 11 11 10 
6 6 5 6 6 6 6 7 7 6 6 6 6 6 6 6 6 6 6 5 5 4 2 1 1 2 2 2 2 2 2 2 2 2 3 3 4 4 3 3 4 4 4 5 5 5 5 5 5 5 5 5 6 6 6 7 7 8 8 8 7 7 8 9 8 8 8 8 8 9 10 10 9 9 9 10 10 10 10 10 11 11 11 12 12 12 12 12 12 12 12 12 13 13 12 12 11 11 12 12 13 12 12 13 13 12 11 12 12 12 14 16 16 15 14 13 12 11 11 11 11 12 13 12 11 11 12 11 11 11 11 13 13 11 11 12 12 13 13 12 13 14 15 15 14 13 13 13 13 12 15 15 14 14 13 13 13 13 13 12 12 9 6 2 1 2 2 1 6 18 31 21 5 2 2 1 1 1 1 1 1 1 1 1 1 1 1 1 1 1 1 1 0 1 5 7 4 1 1 1 0 1 2 4 10 14 13 14 14 14 14 13 12 12 12 12 12 12 12 12 12 12 12 11 11 12 12 11 10 11 11 12 11 11 11 12 12 12 12 11 11 10 10 11 11 11 11 11 11 11 
6 6 6 6 6 6 5 6 6 5 5 5 5 5 6 6 6 6 6 6 5 5 4 3 2 2 2 5 6 7 7 7 7 7 7 7 6 6 6 6 6 6 7 7 7 7 7 7 8 8 7 7 7 7 7 7 7 7 8 9 9 9 9 9 8 8 10 11 11 11 11 11 10 10 10 11 12 13 13 13 13 13 14 14 14 14 13 14 14 14 13 14 14 15 14 14 13 13 13 14 14 13 13 13 13 13 13 14 13 13 14 15 15 14 12 11 12 13 14 13 11 10 12 14 13 12 12 11 11 13 13 13 12 12 12 12 13 12 12 12 13 13 15 16 15 15 16 17 16 16 18 17 15 14 14 14 15 15 13 13 12 9 4 2 1 2 2 2 14 37 39 21 10 8 8 8 5 4 4 3 3 3 3 3 3 3 3 3 2 1 2 3 1 1 6 7 2 0 1 0 1 2 4 8 13 16 15 16 16 14 13 12 11 11 12 12 11 11 11 12 12 12 12 11 11 12 13 11 11 12 13 12 12 11 11 11 11 11 12 12 11 10 10 11 11 10 11 11 11 10 
7 7 7 7 6 6 5 7 7 7 7 7 8 7 7 7 8 8 8 9 9 9 9 9 8 4 2 3 6 8 8 9 9 8 7 7 6 6 6 6 6 6 6 6 6 5 5 6 7 7 7 7 7 6 6 6 6 5 6 7 8 7 7 6 5 6 7 9 9 9 9 11 11 11 11 11 12 13 14 14 13 13 13 13 13 13 12 13 13 13 12 12 13 13 13 13 12 12 12 12 11 11 11 11 10 11 12 11 11 12 12 13 12 12 17 16 11 10 11 12 12 11 13 13 12 12 13 13 11 12 15 13 11 13 13 11 11 10 11 12 12 13 14 13 14 14 15 16 17 17 17 16 15 14 15 16 17 17 14 15 14 8 3 2 1 2 2 2 13 29 25 14 13 12 12 15 10 8 10 9 9 9 9 10 10 10 9 6 3 1 3 6 4 1 4 5 2 1 2 1 4 6 10 13 15 15 14 14 14 13 12 12 12 13 13 13 12 11 11 12 12 12 12 11 11 12 13 13 12 12 12 13 12 11 10 10 10 11 11 11 11 10 9 10 9 9 10 10 10 9 
10 10 10 10 10 9 9 11 11 10 11 11 12 12 11 11 11 11 11 11 11 9 9 11 9 4 1 1 2 4 5 5 6 7 7 7 9 9 8 9 8 8 8 8 7 7 7 8 9 10 10 10 9 9 9 9 9 9 8 8 8 8 7 7 7 8 8 9 9 9 10 10 10 11 10 9 9 10 11 11 11 11 11 11 11 11 11 12 12 11 11 11 12 12 12 12 12 11 11 11 10 10 11 10 9 10 11 10 10 11 12 12 12 12 10 11 15 14 10 10 11 13 13 12 12 13 12 8 6 9 14 13 12 14 13 10 11 11 12 13 13 14 17 14 14 15 16 16 17 18 18 17 16 16 16 18 19 18 17 17 15 7 2 1 2 2 2 3 6 10 11 12 17 18 17 21 16 15 17 14 14 14 15 14 14 15 12 6 2 0 1 3 2 1 2 5 7 7 7 10 10 11 14 15 14 12 12 12 12 12 12 12 13 14 13 13 13 12 12 12 12 12 12 12 12 13 13 13 12 12 13 13 13 12 12 12 12 11 11 10 11 11 12 12 11 11 11 12 11 11 
8 9 9 9 8 8 8 8 7 7 7 7 7 7 7 6 6 5 5 5 4 4 4 4 4 2 1 1 2 2 2 3 3 5 6 7 8 9 10 11 12 12 12 11 10 10 10 10 11 12 11 11 11 12 12 12 12 13 12 11 10 11 11 10 12 13 13 12 11 12 13 12 12 14 13 12 11 12 12 12 12 12 12 12 12 12 11 12 12 11 11 11 12 13 13 13 12 12 11 11 10 12 12 11 11 11 12 12 11 10 9 10 12 15 21 17 11 11 12 13 13 12 12 13 14 16 12 6 4 7 13 14 14 15 15 13 13 14 15 14 12 12 16 19 20 20 20 19 20 21 20 19 18 17 17 17 18 17 17 17 12 5 2 1 2 3 3 5 5 6 10 12 13 14 14 13 12 12 13 14 13 14 15 13 14 14 10 3 1 0 0 1 1 2 5 11 14 14 11 16 13 13 14 15 13 12 13 13 13 13 12 13 13 13 13 13 13 13 13 12 12 12 13 12 12 12 12 13 13 13 13 13 12 12 13 13 13 12 11 11 11 12 13 12 11 11 11 12 12 11 
6 7 8 7 7 7 7 8 7 6 5 5 5 4 4 3 3 3 3 3 3 2 2 2 2 2 2 2 3 3 3 3 3 4 6 7 8 8 9 9 9 8 8 7 6 6 6 6 7 7 6 6 6 7 7 7 7 8 7 6 6 7 7 7 8 8 9 8 8 8 9 9 10 12 13 11 10 11 11 10 10 10 11 11 11 11 10 11 11 10 10 10 11 11 12 12 11 10 10 9 9 11 12 12 11 11 12 12 11 11 12 19 34 50 52 27 6 1 2 5 5 5 6 7 7 8 6 3 2 4 8 11 11 12 13 13 13 14 15 12 7 6 10 17 18 17 16 15 15 16 16 16 16 16 16 16 16 15 17 15 7 3 1 2 2 2 4 5 6 8 12 14 12 15 17 14 15 16 14 14 14 15 15 13 13 14 7 1 1 1 1 1 1 3 9 16 16 15 14 16 16 15 15 17 16 15 15 13 13 14 14 14 14 13 13 13 14 14 14 13 12 12 12 12 11 11 11 12 13 13 13 12 11 10 12 12 11 11 11 11 11 11 11 11 10 10 10 11 11 10 
8 8 9 8 7 7 7 7 6 4 4 4 3 3 2 2 2 2 3 3 3 3 4 4 4 4 4 4 7 25 29 21 24 18 17 21 20 17 16 14 12 12 12 9 9 9 9 9 8 7 6 7 6 5 5 5 5 5 4 3 3 3 3 3 3 3 3 4 4 4 4 5 4 4 5 4 5 4 4 5 5 5 5 5 6 5 5 5 5 5 6 6 5 6 7 7 7 7 6 5 5 6 7 7 8 8 8 8 8 8 10 18 30 40 25 9 2 1 1 1 1 1 1 1 1 2 2 1 1 2 3 5 5 5 6 7 7 8 9 6 3 3 7 15 16 16 15 15 15 16 16 16 16 15 15 15 14 13 19 12 4 2 1 2 2 4 4 4 7 11 15 16 13 15 16 15 17 16 14 15 15 15 14 14 14 13 5 1 0 1 1 1 1 3 10 16 14 14 15 16 16 15 15 16 16 15 15 13 13 13 14 14 14 14 13 14 14 14 14 13 12 12 12 12 11 10 11 11 12 12 12 11 10 9 10 11 10 10 11 11 11 11 11 11 11 11 11 10 10 9 
7 8 9 9 8 7 7 5 4 3 3 3 3 3 3 3 3 3 3 3 3 4 4 5 4 5 5 4 11 51 86 83 71 58 63 59 57 52 49 46 42 41 44 41 39 39 39 39 36 34 30 30 29 26 24 23 23 21 19 17 15 14 13 14 15 15 14 13 12 11 9 9 7 8 10 6 4 6 6 3 3 3 5 6 5 3 4 4 4 3 3 6 6 5 4 3 3 4 3 2 2 3 2 2 3 3 2 2 2 2 2 4 4 2 1 1 1 1 1 1 1 1 1 1 1 1 1 1 1 1 1 1 1 1 2 2 1 2 2 2 1 1 3 6 7 8 9 10 11 12 15 16 16 17 17 18 18 17 20 9 2 2 1 2 2 3 5 6 6 13 15 14 15 15 14 15 16 14 14 16 17 17 17 17 15 11 3 1 1 0 1 0 2 5 12 16 15 15 16 15 14 14 14 14 14 14 14 14 14 14 14 12 12 13 13 13 13 13 12 12 11 11 11 11 10 10 11 11 12 12 11 10 9 9 10 10 10 10 10 10 10 10 10 10 10 11 10 9 9 8 
10 11 11 10 8 6 5 3 3 3 3 3 3 3 3 4 4 4 4 5 5 4 4 5 4 4 5 5 7 32 93 140 115 99 122 114 119 113 111 108 103 101 103 101 99 96 96 94 90 86 87 86 84 79 74 72 71 72 70 66 61 59 57 56 50 50 47 42 43 45 37 32 33 26 26 28 16 16 21 24 18 11 11 10 9 12 8 9 10 8 9 11 10 11 14 15 12 9 8 8 7 6 4 2 2 2 2 1 2 2 1 1 1 1 1 1 1 1 1 1 1 1 1 1 1 1 1 1 1 1 1 1 1 1 1 1 1 0 1 1 1 1 1 1 2 2 2 2 3 3 5 5 6 7 8 10 11 14 13 5 1 1 2 2 3 3 5 7 9 16 17 13 14 15 14 13 13 11 11 12 14 15 16 15 11 6 1 1 0 0 1 0 3 8 13 15 14 15 15 13 12 12 12 12 12 12 12 14 14 14 12 11 10 10 11 12 11 10 10 9 9 9 9 9 9 9 9 10 10 10 10 9 8 8 8 9 8 8 8 8 8 8 8 9 9 9 8 8 8 8 
9 9 10 11 10 9 7 4 3 4 3 3 3 3 2 2 3 3 3 3 3 4 4 4 4 4 5 6 6 12 49 125 154 139 157 171 165 164 164 162 158 154 153 147 144 140 138 136 131 126 136 136 134 128 122 118 116 120 120 119 117 115 112 110 107 104 101 100 101 100 97 92 95 81 76 86 89 85 65 60 64 66 61 54 54 60 64 51 39 30 33 39 36 43 36 35 42 44 31 16 7 5 3 2 2 2 2 2 2 2 1 1 1 1 1 1 1 1 1 1 2 1 1 1 1 1 1 1 1 2 1 1 1 1 1 1 1 1 1 1 1 1 1 1 1 1 1 1 1 1 1 1 1 1 1 2 2 3 2 1 1 1 2 2 3 8 6 6 15 15 13 13 15 17 15 13 13 13 14 15 14 13 14 14 9 4 0 0 1 0 0 1 3 9 11 11 11 12 12 11 9 9 9 9 9 9 9 9 9 9 9 8 8 8 9 9 8 8 7 7 7 8 8 8 8 8 9 9 9 9 9 8 7 7 7 7 7 7 7 7 7 7 7 7 7 7 7 7 7 8 
6 6 5 4 4 3 3 2 2 2 2 2 2 2 3 3 3 2 2 2 2 3 3 3 3 3 4 4 6 8 20 57 127 173 172 188 185 187 186 185 184 182 178 183 178 173 170 169 164 160 162 163 163 158 152 148 146 144 143 142 141 138 135 132 138 131 127 131 123 113 119 119 100 105 119 96 107 117 112 109 99 104 101 114 110 78 64 75 91 92 90 92 84 90 75 50 25 10 5 5 3 2 2 2 2 2 2 2 1 1 1 1 1 1 2 1 1 1 1 1 1 1 1 1 1 1 1 1 1 1 1 1 1 1 1 1 1 1 1 1 1 1 1 1 1 1 1 1 1 1 1 1 1 1 1 1 1 1 0 1 1 1 1 2 6 15 13 5 5 7 7 7 9 11 11 11 13 13 13 12 12 10 10 10 5 1 0 1 1 0 0 2 4 9 8 8 9 10 10 9 8 8 8 8 8 8 8 8 8 8 8 8 8 8 7 7 7 6 6 7 7 8 8 8 8 8 8 8 9 10 10 10 9 8 8 8 8 8 8 8 8 8 8 8 8 8 8 8 8 8 
23 19 15 12 9 6 5 5 4 3 3 3 3 3 3 3 2 2 2 2 2 2 2 3 3 3 3 4 4 4 8 13 55 160 186 185 197 200 197 194 198 197 192 202 195 190 188 187 185 183 178 182 183 181 175 171 170 176 176 173 168 162 158 156 153 150 148 149 148 140 132 96 49 74 142 145 133 117 124 135 138 126 126 136 114 77 37 29 45 63 67 60 43 15 8 4 3 2 2 2 3 3 2 3 3 2 2 3 2 1 1 1 1 1 1 1 1 1 1 1 1 1 1 1 1 1 1 1 1 1 1 1 1 1 1 1 1 1 1 1 1 1 1 1 1 1 1 1 1 1 2 1 1 1 1 1 1 1 1 1 1 1 1 8 47 72 31 2 2 3 2 2 2 3 3 4 5 6 6 7 8 8 8 8 3 0 1 1 1 1 1 4 7 10 9 8 9 10 10 10 9 9 9 9 9 9 9 10 10 10 10 9 9 9 8 7 7 7 7 7 8 8 8 8 9 9 9 9 9 9 10 9 9 8 9 9 9 9 9 9 9 9 9 9 9 9 9 9 9 9 
109 102 96 95 93 86 78 67 57 48 43 38 30 22 15 12 10 8 6 4 3 3 3 4 5 4 4 5 6 5 8 9 20 114 189 191 209 213 206 202 208 210 203 210 203 197 197 198 197 194 189 194 198 197 192 188 186 192 190 187 184 180 178 177 171 182 178 159 168 168 128 50 10 71 148 159 98 43 72 134 130 91 129 160 128 115 49 10 2 3 4 3 2 1 2 2 2 1 2 3 2 2 2 2 2 1 1 2 1 1 1 1 1 1 1 1 1 1 1 1 1 1 1 1 1 1 1 1 1 1 1 1 1 1 1 1 1 1 1 1 1 1 1 1 1 1 1 1 1 1 1 1 1 1 1 1 1 1 1 1 1 1 2 23 90 83 27 4 11 30 18 2 1 1 1 1 1 1 1 3 4 4 4 5 2 0 1 1 0 1 1 7 9 12 10 10 10 10 10 11 10 10 10 10 10 10 10 10 11 11 10 9 9 9 9 9 8 8 8 8 8 8 8 8 9 9 9 9 9 9 9 10 9 9 9 10 9 9 9 9 9 9 9 8 9 9 9 9 8 8 
143 144 148 150 149 145 141 148 135 151 151 139 145 146 134 113 99 94 79 63 63 55 40 31 26 24 23 22 20 20 19 20 22 57 138 183 200 196 203 213 212 210 213 214 205 207 219 227 222 211 199 205 211 212 207 201 196 195 196 191 186 188 191 189 191 200 183 173 175 166 99 18 45 134 185 156 33 13 96 146 67 23 55 113 80 53 26 14 8 3 2 2 2 1 1 1 1 1 1 2 1 1 1 1 1 1 1 1 1 1 1 1 1 1 1 1 1 1 1 1 1 1 1 1 1 1 1 1 1 1 1 1 1 1 1 1 1 1 0 0 1 1 0 1 1 1 1 1 1 1 1 1 1 1 1 1 1 1 1 1 1 1 2 12 40 30 16 14 41 91 66 7 2 1 1 1 1 1 1 1 1 1 1 1 1 0 1 1 1 1 2 7 11 11 10 10 10 10 10 10 12 11 11 10 9 8 8 10 10 10 10 10 10 9 9 9 9 9 10 11 10 9 9 11 10 10 11 12 12 11 11 10 9 8 9 9 10 10 10 10 10 9 8 8 8 9 8 9 8 8 
138 133 128 127 131 138 145 147 132 133 122 115 121 119 144 144 141 164 191 190 165 158 163 164 168 158 131 100 97 112 105 106 101 89 100 97 78 66 82 130 182 213 221 199 218 218 202 200 206 206 219 213 207 203 204 207 211 206 204 201 201 210 211 198 186 204 199 190 185 166 77 7 54 154 161 71 8 52 140 94 21 2 7 22 13 4 6 11 8 3 2 2 2 1 1 1 1 1 1 1 1 1 1 1 1 1 1 1 1 1 1 1 1 1 1 1 1 1 1 1 1 1 1 1 1 1 1 1 1 1 1 1 1 1 0 0 1 1 1 1 0 0 0 1 1 1 1 1 1 1 1 1 1 1 1 1 1 1 1 1 1 1 1 2 4 10 18 37 72 86 50 4 1 1 2 2 2 1 0 0 0 1 2 2 1 1 1 1 1 1 2 3 5 6 6 6 7 7 6 5 9 10 11 11 11 12 13 9 6 5 4 6 8 10 12 13 11 8 9 11 12 10 10 11 10 9 10 10 10 10 10 10 9 9 9 10 11 11 11 11 10 11 11 10 12 13 13 14 16 17 
58 69 87 102 100 83 67 48 42 32 25 26 26 26 24 56 124 134 114 110 107 120 135 143 161 182 186 177 176 180 185 179 168 180 155 119 83 72 57 44 39 47 72 119 146 185 217 228 229 227 217 214 210 209 210 214 218 213 197 175 173 191 206 203 219 204 170 181 199 160 49 5 5 16 26 12 4 11 21 13 4 4 6 3 2 2 4 8 6 3 2 2 1 1 1 1 1 1 1 1 1 1 1 1 1 1 1 1 1 1 1 1 1 1 1 1 1 1 1 1 1 1 1 1 1 1 1 1 1 1 1 1 2 1 1 1 1 1 1 1 1 1 1 1 1 1 1 1 1 1 1 1 1 1 1 2 2 1 1 1 1 2 2 2 2 3 16 97 133 57 19 3 2 2 2 2 2 1 2 2 1 1 0 0 0 1 0 0 0 0 0 0 1 1 1 2 2 3 2 2 3 3 5 6 8 10 12 10 7 4 2 2 2 4 7 10 11 10 9 10 11 12 12 12 12 12 13 12 12 15 17 20 22 23 23 22 25 29 31 29 25 26 28 27 27 30 35 39 38 35 
8 8 8 10 12 11 10 8 10 7 8 10 13 32 89 163 243 246 226 210 188 148 124 112 109 124 150 171 187 193 213 159 85 91 98 114 127 122 128 133 121 98 81 64 48 45 56 73 100 139 183 190 201 210 212 206 201 222 217 200 191 199 208 206 204 200 224 223 139 50 5 4 2 2 4 1 2 3 2 2 1 1 2 2 2 2 3 7 5 2 1 1 1 1 1 1 1 1 1 1 1 1 1 1 1 1 1 0 1 1 1 1 1 1 1 1 1 1 1 1 1 1 1 1 1 1 1 1 1 1 2 2 3 2 2 1 1 1 1 1 1 1 1 1 1 1 1 1 1 1 2 2 2 2 2 2 2 2 1 1 2 3 3 3 4 3 9 77 111 37 8 5 5 4 4 4 5 4 5 6 4 2 1 1 1 1 1 1 1 1 1 1 1 1 0 0 1 1 1 1 0 1 1 1 2 3 4 6 7 7 6 3 2 1 1 3 6 11 13 13 12 12 12 11 11 14 16 16 16 18 20 24 28 31 30 29 29 34 38 37 32 28 28 28 22 23 29 32 28 22 
10 7 6 6 8 9 9 8 10 9 12 15 36 110 207 237 240 237 238 241 239 240 244 227 207 191 181 172 170 178 212 152 41 9 8 10 10 12 24 59 103 128 137 151 149 133 108 93 78 63 63 74 96 125 149 167 178 198 217 225 223 218 214 206 200 170 154 122 55 16 2 6 4 2 2 2 2 2 2 3 3 2 2 2 2 2 3 7 6 2 1 1 1 1 1 1 1 1 1 1 1 1 1 1 1 1 1 1 1 1 1 1 1 1 1 1 1 1 1 1 1 1 2 1 1 1 1 1 2 2 2 2 3 2 2 2 1 1 1 1 1 1 1 1 1 1 1 1 1 1 2 2 3 3 3 2 2 2 2 2 3 4 4 3 3 8 10 26 42 26 8 7 8 10 11 13 13 12 15 18 14 7 4 3 2 1 1 1 1 0 1 1 1 1 1 1 1 1 0 0 0 1 1 1 1 1 1 1 2 4 5 4 3 2 1 1 2 5 10 14 16 17 16 15 15 17 18 18 18 18 18 19 20 21 21 20 18 16 17 17 14 12 12 10 8 7 8 8 11 15 
8 8 9 9 10 9 8 8 9 10 12 17 73 194 245 246 241 238 233 234 239 239 238 237 238 241 239 235 227 217 237 200 62 7 5 4 5 6 6 4 6 15 30 53 91 122 144 177 185 160 133 117 96 77 67 70 83 118 154 196 209 188 153 128 107 71 39 14 6 3 2 2 2 2 3 2 1 2 2 1 2 2 2 1 1 2 3 6 5 2 1 1 1 1 1 1 1 1 1 1 1 1 1 1 1 1 1 1 1 1 1 1 1 1 1 1 1 1 1 1 1 1 2 1 1 1 1 2 2 1 1 2 2 2 1 1 1 1 1 1 1 1 1 2 2 2 2 2 2 2 2 2 3 4 4 4 3 3 3 3 4 5 6 5 7 12 11 16 22 23 19 19 18 19 20 23 26 30 37 51 67 76 75 60 35 19 8 6 5 3 2 1 1 1 1 1 1 1 1 1 1 1 1 1 1 1 1 1 1 1 1 1 2 2 2 1 1 1 4 7 12 14 14 14 16 16 14 13 14 14 15 14 13 12 13 14 12 8 7 7 6 5 7 4 5 7 7 8 12 23 
9 8 8 8 8 9 9 9 11 11 10 19 97 208 244 248 245 242 245 246 238 240 244 242 242 241 238 235 240 237 232 209 69 5 4 4 4 5 5 5 4 4 4 6 11 21 39 67 107 156 187 194 198 190 165 136 116 82 81 90 91 70 38 16 6 2 3 2 3 2 2 3 2 1 2 2 2 2 2 2 2 1 1 2 2 2 3 5 5 3 2 2 2 1 2 2 2 1 1 1 1 1 1 1 1 1 1 2 2 2 2 2 2 2 1 1 1 2 2 2 2 2 2 2 1 1 2 2 2 2 2 2 2 2 2 2 1 1 1 2 2 2 2 3 3 2 2 2 2 2 4 4 4 5 5 5 5 5 6 6 7 9 12 12 16 23 27 44 59 68 42 36 39 50 68 93 117 135 148 165 184 193 197 190 154 117 88 76 63 51 36 22 14 9 5 2 1 1 1 1 1 1 1 1 1 1 1 1 1 1 1 1 1 1 1 1 1 1 1 2 4 6 7 11 16 16 13 13 14 15 18 19 17 16 19 22 22 22 24 22 17 15 19 20 18 27 43 48 42 40 
9 9 9 8 8 8 9 11 9 11 11 16 97 210 242 247 247 246 247 247 245 246 247 247 245 243 242 238 242 235 236 204 52 4 3 3 4 4 4 4 4 5 5 6 6 4 6 7 13 33 61 112 167 182 164 113 71 34 20 10 5 3 3 2 3 2 2 2 2 2 2 3 3 2 3 3 3 2 2 2 2 2 3 3 3 2 3 4 4 3 2 2 2 2 2 2 2 2 2 2 2 2 2 2 2 2 2 2 2 2 2 2 2 2 2 2 2 2 2 1 1 2 2 2 2 2 2 2 2 2 2 1 1 2 2 2 2 3 3 3 3 3 4 4 3 3 4 4 4 4 6 6 6 6 7 8 10 14 17 20 24 31 44 59 73 85 101 121 139 150 136 140 173 194 189 195 204 211 218 217 216 220 229 227 202 177 157 152 151 138 115 108 110 74 62 18 9 7 4 2 2 1 1 1 1 2 1 2 2 1 1 1 1 1 1 1 1 1 1 1 1 2 4 8 14 15 16 25 32 27 44 82 81 87 105 99 103 104 114 108 122 67 88 102 75 147 144 144 120 101 
9 9 9 9 8 8 8 11 8 10 10 16 100 212 242 246 246 248 247 246 245 245 247 247 246 244 242 239 240 233 238 183 39 4 3 4 4 4 4 4 4 4 5 4 5 4 5 5 5 8 8 12 23 32 24 11 6 4 3 3 3 3 3 3 3 3 3 3 3 3 3 3 3 3 3 3 3 3 3 3 3 3 3 3 3 3 3 3 3 2 2 2 1 2 2 2 2 2 2 2 2 2 2 2 2 2 2 2 2 2 2 2 2 2 2 1 1 1 1 1 2 1 1 1 2 2 2 2 2 3 2 2 2 3 3 3 2 3 4 4 4 5 5 6 5 4 4 5 6 7 8 13 19 26 35 47 59 79 91 106 118 128 141 155 174 188 201 210 219 221 209 201 223 237 229 230 223 223 230 228 229 230 228 219 207 199 191 186 179 163 144 141 147 146 110 50 67 82 65 55 28 22 15 8 4 3 2 1 1 1 2 2 1 1 1 1 1 1 2 2 2 2 2 2 3 3 6 18 40 72 139 198 198 220 221 190 207 207 213 205 211 114 92 163 111 214 237 237 163 98 
9 9 9 9 9 9 9 11 10 9 10 22 113 221 243 244 246 246 246 245 244 245 246 246 246 244 242 239 235 231 242 152 26 4 4 4 4 4 4 3 3 4 5 6 6 6 5 5 8 14 11 8 6 3 4 5 4 3 4 4 4 3 3 3 3 3 3 3 3 3 3 3 3 3 3 3 3 3 3 3 3 3 3 3 3 3 3 3 3 2 2 2 1 2 2 2 2 2 2 2 2 2 2 2 2 2 2 1 1 2 2 2 2 2 2 3 2 2 2 2 2 3 3 3 3 2 2 3 3 3 3 3 3 4 4 5 5 5 6 7 8 8 9 14 18 23 28 35 45 54 75 89 106 117 126 143 163 172 180 194 206 213 214 212 208 214 221 222 230 233 224 225 237 235 233 237 216 210 219 222 230 226 210 199 201 206 204 200 187 176 176 175 167 150 107 81 139 177 158 160 147 109 89 87 75 54 40 28 22 15 9 5 3 3 2 2 1 1 1 1 1 1 1 2 2 2 1 1 2 12 46 84 114 167 208 223 222 215 198 203 221 157 61 117 94 171 199 216 141 57 
9 9 9 9 9 9 9 11 11 9 10 27 122 231 244 243 245 246 246 245 243 243 243 244 244 243 242 239 234 233 246 127 18 4 4 3 4 4 3 4 4 4 4 5 4 5 6 7 15 24 50 39 33 18 8 5 3 2 3 4 4 4 3 3 3 3 3 4 3 3 3 3 3 3 3 3 3 3 3 3 3 3 3 3 3 3 3 4 3 2 2 2 1 2 2 2 2 2 2 2 2 2 2 2 2 2 2 1 1 1 2 2 2 2 2 2 2 2 2 2 2 2 2 3 3 3 4 5 6 6 6 6 6 7 8 9 10 13 18 27 39 51 58 73 88 105 118 128 142 154 174 181 187 189 191 198 206 219 215 212 219 228 232 231 224 226 229 228 236 242 235 237 239 227 228 234 207 197 209 214 223 223 213 203 203 205 202 201 187 181 189 183 168 179 132 126 172 172 151 170 182 104 82 118 153 146 128 116 111 101 85 63 44 32 22 16 10 6 4 3 3 3 2 2 2 2 2 2 2 1 1 3 11 28 84 174 218 225 204 203 211 177 34 15 51 120 140 140 77 18 
10 10 10 10 10 10 10 11 13 10 11 28 116 227 244 241 244 245 245 243 242 241 241 242 243 242 242 239 236 234 244 107 13 4 3 3 3 3 3 4 4 5 5 6 4 5 6 5 7 11 29 51 78 79 64 43 20 10 6 3 3 3 3 3 3 3 3 3 3 3 3 3 3 3 3 3 3 3 3 3 3 3 3 2 2 3 4 4 3 2 2 2 2 2 2 2 2 2 2 2 2 2 2 2 2 2 2 1 2 2 2 2 2 2 2 2 3 3 4 4 4 4 4 5 5 5 6 7 10 13 14 17 21 29 36 43 54 65 83 106 128 146 153 151 162 171 173 173 179 187 195 191 190 198 210 220 223 229 224 222 229 237 239 236 241 246 243 237 239 242 235 235 239 228 230 240 222 215 222 219 223 229 231 227 218 211 207 208 200 195 197 182 165 173 127 141 186 181 173 183 175 99 76 110 152 167 169 161 163 168 168 158 144 133 116 100 81 62 47 35 28 21 14 7 4 3 2 2 2 2 1 1 2 1 7 47 115 141 144 145 142 127 26 5 10 16 14 16 26 34 
12 12 12 12 13 13 13 13 17 13 14 26 101 215 242 241 243 244 244 243 241 239 239 240 242 242 241 239 238 231 227 86 8 4 4 3 3 3 3 4 5 5 5 5 5 5 7 6 6 12 27 21 33 57 82 112 99 73 49 26 12 6 4 3 3 3 3 3 3 3 3 3 3 3 3 3 3 3 3 2 2 2 2 2 2 2 4 4 3 2 2 2 2 2 2 2 2 2 2 2 2 2 2 2 2 2 2 2 2 2 2 3 3 3 4 4 4 5 5 6 7 6 7 11 16 21 27 34 46 60 67 78 93 111 125 132 138 151 163 169 169 169 171 179 181 182 185 191 202 212 227 221 217 221 229 232 232 227 228 232 238 242 239 234 234 238 237 234 239 243 237 231 239 236 232 244 240 235 234 222 221 225 231 230 221 214 212 212 215 218 214 203 197 187 136 153 192 190 198 175 197 160 153 171 178 173 175 184 180 175 174 175 174 171 166 160 154 145 135 121 109 98 86 72 57 41 26 15 9 6 4 2 2 2 2 5 12 23 29 28 24 21 5 3 3 3 4 6 25 51 
16 16 16 17 17 17 17 17 23 19 19 27 90 209 242 241 241 244 243 242 241 239 238 239 241 242 241 240 240 225 207 71 6 4 4 4 4 3 4 4 5 4 4 6 6 4 6 6 9 30 43 13 10 12 21 53 77 135 133 114 85 53 26 12 7 5 5 4 4 3 4 3 3 3 3 3 3 3 3 3 3 3 2 2 2 2 3 3 2 1 2 2 2 2 2 2 1 2 2 2 2 2 2 2 2 3 3 3 3 4 4 5 5 5 6 6 7 9 13 19 25 38 53 68 84 98 111 126 137 145 150 155 158 160 157 158 167 175 179 178 183 198 211 209 210 215 221 226 228 226 228 232 235 233 229 230 231 233 234 234 233 233 232 232 233 237 238 234 239 243 235 223 237 241 224 231 235 230 230 228 225 223 222 221 221 221 218 210 215 216 202 196 203 192 156 176 199 193 225 192 204 189 186 194 193 190 195 197 193 193 195 196 191 181 176 173 172 173 174 173 169 161 153 145 136 128 118 103 92 71 41 20 11 6 2 2 5 13 23 19 12 6 8 17 36 33 31 52 121 159 
15 16 18 19 20 20 19 21 16 20 13 17 80 195 234 238 242 246 246 244 242 241 241 241 241 242 240 237 231 233 188 53 6 3 4 4 4 3 4 4 4 4 5 5 6 5 7 7 15 50 54 59 42 40 8 9 20 62 149 199 147 125 122 86 53 36 18 8 5 4 5 4 3 4 4 3 3 3 2 2 3 3 3 4 3 3 4 3 2 3 1 2 2 2 2 1 3 2 2 2 2 3 4 3 2 3 5 6 5 5 5 7 10 14 21 31 58 71 85 104 121 138 145 150 156 160 162 164 169 175 173 174 178 185 193 198 202 205 208 210 215 220 223 225 225 226 226 227 226 226 228 230 232 233 231 230 229 231 233 233 234 233 232 232 233 236 236 238 238 237 235 231 232 233 230 231 232 231 230 230 229 229 228 228 228 226 218 220 224 227 220 208 200 186 170 214 205 182 154 117 116 160 212 212 210 200 194 181 205 207 186 189 205 203 197 191 190 193 190 185 185 181 168 171 188 100 74 119 139 128 92 74 76 55 28 8 7 14 18 17 16 18 49 80 95 102 110 103 86 76 
62 65 71 77 82 86 87 82 75 62 15 12 73 183 227 234 237 239 238 239 238 238 239 241 242 240 239 236 228 233 174 44 5 3 4 3 4 3 4 4 4 4 5 5 5 7 7 9 30 60 78 123 123 75 12 12 36 105 129 139 144 153 163 165 143 121 91 60 37 22 13 10 7 5 4 3 4 5 4 5 4 3 2 2 3 3 2 3 2 3 3 2 3 3 3 2 3 2 2 3 3 3 4 7 11 13 15 32 35 42 56 72 89 106 129 132 149 147 155 161 155 161 165 169 174 181 183 184 187 193 203 215 224 226 223 221 221 221 221 220 220 220 220 226 226 226 226 226 226 226 229 231 231 233 232 231 229 230 233 233 235 234 233 232 233 236 236 238 238 236 235 233 232 232 232 232 232 232 231 230 230 230 230 230 230 229 225 218 214 213 215 215 211 189 163 173 124 74 39 20 30 88 197 216 206 211 215 232 220 215 222 217 206 207 209 204 203 207 203 196 197 190 180 188 195 99 72 115 139 134 109 112 131 111 98 91 59 63 65 59 55 53 73 75 80 77 79 73 59 54 
117 119 121 123 123 122 122 118 126 91 14 13 84 195 230 231 231 230 232 233 236 238 239 241 241 240 237 235 228 233 155 33 4 3 4 3 4 3 4 4 4 5 6 5 5 8 7 17 48 69 112 150 146 70 18 42 100 154 147 146 154 151 143 144 162 164 157 141 121 98 81 61 39 26 17 11 10 8 5 3 5 5 4 4 5 5 4 4 3 3 3 3 3 3 4 4 6 8 11 14 22 31 41 49 58 76 95 122 121 125 142 155 161 166 162 153 172 171 177 181 178 190 193 198 202 208 211 212 213 215 223 231 235 234 229 229 230 229 227 225 221 220 220 227 227 227 227 227 227 227 229 231 231 233 232 231 229 230 233 233 235 234 233 232 233 236 236 238 238 236 235 233 232 232 232 232 232 232 231 230 230 230 230 230 229 229 226 221 218 219 220 217 211 178 141 127 96 84 91 94 104 117 203 219 224 226 183 167 186 215 227 221 215 217 215 209 208 214 210 204 204 216 205 193 204 165 153 169 162 142 116 117 97 41 38 97 133 139 169 180 195 199 210 190 198 195 200 201 191 195 
132 133 131 129 127 124 122 115 134 95 19 33 117 211 233 232 230 228 231 233 237 237 238 239 239 239 237 234 228 231 134 24 3 4 4 3 4 4 4 4 4 5 6 6 7 7 10 29 60 87 148 150 136 78 50 94 145 135 154 160 147 145 153 154 149 147 151 158 166 169 169 157 130 105 83 62 55 43 32 27 21 17 13 12 12 11 11 9 4 6 7 29 27 32 38 40 47 61 70 81 101 116 133 139 139 146 159 164 153 152 165 173 173 171 173 164 178 170 169 177 191 210 211 213 217 222 225 226 227 227 224 220 219 218 220 222 228 227 226 225 222 221 222 228 228 228 228 228 229 228 229 231 231 233 232 231 229 230 233 233 235 234 233 232 233 236 236 238 238 236 235 233 232 232 232 232 232 232 232 232 231 230 230 229 227 226 223 224 227 229 226 216 203 173 180 194 184 176 187 191 193 151 206 205 215 217 158 118 175 227 218 210 219 219 214 209 209 215 213 206 207 212 203 200 202 192 195 192 173 144 132 141 85 14 17 84 133 144 190 203 218 222 222 220 230 229 233 233 227 233 
136 137 137 137 138 137 138 132 140 104 44 80 161 220 233 234 232 231 234 235 238 238 237 238 238 238 236 233 230 225 112 16 4 4 4 4 4 4 4 4 5 5 5 7 8 7 19 42 75 120 160 155 144 103 88 132 143 150 157 154 143 145 153 155 149 144 141 145 152 160 165 179 183 179 168 150 153 145 127 117 101 91 91 96 95 91 80 42 6 7 13 111 122 132 130 127 132 145 141 158 147 154 161 164 167 176 187 181 171 175 194 210 219 224 223 200 205 198 190 172 158 181 195 197 201 207 213 216 219 222 224 225 225 223 222 221 221 222 222 223 223 223 224 229 229 229 229 229 229 229 229 231 231 233 232 231 229 230 233 233 235 234 233 232 233 236 236 238 238 236 235 233 232 232 232 232 232 232 232 233 232 230 230 227 226 227 226 220 214 214 213 210 200 170 202 224 227 216 224 222 198 171 227 220 221 232 202 180 199 222 225 220 219 220 218 212 213 219 218 211 212 213 211 224 213 199 201 192 177 142 136 148 68 5 18 84 129 148 190 199 209 214 231 231 234 225 227 228 221 231 
140 139 137 136 135 135 135 142 132 107 72 121 179 221 233 233 235 235 236 236 236 236 237 237 237 238 235 232 229 215 92 10 5 4 3 4 4 4 4 5 5 5 5 7 8 10 28 41 92 147 149 144 137 94 90 140 145 150 141 141 154 157 150 145 146 146 144 148 152 155 154 152 155 168 164 154 179 199 197 195 190 193 198 198 187 185 186 94 12 5 13 144 169 165 149 146 140 125 89 90 98 124 154 171 175 183 196 210 203 204 212 213 212 216 224 211 229 227 208 175 155 180 195 195 195 198 203 206 210 214 218 222 226 226 226 224 219 221 222 222 224 224 225 231 231 231 231 231 231 230 229 231 231 233 232 231 229 230 233 233 235 234 233 232 233 236 236 238 238 236 235 233 232 232 232 232 232 232 233 234 233 230 230 227 225 227 228 215 202 198 199 200 194 169 209 222 232 218 224 216 233 205 228 218 223 229 217 234 216 210 225 231 225 224 222 217 218 225 223 218 219 221 206 206 197 214 216 186 173 145 136 145 55 5 35 95 124 139 160 168 176 179 223 226 227 220 231 238 228 234 
141 140 139 139 140 142 143 147 123 105 86 131 163 211 229 229 233 237 237 235 232 234 237 238 237 238 235 232 229 206 79 8 6 4 3 4 3 4 5 5 6 6 5 7 6 16 32 30 102 150 150 145 144 89 90 144 142 150 157 155 148 145 148 147 151 150 148 149 153 154 152 149 151 152 127 102 126 158 165 167 170 173 177 181 186 189 186 119 40 28 37 135 137 139 130 146 144 104 44 32 57 52 56 77 116 160 189 200 199 207 215 212 209 214 226 214 215 165 125 125 169 220 229 224 218 213 212 211 212 211 203 197 198 204 216 222 223 223 224 224 224 224 225 230 230 230 230 230 230 231 229 231 232 233 232 231 229 230 233 233 235 234 233 232 232 235 235 237 237 236 234 232 231 231 231 231 231 231 232 234 232 230 229 227 225 225 222 216 210 205 201 192 184 189 227 225 235 223 232 226 226 218 235 232 236 230 232 228 240 235 221 226 231 213 216 217 218 225 223 218 220 223 213 223 208 212 207 185 184 158 148 152 52 6 53 101 125 130 129 137 146 148 206 203 213 216 232 232 203 189 
138 136 136 136 137 139 141 133 139 113 83 132 168 211 232 234 234 233 233 233 232 231 231 234 237 237 237 235 240 173 45 7 4 16 50 65 48 19 5 4 5 6 4 7 9 24 49 43 99 151 134 151 132 91 77 133 146 152 153 151 148 147 147 145 148 149 150 151 151 153 153 152 153 152 135 82 128 155 152 155 152 148 146 148 153 153 152 153 139 131 139 149 147 149 147 156 154 129 41 55 159 137 116 93 94 137 184 199 219 200 191 211 209 199 210 194 217 170 107 70 44 73 110 131 172 199 215 230 215 212 219 216 208 216 212 196 206 224 223 197 233 208 211 216 230 216 214 227 227 230 231 235 236 235 235 231 223 233 237 235 229 234 242 241 239 236 228 222 223 227 233 235 235 234 234 234 231 226 226 231 230 229 228 226 226 226 224 219 213 217 222 209 189 204 235 229 223 230 228 229 233 233 234 234 234 233 233 232 237 236 231 226 230 236 234 217 230 214 214 232 223 220 220 215 212 210 206 198 181 167 162 150 51 16 79 102 114 118 133 128 133 158 208 189 191 173 204 235 233 190 
138 137 136 137 138 139 140 135 141 113 82 129 166 210 232 233 233 232 231 231 231 229 228 228 231 231 228 226 224 153 39 10 9 92 146 178 185 95 25 5 5 4 7 8 12 39 78 60 98 149 135 147 129 92 80 136 148 152 152 152 150 148 147 147 149 150 151 151 152 153 153 152 152 153 136 82 128 156 152 154 150 148 148 149 153 152 149 150 146 141 142 147 149 154 152 157 155 133 43 58 165 165 175 168 156 158 154 152 109 101 95 92 118 133 153 144 171 174 166 103 16 9 17 15 41 62 108 115 133 179 201 202 224 231 227 233 210 207 208 213 216 208 218 217 225 224 230 235 226 223 233 231 229 229 234 237 239 223 231 237 238 242 242 235 228 238 245 245 242 235 234 236 234 229 225 226 229 232 232 231 230 228 228 227 226 227 228 224 221 227 235 222 202 209 237 230 226 233 230 231 233 233 233 233 233 233 233 233 237 236 231 227 229 234 175 160 222 232 225 234 226 224 220 215 213 212 207 200 180 167 170 164 56 12 62 92 103 114 131 140 142 144 195 202 196 178 188 191 204 207 
138 137 137 137 138 140 141 138 143 112 80 126 162 205 230 233 234 234 234 234 235 234 234 234 235 231 228 225 222 142 32 6 31 188 172 130 151 159 70 9 7 6 7 7 20 67 115 70 91 159 145 152 137 97 81 136 151 154 153 152 151 149 149 148 150 151 151 152 153 153 153 151 151 153 138 83 126 157 154 153 151 149 149 151 153 156 154 152 156 155 148 149 158 157 154 156 153 138 46 58 179 161 158 155 157 169 166 108 47 13 34 93 117 104 109 98 107 129 172 116 18 9 17 10 14 7 21 25 36 50 67 92 132 144 155 184 196 208 206 232 210 227 226 216 208 213 219 217 217 224 218 221 226 230 226 220 219 225 234 237 235 239 242 238 238 232 224 226 233 236 234 234 235 234 233 229 227 227 228 230 229 228 228 228 227 226 226 225 223 229 236 227 209 215 238 234 232 238 232 234 234 234 234 234 234 234 234 236 237 236 231 228 229 232 131 112 199 232 224 227 224 226 222 218 215 215 210 203 185 171 169 164 62 10 44 84 107 116 120 134 139 141 202 136 117 107 112 113 165 227 
139 138 138 138 139 140 142 141 145 113 79 123 158 199 231 237 237 238 238 239 240 241 242 242 241 237 233 230 223 123 19 6 72 172 113 105 111 164 112 21 8 6 6 13 37 94 141 78 82 146 142 150 145 102 79 134 160 155 154 153 152 151 151 151 151 151 152 153 153 154 155 152 150 152 141 84 125 158 156 153 152 151 151 152 154 154 149 147 155 158 147 145 157 156 155 153 150 142 49 55 163 156 165 166 163 165 155 146 125 43 47 121 141 134 134 117 117 129 159 87 15 10 15 11 10 7 17 20 22 17 12 19 35 60 57 45 59 80 98 168 159 177 185 207 204 229 236 223 223 226 219 214 215 217 213 214 224 232 236 234 229 231 236 233 231 232 233 232 231 231 234 228 226 234 235 231 227 226 227 228 228 228 228 229 229 227 224 224 223 225 231 221 208 220 238 234 236 240 232 236 235 235 235 235 235 236 236 237 237 235 233 231 229 229 146 128 203 234 226 230 229 230 225 221 218 217 212 205 186 172 174 179 89 16 25 49 77 97 105 115 114 115 190 149 126 129 132 116 158 214 
139 139 139 139 140 141 142 140 146 114 79 122 152 190 229 238 238 240 241 242 243 243 243 243 242 238 235 230 218 114 15 7 65 170 134 174 178 195 131 27 5 7 8 23 70 128 150 77 81 152 152 155 155 108 77 129 160 156 154 154 154 153 154 154 153 152 153 153 154 155 155 152 149 152 143 84 124 160 160 155 154 154 152 152 153 150 145 145 151 153 145 145 153 153 156 152 149 148 52 51 177 169 172 165 159 169 171 176 164 96 57 80 119 142 141 128 129 151 188 82 15 13 13 13 4 8 16 24 21 22 45 53 55 118 112 36 11 11 30 108 89 63 73 91 94 128 154 176 212 217 226 225 232 232 219 209 216 229 239 241 239 239 237 229 238 240 230 229 234 237 235 236 240 243 237 227 225 229 230 227 228 229 228 229 230 229 227 229 227 226 228 220 208 225 237 234 239 240 230 234 236 236 236 236 237 237 237 238 238 236 236 234 230 225 207 191 231 239 229 233 231 232 228 224 222 220 215 208 195 188 184 184 131 49 37 49 64 69 59 50 48 64 136 103 77 75 75 71 110 139 
140 139 139 139 140 142 143 139 146 116 81 122 149 183 223 234 234 237 238 241 242 242 241 241 240 238 235 230 211 106 15 4 25 166 206 184 197 202 97 16 5 10 12 42 117 157 146 73 82 142 146 137 140 102 77 125 152 155 155 155 155 155 156 156 154 153 153 154 155 155 156 152 149 152 146 85 123 161 163 157 157 156 154 151 149 148 149 153 153 150 152 154 153 151 158 154 152 156 56 49 160 157 166 164 161 170 170 166 164 174 118 55 72 129 150 145 133 144 193 84 16 8 10 29 13 20 18 24 18 30 56 49 50 120 156 111 51 37 50 111 84 23 26 22 18 30 45 72 105 96 124 140 175 205 207 202 213 227 233 232 229 232 236 233 241 226 196 180 187 208 229 226 224 237 239 231 224 226 227 226 227 229 229 230 231 228 225 231 229 227 230 224 213 227 234 232 240 241 228 234 237 237 237 237 237 237 237 241 237 234 236 237 231 223 240 223 238 236 225 229 227 232 230 227 225 222 217 210 204 210 192 169 161 106 74 67 51 55 48 27 17 21 50 37 30 32 31 28 42 36 
141 139 140 139 140 142 144 139 146 118 83 123 147 177 218 229 229 231 234 237 238 240 241 242 241 242 237 234 200 78 8 5 9 74 204 179 194 139 38 9 7 8 26 96 150 143 140 92 77 76 96 85 95 81 76 131 158 156 156 155 155 155 156 156 154 153 153 155 155 156 156 153 149 152 147 86 122 162 165 159 159 158 154 150 147 145 146 153 148 143 151 156 150 152 161 156 157 162 58 48 182 168 165 160 157 166 163 168 138 145 170 119 56 64 110 146 142 141 197 95 24 18 15 22 11 30 37 49 41 39 36 39 102 148 135 150 145 148 118 105 78 14 11 12 9 18 31 52 56 28 39 38 46 57 64 74 97 199 208 188 174 181 203 225 222 239 237 145 64 43 58 97 134 172 207 225 225 225 227 227 228 229 229 230 230 225 217 223 223 223 227 224 218 228 233 230 238 240 228 233 238 237 236 236 237 237 238 241 238 234 236 236 231 223 237 218 234 236 231 236 235 238 233 228 226 225 220 212 198 207 204 178 184 132 71 49 44 49 48 26 13 14 27 21 22 25 21 20 27 12 
142 144 146 144 143 144 146 137 145 121 83 122 146 169 218 227 224 228 239 247 243 243 243 241 236 246 241 232 181 49 8 5 4 9 28 54 56 29 7 7 8 17 72 138 146 146 139 135 133 130 145 140 142 124 94 136 152 153 154 154 154 154 154 154 156 153 155 158 155 152 159 158 154 159 148 95 116 168 162 158 158 156 154 152 150 149 151 150 151 152 154 156 158 156 156 155 157 157 60 42 164 168 166 165 169 173 168 162 150 162 171 167 130 61 52 117 124 129 170 100 66 112 68 12 28 85 27 36 52 68 58 54 106 151 141 150 177 198 151 131 89 38 17 9 8 11 26 52 42 37 78 57 29 17 29 22 51 173 201 145 127 67 62 138 206 197 213 223 156 64 16 8 14 20 23 53 93 132 167 189 206 217 220 216 219 223 226 227 223 218 217 224 228 227 238 234 228 235 242 240 234 228 225 227 232 237 239 239 242 242 238 234 234 237 234 234 235 236 235 233 231 234 233 230 231 233 227 216 212 218 207 198 174 138 100 41 42 51 38 16 7 7 9 13 16 14 11 12 19 8 
141 144 145 145 144 146 150 143 149 125 84 120 144 163 213 230 231 232 241 249 247 245 244 242 238 243 239 233 162 30 5 5 4 3 4 7 7 3 7 8 9 46 122 145 152 152 149 149 148 141 160 153 153 131 95 134 149 153 154 154 154 154 154 154 156 153 155 158 155 152 159 159 154 158 149 95 114 167 161 157 158 157 155 153 150 150 150 151 151 153 155 156 158 158 158 156 157 157 63 41 162 167 165 163 166 168 163 162 155 158 155 159 160 123 69 46 83 164 191 105 112 136 94 21 48 119 49 21 37 45 43 49 103 149 144 153 186 218 168 153 134 102 77 35 20 14 36 53 56 59 139 122 76 36 35 25 60 206 221 158 154 92 40 18 54 113 179 217 227 184 81 20 6 6 6 6 7 9 14 26 48 81 114 144 168 183 195 209 223 229 226 224 223 231 234 229 226 229 228 221 227 232 236 236 236 231 224 231 230 229 229 232 236 239 240 240 239 237 234 233 233 234 234 232 232 233 227 217 211 215 207 205 193 161 96 34 37 40 26 9 4 4 6 6 5 5 7 5 6 5 
140 142 144 144 145 150 155 151 154 133 86 117 144 155 198 223 233 230 235 245 244 242 245 243 242 238 236 231 146 25 4 4 5 4 5 7 8 5 7 9 35 111 137 144 146 145 146 151 148 139 158 151 152 132 94 133 152 153 154 154 154 154 154 154 156 153 155 158 155 152 159 159 153 157 150 96 113 164 160 157 158 158 156 154 151 151 150 151 153 155 156 156 158 160 162 159 158 158 68 40 161 168 168 163 164 166 161 167 172 171 155 151 164 160 132 66 43 121 159 141 132 135 81 23 93 131 105 58 60 62 69 86 135 161 150 154 176 204 145 134 147 151 141 82 44 26 73 96 113 125 152 154 112 55 44 32 64 188 217 168 173 147 83 24 13 18 76 149 191 237 186 80 20 6 8 7 4 6 7 7 7 8 12 23 41 60 86 100 123 147 170 192 207 220 227 230 232 235 237 237 237 238 231 228 230 236 241 231 228 229 234 238 239 234 235 235 235 234 233 235 237 236 235 233 233 233 228 220 221 229 210 203 198 176 82 27 34 30 16 5 2 2 5 27 51 54 52 53 53 51 
139 141 143 143 145 151 157 157 155 138 87 113 143 148 177 211 234 230 230 240 241 238 245 240 244 234 233 224 120 16 4 4 6 4 5 5 5 5 8 21 78 145 140 149 148 145 146 152 149 138 150 143 148 130 92 132 156 154 154 154 154 154 154 154 156 153 155 158 155 152 159 160 152 155 153 97 110 161 159 157 158 158 157 155 153 152 150 152 154 157 157 157 157 162 165 160 158 158 75 37 161 170 172 167 166 167 164 157 169 172 163 158 161 164 173 144 73 54 133 126 100 114 52 28 125 109 148 137 119 125 125 130 145 143 142 154 172 181 118 111 135 154 153 103 54 37 102 136 145 152 146 141 100 50 43 36 59 170 227 170 134 140 100 29 11 18 11 33 106 175 214 180 76 16 7 6 5 5 5 6 6 7 7 7 8 9 11 14 21 32 47 64 80 109 130 160 185 201 213 223 232 236 237 234 228 226 228 227 228 234 239 241 237 231 233 234 233 234 235 237 239 237 236 237 235 232 229 224 226 232 210 205 201 182 64 21 23 17 8 4 3 3 6 47 144 194 177 176 183 194 
139 140 141 140 142 150 156 158 152 140 87 109 143 144 158 199 238 237 232 241 242 238 245 233 245 232 230 213 96 12 6 6 7 4 5 5 7 9 12 49 134 158 134 153 153 149 147 151 150 142 155 146 152 134 92 129 157 154 154 154 154 154 154 154 156 153 155 158 155 152 159 160 151 154 154 98 108 158 158 156 157 158 157 157 155 153 150 152 156 159 158 158 157 162 165 159 156 156 81 34 158 170 175 170 168 169 168 156 162 159 162 168 162 168 189 163 133 117 85 95 48 44 18 21 76 73 99 107 103 117 119 130 131 120 125 141 164 166 112 117 139 149 146 86 43 45 108 148 142 136 156 144 104 60 60 56 66 146 223 176 125 145 112 30 8 25 19 13 27 76 150 212 167 61 10 3 6 7 5 6 5 5 5 5 5 6 5 6 7 7 9 10 12 15 22 34 46 57 76 99 134 154 185 209 221 226 229 247 242 231 221 219 228 239 242 242 241 242 240 238 236 236 237 239 236 231 228 228 233 244 230 237 218 177 45 17 16 11 5 3 3 3 2 20 93 168 177 177 168 175 
139 139 139 138 139 146 153 153 146 139 86 107 145 142 140 184 238 240 233 241 240 237 244 227 245 233 229 201 75 10 5 3 5 4 8 7 4 8 50 146 165 129 141 145 150 148 143 145 148 147 163 151 157 138 92 127 156 154 154 154 154 154 154 154 156 153 155 158 155 152 159 160 150 153 156 98 106 155 158 156 157 159 159 157 157 154 150 153 158 160 159 158 156 160 165 157 153 153 84 32 151 167 174 169 167 169 170 171 172 154 159 169 155 161 164 160 176 148 184 127 104 83 50 36 36 28 28 29 41 56 60 85 102 104 113 118 124 135 109 130 140 137 135 73 40 61 114 152 157 147 137 125 88 49 50 54 61 118 209 195 143 141 89 21 8 66 65 42 27 13 33 114 197 166 53 8 6 6 5 5 5 6 6 6 6 6 7 8 8 8 8 8 8 5 5 8 9 7 7 9 15 20 29 41 60 90 120 145 175 218 240 241 239 237 230 230 237 241 242 239 236 235 237 241 238 231 228 232 240 249 243 249 231 183 49 30 22 18 11 7 7 7 5 4 16 39 50 59 53 53 
138 138 137 136 137 143 150 150 141 139 85 106 145 144 133 169 226 234 230 236 233 233 238 222 241 234 230 198 79 16 9 7 8 6 7 7 14 42 103 146 142 144 155 144 151 151 147 149 153 155 158 147 155 137 90 124 154 152 153 155 156 156 155 154 154 153 154 157 155 153 158 158 149 152 156 101 104 157 160 158 157 157 158 159 158 156 151 152 158 160 161 162 157 158 161 158 155 148 85 31 144 166 169 168 167 168 172 169 169 160 162 169 155 159 161 170 159 160 166 164 194 209 215 187 183 129 115 81 54 42 31 31 33 40 55 67 82 101 98 134 131 127 130 76 49 79 116 141 157 151 164 133 76 27 22 39 67 112 200 214 160 126 62 16 12 72 139 122 37 9 7 20 105 212 164 64 26 17 15 11 9 7 6 6 6 5 6 6 6 6 6 7 8 8 6 6 7 7 7 7 6 8 8 7 6 6 6 10 16 27 40 60 89 122 159 176 190 206 219 225 230 231 234 239 239 232 230 230 232 227 219 244 235 199 74 75 72 62 39 19 11 7 6 5 9 16 11 13 28 48 
134 138 140 139 140 145 153 146 140 140 84 105 141 150 149 152 179 224 240 232 227 230 227 222 226 236 233 218 174 115 96 82 57 36 26 26 55 105 147 152 147 147 147 148 150 151 151 151 148 146 153 143 151 134 88 119 145 147 152 159 163 162 157 152 153 155 157 157 157 156 154 152 153 155 152 104 99 174 166 159 157 158 162 163 159 158 157 150 159 154 160 172 158 156 149 159 163 142 83 29 141 175 154 174 171 155 171 169 156 188 165 161 175 169 168 167 166 163 161 160 158 174 171 122 105 129 200 196 173 156 137 115 92 65 43 35 37 42 57 118 98 110 108 60 54 82 110 136 136 140 150 140 112 56 19 22 52 107 206 215 151 127 60 12 9 62 94 89 40 10 8 32 71 105 114 107 74 50 42 30 20 13 11 9 8 8 9 8 7 6 7 7 7 6 6 6 8 6 7 6 6 6 6 6 7 7 6 6 6 6 5 5 7 8 15 22 35 53 75 103 131 147 161 174 201 204 215 206 230 228 207 229 221 146 33 33 31 31 25 16 9 7 7 5 13 30 22 12 38 74 
137 139 140 139 141 146 152 143 149 141 79 101 138 133 139 139 162 218 242 232 226 234 237 231 225 223 226 227 231 233 235 226 184 157 147 129 124 150 146 132 140 145 133 149 148 148 148 148 147 147 148 147 153 135 90 120 150 153 153 152 152 155 158 161 158 157 158 159 159 158 157 159 160 159 149 105 97 159 155 157 163 165 162 157 158 159 158 161 154 149 158 164 156 161 157 151 155 160 97 23 153 159 149 177 162 149 165 168 160 156 155 159 164 164 164 163 165 165 167 168 169 161 113 61 56 87 114 132 144 150 154 176 191 189 156 127 116 76 76 115 59 36 35 26 33 46 57 85 101 105 112 107 100 65 29 20 22 40 195 213 116 70 38 10 6 27 29 35 44 50 42 50 53 40 27 20 20 22 21 16 13 10 10 10 9 9 9 9 8 8 8 8 8 7 7 6 7 6 7 6 6 6 6 6 6 6 6 5 6 6 6 6 5 6 5 5 5 6 7 9 10 17 27 29 57 77 94 110 142 192 216 228 209 122 16 10 7 7 5 4 6 11 18 21 27 51 47 35 54 67 
142 140 139 136 135 137 140 141 148 134 83 108 146 140 139 136 147 185 218 227 224 227 231 232 234 233 234 234 235 234 233 234 230 238 219 178 148 139 138 142 141 144 151 144 143 142 144 147 150 152 143 149 151 132 91 118 149 148 150 152 154 156 156 156 155 155 157 159 159 159 158 151 151 161 150 115 103 153 155 161 162 156 151 149 158 162 163 162 150 165 174 159 155 153 154 158 159 147 89 28 130 167 165 162 151 161 150 155 168 142 163 165 149 150 152 153 152 150 149 148 148 132 79 50 61 83 66 80 108 96 77 98 111 137 166 171 187 166 171 193 121 81 67 42 23 17 16 21 22 29 30 33 41 37 26 26 30 35 156 207 130 48 17 9 11 41 56 104 138 111 65 40 20 11 9 6 5 5 4 5 5 6 5 6 6 6 6 7 7 7 9 9 8 9 8 9 10 10 11 12 15 14 13 11 8 6 7 6 6 6 5 5 5 5 6 5 5 5 6 6 6 6 7 4 10 8 8 11 19 59 111 169 205 109 11 8 8 7 9 14 23 35 45 56 50 67 67 58 67 64 
95 91 87 83 81 79 78 79 78 71 54 73 101 110 114 111 104 123 186 240 233 226 227 227 237 246 246 236 219 210 229 238 222 200 152 111 113 119 114 112 122 122 112 114 111 107 103 101 101 101 99 98 88 78 62 97 134 133 133 132 130 123 116 111 114 116 115 111 107 103 100 99 102 106 88 76 85 143 149 133 129 126 126 125 125 119 111 118 111 110 99 98 139 169 150 156 166 148 89 34 111 158 153 142 142 132 74 61 74 58 73 73 60 62 61 60 59 58 57 56 55 53 31 17 16 22 16 33 63 55 24 26 30 45 68 80 123 167 200 216 200 194 183 162 155 128 100 80 46 31 17 14 15 14 13 19 26 45 133 227 168 82 35 10 16 123 154 127 104 64 56 70 52 43 48 43 47 53 51 54 60 58 55 55 56 54 54 57 58 61 67 70 70 77 76 82 88 91 93 100 100 99 99 94 79 68 66 49 42 37 32 28 26 25 19 15 13 13 13 13 11 13 11 11 10 4 7 7 10 10 14 41 101 87 19 19 20 17 21 34 50 56 57 63 50 57 59 58 65 61 
19 17 15 14 13 13 12 13 12 10 9 13 19 24 24 26 24 24 54 129 210 245 241 227 228 243 244 233 232 244 243 182 92 50 39 31 29 33 30 26 27 27 24 25 24 22 21 20 19 19 16 17 13 14 12 22 32 31 30 28 27 25 24 24 22 21 21 20 19 18 17 16 17 19 14 16 24 49 53 42 33 27 27 29 31 31 29 30 28 27 25 32 55 64 61 60 61 60 42 16 38 50 46 49 46 44 35 36 41 33 38 39 38 45 46 47 48 50 52 53 54 51 53 58 49 62 69 53 26 22 60 90 71 78 106 113 132 156 184 189 200 208 221 224 219 199 198 179 154 180 127 80 49 31 22 18 13 21 77 218 182 86 34 8 18 136 117 49 50 72 126 168 158 166 181 176 171 168 160 161 168 160 153 158 163 158 155 156 151 152 163 172 168 140 134 141 141 147 145 159 145 147 162 177 172 164 169 164 159 156 152 148 139 131 137 134 127 125 127 123 114 108 87 99 61 17 21 7 8 9 8 9 31 56 47 58 44 32 31 46 62 62 54 57 51 55 56 55 58 56 
5 4 4 4 5 5 5 4 6 6 4 4 5 4 4 5 6 4 7 43 140 225 240 235 237 241 238 227 219 183 110 47 13 7 9 10 10 10 12 12 11 12 14 14 15 16 17 18 18 18 23 25 21 28 29 30 28 31 34 37 40 42 43 44 50 53 55 59 61 63 64 65 65 72 62 78 69 59 61 76 85 95 102 101 96 95 101 104 112 122 124 81 30 7 4 4 3 3 4 3 3 4 3 5 3 15 89 177 165 170 158 168 183 179 181 183 184 185 186 187 187 184 191 187 188 193 210 168 101 78 157 196 192 199 194 181 189 178 189 177 188 176 178 161 189 202 170 82 53 125 210 200 212 210 180 136 90 61 75 175 171 44 5 3 15 55 46 57 109 175 193 191 196 188 172 179 183 186 193 199 198 180 174 193 204 197 190 184 172 170 185 202 206 197 178 175 165 175 171 195 185 173 177 187 177 164 167 174 172 170 174 179 181 178 171 167 167 172 178 178 173 190 179 166 96 31 43 24 13 8 18 30 46 64 60 60 48 35 31 40 52 54 51 60 60 64 63 59 57 57 
25 26 27 27 29 32 37 32 45 40 36 41 42 35 37 40 43 49 49 48 89 169 218 231 242 235 224 212 176 113 79 71 80 79 79 81 85 86 91 97 89 100 95 110 113 115 114 119 123 116 135 141 120 137 146 142 151 151 151 158 168 172 170 161 172 168 172 181 188 171 180 180 175 177 161 198 193 161 165 187 181 179 185 172 171 177 183 186 177 172 184 156 68 21 3 2 2 2 2 2 2 3 2 3 2 15 124 198 180 183 177 180 185 155 154 169 186 175 183 180 174 185 191 180 195 182 185 184 187 179 193 196 189 197 190 199 203 199 212 199 203 205 197 219 216 192 194 162 122 132 120 129 129 140 157 177 187 197 187 218 201 67 6 5 9 40 77 149 190 218 216 209 232 218 213 231 225 217 220 225 218 194 185 211 229 221 208 192 194 200 209 221 230 224 196 183 178 180 195 186 198 190 175 191 182 173 169 181 175 165 162 167 172 173 172 171 173 176 176 171 164 166 171 167 119 51 44 23 12 17 37 60 67 64 62 63 46 37 35 43 54 56 54 51 53 56 56 55 56 59 
115 119 121 116 109 114 128 115 146 124 119 123 130 125 119 129 128 146 142 132 152 180 188 185 207 197 182 178 170 180 171 164 181 174 187 170 173 184 178 178 168 182 164 182 188 183 176 187 195 178 180 196 187 179 188 174 195 180 189 174 180 177 187 184 185 184 181 175 210 173 187 191 203 197 185 187 197 202 202 201 190 196 210 180 199 199 196 201 193 206 197 190 94 31 3 2 2 2 2 2 2 2 2 2 2 21 177 214 224 201 223 200 152 96 69 78 176 204 215 224 222 204 219 222 216 211 209 203 201 216 207 223 206 222 203 196 206 210 205 201 202 227 220 195 206 223 227 235 216 222 182 152 158 129 83 80 119 172 167 173 199 120 24 11 17 78 173 136 178 214 159 162 213 145 189 235 235 238 239 236 230 203 180 210 240 231 209 187 214 228 223 229 236 223 164 138 154 124 180 82 167 147 143 188 177 181 168 167 167 168 172 176 176 174 173 172 171 171 165 151 136 119 110 107 88 48 22 16 23 37 54 58 56 60 58 51 44 36 38 48 56 56 54 55 56 57 56 54 54 55 
176 185 192 181 158 146 150 147 193 188 183 158 146 150 150 160 165 141 148 168 169 186 187 175 201 201 194 205 203 206 190 201 199 196 209 194 201 209 202 198 218 189 204 198 208 202 209 212 205 216 219 200 212 203 212 223 210 209 231 202 216 219 220 214 189 200 218 208 225 220 211 186 217 215 211 225 195 212 216 194 191 223 231 216 213 188 222 224 208 226 237 231 120 34 3 2 2 2 2 1 2 2 2 2 2 26 164 181 118 117 144 165 96 76 116 69 145 151 159 237 217 148 168 134 163 190 106 107 94 121 186 143 151 209 121 83 92 160 141 92 208 216 198 98 131 239 231 229 227 238 145 74 177 114 40 32 41 162 147 70 150 154 45 44 42 53 174 62 100 189 77 62 162 68 111 221 243 238 241 236 230 204 180 207 234 226 212 174 165 178 211 240 229 189 79 54 60 43 79 26 103 34 109 196 178 185 176 170 170 171 172 168 159 149 143 127 104 86 73 57 43 31 21 16 16 13 15 27 46 57 57 54 54 57 56 51 44 40 43 52 56 54 52 54 57 59 60 59 59 60 
174 191 214 217 193 173 174 186 221 223 205 211 166 185 189 208 188 193 157 174 178 193 226 233 230 212 228 231 206 201 205 196 186 222 225 196 187 170 159 177 158 141 213 227 234 225 237 224 199 238 217 172 172 227 214 154 171 210 128 106 131 191 182 135 136 90 138 225 108 95 100 83 132 134 122 229 158 89 140 124 84 153 230 233 149 108 205 228 210 208 228 229 128 34 3 1 2 1 2 2 2 1 2 2 2 21 111 76 103 102 70 93 59 52 77 55 151 107 94 212 202 110 166 88 80 155 30 81 111 65 100 55 123 130 53 126 81 85 111 56 177 212 216 86 103 224 232 236 229 195 168 53 99 62 124 148 57 78 193 59 116 143 65 148 168 67 104 58 86 146 34 24 142 62 101 213 247 232 229 234 234 212 189 217 243 230 190 117 116 172 230 244 219 192 91 51 73 41 101 38 84 57 97 192 182 183 174 163 150 130 109 89 71 59 46 34 22 16 14 14 14 16 23 29 29 32 42 50 57 58 50 49 51 49 46 44 38 37 42 48 49 48 47 47 51 54 56 56 56 56 
171 191 226 242 220 197 200 214 230 225 208 173 126 139 119 120 103 130 107 165 175 199 232 242 238 235 231 169 106 120 85 53 60 74 178 90 54 62 45 39 36 57 183 232 236 226 235 204 173 229 214 116 101 212 198 92 117 102 45 48 51 93 107 72 117 51 85 214 51 67 110 63 90 98 63 220 91 18 83 106 39 67 82 76 53 82 220 223 185 185 235 232 124 35 3 1 2 1 2 2 2 1 2 2 1 16 83 36 76 102 107 122 64 56 101 47 81 102 92 227 206 95 127 79 92 174 51 175 228 122 56 52 116 63 121 228 173 79 63 39 184 232 213 84 99 214 240 218 229 235 137 50 82 68 186 230 111 41 202 80 104 132 83 203 243 89 122 67 57 99 31 35 72 42 104 214 242 239 235 237 238 219 197 221 240 214 164 121 132 169 203 229 236 240 194 146 191 132 197 130 170 204 152 174 131 91 71 56 44 29 19 14 11 11 10 12 17 27 35 42 46 56 55 54 63 62 54 61 67 58 51 54 55 47 46 47 41 40 44 49 51 52 55 55 57 59 57 53 50 49 
174 188 219 226 188 151 146 182 215 220 206 72 38 33 33 29 39 34 69 173 185 219 230 224 243 240 219 188 180 151 49 101 161 47 129 166 49 105 176 162 90 21 151 239 241 239 235 198 181 236 215 83 84 211 209 96 76 41 111 211 149 67 89 71 182 109 68 190 65 50 92 57 74 91 60 198 67 89 73 127 68 18 67 49 32 136 232 231 167 137 204 230 145 39 4 2 2 1 2 1 2 2 2 2 2 19 111 101 57 64 28 75 72 119 205 112 72 81 88 225 170 72 143 95 78 182 48 155 212 127 62 58 96 59 100 197 159 60 91 47 42 55 61 33 103 221 239 234 197 147 54 40 92 45 124 148 62 90 148 35 80 139 47 83 85 49 112 85 22 46 103 117 34 11 90 222 223 243 244 240 242 218 187 202 211 195 205 211 195 173 192 222 208 190 195 199 179 202 156 193 149 110 69 33 15 11 12 9 9 12 18 27 36 43 51 58 67 71 69 69 70 66 61 57 56 57 58 63 68 66 59 57 53 48 50 53 46 43 45 51 55 58 62 59 63 66 65 63 62 62 
184 197 227 227 171 121 108 167 214 222 198 107 79 91 70 89 60 110 84 175 175 211 239 238 242 225 227 245 238 163 66 166 226 103 99 201 90 136 216 225 160 35 158 232 233 237 216 179 182 226 232 113 77 183 177 72 96 49 83 212 149 70 92 56 178 108 51 202 79 41 83 80 141 124 68 133 75 148 73 98 103 35 166 135 59 190 221 239 169 119 184 222 155 39 4 2 2 2 2 1 2 2 2 2 2 18 130 96 100 125 65 73 59 53 95 52 88 131 48 71 69 39 110 92 75 189 25 58 68 64 126 82 100 141 59 56 55 92 131 44 52 82 71 38 97 230 232 227 123 55 54 90 170 117 65 66 78 145 115 23 41 108 109 70 68 110 179 101 6 40 163 186 60 8 87 232 228 239 235 236 238 214 181 189 194 178 189 192 182 163 168 164 129 137 119 78 56 33 21 16 12 10 14 16 16 24 29 42 50 60 71 78 77 73 68 66 66 65 64 66 68 59 56 58 50 52 64 61 58 62 56 51 48 45 43 43 41 37 39 44 47 48 49 50 52 55 57 57 59 61 
140 173 220 226 179 141 136 167 208 227 215 205 169 189 172 199 159 224 161 178 189 195 229 236 228 222 237 232 218 171 57 100 127 76 114 169 70 103 197 239 158 31 140 241 237 239 215 182 193 234 224 128 40 73 74 35 104 113 49 79 68 108 135 77 122 60 29 163 103 57 89 80 157 122 77 117 108 194 131 85 131 61 77 89 99 213 229 237 177 149 214 224 147 38 4 2 2 2 2 2 1 2 2 2 2 13 140 149 100 93 123 171 144 108 100 119 181 193 129 109 130 130 171 151 135 182 45 120 134 155 212 102 79 223 171 121 142 201 166 55 145 226 220 100 96 217 229 239 188 183 189 205 220 223 189 193 215 217 204 81 105 208 224 206 194 209 232 73 15 81 198 213 95 18 81 226 242 238 223 231 235 211 180 177 171 150 140 125 113 91 66 48 33 19 12 10 12 14 20 21 30 36 40 53 58 73 76 79 80 79 79 77 73 68 63 60 60 61 63 61 57 59 58 52 53 54 52 53 55 54 53 51 49 47 42 39 38 35 37 43 46 46 45 49 49 48 47 46 46 46 
41 74 117 130 123 127 145 154 167 184 191 188 184 182 184 182 180 182 185 183 177 197 231 247 239 234 241 230 226 172 52 57 74 75 165 122 31 61 154 224 172 32 138 241 234 236 224 193 192 226 234 194 122 99 121 137 165 204 158 138 149 199 189 132 148 78 43 156 194 134 137 148 210 164 125 186 180 236 206 177 199 108 33 46 151 231 231 235 193 187 225 215 154 40 4 2 2 2 2 2 2 2 2 2 2 11 153 232 212 206 227 235 228 227 225 224 239 239 224 232 243 223 230 164 138 158 75 193 233 231 227 111 100 229 233 232 236 236 175 83 153 232 226 135 120 212 235 245 230 241 236 230 239 245 235 228 243 219 241 189 186 236 227 226 232 230 225 117 65 132 219 239 168 86 112 220 244 234 213 215 201 159 118 93 73 56 39 28 17 12 11 13 15 20 27 35 43 53 61 63 64 69 76 81 82 80 77 78 77 74 72 68 65 62 58 55 54 55 59 60 60 60 60 60 60 59 59 59 58 56 57 56 55 52 49 47 45 44 46 53 58 58 54 53 52 51 50 50 50 50 
8 10 14 18 22 29 37 48 61 80 95 107 124 142 160 169 176 181 183 181 178 196 224 235 229 227 236 230 224 174 71 146 185 203 215 169 89 119 200 236 163 43 128 223 225 241 243 218 206 222 220 228 214 222 221 206 232 239 227 227 225 231 177 117 191 190 144 215 239 230 232 225 228 177 124 205 227 217 225 224 236 195 64 73 211 238 229 235 214 214 238 218 157 45 5 2 2 2 2 2 2 2 2 2 3 10 137 241 235 230 239 238 229 231 236 227 231 238 235 242 238 238 242 167 154 203 146 221 236 227 226 175 181 224 231 245 230 231 218 174 206 231 238 199 184 234 236 233 217 228 227 217 220 226 220 222 240 212 244 235 225 239 228 224 234 224 216 190 186 223 226 209 211 182 174 178 162 137 105 93 74 44 23 13 10 9 12 15 22 32 43 51 56 62 69 74 76 83 87 87 80 82 85 85 82 78 75 76 73 69 66 64 63 63 59 58 60 62 63 65 67 66 66 66 67 68 69 69 67 64 63 61 59 56 54 52 49 50 54 60 64 61 57 53 53 53 53 53 54 55 
49 40 30 23 19 15 12 9 10 12 14 19 29 41 56 69 88 111 131 149 164 189 220 243 246 247 249 244 228 170 87 175 209 246 220 233 208 212 241 241 172 88 158 236 232 239 241 227 213 217 243 243 229 232 244 232 228 235 223 222 223 243 217 186 187 237 210 215 242 226 211 223 238 227 174 219 240 227 238 236 214 226 190 195 232 222 220 223 223 226 232 207 149 47 6 2 2 2 2 2 2 2 2 2 3 8 112 219 223 223 228 224 219 226 231 216 217 226 225 231 223 215 224 202 212 239 207 220 214 212 225 209 216 218 221 218 202 203 204 203 195 190 211 198 202 207 205 201 194 209 217 206 203 205 200 200 211 206 201 193 187 194 199 188 198 197 182 179 183 166 131 111 103 78 61 45 31 25 17 13 14 14 19 30 39 47 60 64 72 79 84 84 81 77 78 73 68 71 76 78 82 82 84 84 82 81 79 80 78 75 72 72 72 71 70 72 75 74 72 72 75 74 73 74 75 75 76 76 75 72 70 67 64 62 61 58 52 53 56 60 62 61 58 55 54 53 52 50 50 50 
73 72 72 74 75 72 68 62 54 41 30 21 15 11 9 9 10 13 19 30 43 88 133 164 190 204 201 189 207 239 222 216 201 244 225 213 217 208 209 224 209 192 234 221 213 210 212 210 202 196 206 201 187 191 210 203 177 207 220 232 214 208 188 189 208 198 206 220 192 208 219 196 202 189 182 211 215 194 200 228 189 179 203 193 186 209 193 190 197 193 193 175 120 42 5 2 2 2 2 2 2 3 2 2 2 3 77 184 197 199 201 197 198 205 207 198 200 198 185 189 189 190 201 202 195 180 180 179 183 191 196 190 195 194 190 182 191 199 187 190 175 170 185 171 189 176 180 181 182 193 183 179 181 185 179 172 170 178 180 197 195 179 174 157 149 139 101 71 55 34 23 19 13 8 10 14 15 23 34 49 58 67 74 80 81 79 77 75 75 75 75 72 69 65 74 78 80 81 82 79 78 79 80 82 83 84 84 79 79 80 80 79 77 76 77 81 85 83 80 79 81 81 79 79 79 78 78 77 78 78 75 73 70 68 67 66 63 61 61 62 64 66 66 64 61 58 56 54 53 52 
79 80 81 83 83 83 83 95 94 91 91 89 81 73 57 47 36 24 17 12 9 8 8 11 17 33 54 77 86 97 132 138 149 158 168 172 180 181 175 182 179 179 179 170 176 180 186 193 189 177 188 169 180 186 173 165 176 161 151 162 174 198 192 190 196 182 178 192 187 173 181 176 188 174 195 192 184 179 160 148 157 175 174 163 169 180 181 177 184 172 176 165 104 36 5 2 2 2 2 2 2 2 2 2 2 4 71 181 195 193 189 186 185 186 159 145 154 155 147 162 177 190 194 197 191 187 194 191 194 197 179 188 193 187 176 185 172 187 175 168 164 161 163 182 191 184 188 187 183 187 184 187 192 197 195 184 174 172 143 121 106 87 69 49 24 15 9 7 9 11 14 19 29 37 54 71 77 86 83 87 87 85 83 85 90 90 83 80 79 80 81 81 80 83 86 83 80 81 85 84 81 82 83 84 83 83 82 77 78 81 83 83 82 80 76 76 79 82 82 82 82 80 78 78 78 76 75 75 76 77 77 75 74 71 70 69 70 68 65 64 65 68 70 69 68 66 65 64 65 65 
92 90 89 89 90 90 89 94 92 90 88 87 88 89 93 91 83 73 62 50 41 36 33 28 23 16 11 9 10 11 18 33 56 56 78 105 122 141 152 161 170 179 177 179 184 179 174 180 178 165 179 181 185 163 167 184 173 179 179 187 178 177 166 178 165 167 171 173 194 183 176 177 187 185 203 175 182 189 190 154 161 157 163 168 172 178 177 180 190 172 183 177 101 33 6 3 2 2 1 2 2 2 2 2 3 4 63 186 200 195 190 189 188 185 152 133 141 145 144 165 184 188 184 193 193 190 180 189 182 184 173 177 172 187 166 192 190 192 193 185 193 195 187 189 179 186 186 187 184 182 183 174 158 140 121 100 85 66 43 22 15 12 9 10 14 18 26 32 36 46 52 62 76 74 74 71 71 82 77 75 81 87 87 83 79 81 85 85 86 88 87 83 80 87 86 79 72 73 77 79 81 82 84 84 82 79 77 75 75 76 78 79 81 82 77 74 75 79 80 79 75 74 75 75 75 75 75 75 75 75 75 76 75 73 71 70 72 71 70 68 67 68 69 68 67 66 65 66 66 67 
90 89 88 89 91 91 90 89 90 91 90 89 89 91 93 89 84 81 82 81 79 77 75 74 70 59 47 39 31 22 16 11 10 9 10 13 21 33 47 61 83 104 116 131 149 164 172 180 186 185 189 172 177 177 173 173 176 184 178 179 180 186 176 172 174 168 176 170 169 185 177 167 169 167 176 172 182 185 195 173 177 148 159 178 169 195 175 178 184 173 184 172 104 33 6 4 3 3 4 3 5 5 6 7 9 9 56 172 188 186 188 191 194 193 155 160 136 133 195 193 200 197 186 185 180 177 169 180 175 180 187 188 180 196 183 193 183 178 181 177 184 190 190 185 173 174 161 147 131 120 91 77 58 39 26 16 10 8 13 19 24 29 35 41 49 53 60 62 61 64 65 66 69 65 66 63 60 68 71 72 73 74 76 78 82 84 80 81 82 83 79 73 68 67 71 71 69 69 71 73 75 78 80 79 77 74 71 70 70 70 71 72 74 75 72 71 72 75 76 74 71 72 73 73 72 71 71 71 69 68 69 71 71 70 69 68 69 70 69 66 63 63 63 62 61 61 60 61 62 62 
89 89 90 91 90 90 90 92 92 91 90 89 89 88 89 87 85 85 87 87 86 84 83 83 80 74 67 61 59 55 47 40 37 33 29 24 15 12 10 9 12 17 22 35 49 66 79 91 109 127 139 154 171 180 178 174 173 178 173 167 168 173 176 177 176 179 180 178 182 184 175 167 169 168 171 184 178 181 191 180 176 148 143 184 189 206 183 181 181 178 184 167 116 57 33 40 43 39 44 43 45 45 51 44 42 38 94 174 184 180 181 181 184 186 133 121 126 117 191 204 208 181 173 173 179 190 196 196 189 181 180 176 171 172 178 182 182 185 186 180 167 153 143 123 105 84 64 47 33 25 13 11 10 13 19 26 31 38 49 60 66 70 75 76 75 72 67 66 67 68 68 67 68 69 67 62 61 62 65 66 65 64 66 70 74 77 78 76 72 69 63 57 53 51 53 54 53 54 58 63 65 69 71 70 67 64 63 61 62 64 64 64 63 62 61 62 65 67 67 66 65 65 66 64 61 59 58 57 55 54 55 57 58 58 58 57 55 57 57 54 51 51 53 53 52 52 51 51 52 52 
83 84 85 86 86 85 85 86 87 86 86 87 86 86 85 85 87 91 90 86 79 73 72 72 72 71 69 67 65 63 62 61 62 62 62 63 64 57 48 39 31 25 22 16 12 9 10 15 22 28 37 51 72 91 107 125 145 156 164 173 179 179 175 171 173 179 181 177 179 186 186 184 188 181 177 184 175 178 209 204 166 163 141 159 209 197 179 176 177 172 177 163 118 56 32 36 42 42 47 45 48 47 51 40 36 33 82 180 190 185 183 184 187 189 137 87 176 124 100 172 232 206 198 193 185 179 181 188 185 178 182 189 193 192 188 182 168 144 117 93 71 52 40 25 19 12 10 11 14 16 27 34 42 49 54 60 65 66 74 78 76 76 81 84 79 74 70 69 70 70 70 65 62 62 62 62 60 56 56 56 54 53 53 57 61 65 68 66 62 58 54 50 49 48 50 51 51 53 56 60 59 62 64 63 59 56 55 50 49 50 50 50 48 46 49 51 52 54 54 53 52 50 49 48 46 44 42 41 40 39 40 41 42 42 42 42 41 44 46 46 45 45 46 46 44 43 41 40 40 39 
73 72 72 72 74 76 78 76 77 79 82 85 88 90 87 83 78 75 74 73 71 65 62 64 67 71 75 78 75 69 70 70 70 72 77 77 72 75 77 78 78 76 75 75 62 48 36 26 18 13 11 10 10 11 14 21 30 46 63 88 116 139 157 169 171 179 186 180 175 177 178 175 178 171 165 175 175 190 213 153 83 122 112 106 215 209 165 164 169 164 168 161 120 39 16 11 11 11 13 11 12 11 13 12 15 21 56 144 156 156 158 164 173 180 125 121 230 185 139 181 224 193 178 181 183 184 185 187 190 188 180 167 145 112 83 63 41 30 20 14 11 10 11 17 23 34 48 60 65 65 74 77 77 74 72 72 73 67 70 71 69 73 82 87 80 75 71 70 71 72 71 62 55 52 54 59 59 56 52 53 58 63 67 68 66 66 71 69 65 60 57 55 56 56 58 60 63 65 68 70 63 65 66 63 58 56 54 46 45 46 46 46 45 43 43 43 43 44 43 42 42 42 43 43 41 39 37 36 35 35 36 36 37 37 37 36 38 39 40 40 42 43 44 42 41 39 37 36 36 36 
80 75 70 67 67 71 75 73 74 76 80 83 85 87 85 80 73 71 72 75 76 72 69 70 73 76 80 83 88 92 89 86 83 85 89 91 87 89 91 93 94 95 93 84 85 83 81 81 82 85 64 55 44 34 25 18 13 9 8 9 12 18 29 40 56 74 101 123 142 156 162 170 184 184 182 184 173 178 216 181 92 117 101 91 197 191 168 170 178 175 177 178 153 116 105 96 84 70 65 65 58 56 64 76 92 112 150 182 185 182 182 185 190 194 172 152 108 83 112 172 211 190 185 184 185 176 151 124 99 74 51 31 18 12 10 10 12 18 26 34 43 54 68 90 87 86 86 86 84 82 81 77 76 78 81 82 80 79 83 82 78 80 85 85 86 84 82 81 82 81 79 72 65 60 62 70 76 76 73 73 78 84 88 88 86 85 85 84 78 69 62 59 61 62 64 68 72 75 75 75 72 73 72 67 62 58 57 57 59 60 60 60 59 58 53 51 51 49 48 47 46 46 47 47 46 45 43 41 40 41 41 42 42 42 42 41 40 37 36 36 38 40 41 37 37 36 36 36 36 36 
89 83 76 71 70 72 74 74 75 75 76 77 78 78 79 78 78 81 84 85 84 84 84 83 83 83 83 83 85 87 84 81 82 84 85 86 88 86 83 80 79 78 77 80 86 87 84 80 82 87 95 93 92 90 82 69 57 45 39 33 26 19 14 11 9 10 13 19 31 48 61 77 97 113 130 150 153 166 198 192 142 139 135 151 228 196 171 174 184 179 178 185 175 180 177 173 174 172 163 158 152 149 160 175 181 187 194 174 171 173 174 175 177 178 206 178 119 107 113 161 191 153 125 95 67 46 31 21 14 11 11 14 19 28 37 46 58 69 79 82 86 97 105 90 85 80 79 81 84 85 89 88 88 90 89 84 77 79 82 82 80 81 84 82 86 87 85 85 85 84 81 79 75 71 72 80 88 90 92 95 94 94 95 98 101 102 98 96 89 76 64 59 60 67 69 73 78 80 79 76 73 73 72 69 65 62 62 65 67 67 67 66 64 62 57 55 54 51 50 48 47 46 45 46 47 46 44 43 42 43 43 44 44 43 43 43 42 39 38 38 39 40 38 36 35 35 36 36 37 37 
78 77 74 72 71 71 71 71 72 72 72 73 73 74 76 76 74 76 78 78 77 76 76 76 76 74 73 72 72 71 70 74 80 81 77 74 75 75 74 73 73 73 71 67 67 65 61 59 61 64 75 76 78 78 77 76 75 78 76 72 68 63 55 48 40 34 25 17 13 12 11 12 16 22 31 48 60 80 116 150 144 145 169 183 204 185 175 177 186 179 173 181 173 165 172 168 173 180 173 173 176 174 176 180 173 181 178 174 176 179 181 181 179 176 162 149 138 119 96 79 62 39 23 16 12 13 17 22 29 36 45 54 62 70 77 82 85 85 84 82 83 89 94 80 79 79 81 83 83 82 81 83 85 84 81 81 81 80 81 81 80 84 88 86 86 85 83 84 84 82 79 79 77 76 77 82 87 88 92 96 97 100 103 106 107 107 102 104 98 85 72 66 66 71 72 77 82 85 81 76 68 70 70 69 67 67 68 69 70 69 67 63 60 57 55 53 51 48 46 44 44 45 47 48 50 50 49 48 47 48 48 49 49 48 47 47 46 46 46 48 48 45 41 41 40 40 40 41 41 41 
70 71 70 70 70 69 69 67 64 61 61 62 63 63 65 66 64 65 65 64 62 60 58 57 57 56 56 56 54 52 54 57 61 60 57 53 54 56 58 60 62 63 62 56 50 47 46 48 53 59 66 66 66 66 64 65 70 72 72 73 76 78 77 75 75 73 65 57 52 48 44 37 29 22 15 11 11 13 20 32 38 48 71 87 103 116 131 145 165 174 177 184 182 169 179 178 172 168 167 173 170 168 169 173 173 182 181 172 166 158 147 129 106 89 69 55 38 19 17 15 14 18 22 30 38 47 54 60 68 74 78 81 81 82 82 83 83 82 81 80 82 86 89 82 80 82 81 81 84 81 83 83 83 81 80 82 85 83 84 86 86 88 88 86 87 87 86 87 86 85 83 80 79 78 80 82 83 83 87 90 92 95 99 104 108 109 107 111 106 93 80 74 74 77 79 83 85 83 77 72 63 63 63 62 61 62 64 63 62 61 59 56 53 50 47 46 45 43 42 43 44 47 50 54 56 57 56 56 56 56 57 58 59 58 56 55 57 57 57 55 53 50 48 46 45 43 41 41 42 43 
65 65 65 64 64 63 63 55 50 46 45 46 47 47 49 50 52 53 53 51 49 45 43 42 42 42 43 43 42 41 42 44 44 43 41 41 44 48 52 57 60 62 62 55 50 49 50 51 56 62 66 64 64 64 62 62 67 68 69 72 73 74 73 72 75 75 74 74 74 73 73 74 72 66 60 52 45 38 28 18 14 11 10 13 19 25 35 45 60 80 102 123 138 154 163 172 175 176 176 176 178 183 185 175 154 132 117 99 80 59 45 33 23 15 11 11 15 22 32 42 51 58 65 73 77 78 78 78 79 79 78 78 79 81 84 84 82 82 81 80 81 86 89 83 79 82 80 79 85 81 83 82 82 82 83 84 85 85 87 90 92 93 92 91 90 90 90 91 90 88 87 82 79 79 80 81 81 81 82 82 82 82 85 89 94 98 103 106 101 89 77 72 72 76 77 78 77 75 71 68 62 61 60 58 57 57 57 55 54 53 51 49 47 46 46 46 45 44 44 44 47 49 52 54 55 54 55 59 61 62 62 64 66 64 60 59 63 63 62 59 57 54 53 50 48 45 44 44 46 47 
49 48 48 48 47 47 47 40 38 37 35 35 36 38 41 43 45 48 48 46 43 41 41 40 41 41 42 43 42 41 43 43 43 41 39 39 43 46 50 54 57 58 57 51 49 50 50 51 56 66 69 66 66 66 64 64 69 70 71 73 74 74 73 72 70 71 74 76 78 78 77 78 80 82 85 85 80 73 69 67 61 50 39 27 20 16 12 10 9 11 16 21 27 50 63 83 105 125 142 152 143 124 97 71 49 32 22 16 12 8 8 12 19 26 39 51 65 75 78 78 81 82 83 84 81 76 74 75 77 78 78 78 79 81 83 83 81 81 80 79 80 84 87 81 78 82 80 80 86 83 83 82 82 82 83 84 84 85 87 87 88 90 91 91 91 90 90 90 90 88 88 82 78 78 79 79 79 80 79 79 79 79 79 81 81 83 90 92 90 81 73 70 70 70 68 67 66 67 68 70 68 68 68 66 64 61 59 58 57 55 52 51 51 51 55 57 58 56 55 55 57 56 54 52 50 50 53 59 62 62 63 65 66 63 58 55 59 58 59 61 60 56 52 50 48 46 46 47 49 50 
36 36 36 36 36 36 36 37 38 39 37 36 38 41 43 45 48 50 51 50 48 51 53 52 50 50 49 49 49 50 51 52 51 48 47 45 44 46 48 49 49 48 47 48 50 52 53 52 58 69 71 68 67 66 62 61 66 68 70 72 74 75 75 74 73 74 77 78 78 76 74 75 75 72 71 73 76 76 76 74 74 74 74 75 76 73 58 49 39 30 23 18 14 7 7 8 10 15 21 27 25 15 8 5 6 7 7 8 14 25 39 51 59 65 71 75 78 77 74 72 72 74 75 76 76 77 79 81 82 80 79 79 78 77 76 77 79 78 78 77 78 82 85 79 76 81 80 80 87 83 84 83 82 83 84 84 85 85 84 82 81 81 82 83 83 84 84 84 83 82 81 78 77 77 77 77 77 77 77 78 79 80 80 79 77 77 78 80 80 78 75 75 74 69 68 67 67 69 73 75 73 74 74 72 69 64 61 60 59 57 57 58 60 63 64 66 68 68 66 67 68 65 61 57 54 54 56 61 63 63 65 68 69 67 61 58 57 55 58 63 65 60 55 53 52 50 49 49 50 51 
39 38 38 39 39 39 39 40 41 43 42 40 42 45 45 45 47 50 51 52 51 57 61 58 55 52 50 49 50 52 53 54 53 51 48 46 43 44 44 45 46 46 46 51 53 57 57 55 59 69 66 62 61 59 55 54 58 63 64 67 70 72 72 71 71 73 75 76 76 74 72 74 74 69 67 68 71 71 71 70 69 69 69 69 68 69 70 74 75 71 65 62 59 45 38 28 20 15 13 13 16 22 23 17 12 15 21 37 47 59 68 72 74 77 82 80 75 75 79 81 81 77 74 75 77 78 77 75 76 77 78 78 77 76 75 75 77 77 75 74 76 80 83 78 74 79 77 78 85 81 83 83 82 82 84 85 85 85 84 82 80 78 77 77 78 79 80 80 79 78 77 76 75 75 75 75 75 74 73 71 74 75 76 75 74 73 71 72 74 74 75 76 76 69 70 70 72 73 74 75 74 75 76 75 71 66 63 60 59 59 60 63 66 70 73 76 77 77 73 70 69 69 68 66 64 63 63 63 64 65 68 71 74 73 70 65 61 59 61 66 69 66 61 64 62 60 58 58 57 57 
39 39 39 39 40 40 40 39 39 39 39 39 40 40 43 43 44 46 48 51 53 61 66 64 62 60 59 58 56 53 55 56 56 54 52 49 44 43 43 44 47 49 51 49 50 52 54 52 53 58 57 54 54 54 51 51 55 64 67 69 71 72 71 70 69 69 70 71 72 72 72 70 69 69 69 71 69 66 67 70 73 76 77 75 72 69 67 70 71 69 67 69 73 77 73 68 62 59 59 61 66 81 81 57 37 39 54 64 70 76 78 78 78 79 79 77 74 74 76 75 72 72 74 74 77 80 79 75 73 74 75 77 77 76 76 75 75 75 74 73 74 78 81 77 73 77 75 76 81 78 79 79 79 79 80 81 82 82 82 82 80 79 77 76 77 78 79 79 77 77 76 75 74 74 73 73 72 72 71 71 72 74 75 74 74 72 68 68 69 70 71 73 72 69 69 70 70 70 70 70 75 76 78 78 76 72 70 65 65 66 67 70 72 74 83 88 90 89 84 79 76 76 74 71 69 69 68 64 62 62 63 65 68 69 67 64 61 59 60 62 63 63 62 65 64 62 61 59 59 58 
37 37 37 37 38 38 39 38 36 35 36 37 37 36 38 38 38 38 41 45 49 55 59 59 59 61 62 63 60 54 56 58 58 57 55 53 49 47 44 45 47 51 53 49 47 48 51 50 48 49 52 51 52 54 53 55 60 68 70 71 71 70 67 66 67 68 67 68 68 69 69 71 71 70 70 71 70 68 67 67 68 69 70 70 70 70 70 68 68 70 71 70 69 71 71 72 73 76 82 87 90 96 93 78 66 64 72 72 71 72 72 72 73 73 74 76 77 77 75 76 78 79 76 75 75 78 79 76 74 75 76 77 76 74 72 72 74 74 73 72 73 77 80 76 72 76 74 73 78 74 75 75 75 75 76 77 77 74 75 78 79 79 77 75 75 76 77 77 76 74 74 73 73 73 72 72 71 71 70 71 71 71 71 71 71 71 73 70 69 69 69 69 69 70 69 67 66 66 66 67 69 70 72 73 72 71 69 68 69 70 70 71 71 71 78 85 91 92 90 86 84 82 77 72 68 69 67 65 62 61 59 60 61 62 61 61 62 61 59 58 58 60 61 60 59 59 58 58 58 57 
43 43 42 43 43 42 41 39 39 41 42 43 42 40 39 39 40 41 42 43 44 47 49 49 50 53 55 55 52 49 50 52 54 55 55 55 53 52 53 55 56 55 53 52 51 52 53 53 53 53 57 57 57 59 61 64 68 73 69 66 67 69 67 62 63 65 67 68 69 68 67 68 69 68 68 68 68 68 69 70 70 69 68 67 68 68 68 67 67 68 69 68 68 72 71 70 69 70 71 73 73 72 70 68 67 66 67 70 70 71 71 72 74 75 74 74 75 73 72 73 74 76 75 74 74 75 74 72 72 74 74 74 74 73 72 70 68 71 71 69 71 77 84 75 72 74 76 74 75 77 73 73 73 73 73 73 73 73 73 74 75 75 74 74 75 75 75 74 73 72 71 72 73 72 72 71 70 70 70 70 70 69 68 69 69 70 71 70 69 68 68 67 67 68 68 66 66 65 65 65 66 65 65 64 63 62 60 62 61 62 64 63 61 62 65 69 73 76 77 76 76 74 71 69 67 66 65 64 63 62 61 61 61 62 61 61 62 62 61 60 60 60 60 57 58 58 58 57 56 55 
52 51 51 53 55 54 53 52 53 55 55 54 52 50 48 48 49 50 50 49 49 48 46 45 46 49 49 48 48 48 49 51 51 52 52 53 56 57 59 62 65 64 62 60 60 60 60 60 60 60 64 64 63 64 65 67 69 72 69 67 68 70 70 69 66 66 68 69 69 68 66 67 68 68 68 68 68 68 69 70 69 68 68 68 68 67 67 67 67 67 67 67 68 69 69 69 68 68 68 68 70 68 67 66 66 67 68 70 71 71 72 72 73 73 74 74 74 74 74 74 74 74 74 74 74 74 73 72 71 71 71 71 71 71 71 70 70 72 74 76 76 75 74 78 78 76 73 70 71 73 73 73 73 73 73 73 73 72 72 71 71 71 71 72 72 72 71 70 69 69 68 69 71 70 70 70 69 69 69 69 68 67 67 68 69 69 69 68 68 67 67 66 67 67 67 67 66 66 65 65 62 61 59 57 55 54 53 55 53 56 60 59 56 56 58 59 62 64 65 66 65 64 63 63 62 61 60 60 61 62 62 62 61 61 61 61 61 61 60 60 60 59 59 59 59 59 59 57 55 53 
53 53 55 59 63 64 64 62 62 63 62 59 56 53 52 51 51 51 52 53 54 53 52 51 51 53 53 52 53 56 59 60 61 60 58 58 60 60 63 66 68 68 67 69 69 70 71 71 71 71 76 74 72 70 68 68 68 65 67 67 62 58 60 66 68 68 69 70 69 67 64 66 67 67 67 67 67 67 68 68 67 67 67 66 66 66 66 66 66 66 66 66 66 68 68 67 67 67 67 67 69 70 68 67 67 68 68 68 68 69 70 70 70 71 72 72 72 72 72 72 72 71 71 71 71 71 70 69 69 67 67 67 67 67 67 68 69 67 68 70 64 47 38 57 70 73 70 72 74 71 72 72 72 72 72 72 71 69 68 69 69 69 69 68 68 69 68 67 66 65 65 65 66 66 66 67 67 67 67 67 66 65 65 66 67 67 67 67 67 67 66 66 66 67 67 66 65 65 64 64 59 57 56 55 53 51 50 52 52 56 61 60 56 56 56 56 57 59 60 60 60 60 61 61 61 60 60 61 61 62 61 61 61 60 60 59 59 58 58 58 58 57 57 58 58 58 57 55 53 52 
49 52 58 64 67 66 64 58 58 58 57 55 52 50 50 49 49 50 52 55 58 60 60 59 60 63 63 62 61 63 66 69 71 70 67 66 67 69 72 75 75 71 68 73 74 74 75 76 77 78 78 77 75 73 71 69 69 61 65 64 53 42 42 48 62 67 68 68 68 67 65 65 66 66 66 66 66 66 66 66 66 66 66 65 65 65 65 65 65 65 65 65 66 67 67 67 67 66 66 66 67 68 67 67 66 66 66 66 67 67 67 68 68 69 70 70 70 70 70 70 70 69 68 69 69 69 69 68 67 67 67 67 67 67 67 67 67 65 63 60 48 31 23 44 64 72 70 73 73 66 71 71 71 70 70 70 70 68 68 68 68 68 68 68 67 67 66 66 65 64 64 64 64 65 65 66 67 67 66 65 64 64 63 64 65 65 66 66 65 65 64 64 64 66 66 65 65 64 64 63 60 60 60 60 59 59 59 59 58 62 66 65 61 60 58 58 58 59 60 60 60 60 60 60 60 60 61 61 61 61 60 60 59 59 59 58 57 57 56 56 56 55 55 54 54 54 53 53 53 52 
50 56 65 74 76 72 65 57 56 57 57 56 54 53 53 54 55 57 61 65 68 69 68 67 69 71 72 71 70 71 73 74 73 69 66 65 68 72 78 81 81 75 71 76 75 74 73 71 70 69 69 69 69 68 67 66 65 61 65 63 52 41 40 46 59 64 65 66 66 66 66 65 64 64 64 64 64 64 64 64 64 64 64 65 65 65 65 65 65 65 65 65 66 67 67 67 67 66 66 66 66 66 66 65 65 64 64 65 65 66 66 67 67 67 68 68 68 68 68 68 68 67 67 67 68 68 68 67 68 68 68 68 68 68 68 68 68 68 68 63 54 44 41 57 71 72 65 66 68 64 69 68 69 69 69 68 68 69 69 68 68 68 68 69 67 66 66 66 66 65 65 65 65 66 66 66 67 67 66 64 63 62 62 63 64 64 64 64 64 63 63 62 63 65 65 64 64 63 62 62 61 61 62 63 64 65 66 65 63 66 68 65 61 61 60 60 60 59 60 60 60 59 59 59 59 58 59 59 59 59 59 58 58 58 57 57 56 56 55 55 55 54 54 53 53 52 53 53 54 54 
54 59 69 78 81 78 72 65 64 64 64 63 63 62 62 64 66 70 73 76 78 80 80 79 78 80 80 78 79 81 80 77 73 68 63 61 59 62 66 71 72 69 67 72 71 69 66 63 61 60 61 62 63 63 62 61 61 61 64 63 58 52 52 56 61 63 62 63 64 65 65 64 63 63 63 63 63 63 63 63 63 63 64 64 64 65 64 64 64 64 64 64 65 66 66 66 66 65 65 65 64 65 66 66 65 64 63 65 65 65 66 66 67 67 67 66 66 66 66 66 66 65 66 66 67 68 68 68 67 68 68 68 68 68 68 67 65 66 67 67 65 64 64 66 70 67 63 65 69 71 67 67 67 67 67 67 67 69 69 69 69 69 69 69 66 65 65 65 65 66 66 66 67 66 66 67 67 66 66 64 63 62 62 62 63 64 63 63 63 63 62 61 62 64 64 63 63 62 62 61 60 60 60 62 63 63 64 65 63 63 64 62 59 60 61 60 60 59 58 59 59 61 62 61 61 60 60 59 58 58 58 57 57 57 56 56 56 55 55 55 54 54 54 53 52 51 51 51 51 52 
