UP
18 14 11 10 10 10 9 8 7 7 6 6 6 6 10 16 20 22 23 21 24 23 19 16 16 18 20 23 25 25 24 25 26 27 28 27 28 27 26 24 22 24 27 27 27 28 27 27 29 31 30 29 27 28 31 33 31 30 33 32 29 31 34 30 29 32 33 30 27 27 27 27 28 30 31 32 32 30 29 28 28 28 28 28 29 30 29 29 26 14 6 5 5 4 4 5 5 5 5 6 7 6 5 5 5 5 6 7 9 13 18 21 18 19 20 20 21 24 25 24 25 26 25 24 24 27 33 35 37 31 19 8 4 5 4 4 4 4 5 4 5 4 4 3 4 7 13 7 3 3 4 3 2 4 4 4 4 4 4 4 4 3 3 3 4 3 3 3 4 17 33 29 22 19 12 5 4 3 3 4 4 5 5 6 4 4 5 4 3 4 4 4 4 4 4 4 5 4 4 4 4 4 5 4 4 4 4 4 4 4 3 4 4 4 4 3 3 4 3 3 4 4 4 4 3 3 3 4 4 5 5 4 4 4 4 5 5 5 4 4 4 5 5 5 6 5 5 5 5 5 
36 26 20 17 15 14 10 8 7 6 5 5 5 5 14 31 35 26 21 19 25 24 17 14 14 16 20 29 34 31 27 24 26 29 28 29 30 29 26 25 27 28 28 28 28 28 28 27 30 32 31 29 28 29 33 33 31 32 37 35 28 27 31 32 30 31 33 32 30 29 27 29 31 33 32 31 33 34 29 28 32 34 31 29 32 32 30 28 21 8 3 5 6 4 3 4 5 4 6 7 8 7 5 4 5 7 6 7 12 20 26 28 28 28 28 27 28 29 31 31 31 32 30 29 30 32 29 28 31 30 18 8 4 5 4 4 4 5 6 5 4 3 3 3 5 10 17 13 5 3 4 3 2 3 4 4 4 4 4 4 5 4 4 4 3 2 2 3 3 29 50 30 17 12 5 5 5 4 4 3 4 4 4 6 6 4 3 4 4 4 4 3 3 3 3 4 4 4 4 3 3 3 4 4 4 4 4 4 4 4 3 4 4 4 3 3 3 4 4 3 4 4 4 3 3 3 3 3 4 5 6 5 4 4 5 5 5 5 4 4 4 4 5 4 4 4 4 4 4 4 
25 16 14 13 12 11 10 8 7 6 6 6 6 4 13 21 19 21 19 19 22 18 13 10 8 10 17 28 35 30 31 32 35 36 32 32 29 26 29 29 29 33 34 27 32 37 34 34 31 31 31 31 34 35 36 36 37 37 36 36 38 33 30 37 42 36 35 36 32 26 15 12 12 12 26 37 36 36 27 32 37 31 31 38 38 32 31 25 12 7 6 4 6 6 4 5 5 3 5 5 5 5 6 7 7 6 6 8 15 26 33 31 28 29 31 31 27 26 29 36 37 36 30 23 34 35 24 21 17 16 11 5 3 4 4 4 5 6 6 5 4 6 3 3 8 10 11 13 4 3 4 3 3 4 4 3 3 3 4 4 4 4 3 2 3 5 4 3 10 49 55 31 20 11 6 3 4 4 4 4 4 5 5 6 6 4 3 3 3 3 4 3 3 4 3 4 5 3 4 3 2 3 5 5 5 4 4 3 3 4 4 5 5 4 3 3 4 3 3 4 4 4 4 4 3 3 3 3 4 4 5 4 4 4 4 4 4 4 4 4 4 4 4 5 5 5 5 5 4 4 
13 9 8 8 8 8 8 8 7 6 6 6 5 6 14 21 17 17 18 19 16 12 10 11 9 8 11 16 21 21 29 35 37 36 27 25 29 36 39 36 29 25 29 32 35 27 23 33 36 31 25 26 34 40 39 37 34 30 32 41 45 39 36 38 36 35 36 30 29 28 15 10 9 10 27 38 30 33 35 31 30 38 41 34 31 38 33 20 11 8 6 5 5 5 4 5 8 7 5 5 4 5 8 10 8 6 8 11 18 26 28 27 29 31 34 33 27 24 26 33 33 32 26 20 29 28 23 20 16 15 10 4 4 6 5 5 5 6 7 7 6 7 4 5 8 8 8 8 5 4 4 3 4 3 4 4 3 3 4 4 3 2 3 6 6 5 4 4 28 71 74 47 31 18 10 4 3 3 3 3 4 4 3 4 5 4 3 4 4 3 4 4 3 4 3 4 4 2 3 3 3 4 4 4 5 5 4 4 4 4 4 4 4 4 4 4 4 4 4 4 4 4 4 4 4 4 3 3 4 4 4 4 4 4 4 4 4 4 4 4 4 4 4 5 5 5 6 7 6 6 
10 8 9 9 9 9 8 8 7 6 6 5 5 6 12 23 25 21 23 19 11 8 8 10 9 7 8 9 12 12 20 27 31 30 17 12 21 37 38 34 24 15 23 32 31 15 12 28 36 28 17 17 30 41 39 34 27 19 25 42 48 42 36 28 20 21 23 15 18 25 20 15 14 15 34 40 25 28 39 25 18 34 37 23 22 38 30 14 9 8 7 7 5 5 5 5 10 13 7 6 5 5 11 13 9 6 8 12 17 22 25 26 25 27 31 32 27 24 24 32 32 30 26 22 31 27 25 23 19 16 11 6 5 5 5 5 6 6 6 5 6 5 5 12 18 15 16 14 10 6 2 3 5 3 5 4 4 4 4 4 4 3 6 7 4 2 5 12 43 67 65 55 48 30 15 6 5 4 4 4 4 4 3 5 5 4 4 4 5 4 5 4 4 4 3 3 4 3 4 5 4 4 4 4 4 4 4 4 4 4 4 3 4 4 4 4 4 4 4 4 4 4 4 4 4 4 4 3 4 4 4 4 3 3 4 4 4 4 4 4 4 4 5 5 5 5 6 7 7 7 
8 6 7 8 8 7 7 7 7 7 6 6 5 5 6 20 29 23 27 19 10 8 7 8 8 7 7 7 8 8 12 19 26 29 15 6 17 36 32 31 23 13 20 28 24 8 8 24 34 26 15 15 29 41 41 35 23 15 22 41 46 41 34 21 11 9 11 7 10 20 22 21 19 18 35 39 23 26 36 23 16 30 34 21 21 38 29 15 13 13 10 9 6 7 8 6 9 14 7 5 4 4 7 9 8 7 8 10 12 15 20 23 17 18 20 20 18 15 16 30 31 31 30 28 37 31 30 30 26 22 15 8 8 5 5 5 5 5 5 4 5 4 9 26 34 29 27 16 15 11 5 4 5 3 3 3 3 3 3 3 3 3 5 6 3 4 17 45 70 72 59 55 59 38 13 4 3 3 3 4 3 3 5 7 6 5 4 4 4 4 5 4 4 4 3 3 4 6 9 8 5 6 7 5 4 4 4 4 4 3 3 3 3 4 5 4 4 4 4 4 4 4 4 4 4 4 4 4 3 4 4 3 3 3 3 4 4 4 4 5 5 5 6 6 6 6 7 7 6 6 
7 5 6 7 6 6 6 7 7 7 7 7 7 11 14 36 51 41 49 34 13 8 7 7 7 6 7 7 8 6 9 15 26 36 23 12 25 40 31 33 29 21 24 23 17 8 8 20 31 29 22 23 34 45 47 43 30 21 29 44 45 41 38 27 13 6 5 5 8 15 17 16 12 10 26 37 29 32 37 31 29 38 43 36 31 42 36 27 28 26 18 9 6 7 10 7 6 10 6 5 5 4 3 5 7 7 7 8 8 9 14 22 29 28 27 25 22 19 18 29 30 31 31 32 41 32 33 34 32 28 20 11 10 8 7 5 5 5 5 5 4 5 17 41 45 32 24 9 7 6 4 3 5 5 7 8 8 9 9 9 9 14 18 19 17 17 27 45 61 64 55 52 63 51 22 5 4 5 6 7 7 6 7 8 7 6 4 4 3 3 5 4 4 4 3 3 5 7 15 17 14 13 11 6 5 4 4 4 4 3 3 3 3 4 4 4 3 3 4 4 4 4 4 4 4 4 4 4 3 3 4 3 3 3 3 4 4 4 4 5 5 6 7 7 6 6 7 8 7 6 
7 6 7 8 7 7 6 6 7 7 7 8 9 14 18 45 62 48 48 29 10 7 7 6 6 6 6 6 8 6 8 13 23 34 31 25 34 42 32 35 35 31 29 19 13 8 8 15 24 30 32 35 40 44 47 48 42 35 42 50 48 43 43 36 18 6 4 5 6 10 12 9 6 5 20 42 44 42 40 41 42 42 46 45 40 43 40 39 42 36 24 10 7 7 10 6 4 6 6 6 6 5 3 4 7 5 6 8 8 7 13 24 30 29 27 25 24 22 21 29 31 32 32 32 40 30 31 33 31 30 22 13 12 8 9 9 7 5 4 4 3 7 29 56 56 39 24 15 11 18 27 33 43 53 60 63 65 65 65 66 67 68 70 68 58 43 33 29 30 36 39 37 46 53 39 14 11 10 11 11 10 8 7 7 6 5 4 3 3 3 4 3 3 4 3 4 6 9 20 28 30 27 15 6 4 3 4 4 4 3 4 4 3 4 4 4 3 3 3 3 3 3 3 3 4 4 4 3 3 3 4 4 3 3 3 4 4 4 4 4 5 5 6 6 6 6 6 7 6 5 
6 5 6 7 7 7 6 6 7 7 6 8 10 13 17 41 55 40 36 19 6 6 6 6 6 6 6 7 9 7 7 9 17 27 33 34 35 38 34 36 36 36 32 18 11 8 7 10 17 28 39 45 42 38 39 40 38 37 44 50 49 45 43 38 19 6 4 5 5 8 9 8 9 9 23 46 48 42 40 40 40 40 40 40 40 41 38 40 44 36 23 15 13 8 8 5 3 5 7 9 9 7 5 5 6 6 7 8 8 8 16 27 26 26 25 24 26 25 22 26 30 32 30 30 38 27 29 29 28 29 24 16 14 8 11 12 10 6 4 4 7 18 45 62 62 53 34 22 25 54 88 95 92 91 94 98 100 100 98 98 100 101 100 96 85 67 49 38 23 20 23 22 24 34 34 19 14 10 9 8 7 5 4 5 5 4 4 3 2 3 4 3 3 3 3 4 9 13 24 31 32 26 14 5 4 3 4 4 4 3 4 4 3 3 3 3 3 4 4 3 3 3 3 3 4 4 3 3 3 4 4 4 4 3 3 4 4 4 4 4 4 5 6 6 5 5 5 5 5 5 
7 5 6 7 7 7 7 7 7 6 6 7 10 13 15 27 31 24 25 17 6 5 6 5 5 6 7 7 9 7 5 6 14 26 33 35 32 33 40 41 38 37 34 20 13 7 5 8 12 24 41 51 42 32 30 26 22 26 34 42 46 42 39 35 18 7 5 6 5 6 7 11 20 23 29 38 33 32 38 34 32 41 41 35 39 43 38 37 43 34 22 25 24 10 6 5 3 7 16 24 22 16 17 13 11 16 12 10 8 8 16 28 24 25 23 23 24 21 17 20 25 27 26 26 33 24 28 26 25 28 26 20 19 13 14 13 8 5 5 8 29 45 63 58 54 56 39 29 31 59 92 101 98 91 92 96 97 95 91 89 91 84 85 84 80 71 62 56 43 18 16 17 15 20 26 17 11 7 5 5 4 4 3 4 4 3 3 3 2 3 4 3 2 3 3 4 11 18 26 23 18 14 8 6 5 5 5 6 5 4 4 4 3 3 3 3 4 4 4 4 3 3 3 3 3 3 3 3 3 4 4 5 4 4 3 4 4 4 3 4 4 5 6 6 5 4 4 5 4 4 
7 5 6 7 7 6 6 6 6 6 6 7 9 11 12 14 12 12 17 15 8 6 6 5 5 6 7 7 7 6 6 6 14 29 32 26 20 23 35 38 37 36 31 19 11 7 5 7 9 19 33 41 37 26 19 14 10 15 20 27 34 35 31 24 15 10 9 9 8 7 7 13 31 35 26 22 18 18 29 31 28 40 41 29 30 37 45 41 34 26 23 31 30 12 6 4 4 9 21 34 32 27 29 22 16 24 18 12 8 8 14 24 25 26 22 21 21 17 14 19 24 26 24 24 28 23 25 23 21 24 24 20 19 14 15 12 7 7 18 36 54 59 64 53 48 52 41 42 40 48 64 74 76 78 76 76 77 74 69 68 72 72 71 68 65 61 58 57 50 26 19 19 20 22 19 15 12 6 3 3 3 4 3 5 8 9 10 9 6 5 7 6 6 7 7 8 16 22 24 14 7 7 6 6 6 6 7 7 5 3 3 3 3 3 3 3 4 4 4 4 3 3 3 3 4 3 3 3 3 5 8 11 13 10 8 11 14 10 5 3 4 4 5 5 5 4 4 4 4 5 
7 5 6 7 6 5 6 6 5 7 7 7 7 8 9 7 6 8 12 12 9 7 6 5 6 6 5 5 5 6 7 6 13 25 25 13 7 10 18 24 26 25 19 11 7 5 6 6 7 12 16 19 27 19 10 7 6 11 13 14 19 26 23 12 15 19 17 17 14 9 8 14 30 34 17 15 16 9 17 28 22 25 28 17 14 22 41 37 19 17 22 30 26 14 7 4 4 8 17 30 28 26 30 25 21 26 22 17 14 15 20 26 26 28 24 25 25 21 22 28 34 34 30 30 32 32 33 31 31 32 32 31 28 23 23 22 25 35 49 63 64 60 63 59 53 51 44 50 51 54 65 67 61 68 60 58 59 62 59 59 65 69 63 56 49 43 39 36 31 24 19 16 20 25 22 22 22 13 10 11 13 18 20 28 33 30 28 25 18 13 15 16 15 16 19 24 25 26 20 10 7 9 9 8 8 8 9 9 8 5 6 7 8 8 7 6 7 8 9 7 4 4 4 3 4 4 3 3 4 7 13 17 21 21 17 19 22 18 10 7 7 6 8 9 9 11 13 13 14 16 
7 5 6 6 5 5 5 5 6 7 7 6 6 8 8 5 5 6 7 9 9 7 6 5 6 6 4 4 5 7 7 8 14 19 14 8 4 4 8 10 11 10 6 4 5 5 5 5 5 6 5 7 19 16 8 6 7 13 14 9 10 21 22 14 21 29 26 21 17 11 10 14 24 24 17 20 23 11 8 19 13 9 15 11 8 15 23 17 12 17 23 27 21 15 9 4 5 9 14 20 18 23 35 38 37 41 42 42 41 43 50 54 51 56 54 57 59 56 58 65 70 68 62 61 65 68 71 71 72 74 74 70 66 65 63 65 76 86 81 65 57 55 61 59 55 55 49 56 57 60 67 64 58 71 67 59 55 55 53 50 52 43 38 32 26 21 17 14 13 9 10 15 20 35 53 47 45 41 34 29 29 33 41 51 51 41 34 31 30 22 20 22 19 17 26 37 31 29 21 13 12 13 15 16 14 13 14 17 17 16 16 19 21 20 16 14 15 16 17 15 11 10 9 8 6 6 6 7 8 11 16 14 16 22 21 18 18 19 19 18 17 15 18 22 23 24 26 27 29 31 
7 5 6 6 5 5 5 5 7 8 8 6 6 6 5 5 6 7 6 8 10 8 5 4 5 5 5 5 6 9 12 16 24 24 14 10 11 10 10 12 11 11 10 6 5 5 4 4 5 5 3 5 18 16 7 5 8 14 17 11 10 23 34 29 32 33 22 15 14 12 13 19 23 22 20 25 26 13 8 17 12 8 14 15 15 17 15 9 12 25 29 23 19 16 9 6 7 7 9 11 17 41 69 72 70 79 85 88 89 90 94 98 100 109 106 109 112 108 111 111 116 113 104 102 108 112 106 107 109 111 111 106 101 103 107 109 110 106 91 74 51 32 27 32 43 52 46 59 62 55 54 58 61 74 72 55 39 28 20 15 14 13 12 10 8 7 5 4 8 5 13 33 43 55 73 58 54 58 49 32 23 18 28 29 24 16 12 16 26 24 17 18 13 9 19 30 30 32 20 16 18 16 19 21 20 18 19 23 25 25 21 24 30 27 21 19 20 19 19 19 17 16 15 14 10 9 11 11 12 14 15 12 10 14 18 18 17 17 20 23 22 21 23 27 29 25 22 24 24 23 
7 5 5 5 5 5 5 5 6 7 7 6 6 5 4 6 5 6 5 7 10 9 6 6 7 11 15 16 13 15 24 32 39 37 27 29 35 31 29 30 25 26 24 14 8 5 5 4 5 6 5 7 16 12 4 4 5 11 18 16 14 26 41 42 38 30 14 8 8 10 16 23 25 22 21 22 20 13 13 16 15 12 16 24 25 21 16 13 20 33 31 21 21 16 8 9 11 7 14 24 42 74 98 96 94 94 100 104 103 99 97 95 93 102 99 101 103 99 102 98 101 100 95 92 94 98 90 91 91 92 91 90 88 77 87 86 76 71 75 79 70 38 21 15 15 17 13 25 34 33 34 37 30 22 10 7 5 4 4 4 5 4 3 3 3 3 3 3 4 5 23 52 55 41 32 25 18 20 15 9 9 9 10 9 9 8 8 11 21 25 17 17 11 6 15 22 23 25 13 12 16 11 13 12 11 11 13 12 13 16 12 15 20 16 12 14 17 14 12 14 14 12 13 12 10 10 10 10 12 13 10 9 9 9 12 12 11 11 11 10 12 12 13 14 14 15 18 20 18 13 
7 6 6 5 5 5 5 5 6 7 7 7 9 8 7 11 6 5 7 7 7 7 8 9 12 19 29 37 29 27 42 48 47 45 37 40 47 39 35 37 33 31 28 18 8 7 9 7 7 10 10 10 14 8 5 5 4 7 15 19 17 20 25 25 30 31 16 7 6 8 14 20 21 20 20 18 15 16 17 14 17 10 16 32 25 19 20 24 28 25 19 21 22 18 10 12 15 13 31 59 80 82 67 62 70 58 61 62 61 58 55 56 73 81 79 83 88 84 85 79 82 84 82 78 76 80 78 77 75 73 73 75 77 77 75 68 65 69 72 70 60 47 35 20 11 9 8 11 12 15 22 21 10 6 7 6 4 3 2 3 3 4 3 3 2 3 4 5 12 12 20 26 19 13 10 3 2 7 10 7 7 5 3 3 5 8 7 7 9 18 12 12 10 8 14 16 19 21 10 9 12 8 8 6 7 11 13 10 9 12 9 12 15 10 8 13 18 15 11 14 15 10 9 9 7 8 7 7 12 15 10 11 13 12 11 8 6 10 11 12 13 13 14 16 16 18 22 24 22 15 
9 8 7 6 6 7 7 7 9 10 10 11 14 14 14 35 29 20 20 15 14 14 17 19 19 23 28 35 25 18 24 21 15 14 12 13 14 11 11 16 17 15 13 9 8 12 16 13 12 17 16 14 14 9 9 12 9 10 17 23 20 16 13 11 19 28 19 10 9 9 10 12 14 19 25 24 19 19 18 14 18 12 25 57 49 39 39 45 48 30 17 19 17 17 13 11 16 25 53 77 83 69 49 41 47 46 47 49 51 51 50 52 68 72 68 73 77 70 69 66 67 70 69 63 60 62 61 59 56 53 52 54 58 63 64 62 59 56 51 42 41 36 32 23 17 16 14 11 9 16 32 29 17 19 21 14 7 3 2 3 3 4 4 3 3 3 5 9 31 18 11 8 6 7 8 7 4 4 5 4 5 6 5 3 4 5 6 7 8 14 11 11 13 14 19 20 20 20 11 8 10 8 6 7 8 14 17 14 11 15 12 16 18 10 9 14 19 17 13 17 20 12 11 11 6 5 5 6 14 20 14 12 10 7 7 7 8 10 11 11 12 10 11 14 17 18 20 22 21 17 
11 10 9 7 6 7 7 8 9 10 10 10 14 28 33 103 120 84 70 49 35 30 31 33 33 34 34 37 28 21 23 18 15 15 14 14 13 12 15 19 20 17 9 5 10 19 19 16 16 19 19 18 20 15 19 26 25 23 26 29 26 19 13 10 14 20 14 10 14 14 11 9 12 21 30 28 22 19 20 18 17 22 47 77 86 81 75 76 84 55 23 17 18 15 14 14 21 39 67 69 60 60 60 49 47 49 50 53 55 57 56 57 60 60 55 62 67 58 56 60 57 57 55 50 47 49 50 51 49 45 43 44 45 32 43 49 46 43 43 42 41 26 18 13 10 8 5 20 33 58 82 69 44 44 47 29 12 5 5 6 5 3 3 4 3 3 6 10 15 9 10 13 10 6 2 3 3 4 7 7 4 4 6 5 3 3 5 7 10 9 8 8 10 13 16 17 20 19 13 9 10 10 7 7 8 11 13 11 9 11 11 17 20 11 10 14 16 16 12 19 24 14 14 14 8 8 10 10 18 25 20 13 10 6 8 14 17 16 18 22 23 21 22 26 31 30 29 30 31 31 
10 10 8 5 4 4 3 3 4 5 4 4 6 13 10 60 87 49 35 22 20 19 19 24 34 42 46 46 40 38 38 36 42 45 49 51 49 50 52 50 45 37 19 8 16 26 19 16 20 27 29 35 46 38 42 46 39 35 31 29 27 22 16 11 13 16 12 10 16 20 18 12 14 22 25 17 14 18 24 21 11 33 63 45 43 62 65 65 77 46 15 20 27 17 15 24 34 42 49 48 37 34 39 37 35 33 33 34 36 35 34 32 34 34 33 43 53 48 43 35 30 28 26 22 21 22 21 22 22 19 17 17 17 15 16 15 13 12 11 10 5 5 7 5 4 6 7 19 40 41 25 16 11 9 9 6 4 6 10 9 4 3 4 5 4 3 4 8 7 8 15 17 8 4 4 5 5 4 9 13 11 15 13 14 16 16 17 17 17 18 20 17 19 24 26 30 32 31 27 20 20 24 18 22 21 20 22 19 16 18 18 27 33 22 20 25 23 27 23 33 40 24 23 22 25 37 43 37 42 50 40 33 37 42 41 40 45 51 49 51 56 57 58 62 64 60 54 53 56 61 
8 8 8 6 3 4 5 6 5 5 4 4 4 9 27 15 88 58 22 15 25 31 29 29 39 46 38 33 39 44 39 41 51 56 57 58 55 49 50 48 35 40 32 17 28 39 29 27 29 36 41 37 39 38 33 32 36 25 11 18 16 12 15 14 12 10 8 9 12 12 9 12 16 19 18 16 15 12 10 13 13 39 44 15 22 56 71 62 68 58 30 13 15 13 15 20 22 21 16 17 14 21 29 27 27 20 17 17 15 10 9 10 7 9 9 12 16 12 9 12 10 11 11 8 7 7 5 6 7 6 5 5 5 5 4 4 4 4 4 3 4 3 3 3 3 3 3 11 10 9 6 5 5 6 4 6 17 30 44 38 9 3 4 7 11 14 19 26 27 25 23 22 19 15 12 8 7 10 18 27 34 38 40 41 42 43 43 43 43 42 45 46 44 42 44 48 47 45 44 48 54 57 57 55 61 57 59 59 64 51 29 27 12 6 18 29 22 21 17 7 11 21 15 17 30 60 74 68 79 68 61 71 68 63 73 76 69 67 70 69 67 65 66 66 65 68 71 68 63 60 
10 14 14 9 4 4 4 3 4 4 4 5 5 7 15 26 48 74 45 22 25 29 28 23 24 25 20 20 27 30 26 27 33 35 35 37 35 32 37 44 43 37 29 24 26 24 19 21 27 33 32 26 26 26 26 29 33 24 13 16 13 9 11 10 8 7 7 8 12 15 17 13 12 14 17 17 16 12 11 15 37 66 47 23 34 57 58 51 57 49 32 19 17 15 18 14 7 6 5 6 5 11 15 14 15 13 15 15 13 11 12 12 7 8 10 13 14 9 4 6 5 6 6 6 5 5 5 4 4 3 3 4 4 4 4 3 3 3 3 3 4 3 4 7 11 10 9 8 12 14 8 4 3 6 6 8 17 25 35 31 8 2 6 17 30 34 34 35 37 35 34 34 32 29 25 24 22 26 34 42 46 49 50 50 50 50 49 48 47 51 55 57 55 52 54 59 63 62 62 57 42 36 43 55 62 57 58 58 59 42 27 25 11 4 13 27 30 23 16 7 9 16 11 13 27 52 60 57 74 73 74 75 71 78 76 46 29 41 65 73 71 73 76 78 78 75 73 74 73 72 
20 27 24 13 5 4 4 4 4 4 4 4 4 4 8 24 29 61 75 34 27 33 39 35 34 36 35 28 29 32 28 27 31 31 34 38 35 28 32 45 55 48 43 42 31 21 19 20 19 21 25 26 27 19 16 19 22 19 14 14 12 9 8 7 7 6 6 8 11 12 11 9 10 14 17 14 12 16 15 16 45 54 27 18 20 24 19 18 21 19 18 17 13 13 17 10 3 3 5 4 3 5 6 5 6 11 17 17 15 21 27 24 12 16 25 32 42 42 24 12 9 7 6 4 3 3 4 3 2 3 3 5 5 5 4 3 2 2 3 3 4 4 8 21 34 39 37 39 44 41 20 8 4 6 27 27 35 38 44 42 18 9 15 27 38 40 39 40 40 39 39 41 41 39 37 45 42 43 49 52 53 53 50 50 52 53 55 55 55 55 57 59 57 55 56 60 62 62 63 47 21 11 19 58 73 65 67 66 63 43 16 9 6 3 5 12 13 11 9 5 7 10 7 10 28 49 48 42 55 58 63 61 58 70 63 24 10 24 56 68 66 65 66 66 65 61 59 61 62 60 
29 33 28 16 5 4 5 5 5 4 4 4 3 3 5 13 26 38 74 56 31 35 40 38 34 34 35 33 35 38 35 33 35 34 34 35 30 20 18 25 35 32 29 26 18 13 13 11 8 10 15 22 24 14 9 10 11 11 11 8 8 8 6 6 6 5 5 6 8 8 7 8 11 17 18 12 10 14 15 12 24 20 9 10 12 10 5 8 9 9 13 15 12 11 14 10 5 5 4 3 3 4 4 5 7 11 16 11 7 12 16 12 10 11 17 18 25 31 18 13 9 7 5 4 3 3 3 3 3 3 3 4 4 4 3 3 3 3 5 7 16 15 19 31 40 42 41 39 38 39 31 30 30 37 44 40 42 40 42 42 25 34 35 37 39 37 37 40 40 40 41 42 43 43 42 41 37 37 40 41 40 40 41 42 44 45 47 47 47 40 40 40 39 38 39 41 40 43 45 31 10 5 10 40 53 47 49 46 45 32 15 11 15 15 10 12 11 9 9 8 10 13 10 14 26 35 30 23 29 31 32 34 34 41 39 18 9 19 36 41 38 37 38 37 36 34 33 35 36 35 
28 30 28 18 7 4 4 4 4 4 4 4 4 4 5 8 20 31 55 74 36 25 24 24 22 22 22 23 25 27 26 25 25 24 23 23 20 12 8 10 15 16 14 12 10 11 12 10 9 10 13 18 20 14 12 15 13 13 15 9 10 10 9 11 11 10 9 10 11 13 14 13 15 18 18 15 13 15 16 15 14 9 8 12 15 14 9 14 14 13 20 20 22 16 13 12 12 11 4 3 3 3 4 6 10 18 19 11 6 12 14 8 6 6 8 6 8 13 7 5 4 3 3 3 4 4 3 3 4 3 3 3 3 3 4 5 6 7 10 14 22 20 22 25 27 27 28 33 28 27 25 29 28 31 33 30 27 24 25 27 20 25 24 24 23 21 20 22 22 22 22 22 23 23 23 23 21 21 23 23 22 22 23 23 24 24 24 23 23 21 22 22 21 20 21 22 21 25 29 20 12 11 15 26 33 31 32 29 31 26 21 16 19 18 13 15 16 14 13 12 14 16 13 15 19 22 19 16 19 19 19 19 19 22 22 18 18 22 29 31 31 31 34 35 35 39 44 46 47 48 
31 32 34 25 9 4 3 4 4 4 4 4 4 4 7 6 13 29 31 71 49 22 15 15 17 17 17 15 14 15 15 15 15 14 14 15 14 11 8 9 12 15 15 14 17 17 16 18 18 18 17 17 20 18 20 23 19 19 22 15 16 18 16 17 17 17 16 16 17 18 19 17 16 16 16 16 17 17 17 21 16 14 18 17 18 18 15 18 16 15 20 23 32 23 14 14 16 15 8 5 4 3 3 5 8 11 10 6 4 10 13 7 3 4 6 4 5 8 4 4 5 5 4 3 3 3 3 3 3 3 4 6 8 7 8 10 11 12 14 16 15 15 16 16 16 17 21 18 16 17 16 18 16 17 19 17 15 13 14 15 15 14 14 14 15 13 13 14 14 14 13 13 12 13 13 13 12 12 13 13 12 13 13 13 14 14 14 14 14 16 16 16 16 15 16 16 14 18 19 15 15 18 19 16 18 19 20 17 20 20 20 16 15 16 14 17 19 22 22 20 23 24 24 24 28 31 31 32 35 35 34 35 41 44 42 45 53 53 53 52 52 53 56 59 59 60 62 63 62 61 
35 34 37 29 11 4 4 4 4 4 4 4 4 3 8 4 8 20 20 50 64 39 20 16 16 15 14 13 12 12 13 13 13 12 12 12 12 12 12 13 15 17 16 17 18 17 15 18 18 18 18 16 18 17 18 20 16 16 19 16 17 19 17 16 16 17 16 16 16 16 16 16 16 15 15 15 17 16 14 18 15 16 18 15 18 17 15 16 15 14 15 19 29 22 16 15 16 15 10 8 6 4 4 10 9 5 3 2 3 6 7 6 9 12 13 11 10 9 5 9 13 12 8 5 4 3 4 3 3 4 7 12 16 14 14 14 14 14 13 13 13 13 13 13 12 12 15 12 12 15 13 13 11 13 14 14 12 12 13 13 15 16 14 13 14 14 14 16 15 15 14 14 13 14 16 16 15 16 17 16 16 17 20 21 23 25 27 28 29 25 23 23 22 22 22 22 20 21 20 18 20 22 20 19 22 22 24 21 25 26 27 29 28 29 33 34 34 39 40 42 44 45 49 49 49 49 50 53 51 51 50 47 52 56 53 53 59 60 59 58 56 55 57 58 56 57 59 59 57 55 
28 27 29 23 10 4 4 5 5 4 4 4 4 4 7 6 5 11 21 32 68 57 26 18 18 16 16 16 16 15 16 16 15 15 16 15 14 15 15 16 18 17 15 15 16 16 16 16 14 16 17 15 16 17 15 16 15 14 16 16 15 16 15 15 15 16 15 14 14 15 15 15 16 16 16 16 16 16 15 14 14 14 15 16 17 15 14 14 16 15 13 15 21 18 16 15 14 15 14 12 10 5 7 14 12 7 5 4 5 5 4 7 15 16 15 14 13 8 4 8 13 16 13 11 10 9 7 4 3 4 8 14 16 17 16 15 15 15 13 12 14 14 14 15 14 13 14 16 15 17 15 17 17 19 19 20 19 21 22 20 23 23 22 23 26 25 23 23 22 23 22 21 21 24 27 26 25 26 28 28 28 30 32 33 35 36 37 38 38 35 33 32 32 32 32 32 33 32 31 32 32 32 32 33 36 35 39 34 37 35 34 40 37 36 42 41 40 42 41 44 45 43 47 48 45 42 44 45 40 41 41 38 37 39 40 39 39 39 39 38 36 35 35 35 33 33 34 35 36 35 
20 19 20 19 10 5 5 5 5 5 5 5 5 4 5 7 5 7 18 27 48 65 46 19 20 18 19 17 17 17 16 16 17 17 17 17 16 17 17 17 18 17 16 16 16 18 19 18 16 17 18 16 17 18 17 18 16 15 17 17 15 15 16 17 18 17 16 15 15 16 17 16 16 16 17 17 17 17 17 15 15 15 15 17 17 15 15 15 17 17 14 15 16 15 15 14 14 15 15 16 13 7 8 15 13 13 10 10 10 9 9 11 15 15 13 13 12 8 5 5 10 14 13 13 13 14 10 6 5 7 10 12 11 15 13 13 13 14 14 13 14 14 15 16 16 16 16 19 18 18 18 21 22 23 23 25 25 26 26 25 29 25 26 28 31 29 26 25 27 27 27 26 26 28 30 29 27 27 29 30 30 30 30 30 30 30 29 28 28 29 29 28 28 29 30 30 32 28 28 30 31 29 30 29 30 29 32 28 28 26 25 29 26 23 27 25 25 24 23 26 25 22 24 24 23 22 23 22 19 20 21 21 20 20 22 21 19 19 18 17 17 17 17 18 18 15 14 16 17 17 
17 16 17 17 11 6 4 4 4 5 5 4 4 4 4 5 6 5 9 23 27 51 78 37 15 16 16 13 15 15 13 13 15 15 13 13 15 16 16 15 15 16 16 17 17 17 17 16 16 16 17 17 16 17 17 17 15 14 15 15 14 15 16 16 17 16 15 14 14 14 15 15 15 15 15 15 15 15 15 15 15 14 14 14 15 15 15 15 15 14 14 14 15 14 13 13 13 13 12 13 12 8 9 13 13 16 15 13 12 13 13 13 13 13 13 14 13 10 9 9 12 13 11 11 11 11 12 9 9 10 11 12 9 12 12 11 12 12 13 13 13 14 14 14 14 14 15 15 16 17 17 18 18 18 17 19 20 19 17 18 21 17 18 19 20 20 18 17 20 20 19 18 18 18 18 20 17 16 17 18 18 16 16 16 16 16 15 15 14 14 14 14 14 15 17 18 16 13 12 13 14 14 12 11 12 12 12 12 11 11 13 14 13 13 12 12 12 11 12 13 13 13 13 13 13 13 13 12 12 11 11 12 13 12 12 11 11 11 11 10 11 12 12 13 14 13 12 13 13 12 
12 12 12 12 10 5 4 4 4 4 4 4 4 3 4 3 4 6 6 12 27 23 77 76 15 14 13 12 14 13 11 12 13 12 11 12 13 14 14 14 14 14 14 13 13 13 13 13 13 14 14 15 14 14 15 14 13 12 13 13 12 13 13 14 14 14 12 12 12 12 12 12 12 11 11 11 12 13 13 14 14 13 12 11 12 12 12 12 12 11 11 13 14 13 11 9 11 12 11 10 12 11 10 11 11 12 15 12 10 13 12 10 12 11 12 12 12 11 10 11 12 12 12 12 10 9 11 10 11 10 11 13 11 11 11 11 11 11 11 11 12 12 12 12 12 12 12 10 11 12 13 13 12 11 12 13 13 12 11 11 12 10 10 12 13 14 13 13 11 11 10 9 9 10 10 12 11 10 11 11 11 11 10 10 10 11 11 10 10 9 9 9 9 10 10 11 11 11 9 10 10 11 11 8 9 11 12 12 12 12 13 14 13 13 12 12 12 11 12 12 13 13 13 13 13 13 13 13 12 11 11 13 13 12 12 12 13 14 13 12 13 14 14 15 16 15 15 15 15 14 
12 13 12 11 14 7 4 4 4 4 4 4 4 5 6 4 5 7 6 8 18 25 35 89 46 13 14 16 13 13 12 13 14 14 13 13 13 13 13 13 14 14 12 12 11 11 12 12 13 13 14 14 13 13 14 14 14 13 14 15 13 14 14 13 13 13 12 12 12 13 13 13 13 12 12 12 13 13 13 14 14 13 12 11 11 11 11 12 12 11 11 13 15 14 11 10 12 14 13 10 13 15 13 13 12 12 16 13 10 14 14 10 12 12 12 12 12 11 11 13 12 11 12 13 11 8 10 10 12 11 10 13 13 11 13 13 12 10 10 11 12 12 12 12 12 13 12 11 12 14 14 14 12 11 14 13 12 12 12 11 11 9 9 11 12 13 13 13 12 12 11 11 11 12 12 13 13 13 13 13 14 14 12 12 12 12 12 12 12 12 12 12 12 12 12 12 13 13 12 12 12 13 14 12 13 15 15 14 13 13 15 15 14 14 13 13 13 12 13 14 14 14 14 15 14 14 15 14 13 13 13 14 14 13 13 13 14 14 14 14 14 15 15 16 16 16 16 16 15 14 
14 17 15 14 18 10 5 5 5 5 5 5 5 5 4 4 5 5 6 6 11 24 19 60 80 34 17 17 16 15 14 14 15 15 15 15 15 14 14 14 16 15 14 13 12 12 13 14 14 14 15 15 14 14 15 16 16 15 16 16 15 16 15 14 15 15 14 14 15 15 14 14 15 16 16 16 16 15 15 15 15 14 14 14 14 13 13 14 14 13 13 15 15 15 13 12 14 15 13 11 14 15 16 16 13 14 15 13 12 14 14 12 15 14 14 13 13 13 13 13 13 12 13 15 13 10 12 12 14 12 11 14 13 13 15 16 14 12 12 13 14 14 14 14 14 14 14 15 15 16 16 16 14 14 18 16 15 15 16 15 14 12 13 14 15 16 16 16 14 14 13 13 14 14 15 13 15 15 15 14 15 16 15 16 16 16 16 15 15 13 13 14 14 14 14 14 16 16 16 15 14 15 18 18 18 19 17 15 14 14 15 15 15 14 14 13 13 13 14 14 14 14 15 16 15 15 16 16 15 14 15 15 16 15 15 14 14 13 14 14 14 15 15 16 16 15 15 16 16 15 
16 19 17 15 19 10 5 5 5 5 5 5 5 5 2 4 7 3 7 8 6 14 27 21 73 75 22 15 18 17 16 14 13 15 16 16 16 16 15 16 17 17 16 15 15 15 16 16 16 17 17 17 16 16 17 17 16 15 16 16 15 16 16 16 16 16 16 16 16 16 15 15 16 16 17 17 17 17 16 15 14 15 16 17 16 15 16 16 16 15 15 16 15 15 14 14 14 13 13 13 14 12 15 17 14 15 13 13 13 12 13 15 16 15 15 14 14 14 14 13 15 14 14 15 15 14 17 15 16 15 15 16 14 14 17 17 15 14 14 14 14 14 14 14 14 14 14 15 15 14 14 14 14 14 16 14 13 14 16 15 14 15 15 15 15 15 15 14 14 14 13 13 14 15 15 12 14 15 15 14 14 15 15 15 15 15 15 14 13 12 12 13 14 14 14 14 14 15 15 13 12 14 16 16 16 16 15 15 16 17 15 14 14 14 13 13 13 13 13 14 14 14 14 15 15 15 16 17 16 15 15 16 16 17 17 17 15 14 14 15 15 15 15 15 15 15 15 16 18 17 
18 20 18 17 18 11 6 5 4 4 4 5 5 7 4 6 7 3 6 7 4 6 21 19 50 81 47 17 17 17 17 16 16 18 18 16 16 16 15 16 17 18 17 17 16 16 17 17 17 17 18 18 17 17 17 17 16 16 17 17 16 16 16 15 16 16 15 15 16 16 16 16 17 17 17 17 17 17 15 13 13 15 16 17 16 16 16 17 17 16 16 18 16 15 16 16 14 13 13 15 14 12 15 19 15 16 13 14 15 12 13 16 15 15 15 15 15 16 16 15 17 17 15 14 15 15 18 15 16 16 17 17 13 15 16 16 15 15 15 16 16 16 16 16 16 16 15 16 15 14 13 13 14 14 14 13 13 14 15 16 15 15 15 15 14 13 13 12 14 15 14 14 14 15 16 13 15 16 16 15 15 15 15 15 15 14 14 13 13 13 13 14 14 15 16 16 14 14 14 13 12 13 15 15 14 13 14 17 18 17 16 15 15 15 15 14 14 14 15 16 16 15 15 16 16 16 18 18 18 16 16 16 16 17 18 18 18 17 16 15 15 16 16 16 16 16 16 19 20 19 
19 19 18 18 17 14 7 5 4 4 4 5 5 5 5 4 4 4 5 5 8 3 8 38 22 70 86 29 18 16 18 20 20 20 18 16 17 16 16 16 16 17 16 16 16 16 16 16 17 17 18 18 16 16 17 17 17 16 17 17 16 16 17 16 17 17 16 15 16 17 17 17 17 17 17 17 17 17 16 15 15 16 17 18 17 17 17 17 17 16 16 17 16 16 16 17 17 17 16 15 16 15 16 19 16 17 15 15 16 15 15 17 15 16 17 16 15 16 17 16 17 17 15 15 15 15 17 14 16 16 16 16 12 14 14 14 15 15 16 17 18 17 17 17 17 17 17 17 16 16 16 16 16 16 16 15 15 16 17 17 17 16 15 15 14 14 14 13 13 13 13 12 12 13 14 13 14 15 15 14 13 13 16 16 16 16 16 16 15 14 14 13 13 13 14 15 15 16 16 15 15 15 16 17 15 14 17 21 21 17 17 17 17 17 17 16 16 16 17 18 18 17 16 16 16 17 19 20 19 18 18 17 17 16 16 16 17 17 17 16 16 16 16 15 15 16 17 18 18 18 
18 16 16 17 15 15 9 5 5 5 5 5 6 3 7 4 5 13 11 13 13 12 8 10 26 40 75 64 25 17 17 19 16 12 14 17 17 17 16 16 17 16 16 17 17 17 17 16 17 18 18 18 16 16 17 16 15 14 16 16 15 15 17 18 19 18 17 17 17 17 15 15 16 17 18 19 19 19 19 18 18 18 19 20 19 18 18 19 19 18 15 12 14 15 15 17 20 20 16 13 17 18 16 17 15 15 17 16 15 17 16 14 18 19 19 17 15 15 15 15 16 15 15 16 16 15 16 15 17 17 17 18 14 14 14 14 15 16 17 17 17 17 17 16 16 16 16 15 15 16 16 16 15 15 16 16 16 16 16 16 17 16 16 16 16 16 16 16 16 16 16 15 15 16 16 17 17 18 18 17 16 15 15 15 16 16 16 16 16 18 18 16 16 16 16 17 16 15 15 15 15 15 15 14 12 13 18 26 26 20 17 17 17 17 17 17 16 15 16 18 17 16 15 14 14 15 17 18 17 16 16 17 17 15 13 13 14 15 15 15 15 15 15 14 14 15 15 15 15 14 
19 18 18 20 20 19 12 5 3 3 4 7 6 4 8 13 21 22 15 26 52 27 17 8 15 25 47 79 47 17 19 22 17 20 20 16 17 18 19 19 19 18 18 17 17 18 18 18 17 16 16 17 18 18 18 18 17 17 18 20 20 19 18 16 16 14 22 19 12 18 17 18 18 18 19 20 18 17 16 18 15 18 16 18 17 16 16 16 16 16 17 19 20 20 18 17 16 15 14 16 17 18 17 16 15 14 15 13 12 15 17 16 17 17 16 15 15 15 16 16 16 16 16 16 15 15 17 17 17 17 17 16 15 16 16 15 15 16 16 17 15 15 15 15 16 16 16 14 13 15 17 17 15 15 15 15 15 15 15 16 16 14 14 15 15 15 15 15 14 14 15 15 16 17 18 16 16 17 17 17 16 15 17 17 17 16 15 16 17 17 17 16 16 17 17 17 16 16 16 17 17 16 16 15 14 14 19 25 25 18 15 15 15 15 15 14 14 14 14 15 15 15 15 14 14 14 13 14 14 14 14 15 16 14 13 12 13 14 15 15 15 14 14 14 15 14 14 14 14 14 
16 15 15 16 15 14 10 4 5 7 5 4 4 7 26 18 17 37 23 15 49 41 26 23 13 24 31 64 84 42 12 19 15 16 20 17 17 17 17 17 16 17 17 17 17 17 17 17 17 18 18 18 19 19 18 20 21 19 18 18 19 18 19 14 16 19 17 30 28 20 18 19 19 18 18 17 16 17 17 18 18 18 19 19 19 20 20 18 17 18 18 14 14 14 14 16 17 19 19 18 15 13 13 14 15 16 18 16 15 16 17 15 16 16 16 15 15 15 16 16 17 17 17 16 16 16 18 17 17 17 16 15 14 17 16 15 15 15 15 16 15 15 15 15 15 16 16 16 12 12 14 14 14 18 16 15 15 15 16 16 17 15 15 15 16 16 15 15 15 15 15 16 16 16 17 14 15 15 16 16 15 14 16 16 16 15 14 15 16 16 15 15 15 16 17 17 15 15 15 15 15 15 15 14 14 13 14 17 17 14 15 16 16 16 15 15 15 16 16 17 17 16 16 15 15 15 14 15 15 15 15 14 13 13 12 12 13 14 14 15 14 14 14 14 14 15 15 15 15 15 
44 42 41 40 39 37 31 9 4 7 4 5 8 32 23 11 35 50 17 14 37 53 48 35 34 24 23 38 72 66 23 34 35 25 29 28 27 26 25 23 22 23 23 23 23 22 22 22 20 19 19 19 18 17 17 17 17 16 16 17 17 16 17 14 18 19 14 37 39 19 14 15 16 16 15 13 14 15 16 14 17 14 16 15 15 16 15 13 12 13 16 19 17 15 15 15 15 14 13 15 17 18 18 17 16 16 17 17 16 17 17 16 17 17 16 15 15 16 16 16 17 17 17 17 17 17 17 17 17 17 17 16 14 18 17 16 15 15 15 15 16 16 16 16 16 16 16 15 13 19 25 21 15 16 16 16 16 16 16 17 17 16 16 17 17 17 16 16 15 15 16 16 16 16 15 15 15 16 17 17 16 16 15 15 15 14 13 14 15 14 13 13 14 15 16 16 15 14 14 14 14 14 14 14 15 15 13 13 13 13 15 16 16 16 16 16 16 16 16 17 16 16 15 14 15 14 14 14 15 15 14 13 13 13 13 13 14 14 15 15 15 16 16 16 15 15 16 16 16 16 
137 134 132 130 128 125 108 31 3 6 4 7 14 23 34 40 26 26 26 27 34 35 51 56 40 25 25 27 45 76 86 97 114 100 98 108 108 106 103 100 98 97 96 96 94 93 92 91 89 88 88 87 86 84 83 76 71 74 79 81 78 72 66 67 72 60 60 85 83 72 71 72 75 76 71 67 66 64 64 59 64 57 60 59 64 64 60 57 58 61 59 52 47 44 41 34 25 20 18 18 18 17 16 15 15 17 17 16 15 16 16 17 17 17 17 16 15 16 16 15 16 16 16 17 17 16 16 16 16 18 18 17 16 18 17 17 16 16 16 16 16 16 16 17 17 17 17 13 14 25 35 27 15 13 16 15 15 15 16 16 16 16 16 16 16 15 15 15 14 15 15 15 15 15 14 14 15 16 17 17 17 17 15 14 14 13 13 13 14 13 13 13 14 14 15 16 15 14 14 13 13 14 14 14 16 16 13 13 14 15 15 15 15 15 15 14 14 15 16 16 15 15 15 14 14 14 13 14 14 14 14 14 14 15 15 15 15 15 16 17 17 18 18 17 17 17 17 17 17 17 
177 176 174 172 169 169 163 55 5 6 5 9 17 35 46 29 18 28 30 34 34 31 32 56 39 20 24 23 32 56 129 152 166 177 159 163 164 164 165 163 162 161 160 159 157 155 153 152 155 158 159 158 158 156 154 148 143 145 149 151 145 137 133 148 153 137 139 144 146 151 150 143 145 145 135 131 134 137 132 133 129 134 127 130 138 135 125 121 127 127 125 127 122 119 115 103 83 67 46 32 20 14 14 17 18 18 18 17 17 16 15 15 16 16 15 14 14 14 15 14 14 15 15 15 15 15 14 14 15 17 18 17 16 15 15 16 16 16 16 16 16 16 15 15 15 15 16 15 13 19 26 20 13 13 14 14 14 14 14 14 15 14 14 14 14 14 13 13 13 13 14 14 14 14 14 13 13 14 15 15 15 15 14 14 13 12 12 12 13 14 14 14 14 13 14 15 15 15 14 14 14 15 16 14 14 15 13 14 15 15 14 14 14 14 14 14 14 15 16 16 16 16 16 16 16 15 15 15 16 16 15 15 16 16 17 17 16 15 16 17 18 18 18 18 18 18 19 19 19 19 
150 150 148 145 144 144 150 63 7 6 6 11 20 40 46 26 18 22 22 36 37 40 25 36 43 22 20 20 25 29 101 151 144 169 162 159 162 165 168 168 168 168 168 166 166 164 162 161 162 163 165 166 167 167 166 164 161 158 157 161 161 160 158 158 160 171 156 148 165 166 165 155 159 164 157 155 160 165 156 165 156 174 158 160 161 162 153 148 154 149 140 139 134 131 130 124 111 106 105 81 55 36 23 16 14 15 15 16 19 18 15 13 14 14 14 13 12 13 14 13 13 14 14 14 14 14 14 14 14 15 16 15 14 13 13 14 14 14 15 15 14 14 14 14 14 13 13 16 12 12 15 13 11 13 13 13 12 13 13 13 14 12 12 12 12 12 12 12 12 12 13 14 14 14 13 13 13 13 13 14 14 14 14 14 13 12 12 12 13 14 15 15 14 13 13 14 15 14 14 14 15 16 16 14 14 14 13 14 15 14 14 14 14 14 14 14 14 15 15 15 15 16 17 17 17 16 15 15 16 16 15 15 16 16 17 16 15 14 15 16 16 16 17 17 17 18 18 18 18 18 
138 139 135 131 129 130 132 73 9 4 7 14 20 32 33 32 22 13 19 33 41 35 40 29 34 25 20 18 18 20 58 114 121 138 141 136 139 142 145 146 146 145 145 144 143 142 141 141 142 144 145 146 148 148 147 147 144 140 139 142 145 146 146 143 139 158 148 134 154 146 137 130 140 151 146 145 146 142 135 141 138 151 139 133 128 144 145 140 142 136 128 129 126 124 124 124 123 119 112 107 101 90 70 47 32 17 14 14 18 18 16 14 13 14 13 13 12 13 13 13 14 14 14 14 14 13 13 13 13 14 14 13 12 12 12 13 13 13 13 13 13 13 13 13 13 12 12 15 13 12 13 12 12 12 13 12 12 12 12 13 13 12 12 12 12 12 12 12 12 12 14 14 14 14 13 13 14 14 14 14 14 14 14 14 14 13 12 13 13 14 15 15 14 12 13 14 13 13 13 14 15 16 16 15 14 14 13 14 15 13 14 14 15 15 15 15 15 14 14 14 14 14 15 16 15 14 14 14 15 15 14 14 15 15 15 15 14 14 14 15 15 14 15 16 17 17 16 16 16 16 
152 152 146 139 136 138 142 100 15 5 10 16 13 18 26 36 25 16 22 33 37 32 47 33 23 15 21 19 11 24 31 70 127 135 136 138 140 141 142 142 141 141 140 140 139 139 140 140 141 142 144 144 145 144 143 143 142 141 141 137 128 119 119 142 127 120 149 123 126 134 127 120 131 140 130 124 130 132 127 123 130 126 124 103 88 121 135 130 130 127 122 125 130 135 139 140 140 138 128 120 116 113 104 89 72 38 21 14 15 16 15 14 14 15 14 13 13 14 14 15 15 15 15 14 14 14 13 13 13 14 14 14 12 12 13 13 14 13 13 13 14 14 14 14 13 13 13 16 15 14 13 14 14 13 13 13 13 13 13 13 14 12 12 13 13 13 13 13 13 14 15 15 14 13 12 14 14 14 14 14 14 14 14 14 14 13 13 13 14 13 14 15 13 12 13 15 12 11 12 14 14 15 15 14 14 14 12 13 14 14 14 14 15 15 15 15 16 15 14 14 13 14 14 15 15 14 13 13 14 14 14 14 14 14 14 14 14 14 15 15 14 13 14 15 17 17 16 16 16 16 
151 154 147 139 137 140 147 120 23 6 13 16 6 8 32 39 26 25 29 33 32 34 45 35 21 6 17 20 9 18 23 41 109 137 147 148 145 154 154 145 146 148 150 148 147 151 151 152 148 144 149 151 149 148 150 150 147 148 154 140 107 84 95 118 103 101 135 107 86 120 118 110 108 116 99 93 113 115 100 96 106 135 108 86 72 112 130 128 129 131 131 128 137 146 151 153 156 162 175 171 140 120 114 108 106 83 45 22 13 13 16 14 15 16 16 15 15 15 15 16 16 16 15 15 15 15 14 14 14 15 15 15 14 13 14 14 14 13 13 13 15 15 14 14 13 13 13 16 16 15 13 14 15 13 13 13 13 14 14 14 14 13 13 14 14 14 14 14 14 14 15 15 15 14 13 13 13 13 13 13 13 13 13 14 13 13 12 12 13 13 13 14 14 13 13 14 12 12 12 13 14 15 15 13 13 13 13 13 14 14 15 15 15 15 15 15 15 15 15 15 15 16 17 17 16 15 14 15 15 15 14 14 14 14 14 15 15 15 15 15 15 14 15 16 17 17 17 17 17 17 
131 134 130 124 123 127 126 114 31 4 13 16 6 9 35 35 26 29 33 29 34 30 40 33 22 8 12 18 10 6 22 30 62 118 137 130 128 140 139 128 131 134 137 135 131 140 136 137 134 128 133 135 134 134 139 139 131 130 139 121 81 61 82 76 72 104 116 96 62 92 90 87 73 79 60 62 85 74 57 64 68 130 74 64 70 110 124 125 127 130 137 137 142 145 146 150 160 173 203 215 184 169 161 134 127 126 88 49 21 16 19 14 15 15 16 16 16 15 15 16 16 16 16 16 16 16 15 15 15 14 14 14 14 13 14 14 14 13 14 14 15 15 14 13 13 13 13 14 14 14 14 14 14 14 13 14 14 15 15 15 15 13 13 14 14 14 14 13 13 14 14 14 15 15 14 12 13 13 14 13 13 13 12 13 13 13 12 12 13 14 14 15 15 15 15 15 14 13 14 14 15 15 15 15 15 15 15 15 14 14 15 15 15 16 16 15 15 14 14 15 16 18 18 19 17 16 16 15 15 15 15 15 15 15 15 15 15 15 15 15 15 16 16 17 17 16 15 16 16 17 
114 113 111 108 107 107 105 106 42 5 12 17 6 12 26 29 22 23 27 27 34 26 28 31 22 10 12 19 7 6 12 19 35 82 101 105 113 108 106 110 111 107 112 111 107 115 108 105 110 110 107 107 109 111 112 113 111 108 102 85 69 68 68 61 61 81 112 90 63 70 78 76 73 65 47 56 65 65 71 74 77 83 55 45 67 106 119 122 123 121 127 135 136 132 128 132 148 171 204 196 196 209 220 188 156 157 148 105 49 22 17 16 15 16 16 16 15 15 15 15 15 15 15 15 15 15 15 15 14 14 13 13 12 13 14 14 14 13 14 14 15 15 14 13 13 13 13 12 12 13 13 14 15 15 14 14 14 15 15 14 14 14 14 14 15 14 14 13 13 13 14 14 15 15 16 14 14 14 15 15 15 15 13 14 14 14 14 14 15 15 15 16 16 16 16 16 14 14 14 15 15 15 16 17 17 16 16 15 14 14 15 15 15 15 15 15 15 14 14 15 15 16 16 16 16 15 15 14 14 13 13 14 15 14 14 14 15 15 15 15 15 16 16 16 16 15 13 14 14 15 
124 119 118 119 116 112 107 113 64 7 10 16 7 12 20 31 19 15 21 22 22 20 28 37 19 12 19 21 7 5 9 11 26 47 84 107 114 107 108 115 111 107 113 111 109 116 111 107 114 115 109 109 111 114 114 113 114 111 94 73 67 74 62 56 61 70 87 72 73 66 86 80 80 57 49 63 63 67 71 65 72 53 53 40 68 105 116 120 123 117 118 127 123 113 103 107 132 156 169 168 189 184 189 204 188 187 184 152 89 29 10 16 17 16 16 15 15 16 16 15 15 15 15 15 15 15 16 15 14 14 13 13 13 12 13 14 14 13 14 15 15 15 14 14 14 14 14 13 13 14 14 15 16 16 14 14 14 14 14 14 13 16 16 16 16 16 15 15 14 14 14 15 16 17 17 16 15 15 15 15 15 16 15 15 15 15 15 15 16 15 15 15 15 15 14 14 14 14 14 14 15 15 15 16 16 15 14 14 14 13 14 14 13 13 13 14 14 15 15 15 15 15 14 13 14 14 14 14 13 13 13 14 14 13 13 13 14 14 15 16 16 16 16 16 16 15 15 15 16 16 
120 113 113 116 113 107 106 107 77 10 9 15 13 14 16 40 27 18 21 17 18 28 36 34 30 39 29 17 7 5 7 10 24 27 67 105 116 114 120 130 127 121 125 121 118 126 124 123 126 124 125 125 124 125 127 123 122 124 106 85 81 84 72 52 67 91 44 58 98 69 96 87 83 53 65 74 76 83 71 65 81 61 70 49 78 110 115 118 126 119 116 120 115 101 90 96 126 152 152 139 148 109 95 135 133 117 114 132 131 61 17 19 17 16 15 15 15 16 17 16 16 16 16 16 16 16 16 16 15 15 14 14 14 16 17 18 18 18 19 20 19 19 19 19 20 21 21 18 17 17 17 17 17 17 18 18 18 18 18 17 17 16 17 17 17 17 17 17 17 17 16 17 17 18 19 19 18 17 16 16 16 16 17 18 17 17 15 15 15 15 15 15 14 14 14 14 15 15 15 15 15 15 15 14 14 14 15 15 15 16 16 16 15 14 14 15 16 16 16 16 16 16 15 14 14 14 14 15 15 15 16 17 18 16 16 16 16 18 17 17 17 17 17 17 17 17 17 17 18 18 
61 56 56 59 57 51 58 56 51 10 8 16 32 30 18 34 35 28 25 18 17 38 42 18 35 69 35 10 6 7 5 9 14 22 35 72 100 84 77 92 95 95 102 94 87 92 91 95 95 95 106 110 102 100 106 103 99 104 97 88 86 86 84 89 103 103 74 81 106 101 101 96 91 65 97 88 91 97 84 92 104 83 80 57 81 105 100 102 115 109 104 107 102 90 81 88 117 126 73 47 52 39 41 64 50 33 38 73 132 105 32 13 15 14 13 13 14 15 16 16 16 16 16 16 16 16 15 15 15 15 15 15 15 16 17 18 18 18 19 20 20 19 19 19 19 19 19 19 19 18 17 17 17 17 17 17 17 17 17 16 16 18 18 18 19 20 20 21 18 17 17 17 17 17 17 19 19 18 17 17 18 18 17 17 17 16 15 15 15 17 17 16 16 16 16 16 16 16 16 16 16 16 16 15 15 15 16 16 17 17 18 17 16 15 16 17 17 16 16 16 16 16 15 15 15 15 16 16 16 17 17 17 17 16 15 15 16 17 17 17 17 17 16 16 16 17 17 17 17 16 
23 20 21 22 21 18 20 19 23 8 5 16 49 61 29 17 25 27 23 26 25 26 26 17 32 47 24 8 7 5 8 6 7 19 21 50 84 47 25 32 32 30 33 27 21 22 21 23 26 30 39 41 35 34 38 40 40 39 38 36 35 34 40 42 43 47 42 48 48 48 52 56 55 48 70 53 56 58 52 62 52 41 38 29 37 46 38 38 48 45 40 40 39 34 31 35 49 55 36 25 37 38 48 70 50 28 34 49 99 132 65 18 15 15 14 14 14 15 16 16 16 16 16 16 16 16 15 15 15 16 16 16 16 14 15 16 16 16 16 18 17 17 16 15 14 14 14 16 16 15 15 15 15 15 14 15 15 15 15 14 14 10 11 11 11 12 12 13 15 16 16 16 15 15 14 15 16 16 16 17 18 18 15 16 16 16 15 15 16 18 18 16 16 15 16 16 17 17 17 17 16 16 16 15 15 14 15 14 14 14 15 15 15 15 15 15 15 15 14 15 15 16 16 15 17 18 17 17 17 16 16 16 15 15 14 14 15 15 17 18 18 18 18 18 18 19 19 19 18 18 
39 37 37 38 37 35 32 31 33 17 5 11 34 61 48 22 21 23 20 27 36 19 13 33 61 40 14 7 7 4 11 5 6 12 20 39 62 47 28 26 26 21 19 15 11 11 10 10 12 14 18 19 16 15 17 20 20 19 19 16 12 12 15 22 19 13 31 26 18 20 17 19 17 21 20 18 22 24 19 21 14 11 11 9 11 14 9 9 14 12 8 8 7 7 6 7 11 19 30 33 45 38 37 46 33 20 22 23 35 69 72 38 22 21 20 19 19 20 20 21 21 21 21 21 21 21 21 21 21 21 21 21 21 23 24 25 25 24 25 27 26 25 24 24 23 23 23 20 19 19 19 19 19 20 23 24 24 25 25 24 24 24 24 24 25 26 27 28 21 21 22 23 22 21 20 19 19 20 22 23 23 24 22 23 23 22 21 21 22 23 22 21 20 20 20 21 23 24 23 23 22 22 21 21 21 20 20 19 18 18 20 20 20 20 20 20 20 20 21 21 22 22 22 22 25 26 25 24 23 22 22 25 27 27 27 27 27 27 26 26 26 27 27 28 28 28 28 28 28 28 
111 110 109 110 109 106 100 103 87 44 9 7 16 29 66 58 42 31 22 17 11 10 31 45 52 26 10 6 4 7 4 8 7 6 19 26 38 75 89 75 82 90 89 80 71 72 68 67 65 59 61 62 59 59 61 61 57 58 66 60 45 45 46 41 37 43 37 44 55 39 48 46 37 48 29 42 44 39 33 36 35 31 26 21 27 31 22 22 29 25 18 18 18 18 18 20 23 28 35 38 47 40 39 39 31 39 42 46 39 45 78 77 34 33 31 29 27 27 26 29 28 28 28 28 28 29 30 29 29 29 28 28 28 29 30 30 30 30 31 32 30 30 30 31 33 34 35 33 32 32 31 31 31 31 30 30 31 32 32 32 32 33 32 32 31 32 33 34 34 36 39 41 40 38 36 35 37 38 40 40 39 39 40 41 41 39 36 35 36 38 38 35 34 34 34 35 37 38 37 36 35 34 33 36 37 37 36 35 34 34 36 37 38 39 39 38 37 37 37 37 38 39 38 38 39 39 39 39 38 38 38 37 36 37 37 37 37 36 37 37 38 39 40 41 41 39 36 37 38 39 
96 91 93 99 100 98 100 98 103 57 11 5 7 18 31 87 77 23 25 36 12 26 67 49 19 9 6 5 5 6 6 7 7 7 8 28 24 36 110 115 116 128 119 114 118 112 114 118 118 116 124 115 129 114 117 112 114 118 119 119 117 119 118 113 111 112 115 117 117 115 114 114 113 113 108 108 108 107 106 106 107 107 103 101 98 96 99 100 93 92 99 105 101 95 104 110 107 111 108 112 112 108 109 118 125 128 137 145 146 147 154 153 95 27 26 33 23 22 29 27 27 26 26 26 26 26 28 28 28 28 28 27 27 27 27 29 30 29 28 29 26 26 27 29 30 31 31 31 31 31 31 31 30 30 29 29 29 29 29 30 30 31 31 31 31 31 32 32 33 35 38 41 42 43 42 40 44 46 47 50 51 49 54 54 51 47 43 42 42 41 40 39 36 34 34 35 37 36 36 35 35 35 35 32 35 35 36 37 34 37 37 37 38 36 34 34 36 37 37 37 38 38 38 38 36 37 40 39 38 37 38 35 33 34 34 35 35 35 39 39 35 35 33 31 33 35 35 35 34 34 
38 35 34 36 35 34 33 31 39 32 12 6 6 7 18 53 53 24 27 47 26 29 41 26 11 7 5 5 5 6 6 6 6 7 7 10 30 35 63 100 73 62 60 61 67 61 61 63 62 59 61 59 69 67 71 68 68 71 71 70 69 71 77 83 82 81 83 84 85 85 84 84 86 87 88 90 90 91 90 91 94 95 92 93 98 102 99 97 99 98 98 107 103 97 105 107 101 108 116 124 128 126 126 131 136 135 142 148 151 155 163 164 114 46 29 28 23 26 35 27 26 26 25 25 25 26 26 26 26 25 25 25 25 25 24 25 27 26 25 26 28 28 28 28 28 28 28 27 26 27 26 26 26 26 27 27 26 25 25 24 24 27 27 27 27 28 28 29 26 27 29 30 31 31 31 33 37 37 36 38 38 36 39 39 37 35 33 32 33 30 29 29 27 26 26 28 29 29 28 29 29 31 31 29 35 33 27 29 27 26 27 29 29 29 27 27 28 27 27 28 30 31 31 30 29 30 32 31 29 29 30 29 29 30 30 30 31 30 31 29 27 27 26 25 26 29 29 29 30 29 
38 34 32 32 31 30 28 23 23 24 15 6 5 5 11 16 22 22 22 30 23 18 15 9 6 6 5 5 6 6 6 6 6 6 7 6 19 32 34 73 73 34 24 27 31 24 24 28 29 27 26 26 26 27 27 26 27 28 29 29 29 30 32 33 33 33 33 33 33 35 37 37 36 37 37 38 38 37 37 38 40 41 40 40 44 48 44 41 48 47 42 46 45 42 46 46 42 45 47 51 52 51 51 53 56 57 60 63 65 68 74 78 72 47 31 28 27 27 31 30 30 29 29 29 29 30 31 31 31 30 31 30 30 29 28 30 31 29 28 29 28 28 27 27 27 26 26 28 28 28 28 28 27 28 30 30 30 29 28 27 27 27 26 26 25 26 27 28 29 30 31 31 31 31 30 30 32 32 30 30 30 27 29 30 29 28 27 27 28 28 28 28 27 26 27 29 26 25 24 24 25 26 27 31 34 30 28 31 30 30 31 31 33 32 31 31 32 30 29 30 31 30 29 28 27 27 29 28 26 27 28 29 29 29 29 29 29 29 30 30 29 30 31 30 31 29 27 28 28 29 
101 97 90 84 82 82 75 75 70 66 43 11 5 5 8 3 8 13 12 12 11 8 6 4 4 5 6 6 6 6 6 5 6 6 8 8 8 22 27 49 78 58 37 32 34 32 33 33 32 36 31 30 17 16 13 15 16 18 20 21 23 24 25 24 25 24 21 18 16 16 18 17 17 17 18 20 20 19 19 20 21 22 21 20 22 24 21 21 25 25 19 20 20 19 22 22 20 22 23 23 23 21 22 24 26 25 26 28 29 30 33 35 38 41 33 34 36 29 29 35 34 34 33 34 34 34 33 33 33 33 33 33 33 32 31 32 33 31 30 32 34 34 34 34 34 35 35 34 34 34 34 34 33 33 30 30 31 31 31 31 31 32 32 32 32 31 32 32 32 32 32 32 31 31 31 31 32 32 30 30 30 28 29 31 31 30 30 30 32 33 33 33 32 31 32 34 36 36 34 33 33 34 35 42 37 29 31 34 31 37 34 32 33 33 33 33 33 34 34 35 34 33 32 31 33 35 35 34 32 33 33 34 33 32 33 32 31 31 31 30 31 33 33 32 32 31 30 31 31 32 
149 143 134 126 124 125 123 130 118 114 81 21 6 4 6 3 6 6 7 6 5 5 5 6 4 4 5 6 6 6 6 5 6 6 7 6 7 12 22 31 55 84 74 61 68 78 77 63 53 58 49 39 17 14 12 15 16 19 21 23 25 28 31 34 35 32 25 18 13 13 14 15 17 21 27 31 34 34 34 34 36 37 35 32 27 27 27 29 30 29 29 33 35 34 37 37 36 38 36 37 37 38 38 39 41 43 44 46 47 46 45 43 44 45 36 39 41 34 37 37 36 36 35 36 37 37 35 35 36 36 36 37 37 36 34 35 36 35 34 36 34 35 35 35 36 36 36 35 35 34 34 33 33 33 30 30 30 31 31 32 32 33 34 35 35 35 33 32 37 37 36 35 35 35 35 33 36 36 35 36 38 37 37 38 39 39 38 38 39 37 37 37 35 34 36 38 40 40 37 36 36 37 39 65 66 46 38 38 35 37 39 39 39 40 40 40 39 38 37 37 36 36 38 39 39 38 37 36 35 35 34 37 36 35 36 35 33 35 34 33 34 35 35 35 33 34 35 35 35 36 
160 160 160 162 167 172 163 165 151 158 126 40 8 5 5 4 8 4 6 6 5 5 5 6 5 4 5 6 6 6 6 5 6 6 7 6 8 8 14 21 34 63 74 88 112 113 109 103 88 78 62 41 16 11 10 12 14 16 18 19 20 22 24 26 28 27 21 15 12 11 13 15 19 25 34 41 45 45 45 46 47 48 46 42 34 32 34 38 36 34 36 40 42 41 44 43 42 44 38 43 49 53 53 50 50 55 57 59 59 56 50 48 52 42 34 37 36 32 37 35 35 34 34 35 35 36 33 33 34 34 35 35 35 36 34 35 36 35 35 37 36 36 36 36 36 35 35 34 34 34 34 34 34 34 35 35 34 35 34 34 35 33 34 36 37 36 34 32 33 32 31 31 32 33 34 29 30 31 31 34 37 37 35 36 38 37 36 36 36 36 36 36 34 33 34 36 37 36 35 34 35 38 40 73 92 66 38 38 40 34 37 39 38 38 39 39 38 39 39 37 35 34 35 35 36 36 35 36 38 38 37 38 36 34 36 35 33 35 37 37 38 38 38 38 36 36 37 36 37 37 
98 101 108 119 128 133 132 141 147 172 147 51 8 5 4 4 7 4 6 6 5 4 4 5 5 5 5 5 6 6 6 6 6 6 6 8 7 8 8 17 28 33 50 88 127 120 118 128 115 93 74 48 26 15 12 11 11 13 14 14 15 16 16 16 19 21 19 17 17 17 16 19 22 27 33 38 41 42 41 42 44 45 44 43 41 38 39 42 42 39 36 33 35 33 35 35 35 39 38 44 53 59 60 55 52 52 52 52 52 48 41 39 39 27 25 28 26 24 26 28 28 28 28 28 29 29 24 24 25 25 26 26 27 28 27 27 29 28 29 31 29 29 29 28 28 28 28 24 24 25 26 27 28 28 28 28 27 27 27 27 27 27 28 29 30 31 30 30 29 28 27 28 29 32 35 30 32 32 33 36 40 40 39 40 42 42 41 41 41 46 48 48 47 46 48 50 60 62 61 61 64 70 74 102 134 112 75 77 84 74 70 68 63 62 63 64 63 59 57 53 48 44 41 39 35 32 31 31 31 30 27 29 28 26 29 28 26 29 30 30 31 29 29 30 28 28 30 30 31 31 
28 29 34 41 47 48 54 66 79 99 87 34 8 5 5 4 4 5 5 6 5 5 5 4 4 5 5 5 6 6 6 6 6 6 6 7 6 7 7 12 21 26 33 56 92 109 113 108 97 84 74 55 45 24 15 10 10 11 12 13 13 14 15 16 19 20 19 20 22 23 22 24 26 28 31 33 34 36 36 38 41 42 41 41 42 41 39 40 45 41 33 32 34 33 36 37 39 44 40 43 48 53 55 53 50 44 43 41 40 38 33 30 25 17 19 20 19 20 18 19 19 18 19 19 20 20 19 19 19 20 21 21 21 24 23 24 25 25 26 28 27 27 27 28 29 29 29 27 28 30 33 35 38 40 43 44 44 45 45 46 46 50 50 50 52 56 61 65 69 67 67 69 74 80 86 81 83 82 82 86 92 91 94 98 102 103 102 102 104 111 114 115 114 116 120 125 129 128 125 125 130 139 146 151 168 160 146 147 142 144 147 140 130 126 128 130 130 122 118 119 115 109 102 95 89 82 71 58 46 34 25 20 17 15 18 17 16 18 18 17 18 17 16 18 17 17 19 19 20 20 
13 11 11 13 16 16 17 18 17 20 20 13 8 5 5 5 4 5 5 6 6 6 6 5 4 5 5 5 5 6 6 6 6 6 6 5 6 6 8 8 10 20 26 32 45 75 96 83 62 55 56 47 45 30 20 12 11 12 13 14 15 15 17 19 20 20 20 21 23 25 25 26 27 28 29 29 30 31 32 33 36 37 37 36 36 37 34 36 42 40 34 38 39 38 40 42 45 49 42 42 43 45 47 49 48 44 42 40 40 41 40 38 34 28 30 32 34 35 33 37 36 35 36 39 42 45 49 49 50 50 51 52 54 63 64 66 69 69 70 72 80 77 82 84 89 95 94 90 93 96 101 105 108 110 106 114 113 115 121 122 125 128 128 124 129 134 135 142 140 139 139 140 144 150 158 153 155 157 151 153 161 158 161 166 172 173 167 165 171 172 174 175 176 179 182 184 184 180 181 177 176 184 187 181 179 172 193 184 172 186 192 186 185 183 183 187 183 178 176 173 177 179 170 166 163 157 145 126 115 104 86 63 42 25 16 13 11 12 12 11 12 12 11 13 12 11 12 12 12 12 
20 15 11 11 13 15 20 18 17 18 17 11 7 5 5 6 6 6 6 6 6 6 5 5 5 5 5 5 5 6 6 6 6 6 6 6 6 6 7 7 8 9 18 29 33 41 64 83 70 53 50 38 30 28 23 15 13 15 16 18 20 21 21 23 24 26 28 29 31 31 31 32 33 35 37 38 38 37 39 41 43 44 44 46 50 52 53 56 62 63 61 62 62 62 62 65 71 77 84 84 83 84 86 88 88 83 82 82 84 87 92 93 90 88 89 96 101 99 97 109 107 106 108 113 119 124 124 124 123 124 125 126 129 138 141 146 150 151 149 149 160 155 163 164 168 180 176 166 168 171 174 176 178 178 166 177 175 180 184 181 190 188 189 182 188 191 181 188 174 180 178 177 180 180 184 184 182 189 183 180 192 185 177 179 185 184 173 170 182 176 171 174 180 183 180 177 182 181 189 181 173 179 173 173 177 170 194 177 178 186 181 178 188 191 188 195 188 183 176 165 179 191 181 182 180 181 181 172 179 184 166 143 119 91 68 47 28 18 13 10 10 13 11 11 11 11 11 10 10 9 
26 22 11 6 8 13 17 17 17 17 16 12 6 5 6 6 6 5 5 5 6 6 5 5 5 5 5 4 5 5 6 6 6 6 6 6 6 6 6 7 8 8 7 12 33 35 32 59 83 84 78 58 37 30 23 19 21 26 30 35 41 43 47 53 57 62 66 68 68 71 75 76 79 82 85 87 91 94 96 98 100 102 104 107 114 116 116 120 129 129 126 131 131 131 132 137 146 155 163 162 162 163 162 164 164 161 160 161 163 167 171 174 173 170 171 179 184 180 174 182 180 178 179 181 185 188 184 183 182 181 181 183 183 175 179 183 186 186 185 182 179 176 184 178 172 180 176 180 178 175 173 174 174 174 185 180 181 189 179 169 184 173 178 175 182 181 172 182 161 182 173 175 192 187 187 187 172 179 186 186 194 191 181 177 178 179 175 177 188 183 173 177 190 190 183 186 174 168 178 173 165 170 161 146 154 171 169 155 164 169 176 166 164 168 165 171 170 162 148 148 173 185 175 166 169 179 183 173 176 184 176 177 181 176 163 129 88 59 37 18 11 12 11 9 11 11 10 9 9 9 
28 24 14 9 11 18 15 16 17 16 19 17 10 6 6 6 6 5 5 5 5 6 6 5 5 5 5 5 5 6 6 6 6 6 5 5 5 5 5 6 7 7 8 7 7 21 40 33 44 76 98 100 80 61 47 52 69 78 84 91 103 109 119 132 139 146 151 151 149 156 166 167 168 169 170 172 175 178 179 181 183 187 191 190 188 189 188 191 201 200 194 194 192 188 182 182 187 190 185 185 186 185 184 181 182 191 191 192 192 191 191 189 182 178 179 184 187 182 178 184 182 180 178 178 178 180 180 178 176 176 176 177 178 175 178 181 183 183 181 179 171 170 180 175 170 178 175 196 193 189 185 184 184 186 193 177 184 193 177 168 186 166 178 183 191 186 174 187 160 194 166 164 195 184 183 191 162 168 181 176 177 178 200 182 174 178 172 167 179 187 178 176 184 178 168 167 164 160 168 162 151 151 139 138 147 173 136 119 138 152 161 136 124 131 129 132 135 118 100 113 156 171 168 152 159 179 185 174 174 185 189 185 183 184 184 180 168 150 107 53 20 9 9 9 10 10 9 9 10 10 
35 26 18 14 12 10 14 17 15 11 12 12 7 5 5 6 6 5 5 5 6 6 6 5 5 5 5 5 5 6 6 6 6 5 5 6 6 6 7 7 7 8 10 9 7 13 27 30 25 35 69 104 116 113 113 122 138 150 155 162 176 186 184 179 183 187 189 187 186 184 183 183 182 183 182 182 185 187 186 186 187 191 196 195 194 195 191 193 200 200 195 201 197 190 181 177 178 183 192 194 196 196 194 190 189 188 188 187 183 179 175 177 191 189 190 194 196 192 190 195 191 188 187 188 191 192 177 176 176 176 177 180 180 181 183 185 187 188 187 187 184 177 185 183 184 195 190 178 179 179 179 179 179 180 181 171 177 176 165 167 172 152 172 184 190 180 161 168 173 213 161 148 181 169 168 174 145 159 181 174 176 193 200 178 175 162 115 98 135 177 186 182 174 172 168 157 124 113 119 116 107 105 93 110 119 158 121 100 109 124 143 116 101 111 108 106 110 113 103 118 165 183 183 168 160 170 176 165 161 169 178 178 178 178 176 182 186 181 156 107 50 16 8 8 8 9 10 10 10 10 
107 80 60 48 34 21 14 13 10 8 12 15 12 6 5 6 6 6 6 7 6 6 6 6 6 5 5 5 4 5 6 6 6 6 6 6 6 7 8 8 7 7 7 9 12 10 12 26 41 45 48 52 67 105 166 185 178 195 197 191 188 185 186 190 190 190 189 191 192 189 184 186 190 194 198 200 199 196 194 193 194 197 201 196 184 185 180 181 187 184 179 187 189 187 185 186 191 189 176 179 182 184 183 181 182 192 192 192 190 187 184 181 177 177 179 183 184 183 181 177 173 171 172 177 183 189 186 186 186 187 190 193 194 179 179 181 183 184 186 186 185 169 170 169 172 181 172 179 183 187 188 188 186 184 183 179 177 153 144 153 135 133 153 162 164 148 123 122 150 179 119 98 120 112 114 107 92 112 135 132 144 175 171 164 176 145 70 50 103 154 179 177 161 171 179 160 113 99 107 107 102 101 88 99 104 163 157 129 119 126 147 123 111 123 119 115 115 131 127 127 153 163 160 156 156 162 163 150 141 142 146 148 152 147 134 128 125 117 107 102 80 46 20 7 7 10 9 10 10 10 
176 146 120 103 86 67 57 50 39 30 30 30 23 13 10 11 10 8 7 7 7 7 7 7 7 6 6 7 7 8 8 7 7 6 7 8 9 10 10 10 10 10 11 11 11 14 18 18 17 20 29 44 51 51 56 92 142 171 188 191 191 188 188 192 186 180 174 172 172 177 185 186 186 188 188 189 189 187 185 185 184 187 187 191 196 196 192 191 199 194 186 184 187 188 187 188 194 193 183 185 187 188 188 188 185 174 175 176 177 178 181 180 178 180 182 184 185 183 182 182 182 181 182 187 193 195 175 175 174 176 179 180 182 177 177 177 177 177 178 179 181 168 171 171 172 182 174 178 179 180 180 176 172 169 169 162 154 118 103 111 86 107 119 121 119 104 82 79 143 161 112 92 103 97 100 113 102 117 126 112 119 144 169 155 162 156 104 84 127 141 156 153 138 146 152 134 129 124 128 126 120 116 99 86 79 108 118 98 87 93 103 88 84 92 88 86 84 74 72 65 65 65 54 55 56 52 49 45 41 36 33 28 26 23 18 21 30 36 40 48 58 78 65 19 7 9 9 9 9 9 
79 57 48 52 58 55 61 60 56 59 63 61 54 31 22 22 20 16 13 12 11 11 11 11 10 10 10 12 13 13 13 12 11 10 14 17 17 18 18 19 20 23 21 21 28 25 17 22 27 22 21 28 41 52 68 64 57 79 99 120 149 172 187 195 194 192 190 187 186 186 189 187 184 179 175 173 178 190 191 192 192 192 190 185 180 180 176 177 182 179 174 183 184 181 176 171 171 173 172 170 169 168 167 169 171 173 171 169 170 171 174 174 169 171 172 170 168 166 167 170 173 176 177 174 170 169 175 173 171 170 170 170 170 177 175 172 168 165 165 163 165 168 180 172 162 170 169 171 166 160 154 152 154 154 162 146 147 120 104 114 95 117 122 118 118 111 96 96 120 129 111 101 104 98 99 84 69 72 69 56 57 65 65 54 53 60 62 60 60 50 46 45 44 43 39 37 38 36 37 35 32 30 23 31 32 29 32 28 31 33 34 31 32 34 31 32 31 31 49 52 49 42 16 11 15 14 12 13 14 11 8 6 8 10 11 14 21 23 26 30 29 57 106 61 14 7 8 9 9 9 
70 33 25 33 41 38 36 33 34 41 41 34 26 24 26 28 30 28 27 26 20 16 15 15 14 14 14 13 14 15 18 19 21 22 19 17 16 15 16 18 20 21 20 17 16 19 22 21 22 20 16 21 29 30 34 45 56 57 53 54 68 87 111 133 143 158 170 180 184 183 181 182 183 184 184 185 183 179 182 183 183 181 177 176 176 176 171 172 178 175 172 183 184 183 178 175 175 181 193 189 185 182 180 182 182 183 177 170 166 163 165 165 160 162 163 158 154 152 150 139 144 149 148 139 130 123 134 131 128 124 122 121 119 103 99 95 91 88 85 83 78 87 96 81 63 63 63 66 61 54 51 52 55 58 48 37 45 41 34 44 39 40 40 37 39 41 37 41 30 31 33 34 33 30 30 33 28 31 33 32 36 40 28 37 39 31 31 36 35 41 33 35 45 42 36 41 37 33 36 38 40 44 37 28 31 25 32 34 41 37 27 25 27 25 24 27 26 53 117 145 139 110 35 14 14 11 10 14 18 16 11 8 9 9 8 12 23 30 33 40 29 29 87 90 28 8 8 9 10 11 
134 77 38 26 33 44 40 40 40 36 34 34 32 34 33 29 26 25 26 26 33 35 32 28 24 19 16 14 12 11 11 12 14 17 20 21 18 15 13 13 14 15 15 15 11 18 14 14 12 16 16 22 25 15 27 20 27 30 38 52 38 47 58 57 66 87 82 89 93 87 112 124 116 135 134 125 146 153 149 161 151 149 151 142 149 144 135 151 151 136 142 132 118 124 118 117 121 109 106 106 104 99 93 91 90 90 86 79 72 69 70 70 60 60 59 58 56 55 54 51 48 52 52 50 52 51 49 49 48 48 46 41 40 43 39 40 40 36 35 36 48 52 48 41 44 45 30 44 43 37 42 37 37 45 38 36 36 39 44 43 33 44 47 34 41 38 48 48 38 28 43 40 35 36 28 37 33 28 34 31 33 39 22 27 43 24 20 33 30 38 28 18 34 26 21 36 19 21 37 17 26 32 14 10 9 12 10 12 24 22 11 10 10 9 8 9 9 40 132 145 143 122 38 10 17 13 13 18 22 17 10 10 11 10 8 9 15 25 36 56 67 40 22 18 12 10 11 10 11 11 
120 141 104 55 32 27 27 31 33 30 29 28 25 24 25 29 32 32 28 23 21 21 23 25 28 31 31 27 24 22 19 16 13 12 10 9 10 12 13 12 11 10 10 10 7 12 12 14 12 11 11 15 23 14 24 17 21 16 13 20 18 31 38 37 42 50 50 51 52 47 48 54 51 55 57 54 58 59 57 58 57 55 56 57 55 53 51 53 53 51 50 48 44 45 46 48 48 48 50 48 50 45 43 44 41 45 43 41 40 41 44 46 44 45 44 44 43 42 41 40 34 42 50 41 38 49 44 38 48 43 40 47 34 37 42 35 42 43 34 47 37 32 26 30 45 47 32 32 32 28 32 25 18 18 15 15 15 17 27 28 18 34 24 18 30 21 22 29 21 16 26 21 19 21 14 24 20 16 23 19 19 25 15 16 27 14 12 21 17 24 19 11 24 18 14 24 13 14 25 11 17 19 8 7 6 8 6 8 19 18 7 7 7 7 8 9 10 41 131 145 144 118 37 9 12 8 7 10 14 11 7 6 7 8 8 7 7 9 11 21 32 20 8 6 5 5 7 9 12 13 
57 92 99 82 57 37 28 28 28 28 27 24 18 17 19 22 26 29 29 28 26 26 25 24 25 24 24 25 26 27 26 25 22 19 16 12 9 8 8 8 8 8 12 11 7 8 10 10 11 9 10 9 20 12 17 13 20 15 11 14 10 13 14 21 23 22 29 27 27 35 34 36 40 31 37 42 35 42 40 32 40 36 36 49 40 39 45 33 34 44 35 38 42 33 40 41 34 43 41 35 39 33 33 38 27 24 23 22 22 23 25 24 20 20 21 21 20 20 19 19 16 25 38 29 22 39 29 21 34 27 23 37 18 19 28 17 27 29 17 33 27 18 10 16 29 25 17 27 26 21 25 18 11 8 8 10 8 10 22 24 13 30 16 14 26 16 13 23 15 14 19 13 13 17 10 17 12 11 17 13 11 17 12 9 15 9 8 12 9 12 11 7 15 11 9 13 10 9 14 7 10 10 6 6 7 6 6 7 18 18 5 5 5 5 5 6 6 32 110 133 139 110 34 7 10 7 5 7 10 9 7 6 6 7 7 6 6 6 6 19 41 25 6 4 5 5 4 6 9 11 
33 40 55 72 72 57 40 32 26 25 25 20 13 12 12 11 13 17 22 26 27 25 24 21 19 18 17 18 18 19 21 23 25 28 30 24 12 6 5 5 6 6 12 14 13 11 15 11 18 16 20 11 18 9 10 10 17 13 9 13 14 16 10 17 17 10 22 17 15 27 22 21 31 19 27 36 23 35 34 23 36 29 28 45 30 30 39 22 23 39 25 28 36 22 30 30 21 33 33 25 30 23 23 29 16 12 10 9 9 10 9 9 10 10 10 10 10 10 9 8 8 13 27 20 12 28 21 13 25 18 15 26 11 14 22 11 19 20 10 22 20 12 5 12 21 15 12 16 15 11 14 11 7 5 6 7 5 6 12 13 7 13 8 7 12 8 7 11 8 7 11 6 7 9 6 9 6 5 9 6 5 8 7 5 7 5 4 6 4 6 6 4 7 6 5 6 7 5 7 5 5 5 4 4 5 3 5 5 14 15 6 6 6 5 5 5 4 28 95 123 136 102 33 6 9 6 5 5 7 8 6 6 5 4 4 4 5 5 5 12 21 12 5 6 5 4 5 5 5 7 
35 28 30 43 55 56 48 35 22 19 18 14 9 6 5 5 6 8 11 13 15 15 15 14 13 13 14 13 12 11 11 13 15 18 21 18 10 6 6 6 6 7 18 27 31 26 28 18 27 28 35 18 16 6 7 8 13 9 6 9 15 20 15 29 27 13 28 20 15 27 16 15 28 15 24 35 16 24 25 15 27 21 18 33 20 20 29 14 15 29 16 19 26 14 20 20 12 23 21 15 19 14 14 18 9 7 7 7 7 7 6 6 7 7 7 7 7 6 6 6 7 8 16 12 6 15 13 9 14 11 10 14 7 9 13 8 10 11 6 11 13 11 6 11 14 8 8 8 9 6 8 7 6 7 7 5 5 5 6 6 4 5 6 4 5 6 7 6 5 4 6 4 5 5 5 5 6 4 6 5 5 5 6 4 6 4 4 4 4 5 6 5 6 5 6 6 6 6 8 6 6 7 6 6 9 5 9 8 16 17 9 9 10 10 10 10 10 29 76 95 106 75 27 7 8 6 6 5 7 7 6 5 4 4 4 4 4 4 4 5 6 3 4 8 6 4 5 4 3 5 
34 32 28 31 40 49 49 36 22 15 12 9 6 4 4 4 4 5 5 5 7 9 9 8 7 7 8 8 8 7 6 6 6 7 8 8 6 6 6 6 5 7 20 31 35 29 26 15 20 22 31 19 12 6 8 10 11 9 7 8 11 15 11 25 22 9 20 15 11 21 13 10 20 11 18 25 10 13 14 9 16 12 10 19 12 12 18 9 9 18 10 12 16 9 12 11 7 13 10 8 11 8 8 11 5 6 6 6 6 6 6 6 5 5 6 6 6 5 5 6 8 6 9 8 5 8 7 7 7 8 8 7 7 7 7 7 6 6 6 6 10 12 10 11 10 5 7 6 8 6 7 6 7 8 9 7 7 9 7 6 7 8 8 8 9 9 9 9 10 6 9 9 9 8 11 9 12 9 9 10 12 10 13 12 14 12 12 12 14 14 14 13 13 13 14 15 12 14 16 14 15 17 15 13 16 11 15 13 18 19 13 13 13 14 14 15 15 20 39 44 50 35 15 6 9 8 9 8 10 10 7 7 7 8 10 10 10 8 8 13 18 15 12 15 16 20 25 28 29 34 
42 41 38 39 43 46 46 40 29 17 8 5 5 6 5 5 4 5 5 5 6 6 7 6 4 4 4 5 5 5 5 5 5 5 5 5 5 5 5 5 5 5 11 17 18 16 12 7 8 10 15 13 8 7 9 10 9 8 7 7 11 20 15 20 16 7 13 14 12 17 11 6 10 5 8 12 6 8 7 6 8 6 6 9 6 6 8 5 6 9 6 6 8 5 6 6 4 6 5 4 6 5 6 7 4 5 6 6 6 5 5 6 6 6 6 6 7 8 8 7 8 7 8 9 8 9 9 10 9 11 12 10 11 12 12 14 13 13 16 13 18 24 25 24 22 21 23 17 20 17 19 19 19 19 20 17 20 23 20 18 20 19 15 17 19 18 16 17 16 12 15 15 16 13 17 13 17 13 14 14 17 15 15 15 17 14 15 15 16 16 16 16 15 16 17 18 15 17 19 17 18 20 19 19 20 18 21 19 20 21 23 24 24 24 24 24 25 26 31 28 36 33 31 28 35 35 39 37 39 40 35 39 42 42 43 45 49 53 53 54 57 60 64 66 64 62 67 73 76 79 
51 49 47 48 47 43 42 45 41 23 7 3 5 6 5 4 4 4 5 5 6 7 8 7 5 5 5 5 4 4 4 4 5 5 5 5 4 4 4 4 5 4 5 6 4 6 4 4 4 4 5 8 6 6 8 8 7 5 5 5 13 31 32 35 26 13 16 21 21 21 12 5 5 4 5 6 5 6 5 5 5 5 5 5 5 4 4 6 6 5 6 5 5 7 8 9 13 15 21 23 26 26 25 26 23 20 24 26 24 22 24 26 23 23 23 25 27 30 33 38 37 40 40 41 44 42 37 36 37 38 39 39 37 34 37 37 37 40 43 40 40 42 42 35 31 30 29 26 29 23 27 28 29 29 28 27 28 31 30 27 26 27 23 26 28 28 25 26 24 25 26 22 25 23 24 26 28 24 28 27 30 31 30 30 30 26 31 29 28 36 36 39 39 40 39 40 43 44 43 47 45 44 48 52 49 56 56 56 56 57 63 63 61 61 61 63 64 67 69 62 75 73 75 71 76 75 83 79 83 86 79 85 87 85 84 84 90 97 97 90 87 94 100 97 95 91 90 92 88 85 
42 42 40 40 38 35 35 39 38 21 6 2 3 4 3 3 3 4 4 4 6 8 9 9 8 7 8 7 6 5 5 4 5 5 4 5 6 7 7 6 6 7 8 7 5 6 5 7 7 6 5 8 7 7 6 6 7 6 6 5 11 28 34 39 28 16 16 20 19 19 14 8 7 7 8 9 9 9 8 9 9 10 11 11 13 14 14 18 21 22 25 29 32 37 39 44 52 55 61 63 64 64 63 60 52 42 54 71 80 78 77 81 79 77 76 78 83 87 90 98 96 98 96 97 101 98 88 87 88 86 85 86 83 81 82 79 83 86 85 94 82 78 74 58 47 46 36 42 46 44 49 53 54 57 58 55 57 57 55 52 46 48 49 53 55 58 59 60 64 67 63 59 62 58 60 64 63 60 65 64 66 70 71 71 71 67 72 69 67 76 76 80 81 81 80 81 86 85 83 89 87 86 90 92 88 99 98 98 96 96 99 98 96 95 95 97 99 100 98 91 102 99 98 93 93 91 99 96 97 99 96 97 95 94 89 85 86 91 91 83 79 81 79 74 76 77 72 65 56 49 
26 26 26 25 24 24 24 22 20 15 8 6 4 5 5 5 5 5 5 6 7 8 9 11 13 14 16 15 13 11 10 9 9 8 7 8 9 11 10 10 9 10 9 8 9 10 9 11 12 10 8 10 11 9 7 8 12 12 11 9 10 17 19 18 15 11 10 12 12 12 12 11 10 12 14 14 14 15 17 18 20 22 24 26 31 32 36 41 48 54 58 63 65 68 70 74 77 77 72 71 66 64 64 58 47 37 53 92 130 133 128 134 133 132 131 131 135 136 133 129 132 132 130 128 124 118 110 113 115 114 112 113 115 121 118 117 127 126 122 143 136 130 130 115 102 97 78 84 95 101 107 108 103 114 114 105 109 106 99 98 92 83 86 90 94 98 103 108 114 117 109 107 105 97 101 98 95 95 96 97 97 99 95 95 97 97 96 93 91 89 89 89 89 89 90 90 91 86 82 85 91 92 88 86 86 89 89 89 86 83 84 85 86 84 82 81 82 84 83 82 85 82 78 78 78 79 81 79 75 73 75 74 73 71 67 62 61 64 62 57 55 54 54 52 49 45 37 32 30 26 
28 28 28 28 28 28 28 26 27 25 20 20 20 18 17 16 16 16 17 17 16 17 18 22 25 28 31 33 32 29 27 25 23 20 18 18 17 16 14 14 15 16 15 13 14 13 11 13 15 14 13 14 14 12 12 14 18 17 17 16 14 18 15 14 15 14 14 17 19 19 18 19 19 20 21 24 27 31 35 39 43 45 46 46 49 51 55 59 65 70 70 64 56 51 48 46 38 34 33 28 23 22 23 21 17 14 21 57 108 122 121 130 117 121 125 126 126 125 123 119 123 128 132 127 115 100 84 90 97 101 104 108 113 110 118 126 136 137 134 143 149 149 150 147 144 131 111 111 120 127 134 127 117 131 127 118 116 112 109 111 108 95 95 95 95 96 101 107 109 118 112 106 98 83 80 82 81 82 82 81 81 80 75 74 75 76 76 74 73 73 72 71 70 70 69 69 70 64 57 61 69 69 64 60 60 62 64 63 62 61 58 58 59 58 55 55 55 54 52 53 57 56 52 52 55 57 57 53 48 47 48 50 51 51 49 47 45 43 40 39 40 38 33 29 26 24 21 24 29 31 
51 52 53 53 53 52 55 52 56 56 51 56 57 52 50 47 46 46 47 49 47 46 47 50 51 53 54 59 60 58 56 54 49 43 40 38 35 30 27 28 30 32 30 26 27 25 21 22 23 22 21 23 24 24 26 27 27 24 26 28 27 30 28 30 33 33 32 36 40 42 45 49 51 49 51 58 66 73 78 85 91 92 90 84 76 78 81 84 86 87 90 91 78 71 73 71 60 51 44 39 33 32 31 26 18 9 9 28 60 65 62 71 76 83 90 92 90 89 91 97 93 93 99 102 101 94 64 69 75 78 80 83 86 95 104 107 107 112 117 116 115 125 125 136 142 125 111 105 105 109 120 114 104 121 126 125 123 123 124 122 117 118 117 114 110 110 114 120 107 118 113 100 83 62 55 52 53 53 52 51 50 49 46 46 47 48 48 48 47 49 48 47 46 45 44 43 46 41 35 39 45 45 40 39 40 42 44 44 44 43 43 43 43 42 40 40 40 40 38 39 44 43 40 41 42 44 45 43 41 41 44 43 40 40 39 38 34 30 31 34 35 30 24 21 20 22 24 29 37 38 
74 75 75 75 74 73 78 75 77 78 73 78 79 76 75 72 71 70 72 73 78 80 79 76 74 72 71 75 77 78 80 79 74 67 56 47 43 38 32 30 30 32 33 33 37 39 40 43 49 50 48 49 51 50 51 57 62 55 58 64 67 75 68 67 69 71 71 73 76 77 79 86 88 86 88 97 97 87 90 93 94 93 89 90 93 93 94 94 91 88 92 98 89 87 94 98 90 85 89 85 78 74 66 47 31 14 11 16 22 19 16 20 21 21 23 24 23 23 26 28 27 28 32 37 44 52 55 60 66 68 70 71 73 78 80 74 65 76 98 98 101 118 115 126 135 118 117 119 105 102 117 113 97 105 110 116 114 116 116 104 93 96 98 97 95 94 97 100 92 102 97 85 67 47 40 36 37 37 35 36 36 35 34 33 34 34 35 35 36 36 36 35 35 34 34 34 37 35 31 32 35 35 34 35 36 37 37 38 38 37 38 39 39 38 36 36 37 38 38 37 40 40 38 39 39 40 43 43 40 41 43 41 38 35 33 32 28 23 21 20 19 17 16 19 23 30 36 42 47 41 
78 78 78 76 74 72 78 73 74 74 70 74 73 72 72 71 69 68 69 70 71 71 72 72 72 72 72 75 77 79 81 82 78 73 73 75 73 66 56 48 43 35 29 28 29 29 28 28 30 29 29 34 39 40 42 45 51 48 51 54 53 62 60 61 61 65 71 74 74 72 69 71 72 74 76 80 82 83 82 80 79 78 77 76 75 76 76 75 73 70 69 68 66 65 66 66 64 62 60 59 56 52 43 28 18 17 17 12 8 7 9 14 25 18 14 13 12 12 13 9 12 16 18 19 24 35 48 53 61 68 72 76 79 76 75 70 59 75 110 111 113 134 128 131 136 126 136 154 131 121 136 128 94 81 86 94 83 83 87 74 67 73 77 82 83 82 83 84 83 86 84 79 61 40 37 34 36 34 32 34 37 37 34 34 34 35 35 36 36 35 35 35 35 35 35 35 36 37 35 33 32 33 35 35 35 35 35 34 34 33 33 34 34 33 31 31 32 33 32 30 31 30 30 31 30 31 34 32 28 26 25 27 27 23 20 19 17 15 12 10 10 13 20 28 33 37 38 42 45 38 
85 84 83 81 79 77 80 74 76 78 77 82 81 77 75 75 74 74 74 74 69 67 68 70 72 74 75 74 73 73 74 75 72 68 67 71 75 75 70 63 58 55 52 46 38 28 22 19 17 17 17 20 22 22 24 22 21 23 28 29 26 30 30 29 27 30 35 36 35 37 39 38 39 43 44 43 44 47 46 46 45 46 47 46 45 46 47 48 48 48 47 46 47 46 42 39 40 40 37 38 39 41 43 38 31 29 33 25 16 17 27 36 43 22 12 10 9 8 8 6 6 7 7 7 14 32 63 71 81 88 92 96 99 102 102 103 87 95 128 120 115 130 127 120 119 120 130 131 122 117 133 129 90 63 69 75 59 62 79 78 83 98 105 112 116 115 115 115 111 102 99 98 68 35 29 27 27 23 20 23 28 29 29 29 28 28 28 29 30 27 26 26 27 27 27 28 26 27 27 23 20 22 26 25 24 24 23 22 22 22 21 21 22 21 20 19 20 21 20 18 19 18 18 20 18 18 20 19 17 15 15 15 13 11 10 9 10 9 13 16 19 27 37 43 43 40 36 39 40 35 
81 81 81 79 78 78 79 73 76 80 79 83 80 76 76 75 76 76 77 77 80 82 82 82 82 82 82 82 80 76 75 76 75 73 69 70 76 80 81 82 82 82 82 79 74 69 65 62 52 42 38 29 15 10 11 12 15 15 18 18 15 17 18 22 20 22 23 22 22 24 25 25 26 28 30 30 30 32 33 35 36 37 37 35 32 33 33 33 33 34 33 31 33 33 32 31 32 32 28 33 36 41 50 56 57 60 64 59 52 56 68 72 45 18 7 7 8 8 7 7 5 4 4 7 21 53 103 111 120 123 122 122 122 117 115 124 102 94 111 98 105 109 112 104 102 110 107 95 100 98 113 125 105 83 79 88 67 74 102 109 122 121 126 130 130 129 130 130 140 116 118 124 76 25 15 14 14 10 7 9 14 15 16 16 16 15 15 16 16 15 15 15 15 14 14 14 14 15 14 12 10 11 13 13 13 12 12 12 12 12 12 13 13 13 12 11 12 12 12 12 14 13 12 13 12 12 13 12 11 11 12 11 10 10 11 12 14 17 22 28 33 38 41 40 37 39 39 40 42 36 
82 83 84 84 84 83 87 81 84 86 83 85 79 78 80 80 82 83 83 84 82 81 81 81 81 81 81 88 89 84 83 84 86 87 84 81 82 81 80 81 84 80 76 77 76 76 76 74 71 70 70 53 28 20 27 28 22 17 14 12 10 11 11 13 14 16 16 16 19 21 19 20 22 23 24 25 25 26 28 30 31 31 29 30 34 32 31 30 30 30 30 31 32 32 31 31 32 34 38 45 48 49 53 57 56 53 50 52 56 57 59 57 27 7 2 3 6 6 6 5 4 5 8 14 31 61 86 93 101 105 105 105 104 95 91 104 87 75 89 78 85 81 88 84 84 95 82 79 85 77 84 106 109 101 107 121 92 96 123 118 126 117 117 118 115 112 113 115 122 98 110 128 75 19 8 12 12 7 4 6 10 11 12 12 11 10 10 10 11 12 12 11 11 10 10 10 12 12 11 9 9 9 10 10 10 10 10 10 10 11 11 11 11 10 10 9 10 9 9 10 12 12 11 10 11 12 11 9 7 7 8 11 15 17 20 23 28 34 35 36 40 43 40 39 40 41 38 39 42 39 
83 83 83 83 83 83 85 85 85 85 83 82 81 82 84 85 86 86 87 86 82 80 80 80 81 83 84 81 80 80 81 80 83 86 86 82 78 76 78 80 82 85 86 83 80 80 82 85 85 83 79 74 63 57 62 64 57 47 37 29 23 20 15 11 11 13 13 12 12 14 15 14 15 16 19 20 20 20 21 22 23 23 21 21 22 22 21 21 21 21 21 20 20 20 20 22 24 26 31 32 32 32 31 31 31 35 35 37 38 38 35 32 24 17 5 3 3 7 6 7 11 18 28 40 38 52 73 73 76 80 82 79 76 83 77 81 67 59 70 66 68 70 70 66 65 65 61 65 62 70 67 80 115 110 123 108 116 96 95 104 92 105 101 98 98 97 96 95 103 93 88 103 67 15 9 9 8 8 8 8 9 9 9 9 9 8 8 9 9 9 9 8 8 8 8 8 8 8 7 7 8 9 9 7 7 8 8 9 9 8 9 9 9 8 7 7 8 8 9 10 9 7 9 10 10 8 9 8 13 21 22 24 29 36 41 42 40 38 39 39 38 37 37 39 42 42 40 40 41 40 
78 79 80 81 82 83 82 82 82 83 83 83 84 82 81 83 84 84 84 84 84 84 83 83 83 84 85 83 82 83 82 79 80 82 86 85 81 78 81 82 82 83 82 79 77 76 76 78 76 71 69 68 63 57 59 62 61 56 51 47 43 39 31 22 20 19 16 13 11 11 11 10 9 10 10 11 11 11 10 10 11 12 12 12 13 12 12 12 12 12 12 12 12 11 12 13 15 17 18 19 19 19 18 18 17 16 16 17 17 17 15 15 26 29 7 5 2 10 12 15 19 23 30 37 30 37 59 59 61 64 66 63 60 65 58 61 49 43 56 58 58 61 61 58 59 60 58 54 50 57 54 66 101 97 99 84 90 68 70 86 75 85 83 81 81 82 82 81 77 79 79 88 55 11 5 6 6 6 6 6 7 7 7 8 8 8 8 9 9 9 9 9 8 8 8 8 9 10 10 9 10 11 10 11 12 13 14 14 14 14 14 14 14 13 12 12 13 16 19 16 8 6 10 12 13 13 16 19 27 36 34 37 40 37 34 33 35 39 41 39 38 37 37 38 40 41 41 41 41 41 
82 82 83 84 84 85 82 81 82 82 84 84 85 81 79 80 82 82 82 81 82 82 81 80 79 79 79 81 82 80 76 71 70 70 71 69 66 65 66 65 64 62 61 59 57 56 55 54 54 52 50 52 51 46 45 42 39 38 39 40 39 36 38 38 36 35 31 26 24 23 19 17 15 14 13 11 11 10 9 7 7 8 8 8 10 9 9 8 8 8 9 9 9 8 8 9 9 10 9 9 10 10 10 10 10 11 10 10 11 11 10 9 20 27 4 4 2 10 14 17 18 19 21 25 17 22 44 44 45 48 49 47 45 42 43 47 37 31 41 41 43 46 45 45 47 48 47 41 37 41 39 49 73 69 70 63 64 45 53 70 60 64 63 62 63 64 65 64 59 64 59 60 39 12 10 13 13 13 13 14 14 14 14 14 15 15 15 17 18 21 21 21 20 20 20 21 22 24 24 23 24 25 23 23 24 25 27 27 26 26 28 29 29 28 27 27 27 29 35 34 16 11 18 18 18 23 28 33 35 40 42 41 40 39 36 35 38 41 41 39 38 37 37 38 38 40 41 41 40 40 
88 87 86 85 84 84 82 82 81 81 81 80 80 77 76 77 78 78 78 77 74 72 70 68 67 66 66 65 64 62 57 52 49 49 51 50 48 48 48 46 44 42 41 41 40 39 38 37 39 39 37 39 40 37 35 34 35 35 36 39 38 37 36 35 35 36 36 32 32 35 35 33 30 28 25 22 21 20 17 15 13 13 12 11 9 9 8 7 7 6 7 8 7 6 6 5 6 6 6 6 7 7 7 7 7 7 6 5 5 6 5 5 10 13 2 4 2 7 9 10 12 12 13 15 10 17 38 38 40 42 44 43 42 42 47 47 30 27 40 36 37 38 36 35 37 38 35 36 32 34 34 41 54 49 50 49 48 32 42 55 44 50 48 48 49 50 51 50 50 52 41 38 32 24 27 24 24 24 25 25 25 25 26 27 28 28 28 29 31 32 32 32 31 31 31 32 32 34 34 34 36 37 34 33 34 35 36 36 36 35 36 37 37 35 34 34 34 32 35 43 24 13 14 12 10 18 27 39 35 35 39 39 38 41 44 43 41 40 40 39 39 38 38 37 37 39 41 40 40 39 
89 87 86 83 82 81 81 81 80 79 79 77 77 75 75 76 76 76 75 75 70 66 64 62 60 59 59 59 59 57 53 49 47 47 48 48 47 47 47 44 41 39 39 41 42 41 40 39 42 42 38 38 40 38 37 38 38 36 35 36 35 34 33 33 32 34 35 33 33 37 40 39 37 37 35 32 31 31 29 28 28 27 26 24 23 21 19 18 16 16 15 14 13 11 10 9 8 9 10 10 10 10 10 11 11 10 9 8 8 8 8 8 8 7 6 4 3 4 6 6 8 8 8 9 8 16 36 37 39 41 42 43 43 42 49 40 19 21 38 31 32 32 29 28 29 29 26 29 27 29 31 36 41 37 38 39 35 21 31 40 31 39 38 37 38 39 39 38 38 40 33 33 35 34 33 31 32 32 32 33 33 33 33 34 35 34 33 34 35 35 34 34 34 34 34 35 36 37 36 35 38 40 39 35 34 36 37 37 36 36 36 38 38 37 35 35 35 33 30 41 24 9 6 4 4 12 16 36 37 35 36 39 41 41 41 38 37 38 39 40 39 39 38 38 37 39 40 40 40 39 
86 86 86 85 85 85 84 84 84 84 84 84 84 82 81 82 82 82 81 80 77 74 72 70 68 68 68 72 75 74 71 68 67 67 67 65 63 63 63 60 56 55 55 57 59 60 59 58 60 58 53 52 52 52 52 55 55 50 47 46 46 45 47 48 47 49 48 45 44 45 44 43 44 45 46 45 44 44 43 43 44 43 41 40 41 39 36 33 31 30 30 31 30 29 29 28 28 27 25 25 25 24 24 24 25 25 23 21 21 21 21 21 20 19 21 8 3 3 5 4 6 6 5 5 4 11 22 23 25 26 27 28 29 26 35 31 15 18 31 21 21 20 17 16 17 16 14 28 29 33 37 41 42 39 42 40 31 18 29 36 33 31 29 28 28 29 29 28 26 29 28 32 37 39 33 33 34 34 35 35 35 35 35 36 36 34 33 33 34 36 37 36 36 36 37 38 38 38 36 35 38 42 42 35 34 35 36 36 35 34 37 39 40 39 37 36 36 39 30 37 20 6 2 4 20 29 12 29 39 39 34 40 42 39 35 33 35 37 39 39 38 38 38 38 38 38 39 39 39 39 
87 88 89 90 91 91 90 90 90 91 92 93 94 90 89 89 89 89 87 86 85 84 82 81 81 81 81 83 84 84 82 79 79 81 82 80 78 78 77 75 71 71 72 73 75 76 75 75 75 73 69 70 69 68 71 75 74 70 67 66 66 65 65 66 65 68 67 64 64 63 59 58 58 61 64 64 63 62 60 58 58 56 54 55 62 60 57 54 52 52 51 50 50 51 52 53 53 53 49 48 47 46 47 47 48 50 47 45 44 44 43 42 42 42 36 9 3 2 5 3 4 4 3 3 2 5 8 8 9 9 9 10 10 9 20 34 33 32 35 22 16 14 11 10 10 9 7 24 27 30 34 37 36 37 36 33 24 15 25 30 30 28 26 25 26 26 26 26 24 26 26 31 35 41 36 33 33 33 33 34 34 34 36 37 37 36 35 35 36 37 37 37 37 37 38 39 38 37 35 34 36 39 39 36 36 37 37 37 36 35 36 38 39 38 36 35 35 40 29 34 15 4 2 6 49 63 16 25 37 39 34 36 37 38 37 36 37 38 39 38 37 36 36 37 38 38 38 38 38 39 
89 89 90 90 91 91 90 91 90 91 91 91 91 89 88 88 88 87 86 84 81 79 79 79 79 81 82 80 80 81 80 78 78 80 83 82 80 79 79 77 75 76 77 78 78 78 77 77 77 76 77 80 79 76 80 81 77 76 76 77 76 73 73 72 72 76 77 74 75 77 75 72 71 73 75 76 77 78 74 71 70 70 69 71 76 74 72 71 70 71 69 65 66 68 70 72 74 73 67 66 65 64 65 66 68 71 68 66 65 64 62 60 61 63 36 7 2 2 4 3 3 2 2 3 2 3 3 3 3 3 2 2 3 4 13 40 56 52 51 43 37 33 26 22 21 18 15 22 25 25 27 28 27 31 28 27 23 20 29 29 29 34 33 32 33 35 36 35 35 35 36 36 36 42 38 35 35 35 36 36 36 36 38 38 39 37 37 38 39 37 36 36 36 37 38 38 37 38 37 35 36 37 34 36 37 38 39 39 37 36 36 37 38 38 36 34 34 37 29 38 14 3 3 6 48 65 17 28 37 36 32 33 34 37 38 37 36 36 36 36 35 34 34 35 38 37 36 37 38 39 
92 91 92 92 91 90 88 88 88 88 87 86 85 83 83 84 85 84 81 79 75 73 72 73 74 76 77 80 82 83 82 80 80 81 82 80 77 75 76 75 75 76 78 78 78 78 77 78 78 78 80 82 81 79 83 80 75 75 77 77 77 74 75 77 76 79 80 77 78 81 80 77 75 75 75 76 78 79 76 75 76 79 80 79 76 76 77 78 77 77 77 79 80 81 81 82 83 81 74 73 72 72 74 76 78 78 77 74 74 74 72 69 72 71 32 5 2 3 4 3 2 2 3 4 3 3 3 3 3 2 2 3 3 3 8 38 65 62 62 62 67 61 53 48 45 41 36 37 39 38 39 39 38 42 47 45 45 46 51 47 49 50 50 49 49 49 50 51 51 50 51 48 43 45 41 44 45 45 45 45 45 45 41 41 42 41 41 42 44 43 43 42 42 41 41 41 42 44 44 43 43 41 38 39 41 41 42 41 40 39 38 39 41 40 39 38 37 36 33 43 20 7 4 4 17 29 14 31 38 35 31 35 37 38 38 36 34 32 35 36 35 35 36 38 40 40 39 39 40 40 
95 94 95 96 94 91 88 88 89 90 90 89 88 84 85 88 91 89 85 82 80 79 79 79 80 82 83 85 87 86 86 85 84 84 83 82 79 75 75 77 79 79 79 80 81 81 81 82 83 83 81 79 79 79 81 78 74 74 73 72 72 72 74 75 73 75 76 73 75 76 74 73 72 71 71 72 70 67 67 69 70 71 72 71 69 71 74 76 76 72 71 75 75 74 74 73 72 72 72 71 70 71 72 74 75 73 73 70 69 72 72 67 67 64 34 6 3 4 3 2 2 2 3 5 5 3 2 3 2 2 3 4 4 4 6 35 61 57 58 55 63 60 58 57 56 54 52 49 49 50 50 51 52 52 61 54 56 60 56 52 58 57 58 56 54 52 53 55 55 54 52 50 48 48 47 47 47 48 48 47 46 46 44 45 46 46 46 46 48 49 49 47 46 44 42 41 41 43 45 45 44 42 40 42 43 43 43 43 42 41 40 40 41 41 41 41 40 36 38 41 31 20 14 12 13 17 24 34 41 41 38 42 47 48 49 47 43 40 42 44 45 47 48 49 50 51 51 51 50 49 
85 84 85 86 85 82 81 82 83 84 83 82 81 81 83 86 88 88 86 84 83 81 81 81 81 82 83 81 80 81 81 82 83 83 82 81 79 77 77 77 79 77 76 75 75 75 75 76 75 74 73 71 69 69 68 66 63 63 61 60 59 58 59 59 57 58 57 54 55 57 57 56 55 55 55 55 53 50 50 50 50 49 49 49 48 48 49 51 51 48 46 45 45 45 45 45 46 48 54 52 49 48 47 47 47 48 45 41 39 41 42 40 43 42 25 5 3 3 3 3 2 2 3 5 6 4 2 2 2 2 3 4 3 3 4 22 38 36 36 32 29 29 30 32 34 34 34 32 32 33 33 34 35 35 38 34 35 37 34 32 36 31 32 33 33 33 34 36 36 36 36 35 35 36 36 35 35 36 36 36 36 35 36 38 39 39 38 39 40 41 40 39 39 38 37 36 34 34 35 36 36 35 35 36 37 38 39 39 39 39 44 47 48 48 48 48 47 47 50 52 50 46 43 42 43 45 48 53 57 60 61 62 63 65 66 65 62 60 61 62 63 64 65 66 66 69 70 70 68 67 
77 75 77 77 76 74 71 71 72 72 72 71 70 69 69 70 72 72 73 73 76 76 76 75 74 74 74 72 72 72 73 74 74 75 78 81 80 80 80 79 79 79 78 76 74 74 75 76 73 70 70 69 67 64 63 61 59 58 57 55 53 53 53 51 49 50 49 46 46 47 46 45 45 44 44 45 44 42 42 40 38 37 36 35 34 32 32 33 33 32 32 32 31 30 28 27 25 25 26 24 22 21 20 19 20 22 20 16 14 15 15 14 12 13 11 3 3 2 2 3 3 3 3 4 5 4 3 3 3 2 3 3 3 3 2 6 8 8 10 9 8 8 8 9 9 9 9 8 8 9 9 10 10 11 13 12 13 15 15 14 16 15 17 18 20 21 22 23 24 24 24 25 27 28 28 31 32 33 33 34 34 34 34 36 37 37 37 38 40 40 40 40 40 40 40 40 46 49 48 49 50 51 52 52 53 54 56 56 57 57 57 58 59 60 60 59 58 62 62 62 64 69 70 69 71 72 71 70 72 74 76 72 69 70 71 72 72 72 72 73 73 73 73 74 74 78 82 81 80 77 
73 72 73 74 72 70 75 77 77 77 76 76 76 72 70 69 70 70 72 72 77 79 78 76 75 74 74 74 74 73 73 71 70 70 69 69 70 70 70 69 68 69 69 65 63 63 64 65 62 59 60 60 59 57 55 53 51 51 50 49 48 48 48 46 44 45 45 42 43 48 51 50 50 50 50 50 51 51 50 48 46 44 43 44 46 43 41 42 43 43 41 38 36 35 33 31 30 28 25 25 24 23 23 22 21 19 17 14 12 12 11 9 6 7 8 5 5 4 4 3 4 3 2 3 3 3 3 3 3 3 3 3 3 4 2 3 2 2 3 3 4 3 3 3 4 4 3 5 6 6 7 8 9 10 9 9 10 13 14 14 16 18 20 22 24 26 27 28 33 34 35 36 38 40 41 41 42 44 45 46 46 47 50 52 54 54 54 55 57 56 56 57 58 59 61 61 63 64 62 62 63 64 66 66 65 67 68 68 68 67 66 66 67 68 68 68 68 69 67 65 67 71 71 69 64 63 64 65 66 66 65 69 72 72 72 73 74 75 77 78 78 78 78 78 77 79 82 81 80 80 
65 64 65 66 64 62 65 66 66 65 64 64 64 62 61 60 59 58 58 59 60 59 58 56 55 55 55 54 53 52 52 51 50 50 47 46 47 48 48 47 46 46 45 43 41 40 42 43 41 40 41 42 42 41 40 38 37 37 37 37 37 38 38 37 35 37 38 37 38 38 35 35 35 35 35 35 37 38 38 37 36 35 34 35 34 32 31 31 32 32 30 28 28 29 29 30 31 31 30 30 30 30 30 29 29 29 29 26 23 23 20 17 15 14 16 11 10 8 7 5 6 5 4 4 4 4 4 5 4 4 5 5 4 4 5 6 7 7 6 4 8 8 9 10 11 12 12 12 13 14 16 18 20 21 25 25 27 31 33 34 37 37 40 43 45 46 47 49 51 51 51 52 54 55 56 57 58 60 62 63 64 65 63 64 66 66 65 66 69 64 63 64 66 68 69 70 71 70 67 66 66 67 68 69 69 70 70 68 67 67 68 69 71 72 73 72 72 70 70 73 76 76 76 76 80 82 86 87 89 89 88 87 86 84 83 83 83 84 87 89 90 89 88 88 87 85 83 84 85 86 
48 48 48 49 48 46 43 41 40 38 38 38 38 37 36 35 35 34 34 34 33 32 32 31 30 30 30 30 31 31 31 32 33 33 34 36 37 38 38 38 37 38 38 36 35 35 36 37 36 35 36 37 38 38 38 36 35 35 36 37 37 38 38 38 37 39 41 39 42 44 44 43 43 44 44 45 47 48 48 48 48 48 48 47 44 42 41 41 42 42 43 46 46 46 47 47 47 47 44 44 44 44 43 41 38 30 30 28 27 27 23 20 20 17 18 14 13 11 11 11 12 10 9 10 11 11 11 12 13 14 16 17 16 15 18 21 24 25 24 21 31 30 31 34 36 38 37 46 48 50 53 56 59 61 58 58 59 61 62 63 65 61 62 65 65 65 66 68 61 60 60 60 61 62 63 67 69 71 73 74 75 75 67 67 68 68 67 67 69 66 65 66 67 69 70 71 81 83 80 79 78 79 79 82 83 83 82 81 79 77 77 77 79 80 81 81 80 79 83 89 92 89 86 87 87 86 83 80 82 85 89 92 93 91 90 88 88 88 90 91 91 91 91 90 90 88 87 88 91 93 
45 44 45 46 44 42 44 45 43 41 41 41 42 39 38 38 38 38 38 38 39 39 38 37 37 37 37 40 42 42 43 44 44 45 45 45 45 46 46 46 46 48 49 49 49 49 49 50 49 48 48 48 48 49 49 49 48 49 49 50 50 50 51 51 49 51 52 51 52 52 48 48 48 48 49 50 50 50 50 50 50 51 51 52 54 53 52 54 55 55 53 52 50 49 46 44 42 40 34 35 35 34 33 31 30 28 29 28 27 28 26 24 24 22 25 21 25 24 25 30 30 29 29 33 35 34 35 39 40 41 44 46 45 61 59 54 57 60 60 65 63 61 60 60 61 60 58 60 61 61 63 64 65 66 71 72 72 71 72 73 73 69 69 70 69 68 69 72 77 76 77 77 77 77 78 75 76 77 79 80 80 80 82 84 85 83 81 81 83 83 84 84 85 85 86 86 82 80 79 78 78 79 79 80 81 82 82 81 80 79 81 83 84 85 87 88 87 88 90 93 93 90 87 86 92 94 90 87 88 92 96 91 87 87 86 86 85 85 85 85 85 85 86 86 86 87 88 89 90 93 
55 55 55 56 54 52 55 55 53 52 51 52 52 50 50 51 51 52 52 52 54 55 54 53 53 53 53 57 59 58 57 57 56 55 56 56 56 57 57 58 58 58 57 58 59 60 60 59 59 58 57 55 55 55 56 57 57 57 57 56 56 56 57 57 55 56 57 54 56 58 58 58 58 58 59 60 59 56 56 56 57 57 57 55 51 50 51 52 53 53 51 49 48 48 47 46 46 45 43 44 45 45 44 43 43 44 43 41 41 44 44 42 47 48 52 46 55 57 57 60 60 59 60 67 69 66 62 66 67 67 69 69 64 63 65 65 73 73 65 71 74 71 71 72 73 72 71 73 71 71 70 69 68 68 70 72 72 72 74 75 74 69 70 69 68 67 69 72 76 76 76 76 76 78 79 80 81 83 85 85 85 85 80 80 81 79 76 76 77 77 77 76 77 76 77 77 76 76 77 78 78 79 80 77 77 78 80 80 80 80 78 77 79 81 82 83 83 85 85 84 86 88 87 86 82 81 82 84 85 85 85 86 87 88 89 89 89 88 88 88 88 89 90 90 90 90 90 90 90 91 
70 70 72 74 72 69 70 71 72 72 71 68 66 68 69 69 71 72 72 72 73 73 72 70 69 68 67 69 69 68 67 67 66 66 66 66 66 66 66 67 68 64 61 59 65 64 60 67 66 63 62 62 62 63 64 64 64 63 61 60 59 59 62 63 63 62 62 62 63 65 69 68 67 67 68 68 67 63 62 62 65 66 68 67 66 65 65 67 67 66 65 65 65 65 65 64 62 63 65 61 59 60 63 64 65 67 68 68 68 68 68 67 65 65 65 65 67 68 69 71 70 70 68 67 64 63 64 66 68 69 69 69 68 66 67 68 69 69 66 65 67 68 69 70 71 71 70 69 67 64 64 65 69 71 71 71 72 72 72 72 72 75 75 75 73 72 71 70 73 74 75 76 77 77 76 76 76 77 77 76 74 73 71 72 71 69 68 68 70 70 69 68 68 67 67 66 67 67 68 70 71 73 75 69 69 72 74 75 74 73 73 74 78 80 81 80 77 77 77 78 81 82 83 83 82 82 84 85 87 89 90 90 92 95 97 97 94 91 93 97 97 98 99 99 100 101 104 106 108 109 
76 76 79 81 81 78 74 74 76 78 77 75 73 72 72 72 73 73 74 74 72 71 70 70 69 68 67 72 75 73 72 71 72 72 72 71 70 69 69 69 69 68 67 67 73 74 70 73 72 71 70 70 71 72 73 74 74 73 71 70 70 70 73 76 75 75 75 75 75 76 76 75 74 75 75 76 77 75 73 74 76 79 79 77 74 73 73 74 75 74 72 71 70 70 70 71 72 73 72 68 65 66 69 71 71 70 70 71 71 71 71 70 67 66 64 63 62 62 63 67 67 68 68 68 67 67 71 72 73 73 73 72 71 71 73 74 74 73 70 69 74 74 75 75 75 75 73 72 70 67 67 68 72 74 70 70 70 70 70 70 70 72 73 73 72 71 70 69 68 69 70 71 72 71 71 69 70 71 70 69 67 66 67 69 68 67 65 65 68 69 69 69 70 70 71 71 72 73 74 74 77 79 80 75 75 78 81 82 81 79 82 83 85 86 87 86 86 89 92 93 95 96 95 95 94 94 95 96 98 99 100 99 99 100 102 99 96 93 96 99 99 99 99 100 100 98 96 98 99 100 
71 70 71 73 73 71 68 68 70 71 71 71 71 69 69 69 70 70 71 71 70 70 69 69 69 69 68 72 73 70 69 68 70 71 74 75 74 72 71 71 70 70 71 72 73 75 76 75 75 77 76 76 78 80 81 80 78 77 76 75 76 76 79 82 82 81 81 81 81 80 77 77 77 78 79 80 82 82 80 80 81 83 83 81 78 76 76 78 79 77 74 69 67 66 67 70 74 76 74 70 68 69 71 72 73 74 74 73 73 73 72 71 70 70 69 70 70 72 72 70 71 72 74 75 75 75 78 79 79 77 75 73 72 71 73 74 74 73 71 69 74 74 74 74 73 71 70 73 72 70 69 70 71 72 69 69 69 69 69 69 69 70 70 71 71 70 69 68 68 69 70 71 71 71 71 70 70 71 71 71 69 68 71 73 72 71 69 70 72 74 75 76 78 80 81 83 86 86 87 87 89 91 93 88 89 93 95 95 94 92 95 95 95 94 95 96 97 97 98 98 99 98 97 96 95 95 95 94 95 95 95 94 94 93 92 90 87 85 85 85 85 85 85 84 84 79 75 76 77 77 
74 72 71 71 70 68 69 70 72 72 73 73 74 72 71 71 71 71 72 72 72 72 72 73 73 73 73 76 77 74 72 72 74 76 77 76 75 75 74 73 71 74 75 76 69 72 79 75 76 78 78 78 79 82 83 81 78 77 76 77 77 78 79 80 80 80 81 81 80 80 78 78 78 79 80 82 84 85 82 81 82 83 82 81 81 80 79 81 82 80 79 79 77 77 77 80 85 85 78 75 73 73 76 76 77 81 81 80 79 78 77 76 76 76 77 79 82 84 85 80 80 81 81 80 80 79 80 80 79 77 75 73 72 71 72 73 73 72 70 68 72 72 72 72 71 70 69 74 74 73 72 72 71 71 70 70 70 70 70 70 70 70 70 71 71 71 71 70 72 73 74 74 74 74 73 75 76 76 77 77 76 75 76 77 76 75 73 74 75 76 77 79 82 84 86 88 91 92 92 92 93 95 96 93 94 97 100 101 99 97 95 93 92 92 92 93 94 90 89 88 88 86 84 82 82 83 83 81 80 80 80 81 81 79 77 76 75 75 73 72 71 71 71 70 70 71 73 73 72 72 
79 77 75 76 74 71 74 76 75 75 75 76 77 77 77 76 76 75 76 76 75 74 75 75 76 77 77 78 77 75 74 74 75 78 77 76 76 77 76 75 74 75 74 78 69 71 78 72 77 80 80 80 81 83 85 85 83 82 81 82 83 84 83 82 83 84 85 85 84 84 84 84 84 84 86 87 89 89 87 85 86 86 85 85 86 84 84 86 87 85 85 86 86 86 86 87 88 88 85 81 79 80 82 81 81 85 84 83 81 80 79 79 80 79 78 78 78 79 80 83 83 82 81 79 77 76 78 78 78 78 76 74 73 76 77 78 78 76 75 73 77 77 78 78 79 78 77 78 79 79 78 77 76 75 76 76 76 76 76 76 76 74 74 75 76 76 75 75 72 73 74 74 74 73 72 74 75 75 76 76 77 77 73 73 73 71 70 70 72 72 73 75 76 78 79 80 82 83 82 82 83 84 85 84 84 87 90 90 88 86 81 80 81 82 81 80 79 78 78 78 77 75 73 71 74 75 74 73 71 70 69 72 73 72 70 70 71 72 73 73 72 72 71 70 70 73 77 76 75 75 
77 76 78 79 77 74 78 79 77 75 75 77 79 79 79 79 78 77 77 77 75 75 76 77 77 78 78 77 75 74 73 73 75 76 77 78 80 81 81 80 79 80 76 87 83 83 87 79 86 86 86 86 87 88 90 91 90 89 88 88 89 90 89 87 89 91 93 93 91 91 90 89 89 89 90 91 92 93 90 88 90 89 88 87 86 85 84 86 87 86 83 81 82 83 82 81 79 81 86 83 81 81 82 81 80 82 81 80 80 78 78 78 82 80 78 76 75 74 75 82 81 81 80 79 77 76 80 80 81 81 81 79 79 82 84 84 85 83 81 80 80 81 82 84 84 84 84 82 82 83 83 82 80 80 83 83 83 83 83 83 83 79 79 80 81 80 79 79 73 73 73 73 73 72 71 71 70 70 71 72 74 75 70 69 69 67 66 66 68 69 70 70 70 71 72 72 73 73 72 71 71 72 73 72 73 75 77 77 75 73 70 71 73 75 74 72 69 71 73 73 73 72 70 69 73 75 74 72 71 69 69 71 72 71 70 71 73 75 76 76 75 75 75 74 74 74 74 73 72 71 
79 81 83 84 81 77 81 82 79 78 78 81 84 83 81 81 81 80 79 79 78 79 80 80 80 81 81 83 83 84 85 86 86 86 85 85 87 89 89 87 86 84 73 86 83 83 87 87 99 93 92 91 91 92 93 93 93 92 90 89 90 90 89 87 90 92 94 94 92 91 90 89 88 87 87 88 89 90 87 86 87 88 86 85 82 80 80 82 83 82 80 80 80 80 79 77 76 77 82 79 77 78 78 77 77 80 80 79 79 78 78 78 82 81 80 80 81 82 83 83 83 83 84 83 82 82 84 85 86 87 87 86 85 86 87 88 88 86 84 83 79 81 82 83 83 83 83 82 82 83 83 83 82 82 87 87 87 87 87 87 87 82 82 83 83 82 81 80 76 76 76 76 75 74 73 71 70 70 71 73 75 77 72 71 72 69 68 68 70 71 71 71 71 71 72 72 71 70 69 68 68 68 69 68 69 71 73 72 70 68 69 71 73 74 73 70 68 69 71 72 72 72 71 71 75 76 75 74 72 71 70 71 71 71 70 71 73 74 74 73 73 73 73 73 73 73 73 73 71 71 
83 84 86 84 79 72 75 75 72 71 73 77 81 89 92 91 90 89 88 87 88 88 89 89 89 88 89 90 92 94 96 98 96 95 94 95 97 99 97 94 92 74 46 51 48 48 55 68 94 95 93 91 91 91 92 92 91 90 88 87 86 87 84 82 84 87 89 89 87 87 88 87 85 83 83 83 83 84 81 81 82 83 82 81 80 78 78 80 81 79 79 83 81 79 78 78 79 80 81 79 78 78 78 76 77 83 83 83 82 82 82 82 82 82 81 83 84 86 87 86 87 88 88 88 87 87 90 90 91 91 91 89 88 87 89 90 90 89 86 85 84 85 85 85 84 84 83 84 84 84 84 85 86 86 84 84 84 84 84 84 84 83 83 84 83 82 80 79 78 78 78 78 78 77 75 74 74 73 74 77 79 82 77 76 77 74 73 73 75 72 72 72 73 74 74 75 73 71 70 68 68 68 69 68 68 71 72 71 70 67 69 71 70 70 69 68 68 68 70 71 73 73 73 73 76 77 76 74 73 72 71 71 71 71 70 70 70 71 71 70 70 71 72 72 72 73 75 74 73 73 
86 90 88 86 71 57 58 57 53 53 55 59 69 96 108 107 102 100 102 101 99 97 96 97 98 97 96 92 92 93 96 96 94 91 93 96 99 99 97 94 91 55 16 13 11 11 17 38 80 92 91 89 88 86 87 86 85 85 84 81 78 77 74 73 76 80 83 84 83 84 87 85 83 81 81 82 82 81 79 78 79 81 80 80 81 80 80 81 82 81 81 83 81 78 77 78 80 83 85 83 83 83 83 81 81 87 87 88 88 88 88 88 87 86 84 83 83 85 86 90 90 89 88 87 88 89 92 92 91 90 89 87 86 89 89 90 90 88 86 85 89 89 88 87 85 84 83 81 81 81 82 83 84 84 79 77 78 78 78 77 79 79 80 79 79 77 75 74 77 78 77 77 77 76 75 75 75 75 75 77 79 82 80 80 79 77 75 76 77 72 71 71 73 74 75 76 73 71 70 69 69 70 70 69 69 71 71 71 69 67 68 68 67 67 67 67 68 69 71 72 73 73 74 74 75 76 75 74 73 72 72 71 71 72 72 71 71 71 72 72 73 74 74 75 75 73 71 70 70 71 
101 107 105 104 72 42 45 46 41 42 43 43 62 93 111 113 103 101 108 108 103 100 98 99 102 101 96 94 93 91 91 91 88 84 81 84 87 86 86 87 83 48 10 6 7 8 9 35 80 88 88 88 84 81 82 79 76 78 77 72 66 63 63 65 69 75 80 82 81 83 84 82 80 80 82 84 85 84 80 78 79 82 82 83 83 83 83 83 83 83 85 88 86 86 85 85 86 86 85 86 87 87 86 86 86 90 90 91 91 90 88 89 92 89 86 84 85 88 90 89 89 87 84 84 87 90 89 88 86 84 82 80 80 85 82 83 84 80 77 79 81 80 78 77 75 73 72 70 71 73 74 74 73 72 77 73 73 75 73 73 77 74 74 73 72 71 69 68 74 75 74 74 74 75 75 74 73 72 72 72 73 74 80 80 78 77 76 75 75 71 71 71 72 74 75 76 74 73 71 71 72 74 75 74 74 74 74 72 70 69 68 69 70 71 72 72 72 71 72 73 72 70 70 72 74 75 74 74 73 72 71 71 73 75 75 73 73 74 75 75 74 74 73 73 73 72 70 71 72 72 
106 110 110 108 66 30 30 36 41 43 38 33 46 61 79 98 98 95 99 99 97 95 92 94 96 95 92 86 81 76 72 70 68 66 65 69 74 75 78 81 80 43 8 8 9 8 8 29 70 80 81 81 77 76 77 77 77 78 77 75 72 69 69 72 74 78 81 82 82 83 83 82 81 81 84 87 88 86 82 81 82 84 85 85 86 86 86 86 86 86 88 92 90 89 88 88 88 87 86 86 87 86 86 85 85 91 91 90 87 85 82 81 80 77 75 74 75 77 79 83 83 82 80 79 80 82 79 79 78 77 76 75 75 75 72 74 75 72 70 72 75 74 73 72 70 69 68 72 73 75 76 75 74 73 78 73 73 75 73 73 77 77 77 76 74 72 70 68 72 71 71 71 71 72 73 69 68 68 67 67 68 68 73 73 72 71 71 72 72 70 70 71 71 72 73 75 75 76 75 75 75 75 75 77 78 78 78 77 75 74 72 71 72 73 73 73 72 68 68 69 70 69 70 72 76 77 76 75 75 74 74 75 77 78 76 72 69 69 74 76 72 68 65 65 66 66 67 70 71 71 
107 110 112 108 62 23 27 34 39 41 35 28 36 41 58 86 93 89 90 89 85 83 82 83 84 83 81 78 73 68 63 62 62 60 58 60 64 65 69 73 72 41 10 8 8 7 8 30 67 76 77 74 71 70 70 72 74 73 73 74 74 71 72 74 74 75 76 77 78 81 84 83 83 84 87 89 90 86 83 81 83 85 86 85 87 87 87 87 87 87 89 91 90 87 86 85 85 84 81 81 81 81 80 79 79 82 82 81 79 77 75 73 72 70 68 67 68 69 70 74 76 76 74 72 72 73 70 71 71 71 72 72 72 71 69 71 73 70 69 71 77 76 76 75 73 72 71 73 74 75 75 74 73 72 75 70 69 71 70 70 75 76 76 75 75 74 72 70 69 69 69 69 71 72 73 71 70 70 69 69 70 70 71 71 71 72 72 74 75 73 73 72 73 74 75 76 74 75 75 75 76 75 74 77 79 80 80 78 77 76 77 78 78 78 78 76 75 72 72 75 76 75 76 79 79 77 75 74 74 75 76 77 77 76 72 66 63 62 69 72 67 62 59 59 60 62 64 67 69 68 
97 100 101 99 60 26 33 37 33 34 32 25 30 34 50 76 83 79 78 75 71 71 71 71 71 70 69 70 69 67 66 67 68 67 62 62 64 64 65 68 67 40 14 11 10 9 9 25 59 74 76 71 67 67 66 67 69 67 67 70 71 70 70 70 69 69 69 70 73 76 80 80 79 79 81 83 82 78 76 75 76 78 78 78 82 82 81 82 81 82 81 80 78 75 74 72 72 70 68 68 68 67 66 65 64 65 67 68 69 70 70 70 70 69 68 67 67 68 68 68 70 71 69 67 67 67 65 66 67 69 71 72 72 69 67 70 73 71 70 72 68 68 67 66 65 65 65 62 64 65 65 64 63 62 74 69 68 68 68 69 74 70 71 72 74 75 75 75 71 71 70 71 72 73 74 72 72 71 70 70 70 71 72 72 73 74 76 77 79 75 74 73 72 73 74 75 71 71 73 75 75 74 73 76 77 78 78 77 75 74 74 74 74 74 72 70 69 67 68 70 71 70 71 73 75 75 73 71 72 74 76 76 76 75 71 67 65 65 69 71 69 65 63 62 63 64 66 68 70 69 
77 82 81 83 59 37 37 37 32 29 25 20 27 34 47 65 69 68 69 65 65 68 69 69 68 67 66 67 68 68 71 74 73 70 69 72 73 71 71 73 71 45 28 37 38 26 16 21 50 71 75 71 69 73 73 71 71 70 70 71 71 71 70 69 67 67 68 71 73 74 74 73 72 71 71 71 71 70 68 67 69 70 69 69 71 71 72 71 72 71 71 70 68 66 64 63 63 61 59 59 59 59 58 57 57 57 59 62 64 66 67 67 69 69 69 69 68 67 67 66 67 68 67 65 65 65 64 65 66 68 71 72 73 67 65 68 71 69 68 71 67 67 67 66 66 66 66 68 69 71 71 71 70 68 76 72 71 72 71 72 76 70 70 72 74 74 74 74 74 73 72 73 74 75 76 71 69 68 67 67 67 67 73 74 74 75 77 79 80 77 75 72 70 71 72 74 70 69 73 75 77 77 76 77 78 79 79 79 77 76 80 81 81 80 79 77 75 72 73 76 75 73 72 73 74 73 72 70 72 74 77 77 78 78 76 74 75 77 77 77 77 76 74 71 68 68 70 70 71 71 
64 69 65 70 60 51 40 39 40 34 24 19 32 38 49 65 67 68 71 69 70 73 74 74 72 71 71 73 75 75 77 78 75 71 72 77 78 76 77 81 80 56 55 84 80 43 21 24 48 67 74 71 73 82 84 80 81 82 82 78 76 75 74 71 70 70 71 75 77 77 76 75 74 72 71 70 71 73 72 71 73 73 72 71 70 70 70 70 70 70 71 74 72 70 69 68 68 67 65 66 67 67 66 66 65 64 65 67 67 68 67 67 67 69 70 70 68 66 65 68 69 70 68 66 67 68 65 66 68 70 71 72 74 72 70 73 76 74 72 75 78 78 78 78 79 79 79 77 78 81 82 82 80 79 78 74 76 78 76 74 78 80 80 80 80 78 77 77 79 78 78 77 77 78 79 82 82 80 79 78 79 79 81 81 80 81 82 83 84 83 81 77 75 75 77 79 73 72 75 77 78 80 80 80 81 81 82 82 81 80 86 88 88 87 86 84 83 81 82 85 84 82 80 80 76 73 72 73 74 77 79 76 75 75 74 74 76 80 79 77 78 78 75 70 65 65 66 66 67 67 
65 69 65 72 65 60 49 44 40 36 31 27 41 41 51 74 77 74 75 75 73 75 78 76 73 72 73 78 79 76 76 76 74 70 70 73 73 70 72 76 75 54 55 72 62 37 24 30 49 67 74 71 74 85 86 83 87 92 90 80 74 74 73 70 70 71 71 73 74 76 77 77 77 77 75 74 75 77 76 76 78 79 76 74 73 73 73 73 73 73 75 77 76 74 74 74 74 73 72 73 74 75 76 76 75 73 73 74 73 73 72 71 71 73 75 76 74 71 70 74 75 74 71 70 72 74 72 73 74 74 75 77 78 84 82 84 87 84 83 85 77 77 77 78 79 79 79 74 75 78 80 81 80 80 87 85 87 90 88 85 87 93 93 93 93 90 89 87 90 89 88 87 86 86 86 94 94 92 90 89 89 89 88 87 86 85 85 85 86 87 85 80 77 77 78 80 78 77 76 76 76 77 79 77 77 77 78 78 77 76 72 71 71 71 69 68 67 66 67 71 72 70 68 68 69 70 71 73 74 76 77 74 71 71 69 68 69 73 72 71 72 72 71 68 65 66 68 69 70 70 
