UP
10 11 12 13 14 14 11 13 11 11 2 1 1 1 1 2 1 1 1 2 1 1 1 1 2 2 3 6 10 12 10 8 7 7 6 5 5 5 5 5 5 5 4 4 3 4 4 4 4 4 4 4 4 4 3 3 3 3 4 4 4 3 4 4 3 3 4 4 5 4 5 5 5 26 9 12 21 21 17 9 7 6 14 18 7 6 9 10 16 8 9 15 24 32 30 19 16 36 22 8 8 14 20 16 26 36 28 34 30 26 23 28 26 15 17 26 27 16 18 19 24 47 28 28 31 24 37 44 51 33 12 18 30 19 12 15 10 13 41 41 34 19 7 7 14 16 18 18 33 58 54 29 29 29 14 24 12 3 2 0 1 1 1 2 5 20 44 40 12 1 1 1 1 1 1 1 0 0 0 0 0 0 1 1 0 1 0 1 1 1 1 1 4 3 8 15 10 7 10 5 3 2 1 3 3 1 2 2 2 2 2 1 1 1 2 4 2 1 4 5 2 1 1 1 1 1 1 1 1 1 1 1 1 1 1 1 1 2 3 2 1 1 1 1 2 2 0 1 1 3 
3 3 3 3 3 3 2 2 2 1 1 1 1 1 1 1 1 1 1 1 1 1 1 1 1 1 2 6 10 9 7 7 6 6 6 5 5 5 5 5 5 4 4 4 3 3 3 3 3 3 4 4 4 2 2 3 3 3 3 3 3 3 2 2 3 3 3 3 4 3 4 3 6 28 7 4 10 20 23 18 12 6 10 16 7 7 3 8 17 11 13 13 17 20 18 10 7 32 19 7 7 8 7 7 20 26 12 17 19 23 19 28 29 15 8 17 34 26 16 16 26 43 25 19 25 14 22 45 47 42 20 23 32 23 19 10 11 19 42 31 25 23 17 25 18 8 10 11 26 58 57 32 29 20 9 12 5 1 1 1 2 1 1 2 3 12 30 30 10 2 1 1 1 1 3 1 0 1 1 1 0 0 0 1 1 1 1 1 0 1 1 1 2 2 6 13 5 2 7 5 3 2 1 3 3 1 2 2 2 2 1 1 1 1 3 3 2 1 2 3 2 1 1 1 1 1 1 1 0 1 1 1 1 1 1 1 1 2 2 1 1 1 1 1 2 1 1 1 2 2 
2 3 3 3 2 2 2 2 1 1 1 1 1 1 1 1 1 1 1 1 1 1 1 1 1 1 2 5 9 9 7 7 6 6 6 6 5 5 5 5 4 4 4 4 3 3 5 6 6 4 4 5 7 10 12 15 16 14 13 12 9 5 4 4 3 3 3 3 3 4 4 3 3 26 7 3 5 9 16 22 18 10 14 19 7 4 4 15 23 15 15 12 12 16 16 10 7 34 20 8 7 9 8 7 21 27 13 13 16 21 12 23 33 20 9 13 28 34 20 16 20 33 26 10 15 8 10 49 48 46 32 24 21 20 19 17 14 21 31 16 12 21 30 34 22 11 14 6 16 52 46 26 34 23 6 13 7 1 1 1 1 1 1 1 1 3 12 23 19 6 1 1 1 1 4 3 1 1 1 1 1 0 0 1 0 0 0 1 1 1 1 0 1 1 3 5 2 1 3 3 2 2 1 2 2 1 2 1 1 2 1 1 1 2 3 2 1 1 1 1 1 1 1 0 1 1 1 1 0 0 1 0 0 1 1 1 1 1 1 1 1 0 1 1 1 1 1 1 1 1 
3 3 3 3 2 2 2 2 2 1 1 1 1 1 1 1 1 1 1 1 1 1 1 1 1 1 2 6 9 9 7 7 6 6 5 5 5 5 4 4 4 4 4 4 4 4 5 4 5 7 13 21 24 23 22 21 20 20 21 21 21 26 24 8 2 3 4 4 4 2 3 4 5 23 8 4 3 3 5 11 16 12 16 20 6 6 10 21 23 12 10 7 8 17 18 12 8 34 20 8 7 8 8 7 20 25 12 13 16 21 9 18 32 26 22 17 15 25 25 26 20 30 19 7 6 4 5 37 65 55 52 33 17 17 15 22 16 25 26 11 7 22 36 28 23 25 23 5 12 37 30 17 41 40 8 26 14 2 1 1 1 1 1 1 1 1 6 18 23 8 2 1 1 1 3 5 2 2 2 1 1 1 1 1 0 0 0 1 1 1 1 0 0 0 1 1 0 0 1 2 3 3 1 1 1 1 1 1 1 1 1 1 1 2 2 1 1 1 1 1 1 1 1 0 1 1 1 1 0 0 1 0 0 1 1 1 1 1 1 1 1 1 1 1 1 1 1 0 1 1 
2 2 2 2 2 2 2 1 1 1 1 1 1 1 1 1 1 1 1 1 1 2 2 2 2 2 3 6 9 9 8 7 6 6 5 5 5 4 4 4 4 4 5 5 4 4 4 7 14 23 23 13 8 6 4 3 3 3 5 7 11 11 11 24 32 13 2 2 4 3 3 3 8 25 6 2 3 4 4 4 10 18 15 18 18 26 16 14 16 10 9 6 6 16 19 13 8 31 19 8 7 8 7 7 20 25 11 13 17 23 11 12 18 17 23 22 11 14 22 34 33 34 11 9 3 4 6 18 62 55 38 28 13 9 12 14 24 49 40 16 15 27 31 28 20 16 12 7 17 29 23 11 29 39 7 24 12 5 7 2 0 1 1 1 1 1 1 4 5 4 2 2 2 1 2 4 2 2 1 1 1 1 1 0 0 0 0 1 1 1 1 1 0 0 1 0 0 1 1 5 8 6 1 1 1 1 2 1 1 2 2 1 1 1 1 1 2 1 1 1 1 1 1 1 1 1 1 1 0 0 0 0 0 1 1 1 1 1 1 1 1 1 1 1 1 1 1 1 1 1 
2 2 2 2 2 2 2 1 1 1 1 1 1 1 1 1 1 1 1 1 2 2 2 2 2 2 3 5 8 9 8 8 7 6 6 6 5 5 4 4 5 4 4 4 4 5 9 20 24 12 3 1 1 3 4 5 5 4 3 2 2 2 2 6 18 27 16 4 2 4 4 2 5 23 6 3 3 4 4 3 4 14 22 32 24 19 12 14 16 10 7 6 4 14 17 12 7 29 19 9 8 8 8 7 21 26 11 12 14 22 15 12 11 11 16 19 8 7 17 26 28 36 12 17 4 8 11 8 34 44 13 22 12 3 19 22 39 57 38 17 23 26 31 39 24 16 13 14 22 27 22 12 9 15 2 8 6 11 23 9 2 1 1 1 3 2 1 1 1 1 1 1 1 1 1 2 1 1 1 1 1 0 0 1 0 0 0 1 1 1 1 1 0 1 1 0 1 1 1 3 7 6 2 1 1 1 2 1 1 2 2 1 1 1 1 1 2 1 1 1 1 1 1 1 1 1 1 0 0 0 0 0 0 1 1 1 1 1 1 1 1 1 1 1 1 1 1 1 2 1 
2 3 3 3 2 2 2 2 2 2 2 2 2 1 2 2 1 1 2 2 2 2 3 3 3 4 5 6 8 9 8 8 7 7 6 6 5 5 4 4 4 4 3 3 5 10 16 13 6 1 3 18 38 43 57 72 77 66 53 42 26 13 6 2 2 8 27 21 7 2 2 4 11 24 8 5 4 3 3 5 3 6 22 41 16 3 7 16 17 8 4 5 4 15 18 13 8 31 20 9 8 9 9 8 22 27 11 13 16 26 19 17 16 15 14 14 5 7 19 16 15 28 23 22 9 8 13 7 24 37 16 35 19 8 33 37 54 48 21 10 27 25 40 46 32 35 27 32 32 32 17 19 4 6 1 1 1 7 15 10 8 7 4 1 2 2 3 4 3 1 1 1 1 1 1 1 0 1 1 1 1 0 0 1 1 1 1 1 1 1 1 1 0 1 2 1 1 1 0 1 2 3 3 1 1 1 1 1 1 1 1 1 1 1 1 2 1 1 1 1 1 1 1 1 0 1 1 0 0 0 0 0 0 1 1 1 1 1 1 1 1 1 1 2 1 1 1 1 2 2 
2 2 2 2 2 2 2 2 2 2 2 2 2 2 2 2 2 2 2 2 3 3 4 5 5 7 7 8 9 9 8 8 7 6 6 5 5 4 4 4 4 4 3 4 10 16 13 4 4 17 52 85 92 93 92 92 96 100 103 97 86 79 53 17 5 3 4 16 26 8 3 4 8 28 9 5 7 7 7 6 8 5 9 22 13 5 7 10 13 8 6 8 6 18 23 18 11 35 21 8 7 9 9 8 22 26 11 13 16 20 11 10 12 11 9 11 7 11 22 14 21 19 31 20 12 5 10 5 18 26 32 41 17 13 23 24 62 56 17 8 38 36 32 29 18 22 12 25 39 39 13 30 8 12 4 1 1 2 2 2 6 7 5 1 1 1 2 4 3 2 2 1 1 1 1 1 1 1 1 1 1 1 1 1 1 1 1 1 1 1 1 1 0 1 2 1 1 1 1 1 1 2 3 1 1 1 1 1 1 1 1 1 1 1 1 1 0 1 1 1 1 1 1 0 0 1 1 0 0 0 0 0 0 1 1 1 1 1 1 1 1 1 1 1 1 1 0 1 2 1 
2 2 2 2 2 2 2 2 2 2 2 2 3 2 2 2 3 3 3 3 4 4 5 6 7 8 9 9 8 8 8 8 7 6 6 5 4 4 4 4 4 3 4 5 21 9 3 8 34 71 89 100 98 98 91 87 93 89 88 94 94 93 113 71 46 14 2 6 18 22 5 4 7 28 20 20 16 12 13 19 14 15 28 43 33 15 21 28 29 23 24 25 18 40 43 33 17 38 22 5 8 9 8 7 21 27 11 11 18 18 10 8 8 16 19 16 10 11 11 18 35 16 22 17 9 4 9 5 9 31 41 31 13 8 13 37 74 52 12 33 60 43 20 26 22 20 15 24 35 32 10 5 13 26 9 1 2 3 1 2 2 2 2 2 1 1 1 1 2 3 6 5 1 1 1 0 0 0 1 1 1 1 1 2 4 4 1 1 1 1 1 1 1 1 1 1 1 1 0 0 0 1 1 1 1 1 1 1 1 1 1 1 1 1 1 0 0 1 1 1 1 1 1 1 1 0 0 0 0 0 0 0 0 0 1 1 1 1 1 1 1 1 1 0 1 1 0 1 1 1 
2 2 2 2 2 2 2 2 2 2 2 2 2 2 2 3 3 4 4 4 5 5 5 6 7 9 10 9 8 8 8 8 7 6 6 5 5 4 4 4 5 4 4 11 15 4 8 38 81 97 94 90 87 88 103 102 96 90 88 88 94 87 83 76 92 61 21 3 3 21 16 3 13 20 11 8 5 8 9 5 9 10 27 47 34 14 18 26 18 23 15 10 14 26 27 22 11 31 23 7 9 8 9 8 20 26 11 11 16 18 13 12 12 15 13 17 19 6 19 31 27 23 27 22 8 6 4 9 4 25 45 37 15 5 17 47 43 18 25 64 43 21 29 33 20 20 23 17 24 44 15 3 11 25 10 4 12 9 5 3 3 1 1 1 1 1 1 1 1 1 3 3 1 1 1 0 0 1 1 1 1 1 1 6 17 18 8 2 1 1 1 1 1 1 1 1 1 1 0 0 0 1 1 1 1 2 1 1 1 1 1 1 1 1 1 1 1 1 1 1 1 1 1 0 1 0 0 0 0 0 0 0 0 0 1 1 1 1 1 1 1 1 1 0 1 0 0 0 1 1 
2 2 2 2 2 2 2 2 2 2 3 3 3 3 3 3 3 2 4 5 6 5 6 7 7 9 11 10 8 8 8 7 6 6 5 5 5 5 4 4 5 4 5 17 8 4 29 75 103 95 91 85 93 95 92 88 89 94 92 94 97 56 31 34 71 98 67 20 3 9 20 7 10 16 4 3 4 3 2 4 7 8 18 24 14 12 29 13 10 15 14 8 5 11 19 16 9 25 26 7 8 7 8 7 20 25 11 12 15 16 14 15 17 17 18 15 15 12 37 38 31 32 19 14 9 12 8 22 2 14 44 42 29 13 10 33 20 11 47 52 24 19 26 32 14 5 12 19 31 44 25 7 9 34 15 6 31 14 7 4 5 3 2 2 2 2 2 2 3 2 2 1 1 1 1 0 1 1 1 1 1 1 1 5 16 20 11 4 2 1 1 1 1 1 0 0 1 1 0 0 0 1 1 0 1 2 2 1 1 1 0 1 1 1 1 1 1 1 1 1 1 1 0 0 1 0 0 0 0 0 0 0 0 0 0 0 1 1 1 1 1 1 1 0 0 0 0 0 1 1 
2 2 2 2 2 2 2 2 2 2 3 3 2 3 3 4 4 4 4 6 6 6 6 8 8 10 11 10 8 7 7 7 6 6 5 5 5 5 5 4 4 4 7 17 4 13 74 95 82 79 100 99 90 86 84 101 99 82 84 88 83 44 24 13 16 61 90 56 9 3 16 15 13 18 4 3 4 4 3 6 9 6 8 16 15 14 14 13 16 12 20 17 6 12 24 21 13 28 39 12 9 5 8 7 19 24 11 12 14 14 12 13 18 17 30 25 7 19 42 32 26 45 25 12 10 11 7 12 4 16 39 26 44 32 4 8 7 24 64 25 17 29 35 46 27 7 7 14 31 37 41 20 8 39 23 11 51 14 4 2 6 7 2 1 2 2 2 3 4 3 2 1 1 1 1 1 1 1 1 0 1 1 1 1 3 5 4 3 1 1 1 1 1 0 0 0 0 1 0 0 0 0 0 0 1 3 2 1 1 1 0 1 1 1 1 1 1 1 1 1 1 1 1 0 1 0 0 0 0 0 0 0 0 0 0 0 0 0 0 1 1 1 1 1 0 0 0 0 1 1 
2 2 2 2 2 2 2 2 2 3 3 3 3 3 4 4 4 4 4 5 6 6 7 8 9 11 12 10 8 7 7 7 6 5 5 5 5 5 5 5 3 4 10 13 3 28 91 79 40 38 70 89 49 36 49 97 88 41 39 44 68 73 60 31 11 46 100 92 23 2 10 14 15 18 5 2 3 6 7 6 5 9 16 20 12 8 3 13 19 13 14 18 17 16 21 18 11 21 42 11 9 7 9 8 19 24 11 12 14 15 12 11 12 11 33 40 5 15 32 27 12 38 23 12 19 18 14 5 5 24 29 14 53 43 8 1 8 37 54 18 30 51 72 67 33 11 15 12 23 49 46 24 7 27 27 7 46 14 7 4 3 2 1 1 1 1 1 1 2 3 1 1 1 1 1 1 1 1 1 1 1 1 1 0 1 1 1 1 0 0 0 0 0 0 0 0 0 0 0 0 0 0 0 0 1 2 2 1 1 1 1 1 1 1 1 1 1 1 1 1 1 1 0 0 1 0 0 0 0 0 0 0 0 0 0 0 0 0 0 0 1 1 1 1 0 0 0 0 0 0 
2 2 2 2 2 2 2 2 3 3 3 3 4 4 4 4 4 4 4 5 6 6 7 8 9 11 12 10 8 7 7 7 6 6 6 5 5 5 5 5 4 4 14 11 3 49 82 50 19 16 24 71 40 23 16 55 71 34 23 13 46 84 66 39 15 49 87 97 49 3 7 16 15 14 3 3 5 7 8 10 10 14 18 17 4 5 2 5 12 15 11 14 32 23 19 15 7 11 37 9 9 9 10 8 20 25 11 11 15 16 13 11 9 7 28 31 4 14 31 28 13 31 11 8 29 41 28 8 3 18 17 27 66 42 14 2 16 31 24 19 61 65 69 56 25 14 29 19 19 60 34 13 11 14 20 8 39 16 11 10 6 6 5 3 1 1 1 1 1 1 1 1 1 1 1 0 1 1 1 1 1 1 0 0 1 1 0 0 0 1 0 0 0 0 0 0 0 0 0 1 1 1 0 0 1 1 1 2 2 1 1 1 1 1 1 1 1 1 1 0 0 0 0 0 1 0 0 0 0 0 0 0 0 0 0 0 0 0 0 0 0 0 1 1 0 0 0 0 0 0 
2 2 2 3 2 2 2 2 3 3 3 3 3 3 3 4 4 5 4 5 6 6 6 8 9 11 12 10 7 7 7 7 6 6 6 5 5 5 4 4 4 4 16 9 3 69 84 32 38 42 13 65 63 41 13 40 80 61 41 11 33 57 29 21 13 55 79 85 77 5 7 19 20 13 3 4 8 12 13 14 14 8 10 15 5 6 3 5 12 11 10 11 28 30 33 22 9 9 38 9 9 9 8 7 19 26 12 12 17 15 11 12 9 9 21 13 5 15 37 35 19 36 10 6 26 39 19 13 2 6 17 44 51 42 24 2 17 21 18 37 76 58 45 34 23 28 46 27 18 34 14 3 10 5 9 10 30 10 7 11 9 12 13 7 2 1 1 1 1 1 1 1 1 1 1 0 1 1 1 1 1 1 0 0 0 1 1 0 1 1 0 0 0 0 0 0 0 0 0 1 1 1 1 0 1 1 1 1 1 1 0 1 1 1 1 1 1 1 1 0 0 0 1 1 1 0 0 0 0 0 0 0 0 0 0 0 0 1 1 1 0 0 0 1 0 0 0 0 0 0 
2 2 2 2 2 2 2 3 3 3 5 7 10 14 17 19 20 18 17 18 16 12 10 11 9 9 15 10 7 7 8 7 6 6 6 5 5 4 4 3 5 4 16 9 4 72 80 21 66 78 15 59 55 37 23 55 93 56 37 21 53 67 42 26 14 48 88 86 83 6 4 13 20 12 6 9 13 16 16 10 6 4 11 18 6 4 4 7 12 5 5 7 12 24 40 37 15 8 39 9 7 7 7 6 20 27 12 13 16 14 10 10 11 15 18 11 8 10 33 47 34 28 8 7 18 18 6 16 3 5 21 32 28 57 37 2 8 18 29 56 63 44 42 23 25 42 49 29 24 17 3 1 5 2 2 3 9 3 3 5 4 6 11 6 2 1 1 1 1 1 1 1 1 1 1 1 1 1 1 1 1 1 1 1 0 0 1 1 0 0 0 0 0 0 0 0 0 0 0 1 1 1 1 1 1 1 1 1 1 1 1 1 1 1 1 1 1 1 1 1 1 1 1 1 0 0 0 0 0 0 0 0 0 0 0 0 0 1 1 1 1 0 0 0 0 0 0 0 0 0 
2 2 2 2 2 2 3 3 3 4 9 18 33 51 61 65 68 65 64 64 63 54 49 46 33 14 15 10 7 6 8 7 6 6 5 5 5 4 4 3 5 4 15 10 3 61 82 23 61 75 17 47 22 24 50 84 83 19 20 47 83 93 80 47 12 30 77 91 65 3 5 15 20 15 13 16 14 9 7 5 5 3 10 17 6 4 4 5 11 7 4 7 6 13 29 46 27 20 36 9 8 6 7 6 21 27 12 13 15 16 11 7 12 18 22 18 9 7 20 52 45 19 4 5 15 17 10 14 2 7 18 12 25 69 35 3 4 22 35 50 51 32 22 20 32 39 37 34 39 18 2 1 2 1 1 1 1 1 1 1 1 2 2 2 2 1 1 1 1 1 1 1 1 1 1 0 1 1 1 1 1 1 1 1 1 1 1 1 0 1 1 1 1 0 0 0 0 0 0 0 0 0 0 1 1 1 1 1 0 0 1 1 1 1 1 1 1 1 1 1 1 1 1 1 0 0 0 0 0 0 0 0 0 0 0 0 0 0 0 0 0 0 0 0 0 0 0 0 0 0 
2 2 2 2 2 2 2 3 3 6 12 25 50 79 92 90 92 95 95 97 101 99 96 89 68 26 10 9 7 7 8 7 6 6 5 5 5 4 4 3 5 3 12 12 2 40 86 33 30 38 17 42 20 26 48 70 62 15 22 45 62 71 55 35 7 32 76 97 45 1 8 19 21 24 19 12 6 3 3 4 4 3 11 19 7 4 3 5 10 8 5 6 5 11 19 32 27 40 33 13 9 6 7 6 19 25 11 12 14 16 12 9 13 13 22 23 14 15 13 30 25 13 3 2 11 21 17 15 2 8 17 11 24 51 18 3 11 26 38 40 51 34 16 21 35 36 47 53 48 21 3 2 1 1 1 1 1 1 1 1 2 5 4 3 2 1 1 1 1 1 1 1 1 1 1 1 1 1 1 1 1 1 1 1 1 1 1 1 1 0 1 1 1 1 0 0 0 0 0 0 0 0 0 1 1 1 1 1 0 1 0 1 1 0 0 0 1 0 1 1 1 0 0 0 0 0 0 0 0 0 0 0 0 0 0 0 0 1 1 0 0 0 0 0 0 0 0 0 0 0 
2 2 2 2 2 2 2 2 3 5 11 21 42 71 82 73 73 78 80 81 81 82 87 82 67 33 7 6 8 8 8 7 6 5 5 5 5 4 4 3 4 3 8 15 3 18 73 58 18 16 35 70 37 22 26 48 77 36 18 20 40 50 18 15 22 51 88 79 18 2 12 16 20 33 18 4 3 3 2 3 4 3 9 16 5 4 4 5 9 7 5 5 4 12 17 21 17 47 44 19 6 7 7 5 18 24 10 10 12 14 11 12 15 10 22 20 27 45 11 9 8 5 3 4 9 16 15 14 4 4 10 18 33 34 6 3 12 27 44 36 32 24 16 26 47 49 63 64 54 24 3 7 4 2 1 0 1 1 1 8 12 11 9 8 5 1 0 1 1 1 1 1 1 1 0 0 1 1 1 1 1 1 0 1 1 1 1 1 1 0 0 1 1 1 0 0 0 0 0 0 0 0 0 0 1 1 1 0 0 1 0 1 1 1 0 1 1 0 0 0 1 1 0 0 0 0 0 0 0 0 0 0 0 0 0 0 0 1 1 1 1 0 0 0 0 0 0 0 0 1 
2 2 2 2 2 2 2 2 3 5 9 17 36 61 71 64 63 65 68 70 63 61 69 64 61 44 7 2 7 8 6 6 6 6 5 5 5 4 4 4 3 3 4 18 7 6 51 87 54 36 68 97 71 46 45 66 105 73 48 45 69 72 43 37 55 76 86 47 5 4 17 13 17 38 24 6 3 4 2 3 3 3 10 15 4 4 5 4 8 7 4 5 4 12 19 22 25 45 42 17 7 7 7 5 18 24 10 11 13 14 11 13 16 9 26 15 31 64 23 6 2 3 3 5 13 18 12 10 6 1 5 26 48 28 3 2 9 29 50 32 10 15 24 34 59 57 62 67 62 27 3 10 7 2 1 0 1 1 2 13 20 10 6 7 6 3 1 1 1 1 1 1 1 1 0 1 1 1 1 1 1 0 0 1 1 1 1 1 1 0 0 1 1 1 0 0 0 0 0 0 0 0 0 1 1 1 1 1 1 1 1 1 1 0 0 0 0 0 0 0 1 1 1 0 0 0 0 0 0 0 0 0 0 0 0 0 0 1 1 1 1 1 0 0 0 0 0 0 0 0 
2 2 2 2 2 2 2 3 4 5 9 15 32 54 66 64 64 65 65 69 62 60 67 57 59 64 15 2 6 9 7 7 6 6 6 5 5 5 4 4 2 4 3 15 14 2 26 71 86 72 82 95 103 86 76 81 107 92 80 76 89 81 77 66 79 77 61 19 2 7 19 9 17 24 31 23 7 3 3 3 3 4 11 17 5 4 4 4 9 8 5 5 4 12 25 34 30 26 36 16 9 8 8 6 18 25 11 12 13 14 10 10 12 8 20 9 22 38 20 7 2 2 1 4 15 21 12 7 4 1 3 20 40 20 2 2 7 25 35 21 9 30 45 48 63 56 42 40 44 22 5 7 3 1 1 0 2 1 1 7 11 4 2 3 4 3 1 1 1 1 1 1 1 1 1 1 1 1 1 1 1 0 0 1 1 1 1 1 1 1 0 1 1 1 0 0 0 0 0 0 0 1 1 1 1 1 1 1 1 2 1 1 0 1 1 0 0 1 1 0 1 1 1 1 0 0 0 0 0 0 0 0 0 0 0 0 0 1 1 1 1 0 0 0 0 0 0 0 0 0 
2 2 2 2 1 1 1 2 3 5 9 15 30 53 67 67 67 68 65 70 65 64 70 56 64 78 31 2 3 6 6 6 6 6 5 5 5 5 4 4 3 4 3 8 17 5 7 33 81 102 102 90 97 94 104 102 95 84 92 90 90 89 89 80 85 62 31 5 4 14 13 4 21 11 18 29 16 7 6 4 3 3 10 16 5 3 3 4 10 8 5 7 6 16 33 36 19 7 40 18 8 7 8 6 19 26 11 11 12 12 8 6 8 6 8 4 13 12 7 4 2 1 1 3 9 12 7 7 2 1 2 7 17 8 1 1 6 16 17 9 14 37 45 68 67 39 16 13 25 17 4 3 1 1 1 1 2 1 0 2 2 1 1 2 2 1 1 1 1 1 3 2 1 1 1 1 1 1 1 1 0 0 0 0 1 1 1 1 1 1 0 0 1 0 0 0 0 0 0 0 0 0 0 1 1 1 1 1 1 1 1 1 1 1 1 1 1 2 1 1 1 1 1 0 0 0 0 0 0 0 0 0 0 0 0 0 0 1 1 0 0 0 0 0 0 0 0 0 0 0 
2 2 2 2 2 2 2 2 3 5 9 15 31 56 69 65 65 67 66 72 65 62 69 56 74 91 58 6 2 5 8 6 5 5 5 5 5 4 4 3 4 3 4 3 13 15 4 9 33 63 99 98 86 89 100 99 94 90 97 90 83 94 94 76 46 22 7 2 16 18 5 5 19 8 5 15 23 18 14 9 5 3 8 14 5 4 3 4 10 7 3 8 12 25 34 27 13 5 37 14 8 7 7 6 20 26 11 11 12 13 9 5 7 8 5 2 7 7 4 2 2 2 2 1 3 4 3 4 3 1 1 3 5 1 2 6 30 55 50 24 29 42 49 68 54 40 26 22 31 16 3 2 3 1 1 1 1 0 1 2 1 1 1 1 1 1 1 1 2 2 5 3 1 1 1 1 1 1 1 0 0 0 0 0 1 1 1 1 1 1 0 0 0 0 0 1 0 0 0 0 0 0 0 0 1 1 1 0 1 1 1 1 1 1 1 1 1 3 2 1 1 1 1 0 0 0 0 0 0 0 0 0 0 0 0 0 0 0 0 0 0 0 0 0 0 0 0 0 0 1 
2 2 1 2 2 2 2 2 3 6 10 13 29 55 63 68 63 61 69 70 70 65 49 61 78 83 89 22 1 5 8 6 5 4 4 5 5 4 4 3 3 4 4 2 6 17 16 4 5 15 41 69 84 92 91 89 88 90 93 89 79 71 49 25 9 3 3 14 23 9 2 5 18 11 2 4 14 21 20 12 12 7 8 12 6 4 3 3 10 11 11 19 19 16 22 24 15 7 29 18 7 6 8 6 18 26 11 11 12 11 6 4 6 8 4 9 13 6 9 4 1 2 2 3 3 2 3 6 3 1 2 2 2 1 3 5 21 40 39 23 21 25 37 45 25 23 25 26 38 18 2 2 2 1 1 1 1 0 1 2 1 1 1 1 1 1 1 1 2 1 2 2 1 1 1 0 1 1 1 1 1 1 0 1 1 1 1 1 1 1 0 0 0 0 0 0 0 0 0 0 0 0 0 0 1 1 1 0 0 1 1 1 1 1 1 1 1 3 2 1 1 1 1 1 0 0 0 0 0 0 0 0 0 0 0 0 0 0 1 0 0 0 0 0 0 0 0 0 0 0 
2 2 2 2 2 2 2 2 3 6 9 10 23 45 54 63 57 52 57 61 64 59 45 59 73 74 84 43 7 5 10 7 6 5 4 4 4 4 4 5 2 3 4 3 4 9 16 13 7 3 5 14 27 40 45 51 52 47 42 34 27 20 9 3 3 9 21 18 8 3 3 5 18 9 3 4 5 12 20 17 9 10 23 27 6 2 6 6 12 18 17 13 11 12 20 28 20 12 35 26 8 6 8 5 17 26 11 10 10 9 4 3 5 8 6 15 15 6 10 5 3 2 6 11 8 3 2 3 3 2 2 3 2 2 5 3 5 8 10 11 9 9 16 20 21 31 16 13 31 18 2 2 2 2 1 1 1 1 1 1 1 1 1 1 1 1 1 1 1 1 1 1 1 1 1 0 0 1 0 0 1 1 0 1 1 1 1 1 1 1 1 1 0 0 0 0 0 0 1 1 0 0 0 0 1 1 1 0 0 1 1 1 1 1 1 1 1 2 1 1 1 0 0 1 0 0 0 0 0 0 0 0 0 0 0 0 0 0 1 0 0 0 0 0 0 0 0 0 0 0 
2 2 2 2 2 2 2 3 3 6 8 8 18 34 43 47 39 31 35 52 57 54 51 58 67 63 62 61 23 4 8 9 6 5 4 4 4 4 3 4 3 4 4 3 3 4 8 18 20 11 5 2 3 5 6 8 8 7 5 4 3 2 2 8 15 19 18 8 2 3 4 5 20 8 4 4 3 5 9 19 15 7 13 22 10 4 5 13 19 17 9 7 7 8 16 23 16 10 31 24 7 6 8 5 17 26 11 10 9 10 3 4 6 8 7 15 12 5 7 4 4 4 14 21 14 7 3 1 4 2 2 2 1 2 5 3 5 5 4 6 8 8 8 9 19 39 13 10 29 17 3 3 2 2 1 1 1 1 1 1 1 1 1 1 1 1 1 1 1 1 1 1 1 1 1 0 0 1 0 0 1 1 0 1 1 1 1 1 1 1 1 1 1 0 0 0 0 0 1 1 1 0 0 0 1 1 1 0 1 1 0 1 1 1 0 0 0 1 1 1 1 1 0 0 0 0 0 0 0 0 0 0 0 0 0 0 0 0 0 0 0 0 0 0 0 0 0 0 0 0 
2 2 2 2 2 2 2 3 3 6 9 9 18 32 42 45 36 24 25 53 59 56 65 63 68 59 50 65 41 6 4 8 5 5 5 5 5 4 3 3 5 5 4 3 4 4 2 8 16 24 27 18 10 5 3 2 2 2 3 8 12 14 21 29 21 9 4 2 3 4 3 6 20 9 3 3 4 4 3 7 21 16 13 15 12 17 23 15 18 11 5 7 8 6 12 15 9 4 19 18 6 6 8 5 17 26 11 10 9 10 2 4 6 8 5 12 10 5 5 3 4 6 10 11 9 6 4 1 4 3 2 1 1 1 3 2 8 10 5 4 7 9 9 10 17 35 17 13 30 16 3 2 2 1 1 1 1 1 0 0 1 1 1 1 1 1 1 1 1 1 1 1 1 1 1 1 1 1 1 1 1 1 0 1 0 0 0 0 1 1 1 1 0 0 0 0 0 0 0 1 1 0 0 0 0 0 0 1 1 1 0 0 1 1 1 1 1 1 1 1 1 1 1 1 1 0 0 0 0 0 0 0 0 0 0 0 0 0 0 0 0 0 0 0 0 0 0 0 0 0 
2 2 2 2 2 2 2 2 3 6 9 9 20 36 55 61 53 40 28 58 67 64 76 68 69 63 56 64 65 25 2 5 5 5 5 5 5 5 4 5 4 3 4 6 5 3 3 3 4 7 10 17 24 27 27 27 28 27 26 25 24 21 14 8 4 3 3 3 4 3 3 9 19 6 5 3 2 4 3 2 10 20 28 27 15 20 27 14 10 10 9 6 4 6 13 15 8 4 18 20 6 6 8 6 17 26 11 10 9 9 2 4 5 6 7 16 11 6 5 3 3 8 8 7 7 6 4 3 4 3 2 1 1 1 2 2 4 3 2 3 5 5 8 13 20 35 15 8 24 15 3 1 1 1 1 1 1 1 1 1 1 1 1 1 1 1 1 1 1 1 1 1 1 1 1 1 1 1 1 1 1 0 0 0 0 0 0 0 0 0 0 0 0 0 0 0 0 0 0 0 0 0 0 0 0 0 0 1 1 1 1 1 1 1 1 1 1 1 1 1 0 1 1 1 0 0 0 0 0 0 0 0 0 0 0 0 0 0 0 1 1 1 1 0 0 0 0 0 0 0 
2 1 1 2 2 2 2 2 3 6 8 8 21 37 60 64 57 45 26 59 74 70 76 69 71 66 63 60 83 57 7 2 6 7 5 3 4 5 5 5 4 4 3 4 4 4 5 3 2 2 2 4 6 5 6 8 8 8 8 6 5 4 3 2 2 3 4 3 3 3 3 8 18 6 3 3 3 4 4 4 3 7 30 52 29 9 4 15 14 11 6 3 4 7 11 15 9 6 20 23 6 6 8 6 17 26 11 10 9 9 2 3 5 5 11 24 12 5 3 3 3 8 12 14 11 5 4 7 2 2 1 1 2 2 2 2 2 3 4 4 5 7 12 13 21 31 7 6 22 14 2 1 1 2 1 1 1 2 1 1 2 2 2 1 1 1 1 1 1 1 1 1 1 1 1 1 0 0 0 0 1 1 0 0 0 0 0 0 0 0 0 0 0 0 0 0 0 0 0 0 0 0 0 0 0 0 0 1 1 0 0 0 1 1 1 1 0 1 1 0 0 0 0 0 0 0 0 0 0 0 0 0 0 0 0 0 0 0 0 1 1 1 1 1 0 0 0 0 0 1 
1 1 1 2 2 2 2 2 3 7 9 8 19 34 57 56 50 41 23 56 77 73 72 70 73 68 63 52 79 76 19 2 4 6 5 3 4 4 4 4 5 5 4 2 3 5 4 4 3 4 4 3 3 3 3 3 3 3 4 4 4 3 4 5 5 4 3 2 3 4 3 9 19 7 2 3 5 3 3 5 2 8 31 47 24 12 9 16 19 14 7 4 5 5 10 13 7 5 17 21 5 6 8 6 17 26 11 9 9 8 3 4 6 5 10 23 9 3 2 4 4 8 17 19 10 4 4 5 2 1 1 1 2 2 1 2 3 5 6 4 5 12 19 15 18 27 6 8 24 13 2 1 2 4 3 1 2 3 3 2 2 2 2 2 2 1 1 1 1 2 1 1 1 1 1 1 1 1 1 1 1 1 0 1 1 1 1 1 1 1 1 1 1 1 0 0 0 0 0 0 0 0 1 1 1 1 1 0 0 0 0 0 1 1 1 1 0 1 0 0 0 0 0 0 0 0 0 0 0 0 0 0 0 0 0 0 0 0 0 1 1 1 1 1 0 0 0 0 0 1 
1 1 1 2 2 2 2 3 5 9 11 9 19 35 59 62 58 51 27 54 79 76 70 73 77 74 64 49 68 82 38 6 2 5 6 5 5 4 3 5 4 4 5 4 3 3 3 5 4 3 4 5 4 3 3 3 3 3 2 2 3 3 2 2 3 5 5 4 3 3 3 12 19 6 3 4 3 3 4 3 6 10 15 18 16 23 24 14 12 18 20 11 4 5 14 15 7 4 15 23 5 6 8 6 17 26 11 8 8 6 3 4 6 4 7 17 7 3 3 5 4 14 26 24 13 9 8 5 4 2 1 1 3 3 2 3 3 5 7 7 8 14 18 15 18 27 9 10 25 13 3 2 4 7 4 1 2 4 4 3 3 2 2 2 2 1 1 1 2 2 2 1 2 2 1 1 1 1 1 1 1 1 1 1 1 1 1 1 1 1 1 1 1 1 1 0 0 0 0 0 0 1 1 1 1 1 1 0 0 1 1 1 1 2 2 1 1 0 1 1 1 0 0 0 0 0 0 0 0 0 0 0 0 0 0 0 0 0 0 1 1 1 1 1 1 1 1 0 1 1 
2 1 2 2 2 2 2 2 4 8 11 11 18 35 52 77 65 56 37 56 83 77 79 86 86 84 79 66 61 74 55 13 1 5 5 6 4 4 4 4 4 4 4 4 4 4 4 4 3 3 3 3 3 3 4 4 3 3 3 3 4 3 3 3 3 3 3 3 3 4 4 11 19 5 3 3 3 3 4 7 12 5 12 23 15 12 18 16 12 14 16 20 11 7 14 15 7 3 12 29 5 7 7 6 14 28 9 7 7 4 4 9 7 4 5 6 6 6 6 7 7 14 14 13 14 16 13 7 8 4 2 3 5 5 2 2 3 5 5 8 7 8 7 8 14 25 12 15 33 21 7 4 5 6 4 2 2 3 4 4 3 2 3 2 2 2 1 1 1 2 2 2 2 1 1 1 1 1 1 1 1 1 1 1 1 1 1 1 1 1 1 1 1 1 1 1 0 0 1 1 1 1 1 0 0 1 1 0 1 1 2 2 2 2 2 1 1 1 1 1 1 0 0 1 1 1 1 0 0 0 0 1 1 0 0 0 0 0 0 1 1 1 1 1 0 0 0 0 0 1 
2 1 2 1 1 2 2 2 3 7 10 10 18 35 51 73 61 54 35 52 78 75 77 78 74 81 79 67 64 78 69 29 3 3 5 4 4 5 3 4 3 3 4 4 4 3 4 3 3 3 3 3 3 3 3 3 3 3 3 3 3 3 3 3 3 3 3 3 4 3 3 12 17 5 3 3 3 5 6 10 5 10 19 22 9 4 3 7 22 20 8 20 24 14 15 17 9 4 10 25 5 5 6 7 15 28 10 10 12 9 8 13 13 11 13 14 14 15 17 20 19 19 20 21 24 29 27 20 23 16 14 12 13 13 7 7 10 10 9 10 6 7 5 6 14 22 8 12 27 17 5 3 3 4 2 1 1 2 3 3 2 2 2 1 1 1 1 1 1 2 2 2 1 1 1 1 2 2 2 2 1 1 1 1 1 1 1 1 1 1 1 1 1 1 1 1 1 1 1 1 1 1 1 0 0 0 0 0 1 2 3 3 3 2 2 2 1 2 2 2 1 1 1 1 1 1 1 1 1 1 1 1 1 1 0 0 0 0 0 1 1 1 1 1 1 1 0 0 0 1 
2 1 2 1 2 2 1 2 3 8 11 10 16 35 52 73 62 58 40 54 75 69 64 55 44 40 41 51 62 76 78 53 8 2 6 4 3 4 3 4 3 3 3 4 4 3 3 3 3 3 3 3 3 3 3 3 3 3 3 3 3 3 3 3 3 3 3 2 3 3 2 13 15 4 3 3 5 8 8 8 12 16 21 20 7 4 3 5 10 16 11 10 15 26 26 19 9 6 12 23 6 4 5 8 16 26 10 14 19 19 18 23 24 24 22 23 25 25 26 27 26 28 30 31 33 36 35 31 35 32 32 28 28 27 19 23 32 32 27 21 8 6 4 6 13 19 4 8 18 10 3 2 2 3 2 1 1 1 2 2 1 1 1 1 1 1 2 2 2 2 2 1 1 1 1 1 1 1 1 1 1 1 1 1 1 1 1 1 1 1 1 1 1 0 1 1 1 1 1 1 1 0 1 1 0 1 1 1 1 2 2 2 2 2 2 1 1 1 1 1 1 1 1 1 1 1 1 1 1 0 0 1 1 1 1 1 1 1 1 1 1 1 1 1 1 1 1 0 1 1 
3 2 2 1 2 3 2 2 5 11 13 10 16 35 53 76 68 67 45 54 73 67 60 47 34 32 35 49 62 72 85 80 21 1 5 4 3 3 3 4 3 3 3 4 4 3 4 4 3 3 3 3 3 3 3 3 3 3 4 3 3 3 3 3 3 3 3 2 3 3 3 16 15 3 4 5 9 13 11 8 16 12 12 15 7 5 5 5 9 13 10 13 14 19 33 24 12 8 12 22 9 6 5 8 15 22 10 14 18 22 22 21 20 19 15 16 24 27 25 24 24 29 32 33 34 33 33 33 35 35 36 33 34 31 20 26 44 50 47 33 8 5 4 5 13 17 2 7 17 8 2 1 2 2 2 2 1 1 1 1 1 1 1 1 1 1 2 2 2 2 2 1 1 1 1 1 1 1 1 1 1 1 1 1 1 1 1 1 1 1 1 1 1 0 0 1 1 1 1 1 1 0 1 1 1 1 1 1 1 1 1 1 1 1 1 1 1 1 1 1 1 1 1 1 1 1 0 1 1 1 1 0 1 1 1 1 1 0 0 0 1 1 1 1 1 1 0 0 0 0 
7 5 7 3 2 2 2 3 5 10 12 10 16 34 52 76 69 69 46 55 75 74 70 59 49 50 50 56 57 58 73 80 46 3 1 2 4 4 3 4 4 3 3 4 4 4 4 4 4 3 3 3 3 3 3 3 4 4 4 3 3 3 3 3 3 3 3 3 3 4 3 15 14 4 9 14 13 12 9 7 6 5 5 7 4 3 3 5 6 7 5 8 8 7 13 14 8 4 5 10 6 5 4 5 9 14 6 8 8 11 10 7 6 5 3 6 17 24 23 22 24 25 27 30 32 31 32 35 32 31 32 31 32 27 12 13 31 38 42 30 6 3 2 2 10 15 2 11 23 12 4 2 1 2 1 1 1 1 1 1 1 1 1 1 1 1 2 2 1 2 1 1 1 1 1 1 1 1 1 1 1 1 1 1 1 1 1 1 1 1 0 1 1 1 0 0 1 1 1 1 1 1 1 1 1 1 1 1 1 1 1 1 1 1 1 1 1 1 1 1 1 1 0 0 1 1 1 1 1 1 1 1 1 1 1 1 1 1 0 0 1 1 1 1 1 1 1 1 1 1 
9 11 16 8 3 3 2 3 5 9 11 10 16 32 49 74 67 65 44 54 73 72 70 63 60 57 55 61 61 59 66 67 73 13 1 1 3 4 4 4 4 4 4 4 4 5 4 4 3 3 3 3 3 3 3 3 3 4 3 3 3 3 3 3 3 3 3 3 3 3 3 13 16 11 19 19 11 5 3 3 2 4 5 5 2 3 3 3 3 4 2 2 2 4 3 4 3 5 8 7 2 2 2 2 3 7 3 4 4 4 4 3 4 3 2 4 13 21 21 20 22 27 28 31 33 32 31 34 31 31 33 32 34 28 11 10 26 30 34 26 4 3 1 1 9 16 2 14 27 12 4 2 1 2 1 1 1 1 1 1 1 1 1 1 1 1 2 2 1 1 1 1 1 1 1 1 1 1 1 1 1 1 1 1 1 1 1 1 1 1 0 1 1 1 1 0 1 1 1 1 1 1 1 1 0 1 1 1 1 1 1 1 1 1 1 1 1 1 1 1 1 0 1 1 1 1 1 0 0 0 1 0 1 1 1 1 1 1 0 0 1 1 1 1 1 1 1 1 0 1 
20 21 28 18 14 13 10 8 7 10 12 10 15 30 46 74 68 65 38 40 56 55 53 51 56 55 54 58 58 61 71 67 76 31 4 2 2 4 5 3 4 4 3 3 4 5 6 6 5 5 5 4 4 4 4 4 4 5 4 4 5 5 5 5 5 4 3 4 4 4 4 16 29 19 18 11 5 5 5 5 4 5 9 11 4 3 3 3 8 8 2 3 4 4 7 9 7 13 23 18 7 3 4 3 6 12 5 8 8 9 11 9 9 6 3 4 10 16 18 18 20 28 29 32 35 33 31 33 32 35 35 31 31 24 9 9 25 27 32 25 4 3 3 2 11 18 2 13 24 11 4 2 1 2 1 1 1 2 2 2 2 1 1 1 1 1 2 3 1 1 1 1 1 1 1 1 1 1 1 1 1 1 1 1 1 1 1 1 1 1 1 1 1 1 1 1 1 2 1 2 2 2 2 1 1 1 1 1 1 1 1 1 0 0 1 1 1 1 1 1 0 1 2 4 3 4 3 2 1 2 3 2 3 3 4 4 3 3 2 2 2 2 2 2 2 2 2 2 2 2 
31 23 28 23 20 24 18 13 10 10 11 11 14 33 43 73 76 65 26 19 27 27 27 30 33 34 32 34 35 43 65 69 59 54 24 3 2 4 7 4 4 5 4 4 4 7 10 9 8 8 9 8 8 8 8 7 8 8 8 8 9 9 10 9 8 8 7 7 7 8 10 21 37 22 13 8 7 9 12 12 8 8 13 18 9 5 5 6 10 10 5 6 5 6 12 14 12 13 29 29 11 5 6 6 9 16 9 12 14 15 18 17 13 8 5 5 8 13 16 17 19 25 29 31 32 33 32 32 30 33 34 30 27 20 11 6 13 16 21 16 4 3 5 3 11 16 1 9 19 9 4 3 2 1 1 1 2 2 2 2 2 1 1 1 1 1 3 3 2 1 1 1 1 1 1 1 1 1 1 1 1 1 1 1 1 1 1 1 1 1 1 1 1 1 1 2 4 4 3 2 3 4 3 2 1 1 1 1 1 1 1 1 1 1 1 1 1 1 1 1 1 1 7 15 14 15 14 6 7 16 15 14 14 15 16 16 15 13 13 13 12 13 12 12 12 11 11 11 13 10 
25 10 13 20 15 22 13 9 9 9 11 12 13 37 42 71 76 54 15 10 15 17 16 20 22 17 12 14 17 24 52 75 57 67 49 9 2 3 7 6 5 5 6 5 6 10 13 11 10 11 12 11 10 10 10 10 9 10 10 10 11 12 13 12 11 10 11 10 9 11 13 18 27 21 14 12 11 11 14 14 11 12 14 19 12 9 8 10 11 11 9 9 7 9 13 15 14 9 23 28 11 6 8 8 10 13 9 12 15 15 18 18 14 8 7 7 9 13 15 16 17 20 27 25 24 27 26 24 24 25 26 27 24 19 14 7 6 8 12 10 6 5 6 5 10 14 2 7 15 9 5 5 2 2 1 1 2 2 2 2 2 1 1 1 1 1 3 3 2 1 1 2 2 1 1 1 1 1 1 1 1 1 1 1 1 0 0 1 1 1 1 1 1 1 2 5 7 7 4 2 3 4 3 2 1 1 1 1 1 1 1 1 1 1 1 1 1 1 1 1 1 1 12 26 25 27 23 9 12 28 26 28 28 28 28 26 24 23 24 24 22 25 22 22 24 21 22 21 22 17 
17 4 7 22 12 20 9 6 8 11 12 11 13 35 43 70 70 42 11 13 25 31 29 38 46 39 27 23 16 14 40 77 66 69 69 30 4 3 4 5 4 4 5 5 6 9 13 11 10 11 13 11 10 10 9 9 10 10 10 10 11 12 13 12 11 11 11 11 11 11 11 12 16 18 15 14 12 10 13 13 12 12 13 17 12 11 11 11 11 12 11 12 10 12 13 16 16 10 16 21 11 8 11 11 10 11 9 13 16 15 16 16 14 11 11 11 11 14 15 15 16 16 22 19 17 20 19 18 21 20 19 19 18 16 14 12 10 12 15 14 10 9 9 8 12 15 4 8 14 10 8 8 4 3 2 2 3 3 2 2 2 2 2 2 1 2 4 3 2 2 2 2 2 1 1 2 1 1 1 1 1 1 1 1 1 1 1 1 1 1 1 1 1 2 3 7 8 7 4 3 3 3 3 3 2 1 1 1 1 1 1 1 1 1 1 1 1 1 1 1 1 1 14 30 28 29 21 8 12 24 22 27 26 28 29 28 26 26 29 28 26 28 27 27 29 26 27 25 24 17 
17 6 7 27 14 24 14 11 11 11 12 11 13 31 40 66 72 43 11 11 20 26 26 34 41 34 26 24 15 12 37 69 68 71 78 55 11 2 3 4 3 3 3 3 5 8 11 10 9 11 12 10 9 10 10 10 10 10 11 10 10 11 12 12 11 11 11 11 11 11 11 11 12 14 13 14 13 11 12 12 12 11 11 14 10 10 12 9 9 10 9 11 10 13 13 15 16 10 10 14 11 8 10 9 7 8 7 13 16 13 13 14 14 12 14 13 12 14 14 13 13 15 20 17 15 17 17 17 20 18 16 15 15 15 15 16 14 14 16 16 12 10 11 9 11 14 6 8 11 9 9 9 5 4 4 4 5 4 4 4 4 3 4 4 3 4 6 5 3 4 3 3 3 3 3 3 2 2 2 2 2 1 1 1 1 1 1 1 1 1 1 1 2 2 3 5 7 6 5 3 4 4 4 4 2 1 1 1 1 1 1 1 1 1 1 1 1 1 1 1 1 2 15 30 29 30 19 7 12 18 13 15 14 17 24 30 30 29 30 28 26 28 27 28 30 28 30 27 24 17 
29 18 13 40 28 30 16 14 12 10 12 11 12 28 38 62 75 45 12 11 19 20 16 17 18 14 15 20 15 20 48 60 67 78 70 66 22 2 5 7 8 8 7 5 6 9 12 10 10 12 13 11 10 12 12 11 11 11 11 10 10 12 13 12 12 12 11 11 11 11 12 14 15 12 11 15 16 14 14 12 13 12 12 14 10 10 11 10 10 11 10 12 11 13 12 12 12 9 8 11 11 7 8 6 6 7 7 12 14 13 13 13 13 12 14 14 12 13 13 12 13 14 19 15 13 17 17 18 17 16 15 15 15 15 14 15 14 14 15 14 10 8 9 9 9 11 7 8 8 7 8 7 3 3 3 4 4 4 4 4 4 4 4 5 4 4 6 5 4 5 5 6 6 5 5 5 4 4 5 4 4 4 3 3 3 3 3 3 2 2 2 3 4 4 4 4 6 6 5 4 4 5 5 6 5 3 2 3 3 3 3 3 3 2 2 1 1 2 2 2 2 3 15 26 27 29 19 9 12 13 9 10 8 10 20 30 31 29 31 29 26 28 27 28 27 25 30 27 23 16 
65 57 38 57 53 34 11 8 9 11 13 11 13 29 43 61 74 41 12 16 31 30 16 12 12 14 21 31 28 37 65 60 62 84 73 79 39 4 2 6 8 9 8 6 7 11 14 12 12 13 15 13 12 13 13 13 12 11 11 10 11 13 14 14 13 13 13 12 12 12 14 16 17 11 10 15 18 17 17 14 14 14 13 16 11 10 11 12 12 14 12 14 12 15 15 13 12 10 10 13 14 10 8 7 7 8 7 12 14 14 14 14 14 13 14 13 13 14 14 13 13 14 18 15 13 17 18 18 16 16 16 16 17 15 15 16 16 16 15 14 9 6 7 7 8 9 7 8 7 7 7 5 2 2 2 3 3 3 3 3 3 3 3 4 3 3 5 5 4 4 4 5 6 5 5 5 4 4 4 4 4 4 4 4 4 4 5 4 3 3 3 4 5 5 4 6 6 6 6 5 4 4 5 7 6 5 4 5 5 5 5 4 4 4 3 3 3 5 5 5 5 5 15 20 17 21 15 9 10 9 7 9 6 7 15 24 25 26 29 27 24 27 25 26 24 22 28 25 21 14 
87 90 67 64 74 42 10 7 8 11 14 11 13 30 45 60 78 45 12 10 20 21 13 13 14 13 16 23 22 29 55 61 59 78 84 91 59 12 3 6 8 8 8 7 8 10 14 12 11 13 14 13 13 13 13 13 13 12 11 11 12 13 14 14 13 13 13 13 12 12 14 16 16 12 10 13 17 18 18 13 15 14 14 17 11 10 11 12 13 14 12 13 10 13 16 16 13 12 12 14 16 12 9 8 9 9 8 12 15 14 14 14 13 13 13 13 13 15 15 14 14 14 19 15 14 17 17 17 16 16 17 18 18 17 16 16 17 17 16 15 11 7 7 7 8 8 7 9 6 6 7 5 2 2 3 3 3 3 4 4 3 4 3 4 3 3 4 4 3 3 3 3 4 4 3 3 3 3 3 3 3 3 3 3 3 3 4 3 3 2 3 3 4 3 3 5 5 5 5 4 3 3 4 5 5 5 4 4 4 4 5 5 4 4 4 4 4 5 6 6 6 5 12 11 7 10 8 7 7 5 5 6 5 5 9 13 14 15 17 16 15 17 15 15 14 13 17 16 14 11 
62 69 67 62 91 56 20 14 11 11 14 12 13 28 43 59 88 60 21 10 11 13 16 22 22 16 12 14 14 16 41 70 69 67 80 79 75 44 31 27 23 18 16 15 13 12 14 12 11 12 14 14 13 12 12 13 13 12 11 11 11 12 13 13 12 12 12 12 12 11 13 15 13 14 11 12 14 16 16 12 16 15 15 18 12 11 12 11 11 13 11 11 9 10 12 15 12 10 10 11 13 9 8 8 8 8 7 12 14 14 13 13 12 12 12 12 12 15 15 14 14 13 17 15 13 15 15 14 14 14 15 16 16 15 14 13 15 14 13 13 10 7 7 8 9 8 7 9 6 6 7 6 3 4 4 5 5 5 6 5 4 5 4 5 3 3 5 4 4 4 3 3 4 3 3 4 3 3 3 2 2 3 3 2 2 2 2 2 2 1 1 2 3 3 2 2 3 3 3 3 2 2 3 3 4 4 3 3 3 3 4 4 3 3 3 3 3 4 4 4 4 4 7 5 2 4 5 5 5 4 5 5 6 5 4 4 5 5 6 6 5 6 6 5 4 4 6 5 6 6 
38 43 58 68 83 84 57 22 13 11 13 11 12 23 42 58 82 71 41 34 43 49 49 56 58 40 30 27 26 32 45 60 63 64 76 82 80 76 82 82 74 63 51 35 20 13 15 12 12 15 14 13 13 13 13 12 12 11 12 12 12 13 14 13 12 12 11 13 13 12 15 15 14 13 11 10 11 11 11 11 16 16 16 16 13 14 16 10 10 9 8 8 9 10 9 8 9 10 8 9 9 8 7 7 9 7 6 11 13 12 13 15 13 10 13 14 11 15 14 13 14 13 15 14 13 14 15 15 15 13 15 15 14 15 13 13 13 12 12 12 9 7 7 7 9 9 7 8 8 7 6 4 3 3 5 6 7 6 5 4 5 5 5 4 4 5 4 5 5 6 6 7 6 4 4 5 4 4 4 4 4 5 4 4 4 4 4 4 3 2 3 3 4 3 3 3 3 4 3 3 3 2 3 3 3 3 3 3 3 3 4 3 2 2 2 2 2 2 3 3 3 3 3 3 1 2 3 3 3 3 3 3 3 3 2 1 2 3 3 3 3 3 2 3 2 2 3 3 3 3 
42 48 60 67 74 83 67 25 13 13 15 12 12 23 42 56 80 75 53 51 62 71 68 73 74 71 66 60 57 59 64 70 63 62 70 77 78 79 88 88 85 81 79 71 58 46 32 22 17 15 12 10 10 10 11 13 13 12 10 9 10 12 14 15 13 12 12 14 11 10 12 12 12 12 10 11 11 11 11 12 15 15 17 16 14 13 14 10 9 8 7 7 8 10 9 8 9 10 7 8 10 9 7 7 9 7 7 11 13 12 11 13 14 12 13 14 10 14 14 13 13 13 15 14 13 14 16 17 17 14 15 14 13 14 12 13 13 13 13 13 10 8 9 9 11 9 7 7 7 5 4 3 2 3 4 4 4 6 7 7 6 5 6 5 5 4 3 5 5 4 5 6 5 5 5 6 5 5 5 5 5 5 5 4 4 4 5 5 3 3 3 4 4 4 4 4 4 4 4 3 3 3 4 4 4 4 4 4 5 5 5 4 3 2 2 3 3 3 4 4 4 3 3 3 2 3 3 3 3 3 3 3 4 4 2 1 2 3 2 2 2 2 2 2 2 1 2 2 2 2 
60 59 61 73 77 79 63 24 11 13 16 12 12 23 41 54 78 79 60 57 70 81 75 75 74 76 76 73 69 65 62 61 62 59 62 70 76 79 85 86 84 84 87 89 86 78 63 57 53 46 35 23 18 12 10 9 10 11 10 11 12 13 13 13 12 11 10 11 9 9 13 14 15 12 11 11 12 10 9 11 13 14 17 17 13 11 11 9 9 8 7 7 9 10 10 8 9 9 7 8 10 10 8 7 9 8 8 11 13 14 11 12 13 9 13 14 9 12 12 11 11 10 10 9 8 9 11 11 16 13 14 13 13 14 11 12 12 11 11 11 9 6 6 7 8 8 6 6 8 9 7 5 3 3 4 4 3 4 5 5 5 5 4 4 4 4 4 8 8 4 4 5 5 5 6 6 6 6 5 5 4 4 4 4 4 4 4 5 3 3 3 4 5 4 4 4 5 5 4 4 4 3 4 5 5 5 5 5 5 5 5 5 4 3 3 4 4 5 5 5 5 4 4 4 3 4 4 4 3 3 4 4 4 5 3 2 3 3 3 3 3 3 3 3 3 3 3 3 3 3 
69 64 58 73 75 73 42 16 10 13 15 12 12 23 40 50 75 82 61 54 69 84 78 76 74 71 72 74 74 72 67 64 64 59 57 64 74 80 82 81 79 78 80 81 79 77 79 84 90 93 83 68 60 55 41 29 22 17 13 11 10 9 9 11 13 14 13 15 14 13 15 14 12 11 11 12 11 9 8 9 12 13 16 16 13 11 11 10 9 8 8 8 9 11 11 9 8 8 7 8 10 11 10 9 11 9 8 9 13 16 13 13 15 12 14 17 13 16 17 22 24 25 27 25 21 21 22 22 20 18 20 21 22 23 17 14 14 12 11 10 8 7 7 7 8 9 9 7 5 4 4 3 2 3 3 3 5 8 7 6 5 5 4 4 5 4 3 5 3 4 4 5 5 5 5 5 5 5 5 4 4 5 4 4 4 4 4 4 3 2 4 4 5 5 4 4 5 5 4 4 4 3 4 5 4 4 4 4 4 5 5 5 4 3 4 4 4 5 6 6 5 5 4 4 4 4 4 4 4 4 4 4 5 5 4 3 4 4 4 4 4 4 4 4 4 4 4 5 4 4 
61 61 57 80 75 55 16 8 11 14 14 13 12 22 38 48 69 76 58 52 69 91 87 85 84 78 76 77 78 77 75 74 68 60 56 61 72 80 81 77 77 79 83 84 83 80 72 72 74 79 87 93 92 86 83 81 76 62 46 35 28 24 20 17 13 11 10 12 11 11 14 14 13 11 11 11 11 8 8 9 12 13 14 14 12 11 12 10 9 8 8 8 9 11 11 9 8 8 8 9 10 10 10 11 12 9 8 9 12 13 11 16 31 44 47 53 47 50 51 63 73 83 92 93 89 87 85 82 68 69 74 74 77 77 58 50 53 50 46 44 41 36 28 25 24 26 25 19 16 15 13 10 7 6 5 7 24 49 48 42 36 24 12 5 3 2 3 4 4 5 5 5 5 5 5 4 4 4 4 4 4 4 5 4 4 4 4 4 3 2 3 4 5 4 4 4 4 5 4 3 4 3 4 5 5 5 5 5 5 5 4 4 4 3 3 4 4 5 5 5 5 4 4 4 3 4 4 4 4 4 4 4 5 5 3 3 4 4 3 4 4 4 4 4 3 3 4 4 4 4 
22 21 26 63 58 31 5 6 12 16 15 15 12 20 36 46 63 66 47 40 55 81 80 79 83 81 78 74 72 69 68 68 68 63 57 59 70 79 79 73 75 79 81 82 81 78 69 74 76 79 84 85 79 74 78 86 94 94 88 81 74 68 61 50 37 26 19 17 13 10 12 13 13 11 10 10 10 9 9 11 13 13 14 13 11 10 12 10 9 8 7 7 8 9 10 9 9 8 8 9 9 10 10 11 13 9 7 10 11 10 8 16 45 88 128 149 132 123 110 111 111 116 130 137 136 137 136 131 136 135 140 137 141 137 108 114 120 118 114 115 116 113 107 99 95 102 104 91 76 68 61 51 43 36 32 34 62 105 108 102 97 81 45 14 3 2 3 5 6 5 5 5 5 5 5 5 4 4 4 3 4 4 5 5 5 4 4 4 3 2 3 4 4 4 4 4 4 5 4 4 4 3 4 5 5 4 4 4 4 4 4 4 4 3 4 4 4 4 5 5 5 4 4 4 3 4 4 4 4 4 4 4 5 4 3 2 4 4 3 3 4 4 4 3 3 3 3 3 4 4 
3 3 7 36 31 15 2 7 12 16 15 14 12 19 35 44 57 55 36 29 43 67 69 69 74 79 79 73 70 68 68 69 67 64 59 57 66 76 76 73 74 76 75 75 76 75 70 82 88 88 88 81 76 83 81 79 79 80 81 82 82 83 88 93 88 78 63 58 47 34 29 21 16 15 13 11 11 10 10 11 14 14 15 14 10 9 11 11 10 8 7 7 8 9 9 9 9 9 9 9 9 10 10 10 12 9 7 10 11 10 9 11 24 52 107 137 128 134 135 133 119 115 128 134 134 137 138 136 140 136 134 129 137 135 108 122 130 129 125 129 132 130 124 124 119 122 130 126 111 101 98 96 94 90 86 71 73 96 108 104 97 94 90 31 5 3 3 3 4 4 5 5 5 4 4 5 5 4 4 3 4 4 4 5 5 4 4 4 3 2 3 4 4 4 4 4 5 5 4 4 4 3 4 5 5 4 4 4 4 4 4 4 4 3 4 5 4 5 5 5 5 4 4 3 3 4 4 4 4 4 4 4 4 4 3 2 4 4 4 4 4 5 4 3 3 3 4 4 3 3 
6 7 12 39 31 11 2 8 11 15 15 14 13 18 38 44 54 55 37 31 44 70 72 72 78 73 69 66 64 64 65 66 67 66 61 57 63 72 74 74 75 75 76 78 81 81 69 75 77 78 83 83 79 78 85 91 92 90 88 86 83 81 84 91 93 91 87 91 88 79 74 60 49 35 27 21 18 14 11 11 15 14 15 13 10 8 10 12 11 9 7 7 8 9 9 9 9 9 9 9 9 10 10 10 12 8 7 10 12 12 12 9 8 12 29 43 51 79 112 136 129 132 139 141 141 145 148 147 142 138 129 122 136 141 115 120 131 132 128 130 132 130 130 132 124 119 123 124 124 126 122 115 108 101 96 88 85 97 119 113 95 88 86 30 5 2 5 10 15 13 12 12 7 5 4 4 5 4 4 4 4 4 4 4 4 4 4 4 3 2 4 4 5 4 4 5 5 5 4 4 4 3 4 5 5 4 4 5 5 4 4 4 4 3 4 5 4 5 5 5 5 4 3 3 3 4 4 4 4 4 4 4 4 4 3 2 4 4 4 3 4 4 4 3 3 3 3 3 3 3 
33 29 33 52 51 17 2 7 9 13 16 14 14 17 47 44 53 77 51 43 55 84 85 81 85 79 75 72 68 66 64 63 70 70 65 60 60 66 74 72 73 71 70 73 74 69 65 72 81 88 91 89 86 82 84 85 83 82 80 80 82 86 89 90 89 88 87 88 92 96 98 97 96 83 77 67 54 41 33 29 23 17 14 12 9 8 11 11 11 9 7 9 9 9 9 10 10 9 8 8 9 9 9 12 12 9 7 9 10 9 9 11 12 9 12 14 13 21 54 100 121 133 133 131 134 138 141 142 130 130 110 102 122 128 108 118 135 144 141 142 140 138 137 131 128 129 129 126 121 120 127 126 121 122 130 123 122 121 119 129 132 114 102 64 26 8 12 41 58 70 52 50 35 24 9 4 3 3 3 5 5 3 4 4 4 4 4 4 3 3 4 5 4 5 5 5 5 5 4 5 4 3 5 6 5 5 5 5 5 4 3 4 4 3 3 4 4 5 5 5 4 4 4 3 3 4 4 4 4 4 4 4 4 4 3 2 4 4 3 3 4 4 4 3 2 3 4 4 4 3 
54 51 48 52 38 8 3 9 10 13 14 14 13 15 41 49 54 77 59 48 57 83 85 80 80 73 70 68 66 65 64 64 64 64 62 58 57 62 69 67 68 67 69 74 74 67 68 74 82 87 88 85 84 84 86 88 89 87 86 85 86 88 91 92 92 92 92 93 96 99 99 98 97 100 102 101 96 89 85 83 66 54 45 36 24 19 22 24 24 22 21 21 20 18 19 20 19 17 15 15 16 15 14 15 15 13 11 13 14 12 10 13 19 22 28 38 47 50 64 90 112 129 136 137 134 132 134 137 127 114 104 112 128 128 118 134 144 145 142 145 147 143 141 143 143 140 139 143 141 138 143 145 140 137 138 134 136 133 126 128 122 100 92 82 57 41 24 59 76 123 86 78 75 63 26 9 3 3 5 4 4 7 5 5 5 5 5 4 3 3 3 4 4 4 5 5 4 4 4 3 4 4 3 4 5 6 4 3 4 5 4 4 4 3 3 4 4 5 5 5 5 4 4 4 3 3 4 4 3 3 4 4 4 4 3 3 4 4 3 3 4 4 3 2 2 3 3 4 3 3 
16 14 12 12 8 2 3 7 9 12 13 15 13 14 36 54 51 66 64 54 59 84 85 79 76 72 71 69 68 68 68 68 64 64 64 61 59 61 66 76 74 71 73 80 77 69 75 81 87 91 91 89 87 88 90 92 94 94 93 92 92 93 94 96 98 100 98 98 101 103 103 102 102 101 104 107 107 106 107 109 111 106 102 92 78 74 83 83 82 80 78 78 74 69 70 71 69 66 62 62 61 58 57 57 56 53 51 52 52 51 49 55 68 77 82 99 121 124 126 130 128 125 126 122 111 99 93 93 122 116 116 119 125 138 151 134 142 145 149 154 152 145 144 150 150 145 144 150 150 147 151 154 155 151 147 145 148 145 137 133 122 101 80 53 50 62 28 41 59 78 81 70 59 65 52 39 20 10 30 38 36 33 28 29 29 28 27 26 24 23 24 23 19 16 15 13 11 8 5 3 3 4 4 5 4 3 4 5 4 4 4 4 4 3 3 4 4 5 5 5 4 4 4 3 3 3 4 4 3 3 4 4 4 4 3 3 4 4 4 4 4 4 3 2 2 3 3 3 3 3 
3 2 2 3 3 4 6 7 9 12 12 14 11 12 30 57 56 69 73 61 63 85 86 79 75 74 74 73 72 71 70 71 67 69 69 65 61 61 64 86 79 72 74 81 79 72 81 85 90 94 95 94 92 91 94 97 99 99 98 99 100 99 99 102 104 106 106 107 109 112 113 113 113 111 113 116 115 115 117 120 119 122 127 125 118 120 132 126 122 119 120 122 118 115 117 119 119 117 114 115 115 114 116 117 116 114 111 114 118 115 110 115 123 123 126 128 125 122 124 120 108 93 86 77 64 51 40 34 79 112 143 145 137 138 142 125 134 142 150 159 155 149 150 150 150 150 150 152 151 147 147 150 155 155 151 151 151 148 142 139 131 116 105 70 47 36 26 22 23 53 81 93 81 73 87 111 66 30 85 110 114 97 110 105 105 104 102 100 97 96 97 94 85 78 75 70 63 50 35 24 12 5 4 5 4 4 5 5 4 3 4 4 3 3 3 4 4 4 4 4 4 4 3 3 2 3 4 4 3 4 4 4 4 4 3 3 4 4 4 4 4 4 4 3 3 3 3 3 3 3 
8 12 13 13 17 17 19 19 23 27 22 23 17 14 24 45 48 60 72 63 65 86 84 79 76 77 76 74 72 71 71 71 70 73 73 69 64 62 64 87 81 73 75 83 85 81 91 94 98 101 103 104 104 104 107 109 111 111 109 111 113 112 112 113 114 116 116 116 117 119 121 122 123 120 119 120 119 117 118 121 119 120 121 117 110 108 114 108 98 95 98 103 103 102 100 104 106 106 106 108 107 106 112 113 113 114 112 111 112 107 105 113 119 114 109 106 99 93 87 78 67 59 51 43 37 29 19 12 24 56 94 112 125 131 129 146 149 146 145 150 148 145 149 142 140 146 152 152 151 151 148 147 148 149 150 151 150 144 140 138 134 126 120 101 66 19 34 33 32 48 66 93 98 78 93 126 81 50 112 129 147 125 158 146 148 148 146 145 145 145 146 145 137 133 135 132 125 118 108 92 69 39 14 5 3 4 5 4 3 3 3 4 3 3 3 4 4 4 4 4 4 4 4 3 2 3 4 4 4 4 4 4 4 4 4 3 4 4 3 3 4 4 4 3 3 3 3 3 3 3 
18 36 45 49 65 61 63 69 77 88 78 80 70 58 55 56 51 50 61 60 64 84 81 77 78 80 79 78 77 76 77 77 78 81 82 77 72 71 73 92 90 87 89 97 100 98 107 109 111 113 115 116 117 119 120 122 122 120 117 118 120 120 120 119 118 117 112 109 109 109 109 110 110 111 110 107 101 96 94 96 98 97 94 91 89 87 86 81 70 66 71 74 76 77 75 78 79 79 78 80 77 76 81 80 80 84 84 83 83 81 78 85 91 89 81 77 72 65 57 52 51 45 40 37 35 31 22 14 4 9 17 31 59 92 113 140 145 142 137 140 140 141 144 134 128 131 137 139 146 155 155 151 146 145 147 148 147 143 140 137 132 127 121 103 75 25 34 32 42 42 61 65 69 77 103 91 73 90 132 127 137 122 127 123 126 127 125 125 128 131 133 133 128 127 132 131 130 139 140 130 129 111 74 33 10 2 3 5 4 3 3 4 3 3 3 4 4 4 4 4 4 4 4 3 2 3 4 4 4 4 4 3 4 4 4 3 4 4 3 3 3 4 4 3 3 3 3 3 3 3 
30 77 103 107 135 116 112 120 124 138 134 141 135 129 119 99 82 61 59 56 61 80 76 74 78 86 89 88 89 90 91 93 91 94 96 92 88 89 92 100 105 105 106 112 112 108 115 115 115 115 116 117 116 114 115 114 112 108 105 104 104 105 106 104 101 98 92 89 87 84 83 82 82 85 85 82 76 72 70 71 72 68 63 62 64 62 58 57 46 44 48 50 50 51 52 53 53 50 48 48 47 49 51 48 46 52 54 53 57 61 60 61 63 62 57 50 44 43 44 45 45 38 37 37 35 30 22 16 7 4 3 4 11 27 46 68 87 107 123 139 148 150 151 140 127 118 118 124 136 149 157 157 148 146 148 147 144 144 145 141 133 128 125 115 87 43 27 21 27 23 49 43 40 58 90 72 79 120 124 131 130 138 113 115 118 118 116 114 119 122 122 122 116 114 118 118 119 125 128 124 127 134 131 99 46 11 4 4 4 4 3 4 4 3 3 3 3 4 4 4 4 4 3 3 2 3 4 4 3 4 4 3 4 5 4 3 4 4 3 3 4 4 4 3 3 3 3 3 3 3 
23 63 103 129 150 136 132 128 122 132 129 132 142 147 139 122 113 83 66 67 73 86 82 69 70 78 83 84 85 89 94 94 94 95 94 90 90 93 98 98 104 106 105 107 104 99 103 101 99 98 97 94 92 89 88 88 85 81 80 80 76 83 71 75 73 70 69 67 66 62 59 64 61 61 57 64 56 56 53 58 57 57 50 50 55 49 49 47 42 37 38 41 40 41 41 39 40 32 25 30 32 32 33 30 28 31 32 29 31 36 50 45 48 49 44 41 42 45 45 43 39 37 36 35 33 29 22 15 11 7 6 4 2 3 6 13 25 60 102 141 151 157 155 152 139 132 119 114 124 139 152 159 155 150 147 143 138 138 140 140 133 127 122 127 100 51 24 21 27 23 39 38 36 44 54 56 47 64 55 71 103 136 122 108 104 100 97 97 100 103 103 102 101 97 102 105 104 105 112 112 112 116 129 133 112 46 10 3 2 3 2 3 3 3 3 4 3 3 3 3 4 3 3 3 2 3 4 4 4 4 4 4 4 4 3 3 4 4 4 3 4 4 3 3 3 3 4 4 3 3 
13 21 43 79 108 127 144 137 122 122 123 120 120 125 122 108 103 85 79 86 85 87 79 57 52 57 59 60 64 70 72 68 71 72 69 66 67 71 76 75 80 81 80 80 78 74 80 77 75 75 74 71 68 65 65 66 64 60 62 62 57 65 61 58 61 61 58 58 60 63 55 56 51 53 47 58 51 53 49 52 52 56 51 52 60 53 54 51 47 41 45 46 43 46 46 44 47 36 23 37 42 41 43 41 40 42 43 36 30 27 50 46 49 45 38 38 44 45 42 37 32 35 37 37 34 31 25 18 11 7 6 4 2 3 2 1 2 19 44 76 93 115 132 142 145 158 149 137 143 148 145 135 122 112 102 94 89 86 84 84 81 78 78 83 70 43 29 30 37 39 44 39 34 31 30 39 10 9 8 15 53 86 97 87 84 82 81 82 85 86 82 81 84 79 84 88 84 83 84 91 97 108 108 125 125 76 35 11 3 5 3 3 3 3 3 4 5 4 4 4 5 4 3 3 2 3 3 4 5 5 5 4 5 5 4 4 5 5 4 4 5 5 5 5 4 4 4 4 3 3 
13 11 14 30 51 80 118 140 135 128 124 106 77 75 79 68 60 55 57 62 56 52 44 29 27 33 31 35 49 60 57 52 55 55 54 52 53 56 60 58 62 62 61 61 59 56 63 61 61 62 63 63 60 56 56 59 58 55 58 62 62 55 68 55 59 59 56 53 57 66 58 53 48 59 54 60 58 59 58 54 57 51 53 61 59 51 54 49 39 37 48 48 45 53 48 48 51 42 22 40 44 43 47 46 47 49 50 45 36 26 47 47 49 41 33 34 43 45 42 36 25 29 35 37 34 30 26 21 14 8 7 4 2 2 2 2 1 3 6 15 28 44 62 72 80 97 96 91 92 87 73 56 44 38 32 27 25 23 22 21 21 21 21 23 23 23 28 36 39 42 41 34 26 13 15 21 3 1 1 2 13 30 48 61 65 67 66 67 70 71 67 67 70 65 69 71 68 74 70 68 58 63 57 61 56 66 82 50 18 12 12 11 12 12 10 9 11 10 9 10 10 8 7 7 7 6 6 6 6 6 6 5 6 7 8 7 7 7 6 5 6 7 7 8 6 5 5 5 4 4 
9 11 13 13 16 29 53 80 97 97 81 61 40 30 34 36 34 29 25 27 24 22 19 13 12 12 11 19 44 61 61 58 56 57 56 55 54 56 59 57 61 61 60 61 59 55 60 59 59 62 63 62 61 59 59 62 61 59 61 58 47 35 41 47 48 55 62 44 53 46 53 56 50 63 52 49 50 55 63 54 57 54 53 58 55 57 57 53 38 35 46 48 44 49 42 46 51 49 20 41 42 41 45 46 46 47 47 46 40 28 44 39 41 40 36 35 42 42 39 38 28 27 32 34 32 29 25 21 18 12 9 6 4 3 3 3 4 5 4 5 7 9 14 17 19 26 26 23 22 20 15 9 7 6 4 3 3 4 3 3 5 7 6 8 9 11 15 22 27 32 34 30 24 8 11 10 4 3 4 5 13 26 47 60 62 63 63 61 61 63 62 63 66 60 64 65 59 67 64 31 15 14 12 10 8 34 89 98 62 24 19 16 19 21 17 13 14 16 17 18 17 14 14 14 15 14 12 11 10 10 10 10 12 14 14 13 12 11 10 9 9 10 10 10 10 9 8 7 7 6 
11 12 13 13 12 11 14 22 31 35 27 22 17 11 12 16 19 13 8 8 8 7 7 5 5 3 3 14 40 56 57 60 56 57 57 55 54 55 56 56 59 59 58 59 58 55 62 60 60 62 62 61 61 62 61 64 63 59 61 46 21 20 12 28 20 35 43 19 37 16 34 41 27 42 29 25 26 38 56 52 44 60 39 28 39 64 55 59 50 41 45 42 27 22 21 25 38 51 21 46 45 44 48 47 45 45 43 42 35 22 35 31 35 39 38 31 32 30 26 35 35 29 31 31 31 30 25 19 15 10 9 9 7 5 5 6 7 8 6 7 6 4 5 5 5 8 9 8 7 7 7 7 7 7 4 3 5 7 7 7 8 10 13 15 15 11 11 15 19 22 29 27 24 10 17 10 2 5 15 27 42 53 70 60 61 64 67 64 58 59 64 64 68 62 66 66 61 64 61 9 2 1 1 1 1 12 50 89 91 50 19 13 13 15 11 10 14 13 14 15 14 13 13 13 15 16 16 17 17 17 17 17 18 19 19 18 17 16 15 14 14 14 14 14 13 12 10 9 10 10 
14 14 15 18 20 15 14 12 12 12 11 8 5 4 3 4 6 4 2 2 2 2 2 2 2 3 6 18 38 46 46 50 53 56 58 58 57 58 59 56 59 59 57 58 58 56 63 61 61 61 62 60 60 62 61 63 62 58 60 44 16 26 7 19 5 18 20 3 23 4 17 20 6 26 13 13 13 32 58 60 50 52 21 15 16 34 53 50 52 45 44 33 11 5 5 7 22 42 20 44 41 41 44 41 39 38 36 36 27 12 26 32 39 37 27 15 15 13 9 22 33 33 33 32 32 32 26 17 8 5 4 8 9 7 8 7 8 7 6 6 7 3 3 3 2 5 7 8 8 10 13 11 11 10 6 3 4 6 7 7 8 11 11 12 12 13 17 19 18 19 25 20 18 12 20 13 5 15 36 54 64 55 58 53 54 58 62 64 61 62 63 64 68 63 64 64 69 67 55 4 5 4 3 4 2 4 24 56 83 91 42 15 7 8 11 13 14 9 10 10 10 10 10 10 12 13 15 17 17 16 16 15 15 16 17 17 17 16 16 16 15 16 17 15 14 13 11 10 11 11 
13 13 15 17 18 20 23 25 22 17 15 12 5 3 2 2 2 2 2 3 3 3 5 6 8 9 13 23 32 35 36 39 46 50 54 57 58 59 62 61 64 63 61 62 63 60 64 62 62 62 64 61 61 62 62 64 63 60 63 49 17 19 9 20 6 16 16 2 21 4 12 12 3 27 10 16 11 32 53 54 59 48 23 31 15 14 65 47 51 50 49 31 8 3 3 3 19 40 23 44 40 42 44 42 39 40 39 38 25 10 29 39 43 37 17 4 6 5 2 12 30 33 34 34 33 31 25 18 6 2 1 7 10 8 10 7 9 9 8 6 5 2 2 1 1 3 5 5 8 12 14 10 9 9 5 3 3 5 6 6 8 10 11 11 12 15 19 18 14 20 22 16 14 13 16 19 9 16 30 45 61 56 58 58 50 42 39 48 65 72 63 64 67 62 64 63 65 59 44 3 6 6 2 3 1 2 15 38 63 104 82 35 11 9 14 16 13 11 12 12 11 12 12 11 12 13 14 14 14 13 13 12 12 12 13 14 13 12 12 13 13 14 15 13 13 12 11 11 11 11 
21 19 18 18 19 17 19 20 21 18 17 17 10 3 3 3 2 2 2 3 3 2 3 5 7 9 13 18 21 23 28 30 30 34 38 42 45 47 49 61 63 62 59 61 61 59 62 61 61 62 63 62 60 58 59 62 63 60 64 59 23 6 6 15 8 9 10 4 15 3 6 7 6 28 8 17 7 22 31 27 26 41 25 37 22 14 55 52 45 44 43 22 5 2 3 1 15 34 23 42 38 41 43 41 40 43 44 41 29 17 40 42 42 38 15 2 5 6 1 11 34 31 34 35 32 28 24 19 9 3 1 6 11 9 12 9 11 12 10 6 6 2 1 1 1 3 4 4 8 13 13 7 5 5 4 4 4 5 4 5 5 7 6 7 8 9 12 13 12 13 12 10 9 7 6 15 5 5 8 15 38 58 67 49 32 16 9 17 43 65 64 66 69 64 65 64 64 64 50 5 10 9 2 5 3 1 9 29 47 77 103 83 46 20 12 14 19 16 16 15 14 16 16 13 13 13 14 14 15 16 16 14 14 14 15 14 12 11 11 12 12 13 14 11 11 12 11 11 11 11 
31 31 30 28 27 30 31 32 32 32 30 33 30 11 3 2 3 2 3 3 3 4 5 4 5 7 8 9 12 16 20 23 20 24 26 25 26 29 31 36 40 44 47 50 53 56 62 62 62 63 63 63 61 58 62 63 61 58 58 45 18 27 13 19 10 10 9 9 13 6 6 7 9 15 10 24 10 21 24 25 28 30 11 32 22 11 57 55 43 44 42 16 2 2 2 2 18 32 22 37 35 40 39 38 38 40 44 43 29 25 39 37 37 34 12 3 10 5 1 10 28 28 33 34 31 26 21 17 10 3 1 5 11 12 11 9 10 11 9 10 8 3 1 0 0 2 5 6 12 16 11 3 1 2 5 8 10 7 7 9 8 6 5 6 4 4 5 5 5 6 7 6 8 12 26 4 2 3 1 7 38 66 52 36 23 9 2 4 28 63 62 68 77 62 63 63 63 64 43 5 10 18 11 7 2 0 2 7 20 46 75 118 104 49 17 10 14 18 18 17 18 19 19 19 18 18 18 19 20 19 18 18 17 17 17 16 15 15 16 14 13 14 13 12 12 13 14 14 13 14 
63 63 62 60 60 64 65 67 68 66 64 57 51 49 30 9 2 2 3 3 2 3 5 5 5 5 5 6 7 9 10 10 10 13 16 17 19 24 26 25 28 30 31 31 33 35 42 43 46 51 55 58 60 61 63 63 61 59 59 57 39 45 24 31 26 29 25 22 24 18 18 19 19 21 10 10 7 28 46 54 48 30 9 14 13 24 63 48 45 47 42 16 3 3 3 3 20 32 24 36 30 32 37 40 38 36 36 36 26 27 43 40 37 31 15 7 11 5 2 12 28 31 33 33 31 27 20 12 4 1 1 5 12 12 12 11 12 12 10 11 9 3 1 0 1 3 6 7 14 16 9 2 1 3 7 10 14 14 14 18 19 20 16 10 4 4 6 4 2 11 26 31 34 37 34 3 2 3 1 7 39 66 52 40 22 9 1 2 24 60 60 60 66 58 63 62 59 60 44 4 11 22 19 9 3 0 1 2 8 21 38 66 99 97 52 21 23 17 17 17 19 20 18 18 23 23 23 23 21 18 17 20 20 21 22 22 21 21 19 17 16 15 14 13 14 14 13 12 11 12 
64 65 65 65 65 68 69 70 70 70 68 67 70 77 69 42 21 12 8 6 4 2 3 5 6 6 6 7 7 8 8 8 7 9 10 10 11 13 13 16 18 20 22 23 26 27 24 26 28 31 33 35 39 45 48 51 53 56 59 60 55 63 48 59 53 54 50 43 40 37 42 41 38 59 41 32 30 46 59 57 59 40 30 22 21 30 28 31 40 47 46 28 16 19 17 18 31 30 17 20 13 17 27 37 41 38 36 34 24 25 42 41 40 35 20 10 12 8 7 19 32 34 33 31 31 29 20 11 3 3 3 9 14 13 14 13 12 11 9 10 8 3 1 1 2 4 6 7 12 11 5 1 1 5 9 10 16 20 20 22 25 31 35 21 5 2 3 2 2 18 47 58 53 56 32 4 3 2 1 7 39 65 54 36 18 7 2 3 24 63 66 62 63 61 67 63 62 63 45 4 19 36 34 11 2 0 0 0 3 7 13 23 34 61 95 103 98 81 59 38 28 23 21 19 17 17 17 17 18 17 18 20 21 21 22 22 22 20 18 17 17 18 18 18 17 15 11 9 9 9 
57 57 59 61 62 62 63 63 63 63 62 63 64 61 65 71 61 45 31 25 16 5 3 4 5 5 6 6 7 8 8 8 9 9 10 9 9 9 10 9 10 11 12 12 14 16 20 20 22 24 25 27 27 26 28 30 32 35 39 39 45 51 47 57 52 49 53 48 43 42 51 51 50 54 54 53 53 47 52 52 49 49 60 49 42 30 13 23 34 41 47 44 39 43 41 39 41 27 14 14 8 12 22 34 38 38 38 36 24 23 37 39 43 43 32 21 24 23 25 31 37 33 31 30 30 31 24 16 11 12 12 16 17 14 16 15 14 13 10 10 9 5 3 5 6 7 8 6 9 8 5 3 4 9 11 12 18 21 19 21 22 27 36 32 17 9 8 9 13 28 48 52 42 49 27 13 11 9 9 14 41 61 55 35 20 12 10 12 37 69 67 67 64 63 66 61 67 65 45 5 29 45 40 11 2 1 0 0 1 2 2 1 3 27 99 153 151 149 132 113 94 72 48 33 29 25 22 22 23 24 24 23 24 25 24 23 23 21 19 20 21 21 22 22 19 15 12 10 10 9 
57 58 60 63 64 62 62 63 63 62 62 59 55 56 58 60 62 65 62 59 46 18 8 7 7 8 8 8 8 8 9 9 9 9 10 10 10 11 11 11 10 10 9 8 8 9 10 11 12 14 16 17 19 23 24 24 24 25 27 27 33 30 28 33 35 37 39 38 33 33 40 43 48 48 52 50 49 41 52 56 47 51 55 54 53 36 28 31 37 37 42 46 44 43 37 38 38 25 20 25 19 22 29 35 36 35 35 35 25 23 38 39 42 42 44 37 38 36 39 37 35 31 32 31 29 29 28 24 22 22 20 21 19 15 17 18 16 15 12 12 12 9 9 11 12 13 10 6 10 11 10 10 13 16 13 13 20 22 21 24 25 28 26 33 35 34 33 32 40 42 47 48 44 50 31 36 37 33 38 34 50 57 58 49 36 31 35 39 57 69 59 66 62 61 62 57 63 58 46 5 16 19 17 5 2 2 1 0 0 0 1 3 14 57 106 116 122 143 142 144 145 136 118 101 86 78 70 61 53 45 42 45 47 46 45 44 46 45 43 43 42 39 37 36 34 31 28 27 28 25 
58 59 60 62 63 61 61 61 61 61 61 60 58 59 59 59 61 66 65 68 66 44 30 25 21 18 16 13 12 11 10 10 11 10 10 10 10 9 10 11 11 10 9 9 9 9 8 8 8 9 9 9 10 13 14 15 16 17 18 18 22 21 24 26 26 25 24 26 22 24 29 30 36 45 47 46 45 45 55 50 51 56 45 51 51 46 49 41 41 37 42 47 43 41 35 36 37 23 21 30 30 32 35 37 37 36 35 35 25 25 40 39 39 34 37 33 30 27 31 29 31 30 33 33 29 28 28 28 25 23 20 21 19 16 18 17 15 16 13 13 14 12 12 14 14 14 10 6 9 12 13 13 14 14 10 13 20 22 22 27 29 32 29 33 35 41 47 46 48 45 44 49 52 53 35 47 49 46 62 52 58 56 62 61 55 51 57 60 62 60 56 65 59 61 62 57 62 54 53 9 4 2 2 1 1 1 1 1 1 2 7 25 52 86 105 104 108 117 116 116 122 134 147 152 135 134 129 119 102 82 69 60 60 56 51 50 53 53 51 53 53 50 48 47 48 47 46 46 46 43 
60 60 61 62 63 63 63 62 62 62 63 63 62 59 59 63 65 64 61 63 68 65 62 59 53 44 38 32 27 22 18 16 15 14 13 12 11 9 10 9 9 9 8 8 8 9 10 10 10 10 10 10 9 7 8 9 9 9 10 11 13 13 17 18 18 16 15 19 16 19 24 22 25 25 26 31 28 34 42 37 44 50 41 48 42 51 46 41 40 38 44 46 42 43 39 40 41 24 21 29 33 34 35 37 39 37 34 32 23 22 36 36 36 33 31 28 26 23 26 25 31 28 31 32 29 29 29 29 27 23 20 22 21 17 18 15 14 15 13 12 14 13 13 13 11 12 11 8 9 9 11 10 10 11 10 13 21 24 22 25 27 30 32 33 30 33 40 40 42 43 43 45 49 49 43 47 36 33 55 49 54 49 55 54 60 55 56 60 58 55 60 63 52 58 58 51 63 55 59 24 11 9 9 9 6 4 5 6 8 14 27 54 67 68 77 88 98 87 97 108 113 113 114 117 126 129 134 136 131 120 106 87 79 64 48 40 41 40 41 44 45 43 42 43 43 44 44 43 42 41 
55 55 55 55 55 58 58 56 56 57 57 58 60 61 61 59 59 63 65 64 64 67 71 71 67 68 66 60 54 47 41 37 29 25 22 20 17 14 13 11 11 10 10 9 9 9 8 8 8 9 9 9 9 10 11 11 11 10 9 9 9 8 8 8 10 11 11 14 12 16 19 17 17 21 23 25 16 19 26 27 30 35 33 36 30 45 35 36 33 33 39 38 35 38 36 37 39 25 21 31 34 33 33 34 36 33 29 30 22 20 32 32 35 36 35 34 34 30 31 29 34 27 29 31 30 31 30 28 28 25 22 23 22 18 18 15 15 16 15 14 15 14 14 13 12 13 14 12 12 10 11 9 10 13 15 17 23 25 23 23 24 27 28 31 33 36 39 38 42 46 45 42 44 49 50 45 23 22 41 36 41 33 41 45 52 44 44 54 52 47 54 57 40 48 50 34 57 58 58 44 33 36 36 31 28 17 23 25 28 35 47 60 66 70 71 68 85 80 88 85 88 91 99 109 109 110 115 123 129 131 133 137 127 107 84 68 64 59 51 49 50 47 44 45 48 47 45 45 43 43 
59 59 58 57 57 60 59 58 57 57 57 56 56 58 60 60 60 62 61 58 58 57 57 57 57 56 56 59 60 60 58 57 55 51 45 39 33 27 24 19 17 15 14 13 12 10 9 8 8 8 8 7 7 7 7 7 8 9 8 7 8 8 8 8 7 7 8 7 7 9 10 10 12 14 16 16 14 17 21 23 21 23 24 23 22 23 24 28 19 20 25 26 25 28 27 28 25 18 13 23 24 25 27 26 27 24 23 25 18 18 31 28 27 29 31 31 31 31 31 32 33 27 29 31 30 30 29 25 24 24 24 22 18 17 18 17 17 16 15 14 14 14 15 15 15 14 14 15 15 14 13 13 14 16 19 19 20 22 23 25 28 29 32 31 33 36 37 38 41 46 44 41 43 48 42 28 9 15 29 17 21 10 30 38 35 21 22 35 32 23 29 41 24 33 39 14 42 62 52 46 40 43 50 41 58 41 50 43 44 41 46 65 62 61 70 62 70 64 77 63 73 78 80 84 90 92 97 102 106 107 110 118 127 132 126 117 112 99 73 55 53 48 41 43 49 45 41 44 44 43 
61 62 62 62 61 59 59 58 58 58 58 58 58 60 61 59 58 59 59 59 59 58 58 58 57 57 58 60 61 61 59 58 62 61 58 55 53 48 45 40 36 31 27 22 18 15 14 13 13 12 11 8 6 5 5 5 5 6 6 6 6 7 8 8 8 8 8 7 8 9 9 8 8 8 9 9 8 9 11 12 15 17 19 19 19 20 21 17 13 13 17 17 18 20 17 18 17 15 11 17 17 17 18 17 18 15 15 16 11 12 21 19 18 19 21 21 21 20 21 22 22 20 22 23 22 22 22 19 20 21 21 20 16 15 17 15 15 14 14 13 13 13 14 15 15 14 14 15 15 15 15 16 17 18 19 19 21 24 24 26 30 31 32 32 34 38 39 40 43 47 46 43 43 45 40 30 8 19 36 15 17 11 25 28 28 12 12 11 23 28 28 18 16 19 26 13 38 58 59 55 34 29 43 42 52 53 50 36 37 37 62 64 45 51 65 66 73 61 67 63 66 62 69 70 78 81 81 80 83 93 99 102 108 112 113 116 121 125 115 98 89 76 57 44 44 43 42 44 44 43 
60 62 63 63 63 60 59 59 59 60 61 61 61 63 63 60 59 59 60 60 60 60 59 59 58 60 61 62 62 62 61 59 58 58 57 58 60 59 57 57 55 52 49 44 39 35 34 34 34 32 28 23 18 12 9 7 5 4 4 4 5 5 6 6 6 7 7 7 7 8 8 8 7 7 7 7 7 7 8 8 8 9 9 9 10 10 11 10 9 9 11 11 12 14 13 13 12 14 11 14 13 14 14 12 13 12 11 12 9 8 12 12 12 14 15 15 15 15 15 15 16 13 14 14 12 13 13 12 12 12 13 12 10 9 11 10 10 10 9 9 9 9 9 9 9 9 9 10 11 11 12 13 15 15 15 15 17 20 20 22 25 27 28 29 31 36 37 37 39 41 43 44 47 49 49 44 18 22 40 22 29 23 24 24 29 15 20 13 38 53 40 15 16 12 16 17 37 53 59 51 28 20 28 33 22 31 25 26 26 18 46 55 38 27 51 65 61 53 64 62 60 46 50 59 64 69 71 69 68 75 81 83 84 85 89 97 106 111 114 120 125 120 97 67 50 45 43 46 48 46 
56 58 59 59 60 59 59 59 59 60 62 61 61 63 63 62 60 61 61 62 61 61 60 60 60 61 61 62 62 61 60 59 57 55 55 56 58 58 57 57 59 60 60 58 55 53 54 54 54 54 51 45 41 38 33 27 22 16 12 9 5 4 3 4 4 5 5 5 6 6 7 8 8 7 7 8 8 8 8 8 8 8 8 8 7 7 7 6 6 7 7 6 7 8 8 8 7 11 8 7 7 8 8 7 8 7 7 8 7 6 6 7 8 11 12 11 10 10 11 11 12 11 11 11 10 10 11 10 9 9 9 9 7 7 9 7 7 6 6 6 6 6 5 6 6 6 6 6 7 7 7 8 8 8 8 9 12 13 14 15 17 18 20 20 23 27 28 27 28 31 33 36 39 41 43 43 22 24 46 33 33 38 39 44 51 34 45 29 47 67 54 26 25 17 15 27 38 43 52 50 28 18 21 28 10 25 12 20 18 10 39 30 29 16 43 43 36 33 50 45 55 42 26 36 58 63 67 67 66 65 67 69 67 67 69 74 80 85 93 104 113 127 128 107 77 58 47 45 48 48 
51 53 54 54 55 55 55 55 55 56 57 57 57 59 60 59 59 60 61 61 60 60 59 59 59 60 60 60 59 58 58 57 60 58 56 56 57 56 55 52 54 56 57 56 55 54 55 54 54 56 57 56 55 55 54 53 52 48 44 35 25 20 14 10 6 4 4 5 5 5 5 7 7 6 6 7 8 8 8 9 8 8 8 8 8 7 7 7 7 8 7 7 7 8 8 7 6 12 8 6 6 6 6 5 7 6 6 6 7 6 5 6 7 8 8 8 7 7 7 8 8 8 8 8 7 7 8 7 6 6 6 6 5 5 7 6 6 6 5 5 5 5 5 5 5 5 5 5 6 6 6 6 7 7 7 7 8 9 9 10 12 12 13 13 15 18 18 18 19 21 22 24 25 25 27 29 15 21 44 35 23 41 50 49 53 46 60 48 45 60 58 48 46 41 32 49 55 54 59 62 29 12 15 30 15 40 13 17 14 11 41 10 15 15 50 31 14 13 31 24 34 26 11 24 63 62 62 64 65 65 64 63 62 62 63 65 66 71 80 81 82 102 123 125 109 86 58 42 42 46 
52 53 53 52 52 53 52 51 51 51 52 52 52 55 56 56 55 57 57 57 57 57 56 56 55 57 57 56 55 54 54 53 57 55 53 52 54 53 52 51 54 55 56 55 57 58 56 54 53 55 57 57 57 57 57 58 60 60 57 54 51 46 41 36 28 21 13 9 8 5 4 4 4 5 5 6 7 7 7 9 8 7 7 8 8 8 7 7 7 7 7 7 7 7 7 8 6 14 9 7 7 7 7 6 8 7 6 6 9 9 7 8 7 7 7 7 7 7 7 7 8 8 8 8 7 8 8 7 6 5 6 5 4 5 6 6 5 5 5 5 4 4 4 4 4 4 4 4 4 4 4 4 4 4 5 5 6 7 6 7 8 8 9 9 10 12 12 11 13 13 13 15 16 16 18 21 10 12 27 26 20 30 37 35 36 37 45 43 33 41 41 46 47 50 40 51 53 51 51 54 27 13 20 41 34 55 29 34 28 24 35 13 18 18 53 38 12 8 24 18 14 10 14 37 67 63 61 61 62 65 65 62 61 61 64 64 62 61 63 66 70 83 99 106 113 106 76 47 38 42 
55 55 54 53 53 53 52 51 51 51 51 51 52 54 55 54 54 55 55 53 53 53 52 52 52 54 55 53 52 51 51 51 54 52 51 52 54 56 56 56 58 59 58 57 59 63 64 61 60 60 59 57 56 57 55 55 56 56 55 57 58 57 59 60 55 48 43 40 32 20 14 10 7 5 4 4 5 4 4 5 6 6 6 6 7 6 5 6 6 6 7 7 7 6 6 7 6 15 10 8 9 9 9 8 9 7 6 6 10 9 6 8 7 7 8 8 7 7 8 8 9 8 9 9 9 9 9 8 7 6 6 6 5 5 6 7 6 6 5 5 5 4 4 4 4 3 3 3 3 3 3 3 4 3 4 4 4 5 5 5 5 5 6 5 6 7 7 7 8 8 7 8 10 10 11 14 7 7 14 16 19 17 20 22 22 23 25 28 27 31 27 27 28 35 33 35 38 44 41 34 28 31 32 40 48 57 53 56 52 50 43 40 53 41 41 38 33 14 23 22 16 19 41 44 62 65 66 63 60 62 64 62 59 59 61 61 58 57 57 57 59 64 73 84 94 103 95 63 42 40 
56 55 55 54 55 57 56 55 55 55 55 54 54 55 56 57 58 60 59 58 57 57 56 56 56 57 57 56 55 55 55 55 58 57 55 55 56 57 58 54 56 58 58 57 57 58 61 60 60 60 61 60 59 57 57 57 58 59 59 60 61 60 61 63 62 60 60 60 57 51 47 41 36 27 21 14 9 6 4 4 4 3 3 3 4 4 5 5 4 4 5 5 5 5 5 5 5 9 8 7 8 8 8 8 8 6 5 6 7 6 5 5 5 6 7 7 7 7 8 8 9 9 10 11 11 12 11 10 9 8 8 7 5 5 7 7 7 7 7 6 6 5 4 5 5 4 5 4 4 4 4 4 4 4 4 3 4 4 4 4 4 5 5 5 5 4 4 4 5 6 5 5 6 6 6 8 5 6 8 9 11 8 9 11 11 11 11 14 17 18 16 17 17 21 23 24 25 29 29 26 27 31 30 32 40 43 44 45 47 51 50 50 55 51 48 51 55 47 46 39 39 39 52 42 58 64 62 61 58 58 63 60 57 56 58 58 56 55 53 52 60 62 58 63 76 92 98 75 48 38 
55 55 54 55 55 56 55 55 55 55 55 56 57 57 58 60 62 64 63 61 61 61 60 60 59 60 60 60 60 60 60 60 64 63 62 60 59 59 60 58 59 60 60 59 56 56 58 58 58 58 59 60 61 59 60 60 60 61 62 61 59 60 61 61 62 63 62 61 63 65 64 60 55 51 47 41 34 28 22 19 10 8 5 4 3 2 2 3 2 2 2 3 3 3 3 3 3 3 3 3 3 3 3 3 3 3 3 3 4 3 3 4 5 6 6 6 7 8 10 11 12 13 13 14 14 13 12 11 10 9 9 8 5 5 8 8 7 8 8 6 6 6 5 6 6 4 6 6 6 6 5 4 4 4 4 4 4 4 4 4 4 4 4 4 3 3 3 4 5 5 5 5 5 5 5 6 5 5 6 6 6 6 6 7 6 6 7 8 8 8 8 9 9 10 10 13 14 13 15 16 16 16 18 22 24 24 24 25 29 33 37 34 33 37 42 46 45 45 49 46 52 49 56 49 55 61 59 59 58 62 67 59 56 55 56 57 57 53 47 49 62 65 59 59 66 76 85 71 46 33 
53 53 53 54 54 51 52 52 53 53 54 54 55 55 55 56 58 60 59 59 59 58 58 57 57 58 59 60 61 61 60 59 60 60 60 59 58 57 57 61 61 61 61 58 56 55 60 59 58 58 58 58 58 58 59 59 60 60 60 57 54 55 56 57 58 59 58 58 59 61 63 61 59 59 59 61 59 55 49 46 40 35 28 21 16 13 11 8 7 7 7 8 8 8 7 7 6 6 6 5 5 6 5 4 3 2 1 2 2 2 2 4 5 7 9 10 10 10 11 11 12 13 13 13 13 13 13 12 12 10 9 8 6 5 8 8 7 7 7 6 6 6 5 9 11 8 8 7 7 7 6 6 6 6 6 5 4 4 3 3 3 3 4 3 2 2 3 3 3 4 3 3 4 3 3 4 4 4 4 4 4 4 4 4 4 5 5 5 5 5 5 4 5 5 5 6 7 6 6 6 6 7 7 9 10 10 10 11 13 15 16 15 15 17 20 21 21 22 27 29 34 33 42 42 37 43 46 48 49 56 61 57 55 53 52 52 54 54 53 57 63 66 63 62 60 62 68 59 40 30 
50 50 51 52 52 50 51 52 53 54 55 54 51 51 51 51 53 54 53 52 52 52 52 52 51 50 51 53 55 54 52 51 52 53 53 53 52 50 49 52 53 54 55 55 55 55 59 58 57 57 57 58 58 57 57 58 58 59 59 57 54 54 54 53 53 53 54 54 54 56 59 59 57 57 56 54 53 53 54 56 56 54 52 49 47 44 43 45 44 44 45 46 46 44 42 43 43 43 42 41 40 38 36 31 22 13 7 4 2 2 2 3 6 10 13 14 14 12 12 11 11 12 12 13 13 13 14 14 12 10 9 7 5 5 6 7 6 6 6 6 6 5 5 14 19 14 15 13 11 8 7 7 7 7 6 6 6 5 5 4 4 3 2 2 2 2 3 2 2 2 2 2 2 2 2 2 2 2 2 2 3 3 3 3 3 3 3 3 3 3 4 3 3 3 3 3 3 3 3 4 5 4 3 3 4 4 3 4 4 5 5 4 4 5 6 6 5 8 8 9 10 11 14 15 16 19 24 25 26 31 35 41 42 41 40 41 46 50 55 59 59 60 61 60 60 62 62 56 44 37 
52 52 53 53 54 52 53 55 56 58 59 58 55 55 54 54 55 56 52 50 49 49 48 48 48 47 48 50 51 50 49 47 49 51 51 51 50 48 46 44 46 48 50 52 53 54 53 53 53 54 55 56 57 58 58 58 59 59 59 60 59 58 58 56 56 55 58 58 57 58 59 60 59 61 58 52 49 50 55 59 49 49 51 53 54 54 54 55 54 54 56 57 56 54 53 54 55 56 56 56 56 58 60 61 57 47 38 26 17 11 6 5 5 5 7 8 9 9 10 12 13 12 12 11 10 10 10 10 8 6 6 4 3 3 4 6 5 6 6 5 5 4 4 13 16 11 17 25 30 23 12 7 7 9 10 10 8 6 5 4 3 2 3 5 9 12 13 12 11 10 10 10 11 12 13 12 9 10 11 12 13 13 12 12 12 12 13 12 11 10 9 10 10 4 3 4 4 2 1 3 6 6 4 5 5 5 4 4 4 4 3 3 3 3 3 3 2 2 1 2 3 4 3 3 4 4 6 6 7 8 9 12 14 14 15 16 20 23 27 31 31 34 38 39 39 40 42 43 39 35 
57 57 58 59 58 56 57 58 60 61 62 62 60 59 58 58 58 59 56 53 52 52 52 51 51 52 53 54 55 54 53 52 52 52 52 51 50 49 48 47 48 49 50 51 52 52 48 48 49 50 51 54 54 54 54 54 55 55 55 56 57 57 57 58 58 58 59 59 58 59 59 59 58 58 56 54 53 53 54 56 52 52 54 54 54 54 55 55 55 56 58 60 58 57 57 57 58 57 56 55 54 51 52 54 58 60 59 57 52 42 29 19 12 7 5 4 4 4 5 6 6 6 6 5 5 5 5 5 4 3 3 2 2 3 4 5 4 5 5 5 4 4 3 10 11 7 11 16 28 30 15 8 7 9 9 6 5 5 5 7 10 14 23 32 44 51 50 47 46 45 45 43 43 46 45 41 36 38 41 44 43 43 41 41 42 43 43 41 40 40 35 36 38 10 6 24 33 22 14 16 27 33 30 26 24 22 21 21 20 19 19 19 18 18 16 15 14 7 2 2 3 6 7 11 5 1 1 1 3 5 4 6 6 5 5 5 5 5 6 6 7 7 8 10 15 20 26 34 33 29 
60 60 60 60 60 58 59 60 61 62 63 63 61 60 59 58 58 59 60 60 60 59 59 59 58 59 60 60 60 60 60 60 56 55 54 53 52 51 51 54 54 54 54 54 54 55 50 50 50 51 52 53 53 51 51 52 52 52 53 53 54 54 53 54 55 54 54 54 54 55 56 55 53 49 48 51 52 51 50 48 49 50 50 51 51 52 52 47 48 49 51 53 51 50 51 51 51 50 49 48 50 51 47 45 46 49 50 49 47 48 50 49 45 41 25 15 9 4 2 1 1 1 1 1 1 1 2 2 2 1 1 1 2 4 6 3 3 3 3 3 3 3 2 6 7 5 7 4 6 8 5 4 4 4 4 5 9 17 28 37 49 60 56 57 62 63 61 59 57 56 56 52 51 55 54 47 48 49 50 50 49 48 47 48 48 48 48 47 46 50 50 52 45 12 13 42 53 41 31 30 37 42 41 48 49 47 49 51 51 49 51 52 51 49 46 45 44 32 18 12 5 6 9 25 22 4 1 3 15 31 26 28 26 24 22 19 16 19 22 20 21 18 16 20 26 31 39 47 44 39 
60 59 59 59 59 58 59 59 60 61 62 62 63 62 61 60 59 59 63 65 64 64 64 63 63 62 62 61 61 62 62 63 61 60 58 56 56 57 57 57 57 56 57 58 58 59 57 56 55 55 55 55 56 57 57 57 57 58 58 58 57 56 55 53 52 52 51 50 51 54 56 55 53 51 51 51 51 52 52 52 46 45 45 45 46 47 47 47 47 49 51 52 51 50 51 52 52 53 52 52 51 50 49 48 49 49 47 46 44 43 44 47 49 49 50 41 23 11 4 2 1 1 1 1 1 1 1 0 1 1 0 1 2 4 5 2 1 1 1 1 2 2 1 2 3 3 7 3 1 2 2 2 2 4 7 14 27 49 69 69 65 65 64 58 53 53 56 59 58 54 53 50 50 56 55 49 55 53 51 48 47 46 47 48 48 48 48 47 47 47 48 53 34 12 31 50 43 40 41 43 44 44 44 45 45 45 49 55 57 55 60 60 60 58 56 55 56 56 47 38 14 4 3 15 24 2 0 2 21 54 49 47 46 46 48 47 43 41 38 36 39 35 31 39 47 48 50 48 43 40 
60 58 57 58 59 58 58 59 58 59 58 59 61 59 57 57 57 58 59 59 60 60 60 60 60 61 62 61 60 59 57 55 57 57 57 57 56 55 54 55 56 56 56 57 57 57 59 58 57 56 56 57 57 57 57 57 58 58 58 57 56 57 57 56 55 54 55 56 56 56 56 56 56 56 56 54 52 52 53 54 51 51 52 52 52 52 51 50 50 50 50 50 49 47 46 48 48 48 48 50 50 48 49 50 51 50 48 44 44 47 50 49 48 49 48 49 50 45 32 18 10 5 3 2 1 1 0 0 0 0 0 0 1 1 1 1 1 0 0 1 0 1 0 1 2 1 1 2 2 2 4 6 11 23 40 49 51 53 54 55 54 53 53 56 58 61 62 61 60 55 55 56 56 56 57 57 56 55 52 50 49 48 49 51 51 51 50 49 48 47 50 44 26 22 38 47 48 48 47 46 46 48 49 46 45 46 47 49 51 52 51 51 52 52 52 51 50 52 50 50 39 27 11 11 9 1 0 0 16 48 49 48 47 46 46 47 48 48 47 43 40 40 44 48 47 44 44 45 41 40 
54 53 52 53 54 53 54 55 56 58 58 59 59 57 56 56 57 58 59 59 59 58 57 56 56 55 55 57 58 58 59 59 58 58 58 57 57 56 55 57 58 58 58 58 58 60 60 59 58 57 57 58 58 59 59 58 58 58 58 56 55 55 55 55 54 53 51 50 51 52 54 55 55 55 54 54 54 52 51 50 50 51 51 52 51 51 50 47 47 48 49 49 48 49 51 52 52 49 48 49 51 54 52 53 54 54 52 48 48 51 51 51 50 50 54 55 56 56 56 52 47 39 27 19 11 7 2 1 0 0 0 0 0 1 1 0 1 0 0 1 0 1 1 2 2 3 5 8 13 20 30 41 49 53 55 53 52 53 54 54 53 53 53 54 56 56 56 54 52 52 52 52 53 53 53 54 53 53 53 54 54 56 56 55 55 55 54 53 52 49 49 48 38 37 50 55 55 55 53 51 50 50 50 48 47 47 48 49 49 50 47 48 48 49 48 48 47 44 48 53 48 45 34 37 12 2 1 0 16 48 50 51 49 46 45 46 47 47 47 46 45 45 45 45 44 42 43 44 41 39 
53 52 51 52 53 53 53 54 55 56 56 57 57 56 56 56 57 58 59 60 59 58 56 55 54 52 51 53 55 56 57 57 56 57 57 57 57 56 55 55 55 55 56 56 56 57 55 54 54 53 53 54 53 52 52 52 51 50 50 50 50 51 51 51 50 49 46 44 45 46 46 47 48 46 47 49 49 49 47 45 46 47 47 48 48 47 46 46 47 48 49 49 49 49 50 51 50 48 47 48 48 47 45 44 45 45 44 45 46 47 47 45 46 47 46 44 42 42 46 48 49 44 44 47 39 22 5 0 0 0 0 0 0 0 0 0 0 0 0 0 0 5 13 17 20 26 36 38 38 42 46 52 55 54 52 50 49 50 50 50 49 48 49 50 51 52 51 50 48 49 49 49 49 49 49 49 49 49 49 50 51 52 53 52 52 52 52 51 50 47 47 50 50 51 54 55 54 53 51 50 49 49 49 51 51 51 51 51 51 51 48 49 49 50 49 49 48 45 48 51 47 51 49 49 17 4 1 1 21 50 44 49 47 44 42 42 43 43 43 45 46 45 42 38 40 41 42 43 41 39 
55 54 53 54 56 57 57 56 55 55 54 54 56 56 57 57 58 59 59 59 58 57 56 56 56 55 54 54 54 54 53 52 54 55 56 56 56 55 55 55 55 56 56 56 57 56 53 52 52 52 52 53 52 50 49 49 48 47 46 46 47 47 47 47 46 45 44 43 43 42 42 41 41 40 40 42 43 43 43 43 41 42 42 43 42 42 42 45 45 46 46 45 45 44 44 45 46 46 46 47 49 49 46 45 45 46 46 44 43 43 42 40 40 42 43 42 41 41 40 38 36 40 39 43 37 24 6 0 0 0 0 0 0 0 0 0 1 0 0 0 1 13 35 45 46 47 56 53 49 48 45 44 46 47 48 47 46 45 45 44 44 43 44 45 46 47 48 48 47 47 47 47 46 46 46 46 47 46 45 44 44 45 45 45 45 46 45 44 43 44 45 46 50 50 46 45 45 45 45 45 46 46 46 48 49 49 49 50 49 49 48 48 49 49 49 48 48 48 47 45 41 46 45 32 10 2 0 2 27 55 44 45 45 45 44 43 43 41 41 43 46 45 42 39 39 41 43 43 43 41 
51 50 49 50 51 52 52 51 51 50 49 50 52 52 53 54 54 54 54 53 53 53 53 54 55 55 54 54 53 52 51 50 51 52 53 53 54 53 53 55 55 56 56 56 57 56 54 54 53 53 54 55 55 54 53 53 51 51 50 49 48 49 49 48 47 46 46 45 45 44 43 43 43 44 43 41 40 40 41 41 39 39 39 40 39 39 39 41 42 41 40 39 38 38 41 43 43 42 42 43 45 43 41 40 40 41 41 41 41 41 39 38 38 39 39 39 38 39 40 39 37 38 36 41 39 26 6 0 0 0 0 0 0 0 0 1 1 1 1 1 1 15 42 49 42 36 41 44 42 40 42 45 46 44 40 41 42 42 41 40 40 40 40 40 41 41 42 41 41 42 42 42 41 41 41 41 44 43 42 41 40 40 40 41 41 41 41 41 40 42 44 41 43 44 41 41 43 43 43 44 44 43 43 42 42 44 45 46 45 45 44 44 45 46 45 44 44 45 43 41 40 46 43 15 2 0 0 2 18 48 47 41 44 46 47 45 43 41 42 43 44 45 45 44 42 42 42 43 43 44 
41 40 39 40 41 40 41 41 41 42 42 42 43 44 44 44 44 43 43 43 43 43 44 44 45 45 45 46 46 46 45 45 44 45 46 46 47 46 46 45 45 46 46 46 47 47 47 47 47 47 48 48 49 50 49 49 48 48 47 47 47 48 48 47 46 46 44 43 43 43 43 44 44 45 44 41 39 38 38 38 36 36 37 37 37 36 36 39 39 39 38 36 35 35 39 40 39 38 36 37 37 35 34 34 35 36 35 34 35 36 35 34 33 34 34 31 29 29 31 33 34 32 30 36 36 26 6 1 1 1 0 0 0 0 0 1 1 2 1 1 1 11 33 42 42 37 36 36 35 35 36 37 37 36 36 38 38 37 36 37 37 38 38 37 37 35 34 34 34 36 36 36 35 35 35 35 35 34 34 34 35 36 37 39 40 40 40 40 40 41 42 39 38 40 41 42 44 44 44 43 42 41 40 39 40 42 43 43 43 42 42 43 43 43 43 42 42 42 42 40 39 43 37 6 0 1 1 1 4 26 41 36 38 41 42 40 38 38 40 39 39 40 42 43 41 40 40 39 41 42 
34 33 32 33 34 34 34 33 33 33 33 33 33 34 34 33 33 32 32 33 33 32 32 32 31 32 32 32 33 33 33 33 33 34 35 35 35 35 35 35 34 35 35 35 36 36 36 36 36 36 37 38 38 38 38 38 38 38 38 38 39 39 39 39 38 38 36 35 35 35 35 35 35 35 34 34 34 33 33 32 32 32 32 33 33 32 32 34 34 34 33 32 31 31 32 33 33 32 31 32 32 32 32 34 36 36 35 32 31 33 33 32 31 31 33 31 29 28 29 30 30 31 25 25 26 22 8 2 0 0 0 0 0 0 0 0 1 1 1 0 1 9 23 29 34 33 29 27 28 31 31 29 28 30 35 34 32 31 31 32 33 33 35 35 34 33 32 32 32 33 33 33 33 32 32 32 30 30 30 31 32 33 34 37 37 37 38 37 37 37 37 37 36 38 42 39 38 39 39 39 38 37 36 36 37 38 39 38 37 36 38 40 40 40 40 40 39 39 43 42 38 37 32 2 0 1 1 0 1 15 36 37 37 37 37 37 37 37 38 37 36 37 38 39 37 37 35 34 37 39 
36 34 33 33 34 34 33 32 31 31 31 30 29 30 30 29 28 27 28 28 29 28 27 26 26 26 27 26 27 27 27 26 28 29 30 30 29 30 30 31 31 31 32 32 32 32 32 31 30 30 31 32 32 31 31 32 32 33 32 32 32 32 33 32 31 30 30 29 29 29 27 26 26 25 26 27 27 27 27 27 28 27 27 27 27 27 26 26 26 26 26 25 24 24 25 25 25 24 24 25 25 24 24 25 27 27 27 26 26 28 28 27 26 25 25 24 24 24 24 22 21 20 19 22 24 21 8 2 0 1 1 1 1 1 1 1 1 0 0 0 1 9 20 20 21 22 21 21 21 20 22 22 21 22 24 26 26 25 25 26 27 28 30 30 30 31 31 31 32 31 31 31 31 31 31 31 32 31 30 31 32 33 33 34 34 35 35 35 35 34 35 37 36 37 39 36 34 35 36 36 36 36 35 36 37 37 36 35 34 33 38 38 38 38 38 37 36 36 38 40 37 39 32 2 0 1 1 1 0 13 36 39 36 36 36 38 38 39 39 37 37 38 38 38 36 35 33 31 34 36 
41 39 37 36 37 37 37 37 36 36 36 35 35 35 35 34 33 32 33 34 34 34 33 32 32 33 32 30 30 31 32 32 32 33 34 34 33 34 35 35 33 32 33 35 35 35 36 32 31 32 33 33 32 32 32 34 36 37 35 34 33 32 35 35 32 32 31 29 30 31 28 27 28 27 28 27 26 28 29 28 28 26 25 25 26 25 23 24 23 23 23 22 21 21 24 22 21 20 20 19 18 18 18 18 18 19 19 17 17 17 17 16 15 14 14 14 13 13 12 11 10 10 10 10 10 9 6 2 2 3 5 6 6 6 6 4 1 1 1 1 2 6 12 11 11 11 12 12 13 14 14 15 15 15 15 17 18 17 17 17 18 19 20 21 22 22 23 23 23 23 24 24 25 25 25 26 28 27 26 27 28 28 28 29 30 31 32 32 31 32 33 34 35 34 34 33 33 35 36 34 35 36 35 38 40 39 37 36 36 37 42 41 40 40 39 38 37 37 32 37 36 45 32 2 1 1 2 1 1 13 33 38 36 37 39 39 37 39 40 36 37 39 39 36 36 36 34 33 34 34 
37 37 38 38 37 36 37 38 38 37 36 36 37 37 37 38 38 38 37 36 34 33 33 33 33 34 33 31 31 33 35 36 35 36 36 36 36 37 39 41 38 36 35 36 38 38 39 36 35 35 36 34 33 34 34 36 40 41 37 34 31 32 36 36 34 35 34 32 32 35 34 32 32 31 32 32 32 34 34 32 30 30 29 30 31 29 28 27 24 24 26 28 26 25 26 24 23 23 23 23 21 20 20 20 20 20 20 19 18 18 18 18 18 17 16 16 16 14 13 12 12 11 12 11 10 10 10 9 8 10 11 11 11 11 11 8 4 3 3 3 4 6 5 5 6 6 6 6 7 7 8 9 9 10 10 11 11 10 10 10 11 12 13 14 14 14 14 15 15 16 16 16 17 17 17 17 20 19 19 19 20 20 19 21 21 21 22 22 22 22 21 22 23 24 24 23 24 25 26 25 26 28 27 28 29 30 30 29 29 30 33 32 32 33 34 34 33 34 33 36 36 40 27 5 1 1 1 1 4 17 27 34 39 42 40 36 35 37 38 35 35 37 37 34 36 37 35 35 35 36 
28 30 32 33 31 26 28 29 30 30 29 28 29 28 28 29 30 32 30 27 24 23 22 22 23 24 23 21 21 23 26 27 26 27 27 26 26 27 28 34 33 33 33 32 29 27 28 27 27 26 25 22 23 25 25 27 31 32 28 24 21 22 25 26 24 24 25 25 25 29 29 27 26 25 25 24 24 25 24 21 24 25 25 27 27 26 24 21 19 20 23 25 24 22 21 19 19 18 19 18 18 19 20 20 20 20 20 19 18 17 17 17 18 18 17 17 17 14 12 11 11 12 13 13 13 13 13 13 12 13 13 13 12 11 11 12 8 7 7 7 7 8 8 8 8 8 8 7 7 7 7 8 9 10 11 11 10 9 8 9 10 11 12 11 11 11 11 12 13 13 13 13 13 13 14 14 15 15 15 16 16 15 15 17 17 16 15 15 15 14 13 14 14 15 15 15 15 16 16 15 16 18 17 16 17 19 19 18 18 18 19 19 19 20 22 23 23 24 26 25 26 26 16 7 4 4 3 3 8 15 15 18 25 29 27 24 25 27 29 27 28 30 30 29 32 33 31 31 32 32 
21 22 24 23 21 18 19 20 21 22 23 23 22 21 20 19 21 22 22 20 19 17 16 15 15 15 14 12 13 14 16 17 17 17 17 16 16 17 18 22 23 24 25 23 19 17 18 19 18 17 16 14 14 16 15 17 20 20 17 15 14 14 16 16 14 14 15 14 14 17 18 16 14 17 17 15 14 15 16 14 16 17 18 19 19 19 18 14 15 17 18 18 17 17 16 15 14 13 13 12 12 13 14 14 14 14 15 15 14 13 12 12 13 13 14 14 14 11 8 7 8 10 10 12 13 13 11 9 10 11 11 11 12 12 12 11 9 9 10 9 9 9 10 10 10 10 9 8 8 9 9 9 10 11 12 12 11 10 9 9 10 11 13 12 12 11 12 13 14 12 12 13 13 14 15 15 15 15 15 15 15 14 14 16 15 14 13 13 13 14 14 14 14 14 14 14 13 14 13 11 12 13 13 11 12 14 14 13 12 11 11 11 12 14 15 16 16 17 20 16 18 17 12 13 10 10 10 9 11 13 10 13 16 16 14 14 14 16 17 17 17 18 18 18 20 21 20 19 20 20 
17 17 17 16 15 14 14 15 16 18 19 21 22 20 18 17 18 19 20 19 18 17 15 14 13 13 12 11 12 13 14 14 13 13 13 13 13 15 17 18 17 17 17 18 17 16 17 18 18 17 15 13 14 15 15 16 18 18 16 14 12 13 14 15 14 14 14 12 12 14 14 12 11 16 16 11 10 11 12 11 11 12 13 14 14 14 14 12 15 16 15 12 12 12 13 12 11 11 11 10 9 8 9 10 9 10 11 13 13 13 12 12 12 12 13 13 13 11 10 9 11 12 11 11 13 13 12 10 13 13 12 12 12 11 11 13 12 12 13 13 13 12 11 11 12 12 12 12 12 11 11 11 11 12 12 13 12 11 11 11 11 12 12 12 11 11 11 12 13 12 12 12 13 14 15 16 15 15 15 15 15 14 13 13 13 13 13 13 14 15 16 16 15 15 14 14 14 14 13 11 11 11 11 11 12 14 13 12 11 10 10 11 11 12 14 14 14 14 16 13 15 16 13 18 13 12 14 13 12 12 12 15 15 12 11 13 13 13 13 13 12 12 12 11 12 12 11 10 11 11 
18 16 15 13 13 13 13 14 14 15 16 18 21 19 18 17 17 18 17 17 16 14 14 14 14 14 14 13 13 14 14 13 11 11 11 11 12 14 16 17 14 13 13 15 17 18 16 18 18 17 15 15 16 19 19 19 18 18 18 16 14 14 15 15 15 16 18 17 17 18 16 14 14 18 16 11 9 10 11 9 9 10 11 11 11 12 13 13 15 16 14 11 11 12 12 11 11 11 12 11 11 10 11 11 10 10 12 13 12 12 12 12 12 12 12 12 11 11 11 12 13 14 12 11 12 12 11 12 12 12 12 13 14 13 12 12 12 12 13 14 14 13 11 11 12 13 15 15 15 15 14 14 14 15 15 15 14 14 14 13 13 13 12 12 11 11 11 12 12 12 12 12 12 13 14 15 15 14 13 13 13 13 12 11 12 12 13 13 14 14 15 14 13 13 13 13 13 14 13 10 10 11 11 11 12 13 13 12 11 11 11 11 11 12 13 13 13 11 13 11 13 14 13 16 12 10 12 11 11 12 12 14 14 11 11 15 16 15 14 14 13 13 12 12 12 11 10 9 9 8 
19 16 14 12 13 15 16 16 16 16 15 16 18 17 16 15 16 16 16 16 14 13 13 15 16 16 15 15 15 15 14 12 11 11 11 10 10 11 13 13 11 11 12 14 17 17 14 16 16 15 14 14 16 18 19 18 16 15 17 18 17 15 16 15 15 16 19 20 20 19 16 14 15 16 13 11 11 14 16 14 12 13 13 13 13 13 15 16 16 15 15 16 17 17 15 14 15 16 17 17 16 14 14 13 11 12 14 14 13 13 14 14 14 14 13 13 12 12 13 14 15 14 13 14 14 11 9 11 11 11 12 12 13 12 10 11 10 10 10 11 12 11 10 10 11 12 14 15 15 15 14 14 14 15 16 15 15 15 15 15 14 13 13 13 13 13 13 13 13 13 13 12 12 12 13 14 14 13 12 12 12 12 11 12 12 13 13 12 12 12 12 12 11 11 12 12 13 14 13 11 11 12 12 12 13 14 14 13 12 13 13 12 11 12 12 12 11 11 12 11 13 15 14 13 13 12 13 12 13 13 10 12 14 12 11 14 14 13 13 13 13 13 13 14 14 13 11 10 9 9 
16 14 13 12 12 14 14 16 16 15 16 19 21 20 18 15 15 15 17 17 18 16 16 17 19 18 17 18 18 17 15 13 13 13 14 14 13 12 12 11 12 12 13 14 15 15 13 15 16 16 14 14 14 16 16 15 14 15 15 15 16 16 16 17 17 16 20 22 20 18 17 16 17 14 14 16 18 20 21 20 18 17 18 20 18 18 19 18 18 18 19 20 20 19 17 18 18 18 18 16 15 14 14 14 14 13 14 14 14 15 16 16 16 16 15 14 14 14 14 14 14 14 14 14 13 11 10 10 12 12 11 11 11 10 10 12 11 11 12 12 11 11 11 11 11 13 14 14 14 14 13 12 13 14 14 14 15 15 14 13 12 12 12 13 14 14 13 13 13 13 13 13 12 12 13 14 13 12 12 13 12 11 11 12 12 12 13 12 11 11 12 12 12 12 12 12 13 13 12 11 12 13 13 14 14 15 14 14 14 15 13 14 14 13 12 12 12 13 13 13 14 14 14 13 13 13 13 12 12 12 12 15 16 14 13 12 12 11 12 12 12 12 14 15 15 13 12 11 12 12 
18 15 15 15 14 13 13 15 17 17 18 20 21 21 19 16 16 17 18 20 20 19 18 18 21 20 20 20 20 19 18 16 16 17 17 18 17 16 15 16 17 17 17 17 16 16 16 17 18 18 18 17 17 19 19 17 16 18 18 17 19 20 20 20 20 18 19 20 19 18 17 17 18 17 18 20 22 22 23 24 23 21 22 24 22 20 22 21 21 22 22 21 21 20 19 19 20 20 18 17 16 16 16 17 17 17 17 18 18 19 19 18 18 18 18 17 15 16 16 15 13 17 17 16 15 14 14 14 15 15 14 14 14 14 14 14 13 13 14 14 13 13 14 13 14 15 16 16 14 13 12 12 12 13 12 13 13 14 14 13 13 13 13 14 14 14 12 12 12 12 13 13 13 13 13 15 14 12 13 13 12 11 11 11 12 12 12 12 12 11 11 11 12 11 11 11 12 12 12 11 11 12 13 14 13 13 13 13 14 14 12 13 13 13 12 12 12 13 13 13 13 12 12 12 12 13 12 12 11 12 13 14 15 15 14 13 12 11 12 12 11 11 13 14 14 13 12 12 13 14 
21 19 19 19 17 15 14 16 19 19 18 19 19 20 20 18 18 19 21 22 22 21 20 21 23 22 22 22 22 22 21 21 19 20 20 21 21 20 20 22 22 22 21 20 19 19 20 19 19 20 22 21 20 21 21 19 19 21 20 19 20 21 20 19 18 16 15 16 18 18 16 17 19 20 20 20 20 20 21 23 24 22 22 21 20 19 20 21 22 22 20 19 18 18 17 17 17 17 17 17 16 16 17 17 17 17 18 18 19 20 20 19 20 20 20 19 18 18 18 17 15 20 19 17 16 16 16 17 16 16 16 16 16 16 16 15 13 12 14 15 14 13 14 13 13 13 14 15 13 12 11 11 12 12 12 12 13 13 13 13 14 15 15 15 15 14 12 12 12 13 13 13 13 13 14 15 16 13 13 13 12 11 11 11 12 13 12 12 12 13 13 13 13 12 12 11 12 12 12 11 10 10 12 13 12 10 11 13 13 11 11 11 12 12 12 12 11 13 12 12 11 11 12 12 12 12 12 11 11 12 12 11 12 13 14 14 13 12 12 11 10 10 12 12 13 12 12 13 14 14 
22 20 21 22 21 19 17 19 22 21 19 18 18 19 20 20 20 20 22 23 22 21 22 22 23 23 22 22 22 23 24 24 22 22 22 22 22 22 22 24 24 24 23 23 22 21 22 20 19 20 22 20 18 18 18 18 19 21 19 17 18 18 16 15 15 13 12 15 18 18 17 17 20 21 21 20 19 18 19 20 21 20 18 17 16 16 17 18 20 20 17 15 16 17 17 16 15 14 14 14 14 14 15 15 13 14 15 16 16 18 17 17 17 16 16 17 19 19 18 18 18 19 19 17 17 17 18 19 16 15 15 14 14 14 14 14 12 11 13 14 14 13 12 11 11 11 12 12 13 12 11 11 12 12 12 12 13 13 12 12 13 14 15 15 15 14 13 14 15 13 14 14 13 13 14 15 15 13 13 13 12 11 12 12 13 14 13 12 14 16 17 16 16 15 14 13 12 12 12 10 9 10 12 12 11 10 11 13 12 11 11 11 11 13 14 13 12 13 12 11 11 11 12 13 13 13 12 11 11 11 11 10 11 12 13 13 13 12 11 11 10 10 12 13 13 13 13 14 14 14 
20 19 20 21 21 21 18 19 22 21 19 19 19 19 20 20 20 19 21 22 20 20 21 22 22 22 21 21 21 21 22 23 23 23 23 22 22 22 21 24 24 24 24 23 22 22 22 20 19 20 20 17 15 15 15 15 18 20 18 17 18 18 17 16 16 15 14 16 20 19 17 18 21 21 22 22 21 19 18 19 20 19 18 17 17 17 17 18 20 20 18 16 18 19 19 18 17 17 17 17 17 16 17 15 13 13 14 15 16 18 15 13 12 11 12 15 19 18 15 16 18 17 17 18 19 19 19 20 16 16 15 15 15 16 16 16 13 13 14 16 16 15 15 15 15 15 15 16 16 15 13 12 12 14 15 14 14 14 13 13 14 15 17 17 16 14 14 15 16 15 14 14 13 13 13 14 14 13 14 15 14 13 13 13 15 16 14 14 16 18 18 17 17 17 16 14 13 14 14 12 10 11 14 13 12 14 14 13 13 12 13 13 13 15 16 16 14 14 13 12 12 12 13 14 14 14 13 12 11 11 12 13 12 12 12 12 12 11 11 11 10 11 14 15 14 14 15 15 14 13 
19 18 19 20 20 18 16 17 20 20 20 21 21 20 20 20 19 18 20 20 18 19 21 21 20 20 20 19 19 19 19 20 23 23 23 22 21 20 20 26 25 25 24 23 22 21 22 21 20 20 19 15 14 16 16 17 20 21 19 18 20 21 19 20 21 20 18 18 20 19 18 18 20 20 21 22 21 19 17 17 18 19 18 17 18 19 17 17 18 18 17 17 18 19 19 19 20 20 19 19 17 17 18 16 13 12 13 13 15 16 13 13 14 13 11 14 19 17 13 13 16 14 15 17 18 19 18 17 16 16 16 16 17 18 18 16 15 14 15 16 16 16 16 16 17 16 16 17 18 17 15 13 14 16 17 15 14 15 15 15 16 17 18 18 17 15 14 14 15 14 15 14 13 13 13 14 13 13 15 16 15 13 13 14 16 16 15 15 16 18 18 17 17 18 18 16 15 15 15 13 12 14 17 14 14 16 16 15 14 14 15 15 15 15 16 17 16 15 15 14 14 15 15 15 14 14 14 13 13 14 15 15 14 12 11 11 11 10 11 11 10 12 14 16 16 16 16 16 14 13 
20 19 20 21 20 18 17 18 19 19 21 23 23 21 19 20 20 19 21 20 16 17 20 20 18 19 19 19 18 18 18 17 19 20 21 21 21 19 18 24 24 24 24 23 23 22 24 23 21 20 18 17 17 19 19 18 21 22 17 16 19 19 18 19 21 20 19 19 19 18 18 19 20 19 19 20 19 17 16 16 17 19 18 17 18 18 16 15 15 15 14 15 16 16 16 17 17 16 14 12 12 14 15 14 11 10 11 12 13 14 11 12 16 17 13 13 16 16 14 14 14 15 16 17 17 17 16 16 16 16 16 16 16 16 16 14 15 15 14 13 14 14 13 15 16 16 15 16 17 18 17 16 17 18 18 16 16 17 17 16 16 16 17 17 16 14 13 13 13 13 13 13 13 13 14 15 15 14 15 16 15 14 14 15 14 14 14 14 15 16 17 16 17 19 19 17 17 16 14 12 12 13 15 14 13 15 16 16 14 13 14 15 14 14 14 15 17 16 16 16 16 17 17 16 15 16 16 15 15 15 16 14 13 12 11 10 10 10 10 10 10 11 13 14 14 15 15 14 12 12 
21 20 21 22 21 21 19 20 20 19 22 25 24 21 20 21 21 21 21 19 16 16 19 20 18 19 20 19 18 17 17 16 16 17 18 19 19 18 17 20 21 22 23 23 24 24 24 23 21 19 18 19 20 20 19 18 20 20 15 14 17 18 16 17 19 19 19 19 18 18 18 19 20 21 21 21 20 19 19 19 19 21 21 19 19 19 16 15 14 13 14 14 15 14 15 15 15 13 10 7 7 11 14 13 11 9 10 13 17 14 8 8 11 13 12 12 13 15 17 16 14 20 20 20 19 18 17 18 19 18 16 15 14 14 13 14 15 16 14 13 13 14 14 16 18 18 17 17 18 18 18 19 20 19 17 16 17 17 16 14 13 13 14 15 14 13 13 13 13 11 12 12 13 13 14 15 17 14 14 15 14 14 14 14 13 12 13 13 13 14 13 13 14 16 17 15 15 15 12 10 10 11 12 13 12 13 15 16 14 11 13 14 13 12 12 13 16 16 16 17 17 17 17 17 18 18 17 15 15 15 14 12 12 12 12 11 11 10 10 10 9 10 12 12 12 11 12 11 10 10 
20 21 22 21 21 21 18 19 21 21 23 26 25 21 21 23 24 24 23 20 16 15 17 18 17 18 19 18 18 16 14 14 12 15 17 17 18 20 21 20 20 20 20 21 22 22 21 20 19 20 21 19 19 20 18 15 14 16 14 15 18 18 17 19 22 22 21 22 22 20 18 18 19 20 20 18 18 17 17 16 20 19 20 21 18 15 17 17 16 15 14 13 14 14 14 14 15 13 7 4 4 7 9 13 16 12 9 13 16 15 10 7 8 11 13 15 17 18 17 17 16 20 22 22 20 18 19 20 20 18 18 17 14 14 17 18 16 16 16 14 15 16 14 15 17 17 16 17 17 18 20 22 20 19 17 17 17 17 15 14 14 13 13 14 15 15 14 13 13 12 12 12 12 13 14 15 15 14 13 13 14 14 14 15 12 13 14 13 14 15 14 14 13 12 12 12 13 14 12 10 9 10 11 13 13 12 14 16 15 12 12 13 12 12 11 12 13 15 15 14 14 13 13 13 14 14 13 13 13 12 13 13 12 13 15 15 14 12 11 10 10 11 11 10 10 10 9 9 9 10 
17 18 19 19 20 20 18 19 20 20 23 26 26 23 22 23 22 23 27 26 22 19 19 20 20 21 21 21 19 17 17 19 16 18 19 19 19 21 21 19 19 19 20 20 21 21 19 18 18 19 19 18 18 20 20 17 17 18 16 14 16 18 17 16 17 16 15 15 15 15 14 14 15 16 15 15 15 15 16 16 19 19 20 21 18 15 15 15 16 16 16 16 15 15 16 14 13 11 6 3 3 5 7 9 13 11 11 14 15 13 11 10 10 10 14 16 17 16 15 14 14 19 21 21 19 18 18 20 20 19 19 19 18 18 19 19 18 18 19 17 18 19 18 18 18 17 17 18 19 20 22 22 20 17 16 16 17 17 16 16 16 14 15 16 17 16 16 15 15 14 14 15 16 18 20 21 16 16 16 17 17 16 16 17 14 14 14 13 13 14 14 13 12 12 13 13 12 11 11 10 10 12 13 12 11 11 12 13 12 10 11 12 12 11 11 11 12 10 11 11 11 12 11 11 11 11 12 12 12 13 13 12 11 12 13 14 13 11 9 9 9 10 10 9 9 9 9 9 9 9 
18 19 20 21 21 20 19 20 21 22 26 28 25 24 23 22 20 22 26 27 24 20 19 19 20 21 24 26 23 20 20 22 20 22 22 21 21 22 21 19 19 19 19 18 18 18 17 17 17 18 18 18 17 19 19 19 19 20 18 16 17 19 18 15 13 12 12 11 10 11 12 12 11 13 14 13 12 13 13 14 17 17 18 20 19 16 15 14 16 17 18 18 17 16 16 15 15 14 10 7 7 9 10 12 17 15 16 18 16 13 13 14 13 11 15 16 15 15 15 14 14 18 20 20 18 17 17 19 18 19 19 19 21 20 18 19 18 19 20 19 19 20 20 19 18 17 17 19 20 21 22 21 18 15 14 14 15 16 15 16 16 15 14 14 16 16 16 16 17 14 15 15 16 18 19 20 17 17 18 19 19 18 17 16 14 14 14 13 14 14 14 13 13 13 13 13 13 12 12 12 11 11 13 12 11 11 11 11 11 10 11 12 13 12 11 10 10 8 9 10 11 11 11 10 10 10 10 11 12 12 11 10 10 10 12 12 11 10 9 8 8 9 9 8 8 9 9 9 9 9 
20 21 22 24 24 20 21 21 21 23 26 27 24 24 24 21 19 22 22 21 22 20 19 19 21 20 25 31 28 23 21 21 21 23 23 22 23 23 22 23 22 22 21 20 18 18 19 18 17 17 18 19 20 20 20 19 19 19 19 18 19 21 20 16 14 14 15 15 13 13 15 15 14 16 16 15 13 13 13 14 15 15 16 18 19 19 18 15 17 18 19 19 17 16 16 15 15 15 13 11 11 13 14 15 18 15 15 17 15 13 14 15 14 13 15 16 16 17 18 18 17 17 18 18 17 16 16 18 16 18 16 16 19 19 15 17 18 18 18 18 17 17 18 17 15 14 16 18 18 19 19 18 15 13 13 13 14 15 14 14 15 14 12 12 13 14 14 15 16 14 14 14 14 14 14 14 16 16 16 17 17 16 16 14 14 14 14 14 15 15 15 14 13 13 13 13 13 13 14 14 13 13 14 13 13 13 12 11 11 11 12 13 14 13 11 10 9 9 10 11 11 11 10 10 10 10 10 11 11 11 11 9 9 10 11 11 10 10 10 9 9 9 8 8 8 9 9 10 9 9 
22 22 23 25 25 23 24 22 21 22 21 21 23 24 25 21 19 22 21 18 21 21 21 21 22 21 25 28 24 21 20 20 21 23 22 22 24 24 22 22 23 23 23 23 22 22 22 20 18 17 18 21 23 25 22 20 18 17 19 20 21 22 20 17 17 20 24 23 20 21 23 22 20 20 21 20 18 17 17 19 18 18 18 18 20 21 20 19 19 21 21 20 18 17 16 16 15 12 11 9 9 12 12 12 14 10 9 12 12 11 13 13 12 13 16 16 17 18 19 18 16 16 16 17 16 15 15 17 15 16 15 15 17 16 13 16 17 16 15 15 15 14 14 14 12 11 13 15 15 15 16 15 13 12 12 13 14 15 14 14 14 13 12 13 13 12 12 12 13 13 13 13 13 12 12 11 13 13 13 12 13 14 14 13 14 13 13 13 14 14 14 14 12 12 12 12 12 12 13 14 14 15 16 13 13 13 12 11 10 11 11 13 14 14 13 12 11 10 11 11 11 10 9 8 10 10 11 11 12 12 12 11 11 11 11 11 11 11 11 11 10 9 8 8 8 8 8 9 9 8 
