UP
5 11 10 4 2 2 2 7 8 8 8 10 17 18 13 8 12 5 9 12 6 2 1 1 8 16 7 3 5 4 4 8 10 8 8 7 3 1 2 2 1 1 2 3 7 10 10 12 9 4 5 11 11 7 6 17 17 10 17 13 21 18 4 4 6 4 11 9 11 22 19 16 27 30 23 26 24 16 14 15 12 15 14 9 6 3 3 3 3 8 27 26 37 30 18 11 8 11 8 4 7 11 9 6 4 5 12 11 7 10 4 3 5 6 5 5 5 9 15 14 11 7 4 5 11 13 16 14 9 11 10 8 15 14 10 15 12 9 8 12 9 8 8 15 10 4 1 1 1 1 2 1 1 1 1 1 2 2 2 2 2 3 3 4 4 4 7 16 13 5 2 2 4 2 4 2 2 2 2 2 2 4 4 2 3 6 8 12 15 17 21 24 23 20 13 17 21 11 5 10 13 13 21 26 13 8 6 5 12 5 3 4 1 4 3 1 5 6 8 6 2 2 2 2 5 7 8 11 18 20 27 66 126 157 152 86 40 33 36 28 29 17 15 17 20 25 31 23 15 14 
6 11 9 6 4 4 5 18 16 14 16 18 18 16 15 11 7 4 7 9 4 1 1 7 12 8 6 6 7 9 7 7 8 6 6 7 3 2 3 2 1 1 1 2 5 5 7 8 5 4 3 4 4 12 31 49 33 7 13 12 18 20 6 3 3 3 6 5 6 14 16 17 21 24 22 23 27 18 10 9 8 8 7 8 5 6 8 10 13 19 38 41 27 25 11 7 10 11 5 2 6 5 5 6 8 7 9 6 4 6 6 9 9 5 4 4 8 10 14 13 9 8 4 3 6 8 12 9 6 6 4 5 13 14 9 8 6 4 5 10 10 8 7 7 8 4 1 1 1 1 1 1 1 1 1 1 1 1 1 1 2 3 3 3 4 3 4 10 8 3 2 2 2 1 2 1 1 1 1 1 1 2 3 8 16 15 13 17 18 16 16 13 15 16 10 11 19 12 4 9 8 7 10 18 20 11 6 7 13 11 8 5 2 7 7 4 2 4 7 5 3 3 3 5 15 17 23 20 20 15 31 59 121 151 119 61 23 28 26 21 19 18 17 18 23 23 35 28 15 19 
10 13 10 8 6 11 18 16 11 10 15 17 13 9 16 14 7 4 8 9 5 1 1 5 8 3 5 9 10 12 10 8 8 6 5 5 5 4 3 2 0 0 1 2 4 3 4 5 3 4 4 2 5 26 60 67 43 27 8 9 10 14 10 8 5 3 2 2 4 8 11 11 11 16 19 16 19 15 7 4 3 3 3 7 7 13 16 20 24 25 40 40 20 17 9 9 14 10 4 2 3 1 3 8 13 8 3 3 4 6 10 17 19 15 7 4 6 6 10 9 6 8 5 2 2 3 4 3 3 3 4 9 14 15 14 13 7 3 4 8 9 7 5 5 6 3 1 1 1 1 1 1 1 1 1 1 1 1 1 1 2 3 2 3 5 4 4 6 5 2 2 2 1 1 1 2 2 1 1 1 1 2 2 6 16 15 12 17 18 16 14 7 11 15 7 6 11 10 6 15 12 8 6 7 12 8 8 19 21 16 11 5 4 11 13 9 5 5 6 3 3 3 4 14 20 18 20 15 15 16 36 55 105 131 94 61 35 23 19 18 11 12 15 19 21 15 30 30 18 23 
8 9 6 6 6 13 20 9 6 8 15 17 12 8 14 11 5 3 5 6 3 1 1 2 3 2 4 10 14 12 11 10 10 7 5 5 6 6 4 1 0 1 2 3 3 2 2 3 2 3 2 1 11 42 74 72 56 28 3 10 7 7 8 9 7 4 1 2 4 4 5 5 5 11 15 9 9 9 6 2 2 3 3 5 9 19 21 27 31 28 38 29 16 10 7 8 10 6 2 2 1 1 3 8 11 6 1 4 7 11 15 20 20 16 8 3 2 3 7 8 6 8 7 6 7 4 2 2 4 8 14 17 17 16 17 16 9 4 4 6 7 5 3 3 3 2 1 1 1 0 1 1 1 1 1 1 1 0 1 1 2 4 3 4 6 5 4 5 4 2 2 2 2 2 1 1 1 1 1 1 2 3 2 6 21 25 21 19 15 11 9 5 7 9 5 3 6 9 13 22 22 16 14 6 4 5 9 17 14 11 7 3 3 8 10 9 7 7 5 3 3 6 9 19 13 11 12 12 11 14 27 37 69 101 98 79 42 21 22 27 20 16 13 16 17 10 25 31 19 16 
5 4 4 8 11 13 13 6 6 12 16 12 8 8 11 6 2 2 2 2 1 2 4 2 2 3 3 9 14 9 9 11 10 7 6 5 4 6 4 1 1 1 2 2 2 1 1 1 2 2 4 3 9 23 35 51 56 26 18 17 11 8 9 12 9 7 2 2 4 3 4 4 5 10 11 6 4 6 6 3 2 3 3 5 10 19 22 31 34 27 32 20 13 7 4 5 5 2 1 1 2 2 4 7 12 7 2 3 7 12 16 16 14 11 6 3 3 5 9 8 8 10 9 11 19 16 11 9 11 16 18 16 14 16 15 12 9 4 3 4 4 3 2 2 2 1 1 2 5 7 3 2 1 1 1 1 1 1 1 1 3 7 6 4 4 4 4 4 4 3 2 1 2 3 2 1 1 2 2 1 3 4 2 8 29 31 23 15 7 4 3 3 5 5 4 3 3 6 10 12 15 15 20 7 3 6 11 9 5 5 4 2 2 3 4 6 6 7 6 3 2 5 6 11 6 9 14 14 13 14 15 20 43 79 109 104 44 15 15 21 24 30 23 19 17 10 22 27 15 10 
3 4 6 14 17 14 10 8 11 15 13 6 3 4 5 3 1 1 1 2 3 3 5 3 1 3 3 6 9 5 6 9 7 5 4 4 3 4 3 1 1 1 1 1 1 1 1 1 1 1 3 8 10 13 18 55 51 24 19 11 9 11 14 12 8 8 2 1 3 3 3 4 7 9 8 6 8 8 7 5 3 2 3 5 10 15 22 33 32 23 25 13 9 5 4 7 5 2 2 2 2 2 4 7 11 7 2 2 5 10 12 10 8 7 4 3 3 7 11 9 9 11 9 12 21 19 15 15 16 17 15 10 9 12 10 7 6 3 2 2 3 3 4 3 2 1 1 4 13 21 11 6 3 1 1 1 1 1 1 1 3 6 5 3 2 2 2 3 5 5 2 1 2 2 1 1 1 4 4 3 6 6 3 10 23 18 11 7 2 2 2 2 3 3 3 2 3 8 13 8 14 16 22 6 1 5 7 7 3 4 4 2 2 2 3 5 7 7 7 4 3 4 3 4 5 8 14 12 14 16 14 20 33 54 88 105 56 13 15 19 19 24 24 20 14 8 15 16 9 10 
2 4 7 13 13 12 11 17 15 13 10 4 2 1 1 1 1 2 1 1 2 2 4 3 1 2 2 3 6 4 4 8 5 4 5 4 3 3 1 1 1 1 1 1 1 1 1 1 1 1 2 10 12 22 47 105 66 48 12 6 7 13 15 6 4 6 2 0 1 2 3 3 5 6 4 6 11 10 8 7 4 2 4 7 11 11 21 33 27 18 19 13 7 3 6 10 6 3 4 6 2 3 6 5 5 3 4 7 9 10 8 5 4 4 4 3 2 7 13 10 8 6 6 12 19 13 11 13 14 15 14 10 8 9 7 3 3 2 2 2 2 4 5 3 2 1 1 5 14 24 15 9 7 3 1 2 1 1 1 1 2 3 2 2 1 1 1 3 8 10 6 3 3 1 1 1 2 7 6 6 11 10 7 14 15 7 4 3 1 2 1 1 2 5 4 3 3 9 15 12 14 14 17 3 1 3 3 4 2 3 4 3 2 2 2 5 8 7 5 4 6 7 5 5 8 4 8 9 14 20 29 44 40 36 56 75 55 24 36 38 24 14 13 15 9 7 13 12 8 14 
1 3 5 9 7 9 13 16 11 8 7 5 3 2 1 1 2 3 1 1 1 1 2 2 1 1 1 2 5 3 3 8 5 4 7 6 3 2 1 1 1 2 2 1 1 1 2 2 1 3 5 14 21 35 68 115 67 112 34 16 8 8 9 3 2 3 2 0 1 1 2 2 4 3 2 5 9 7 7 7 3 2 5 7 11 9 20 32 20 15 16 17 8 4 5 7 4 2 6 9 5 3 3 2 2 2 5 12 11 9 6 3 2 3 5 4 1 6 13 9 5 3 4 16 24 16 12 12 10 9 12 12 12 12 9 5 1 1 1 1 1 3 4 3 2 2 3 6 10 15 12 12 17 10 2 2 1 1 1 1 3 4 1 1 1 1 1 4 10 13 10 10 8 2 1 1 3 8 6 4 8 8 11 14 10 5 3 2 1 1 1 1 2 3 3 2 2 6 9 11 9 7 8 2 1 2 2 1 1 2 4 3 2 1 2 4 5 5 4 5 7 9 10 20 20 6 6 7 18 48 77 94 66 52 55 57 53 41 44 40 33 20 13 18 13 15 24 23 18 24 
1 2 4 8 8 8 10 9 5 4 5 5 3 2 1 2 3 3 1 1 1 1 1 1 1 1 0 3 6 3 3 6 3 2 5 4 2 1 1 1 1 1 1 1 1 1 2 2 2 6 10 14 23 24 40 63 53 106 68 23 10 8 6 4 3 2 1 1 1 1 1 2 3 3 2 5 5 5 6 5 2 2 4 4 7 6 23 34 16 12 13 19 7 6 3 4 3 3 7 6 5 2 2 1 1 2 6 12 10 7 5 3 2 2 4 4 2 7 12 6 4 3 7 19 27 20 16 13 7 5 7 9 12 13 9 5 1 1 1 1 1 2 3 3 3 3 5 6 7 8 9 18 33 21 4 2 2 1 0 2 11 14 5 1 1 1 1 4 9 10 9 11 10 3 3 2 2 6 5 2 2 4 9 9 5 6 3 2 1 1 1 2 2 1 3 2 3 3 4 7 9 3 4 2 1 1 1 1 2 2 3 3 1 1 2 2 2 3 6 7 5 7 14 35 26 10 8 10 33 100 132 125 84 81 70 58 76 59 47 41 44 35 38 37 24 18 26 31 29 34 
1 1 2 5 5 5 8 9 5 5 6 4 3 2 1 1 2 2 2 1 0 1 1 1 1 1 0 5 9 4 4 6 2 1 3 2 1 1 1 1 1 1 1 1 2 3 6 6 5 8 9 8 12 6 7 17 30 50 59 19 11 11 9 4 3 4 4 2 1 1 2 3 4 5 4 6 5 5 5 4 2 1 2 2 3 6 22 27 14 15 19 15 6 10 8 5 3 3 4 2 2 3 2 1 2 2 7 11 7 5 4 3 2 1 2 4 2 7 9 4 3 5 11 16 19 17 15 12 6 5 5 5 8 10 5 3 3 1 1 1 1 2 2 2 2 3 5 5 3 4 13 21 32 31 11 2 2 2 3 15 19 28 17 2 1 1 4 5 6 6 7 9 11 10 7 3 2 4 3 2 1 2 5 3 2 4 2 3 2 1 2 1 2 2 4 5 5 3 2 4 9 2 2 2 3 3 2 2 3 2 2 1 1 2 3 2 1 4 9 6 3 4 8 20 12 8 13 47 68 103 129 109 59 92 93 102 119 80 56 44 40 44 46 36 20 15 20 28 32 31 
1 0 1 2 2 3 6 8 5 5 6 4 3 2 1 2 1 2 2 1 0 1 1 2 2 1 1 6 11 6 6 7 2 1 2 3 2 1 1 1 4 4 1 2 4 7 11 11 8 9 8 8 8 7 4 3 7 29 29 12 9 8 7 4 8 16 16 7 3 3 7 11 11 7 5 4 3 3 3 4 3 2 1 2 2 6 17 17 12 17 20 10 6 11 12 7 3 1 2 1 1 5 2 1 4 7 10 11 5 3 2 2 2 1 2 3 2 5 5 2 2 5 12 11 9 10 9 9 6 6 6 3 5 9 5 4 5 1 1 1 1 2 1 1 2 2 5 5 1 2 14 21 22 31 17 2 1 1 8 29 29 37 31 12 7 4 5 5 5 5 10 15 18 17 6 2 3 3 2 2 1 1 2 1 1 2 2 2 2 1 2 1 2 3 4 5 5 2 4 7 6 2 3 3 2 3 3 1 2 1 2 1 1 2 2 2 2 4 7 4 4 5 3 2 5 7 13 62 87 66 70 57 25 91 99 107 120 97 58 33 24 40 42 25 13 15 18 22 27 24 
1 0 1 3 7 7 3 3 3 4 4 4 4 2 1 3 2 2 1 1 1 1 2 2 2 1 1 5 10 8 8 7 2 1 2 3 2 1 2 4 7 6 2 3 7 9 12 13 12 14 15 13 12 12 9 4 4 22 16 8 7 5 4 9 23 36 35 21 14 13 19 22 16 8 4 1 2 1 1 4 4 2 1 1 2 6 15 12 8 10 9 7 4 7 9 7 3 1 1 1 2 5 2 2 10 14 16 13 5 2 1 1 2 2 1 3 2 3 4 2 2 3 8 8 5 6 6 8 9 10 9 5 4 5 4 5 6 2 1 1 1 2 1 2 2 1 4 4 1 3 12 22 19 22 14 3 1 1 12 24 28 30 31 21 9 3 3 3 3 3 13 22 28 21 4 1 4 4 1 1 1 1 1 1 2 2 2 2 1 2 1 1 2 6 4 3 2 1 5 8 3 2 5 7 3 2 3 1 2 2 3 3 2 1 1 2 2 3 4 4 4 6 5 10 14 11 12 32 61 48 49 44 24 73 79 69 83 94 58 36 29 40 54 32 15 17 18 17 17 20 
1 1 2 9 13 10 4 4 2 2 2 2 2 1 1 4 3 1 1 1 1 2 2 1 1 1 1 2 6 6 5 4 1 0 1 2 2 2 6 10 9 6 4 7 9 9 9 11 12 17 18 12 9 10 8 4 3 13 8 5 6 10 16 26 32 41 38 27 26 24 22 20 12 8 5 1 2 2 1 1 2 1 1 2 4 10 14 8 3 5 6 9 2 2 4 4 2 1 1 1 3 8 5 7 15 18 16 12 5 2 2 3 4 3 2 3 2 2 3 2 1 2 5 6 5 5 5 9 10 12 10 6 4 2 3 5 5 2 2 1 1 1 2 3 4 3 3 2 3 12 18 21 16 16 11 4 4 9 20 17 23 20 21 18 5 1 1 1 1 2 9 19 30 26 6 1 3 3 1 1 1 1 1 1 2 4 3 1 2 8 2 1 2 7 3 1 1 1 4 5 1 2 6 7 3 4 11 8 9 8 9 9 7 4 2 1 2 6 7 6 4 3 7 25 20 21 24 28 41 37 55 62 36 54 84 93 82 78 52 45 39 45 62 29 12 14 16 17 14 20 
6 3 6 14 14 8 6 6 2 1 1 1 1 1 2 5 3 1 1 1 2 1 1 1 1 2 1 1 2 3 2 1 1 1 1 1 2 3 8 10 8 11 14 12 12 7 5 6 8 14 12 7 5 6 5 2 2 5 7 8 9 22 35 42 30 30 24 16 22 23 14 9 6 5 4 1 3 4 2 1 1 1 6 13 18 22 18 9 3 4 7 12 2 1 2 2 1 1 1 2 7 11 11 14 16 14 10 10 4 2 2 3 3 2 1 3 1 2 2 1 2 1 4 4 4 3 3 5 7 9 7 5 4 2 3 4 3 2 1 1 0 1 2 2 3 3 3 3 7 19 23 19 15 16 14 11 14 23 26 20 29 24 16 12 3 2 2 1 1 2 3 9 19 22 8 1 2 2 2 1 1 1 1 1 2 5 5 1 5 13 3 2 3 10 3 1 1 1 4 2 2 4 4 2 2 10 28 19 19 19 16 16 14 9 4 2 3 9 9 10 12 11 18 40 33 37 28 33 56 53 37 38 28 48 91 108 81 69 61 50 42 48 55 21 7 9 15 18 15 22 
17 12 12 13 9 5 7 6 3 2 1 1 2 2 3 5 2 0 1 1 1 1 1 1 1 3 1 0 1 1 1 0 1 1 1 1 3 8 9 5 7 17 21 14 14 8 6 6 7 10 5 4 4 6 5 2 1 3 8 14 19 30 35 36 20 22 19 10 14 18 11 5 3 3 5 7 13 10 3 1 1 2 14 26 26 26 25 20 9 6 7 10 1 0 1 1 1 0 1 3 12 12 13 17 13 8 6 8 4 2 1 1 1 1 0 1 0 1 2 1 2 2 4 4 3 3 2 3 6 9 5 3 4 3 3 3 1 1 1 1 1 0 1 1 2 3 4 4 8 16 16 14 14 14 18 20 24 31 21 21 26 20 11 9 9 6 2 4 6 3 3 4 7 9 6 2 1 2 2 1 1 1 1 1 1 4 5 1 5 8 3 3 5 16 4 1 1 2 7 3 2 7 7 2 4 15 30 18 17 17 13 13 13 12 10 8 8 8 8 15 20 22 36 51 68 55 23 21 56 67 37 17 11 29 58 67 50 56 63 42 45 72 63 37 22 17 18 15 10 17 
24 23 17 10 8 8 7 3 3 3 2 2 5 4 3 4 1 0 1 1 1 1 1 0 1 2 1 0 1 1 0 0 1 1 1 1 5 12 10 4 7 15 12 11 14 11 11 12 11 10 4 3 3 3 2 1 1 1 7 21 36 42 38 40 33 46 56 49 51 50 44 41 38 35 34 42 46 29 12 6 5 8 20 25 15 14 27 29 16 9 5 4 0 1 1 1 1 0 1 3 12 9 11 16 11 6 4 7 3 1 1 1 1 1 1 1 1 2 2 1 3 5 8 7 7 9 8 9 10 8 4 2 4 6 5 4 1 1 0 2 2 1 1 2 4 6 6 5 8 13 9 10 10 8 14 21 24 39 28 24 16 13 13 17 29 23 12 21 17 4 3 3 2 1 2 2 2 2 3 1 1 1 1 1 1 4 4 3 11 6 2 3 4 16 4 1 1 3 13 9 3 9 8 3 5 10 15 8 6 8 6 8 10 13 17 19 16 12 19 28 24 21 42 56 87 67 40 15 27 45 50 36 24 25 22 31 39 38 31 15 43 88 70 58 44 28 26 17 12 16 
18 20 15 11 13 12 6 3 3 4 3 3 5 5 3 3 1 1 1 1 1 1 0 0 1 2 1 1 1 1 1 0 1 1 1 2 5 9 7 4 6 8 5 10 14 13 14 15 11 7 3 3 3 8 13 17 27 39 55 72 106 120 117 113 125 147 159 160 161 153 148 150 147 123 95 96 98 77 58 49 44 43 47 32 15 13 22 23 14 9 4 1 1 1 0 1 1 0 1 2 7 5 8 13 11 6 3 4 2 1 1 1 1 1 1 1 1 5 4 1 4 11 17 15 19 25 20 19 15 10 5 3 6 9 6 4 1 1 1 2 2 1 3 3 3 5 6 8 13 17 13 8 8 6 10 17 29 49 45 32 17 17 23 28 36 37 34 47 26 3 2 2 1 1 1 1 1 3 3 2 1 1 1 1 1 3 5 8 37 18 3 2 3 7 2 2 2 4 18 14 6 11 6 2 3 4 6 3 2 4 5 8 11 17 20 24 20 17 26 29 19 16 32 51 57 64 68 28 34 49 55 55 57 53 25 35 37 32 22 16 48 65 49 49 40 22 27 22 18 18 
10 12 11 12 14 12 5 7 7 6 4 3 4 5 3 3 1 1 1 1 1 1 1 0 1 2 1 1 2 2 1 0 1 1 1 3 4 3 3 4 9 8 5 9 11 10 12 14 14 16 31 42 61 83 98 108 124 144 162 167 189 193 177 154 189 209 209 215 215 208 211 218 197 141 92 83 89 89 87 84 77 71 64 46 36 34 31 28 23 18 9 2 1 1 0 1 1 1 1 1 5 5 9 12 11 7 2 2 1 1 1 1 1 1 0 1 2 5 4 3 8 16 22 22 27 29 21 18 16 17 13 6 7 6 2 1 2 3 2 3 1 1 5 2 1 1 5 14 22 20 16 8 7 7 8 12 34 39 40 30 18 20 28 23 14 25 42 50 20 2 1 2 2 1 1 1 1 3 4 2 1 1 1 1 1 2 3 11 47 23 3 1 1 2 1 4 4 5 17 15 9 16 10 4 4 3 4 2 1 3 4 7 10 16 16 18 22 21 17 10 6 7 12 27 20 50 71 49 69 57 42 65 76 88 67 56 38 33 23 23 45 55 78 52 28 13 16 18 17 15 
12 13 11 9 6 5 3 10 12 9 5 3 4 5 3 2 1 1 1 1 1 1 1 0 1 3 1 1 3 2 1 1 1 0 1 2 3 3 3 5 11 9 5 6 10 20 33 53 76 94 110 129 155 176 181 178 174 166 162 151 135 111 82 61 90 113 129 137 133 127 126 132 92 42 27 30 31 34 37 36 33 31 30 34 43 48 44 44 45 43 35 26 19 7 4 1 1 1 1 1 5 7 10 11 8 5 2 1 1 1 1 1 1 1 1 1 2 2 3 8 18 20 16 19 20 12 9 10 10 14 15 7 6 3 2 2 4 6 6 7 3 1 2 1 1 1 5 18 24 21 11 9 5 6 5 5 22 27 21 21 18 17 20 13 9 18 31 27 11 3 2 2 2 1 0 1 1 3 3 2 1 1 1 1 1 1 1 13 22 7 2 2 1 1 1 5 4 3 8 9 8 21 17 5 3 4 3 2 2 3 2 2 5 9 9 9 24 24 14 8 5 5 7 13 8 23 26 42 104 94 58 95 81 113 118 55 33 31 22 20 23 31 85 60 19 12 7 8 12 19 
13 10 8 5 3 2 2 7 7 5 3 3 4 5 2 1 1 1 1 1 1 1 1 1 2 3 1 1 3 2 1 0 1 1 2 3 3 5 6 7 6 8 17 32 60 87 101 121 148 161 128 122 109 94 78 67 60 48 46 43 39 35 31 29 29 41 65 79 73 58 48 44 38 33 36 41 38 36 33 31 29 27 26 25 22 19 17 21 32 47 59 59 51 30 25 21 16 10 5 3 3 3 4 4 3 2 1 2 2 1 1 0 0 0 1 1 2 5 10 16 23 20 17 17 10 8 15 16 9 7 6 3 3 4 6 6 6 9 11 13 6 2 1 2 2 2 4 12 18 21 14 7 5 4 5 11 20 20 11 11 13 11 10 7 7 19 19 12 15 10 2 1 1 0 0 1 1 2 2 3 3 2 2 1 1 2 2 16 26 8 1 1 1 1 1 4 4 3 3 4 5 20 17 4 7 11 6 3 3 3 3 3 4 7 9 9 15 11 7 8 8 6 5 10 6 15 8 38 118 109 50 57 54 94 116 63 32 33 27 20 19 8 9 9 3 5 8 8 10 22 
6 8 7 2 1 2 2 3 3 3 4 4 4 4 3 1 1 0 1 1 1 0 0 1 2 2 1 1 2 1 1 1 1 1 1 1 2 3 7 13 18 31 64 84 115 130 110 82 61 50 48 41 36 33 33 35 35 42 42 39 35 33 34 37 28 29 37 42 39 36 35 35 39 44 44 40 37 33 29 26 26 29 33 35 32 28 23 20 20 23 27 28 29 42 48 52 45 34 25 23 18 14 9 5 3 2 2 3 2 2 1 1 1 1 0 2 6 13 16 15 12 19 22 17 8 6 11 12 6 4 2 3 2 6 10 12 10 9 10 11 5 1 1 2 2 2 6 11 14 20 13 3 3 4 8 20 17 13 7 6 7 8 8 6 5 12 15 15 23 25 8 1 1 1 1 1 1 2 4 5 4 2 3 1 1 3 2 19 30 9 1 1 1 1 1 1 3 3 3 11 9 11 9 9 15 19 14 9 5 3 2 3 5 10 12 9 10 6 6 10 9 6 3 7 8 25 11 36 98 84 31 23 26 50 66 42 35 43 35 22 15 13 7 5 4 5 15 17 14 15 
7 12 11 2 1 1 2 4 4 5 5 5 4 3 3 2 1 0 0 1 1 0 1 3 4 3 3 1 1 1 1 1 1 1 2 3 6 10 20 38 49 63 89 60 46 42 41 36 34 41 42 39 38 41 44 46 45 42 41 39 36 33 33 37 41 40 37 36 37 41 44 42 44 49 45 40 40 38 35 36 34 32 30 29 28 30 35 28 22 19 19 17 16 17 20 25 29 36 45 54 53 49 45 39 30 20 13 7 4 2 1 1 1 1 1 4 14 19 18 18 21 23 16 9 8 5 4 5 5 3 2 4 2 6 9 14 20 14 11 8 2 1 2 1 1 3 10 13 10 11 13 4 4 8 14 20 12 8 12 11 5 4 7 7 6 5 18 28 31 42 20 3 2 1 1 0 1 4 7 4 2 2 3 1 2 3 3 16 26 9 1 1 1 2 2 1 2 2 3 25 14 12 16 20 20 19 19 13 4 2 3 5 10 18 14 8 6 3 5 9 7 4 2 3 6 18 9 20 52 46 22 20 28 39 48 43 62 64 49 32 15 24 15 16 14 7 21 24 12 4 
9 9 6 3 1 1 3 9 8 7 6 4 3 2 2 1 1 1 1 1 1 1 3 7 8 8 9 5 1 1 2 2 4 9 12 15 24 30 34 42 41 31 30 37 35 39 46 46 42 42 45 43 42 42 41 39 36 38 41 42 42 40 40 41 46 45 41 42 45 44 41 38 42 46 41 39 39 34 29 29 30 31 30 30 32 32 27 24 23 24 25 25 25 26 29 30 30 28 27 27 38 52 73 84 75 57 44 36 32 26 18 10 5 2 2 6 16 18 15 16 21 23 14 8 8 4 2 3 5 2 1 3 1 3 5 9 18 17 13 7 3 8 7 1 1 2 3 4 3 7 13 8 9 15 17 11 9 6 14 15 7 3 3 6 7 7 17 30 33 40 28 7 2 1 1 1 2 4 8 6 5 7 6 9 10 5 4 10 16 6 1 1 1 2 3 1 1 1 2 36 22 24 24 14 8 13 17 9 2 1 4 10 15 21 16 10 8 2 1 3 3 4 5 2 2 2 4 11 28 27 22 27 36 39 51 44 44 36 31 24 10 14 18 45 25 8 17 15 4 1 
8 2 1 1 1 0 3 12 9 5 3 2 1 1 1 1 2 1 1 0 1 2 6 11 10 11 12 7 3 4 8 12 18 29 34 34 39 42 35 34 37 37 38 31 33 28 24 30 41 44 38 38 39 40 42 43 43 41 42 44 45 44 44 43 43 42 40 41 42 40 35 38 43 41 36 34 35 32 30 32 34 34 32 29 29 29 26 25 25 25 25 25 25 32 31 30 29 28 28 29 22 21 19 20 26 37 48 69 75 73 62 44 31 25 18 19 21 18 15 14 12 14 11 7 5 2 2 4 4 2 2 2 1 4 8 9 7 9 6 3 5 17 12 3 6 8 5 2 1 6 7 9 12 18 15 7 10 9 8 6 7 7 5 4 7 10 10 14 25 23 23 13 2 1 1 1 3 4 6 10 15 18 16 24 24 11 7 8 10 4 1 2 1 2 4 1 2 3 7 54 32 19 12 5 2 8 13 11 4 2 3 8 13 17 12 9 12 5 2 2 4 7 10 4 3 3 9 13 24 25 28 32 31 24 36 27 20 16 21 17 11 15 46 89 26 4 9 7 1 1 
8 4 3 3 3 3 3 9 5 2 1 1 1 0 0 1 3 2 1 1 2 5 12 13 9 8 5 3 6 12 23 29 34 42 43 38 38 42 37 36 36 34 34 27 31 32 31 34 40 41 39 40 41 41 41 43 45 45 43 42 43 43 43 41 40 39 37 34 33 33 34 38 39 36 35 37 38 39 34 28 28 28 29 29 29 30 35 34 33 33 32 32 32 30 31 32 34 34 33 31 34 34 32 27 22 16 13 13 21 37 54 64 70 75 68 68 64 50 39 29 18 10 5 4 3 2 2 4 4 3 4 2 3 4 10 12 6 4 3 2 3 12 8 4 14 21 14 5 2 3 4 4 7 13 12 8 10 11 6 2 5 12 10 6 6 7 3 7 16 12 12 9 2 1 0 2 4 7 10 17 23 26 25 23 23 21 12 7 7 4 2 3 2 3 3 2 6 13 18 65 34 8 5 6 4 7 10 17 10 4 2 4 10 15 11 6 9 6 4 5 6 7 12 10 7 5 9 9 14 18 27 32 25 13 22 15 14 11 11 10 11 18 64 73 14 2 5 6 1 3 
5 9 11 8 8 10 9 6 2 1 1 1 1 1 0 1 2 2 1 2 6 6 8 8 6 6 3 6 15 26 35 33 30 32 33 31 36 35 34 36 36 34 37 39 34 35 38 36 37 43 40 43 44 42 39 38 38 39 36 32 33 36 38 38 35 36 37 34 30 31 34 39 40 40 42 40 35 32 32 32 29 27 27 29 29 30 33 32 31 31 32 33 34 36 33 31 31 32 32 31 28 28 29 29 28 27 26 25 24 21 17 16 19 25 41 62 87 99 98 84 64 44 28 21 16 9 5 3 3 5 6 3 4 4 6 7 5 3 6 7 6 11 8 3 10 11 6 2 1 2 4 2 4 9 11 10 8 9 9 3 3 9 12 9 5 3 2 7 11 9 5 3 1 2 1 3 6 16 21 25 26 29 30 16 20 34 17 9 6 4 3 4 2 2 3 5 16 28 24 46 45 10 7 8 10 18 26 29 29 23 27 32 40 46 52 38 27 17 9 6 2 4 15 20 13 4 2 3 3 4 12 24 20 9 18 10 11 6 4 10 13 19 44 14 4 3 6 5 2 2 
7 8 10 8 2 6 6 3 1 1 1 1 2 1 0 1 2 1 1 2 4 4 6 9 6 3 4 11 24 31 33 29 26 27 27 26 26 29 36 37 36 40 40 41 42 41 38 36 36 36 36 39 39 39 39 40 39 39 35 31 32 34 37 38 38 38 38 38 38 38 38 39 38 34 32 31 30 29 28 29 29 29 28 29 29 29 28 29 31 32 33 32 32 33 32 32 31 30 29 28 26 23 21 22 26 30 32 28 28 30 31 30 26 22 20 19 21 30 43 62 87 102 97 81 62 49 37 24 18 13 9 7 10 11 7 5 5 6 14 12 11 14 5 3 7 6 3 1 0 1 2 1 4 11 10 6 3 4 6 5 5 4 9 7 2 6 4 10 13 8 3 1 2 6 7 5 6 16 25 22 16 13 15 16 19 27 32 20 7 9 12 9 3 6 9 15 19 25 18 25 75 24 28 36 54 75 88 100 122 117 151 164 176 177 186 157 127 90 53 35 22 14 16 15 12 5 5 3 2 3 3 21 20 7 26 12 12 6 4 7 6 19 21 8 6 7 11 7 3 3 
16 7 4 4 3 9 7 8 2 1 2 2 2 2 1 1 1 1 1 3 4 4 6 6 3 4 8 18 25 18 14 18 26 29 30 30 23 25 33 35 35 37 36 36 39 39 36 32 31 32 28 31 34 36 36 37 36 39 37 36 36 38 38 37 36 35 34 34 34 36 38 39 37 34 31 28 26 24 23 23 21 21 25 30 33 31 27 28 29 29 29 29 28 28 28 28 29 28 28 28 26 24 22 23 24 24 24 25 25 25 27 28 28 26 31 32 30 29 25 22 23 23 31 50 77 105 114 103 86 68 52 40 35 29 21 19 16 4 2 4 9 12 5 5 10 7 3 1 1 2 2 2 6 12 11 7 4 2 5 4 4 6 7 5 5 9 9 11 13 12 5 3 7 17 22 11 6 13 20 14 13 18 13 15 21 21 29 17 8 14 22 22 14 18 27 31 31 48 47 65 170 105 127 156 186 205 183 223 226 200 220 186 171 166 202 171 152 154 120 98 90 67 27 9 10 5 5 3 2 6 5 8 12 6 24 25 24 13 7 3 4 82 69 23 3 6 7 5 2 3 
10 3 3 6 8 16 16 10 5 4 5 4 2 1 1 1 0 1 3 7 7 4 6 5 3 4 12 27 33 19 10 16 28 30 31 37 37 33 31 29 27 26 28 31 35 38 37 35 34 35 34 33 31 32 34 37 40 38 38 39 40 40 39 36 33 31 30 30 31 34 38 40 39 35 32 30 27 25 22 17 14 14 20 27 31 31 29 30 29 28 26 25 24 27 27 27 28 29 29 29 27 26 26 26 26 24 23 23 22 22 23 25 27 27 24 24 27 32 33 33 35 32 25 19 15 19 37 58 78 92 100 106 104 90 75 59 34 20 11 7 5 4 3 8 15 12 5 2 1 0 3 4 8 12 8 4 2 2 6 6 5 9 7 6 10 7 9 6 10 13 10 9 13 25 32 19 11 15 24 19 16 22 10 12 24 13 12 11 9 12 13 18 24 32 59 79 86 124 132 162 238 210 230 235 200 178 123 107 89 95 135 105 97 103 157 151 143 145 111 78 64 50 32 12 3 7 6 4 5 9 7 6 19 7 14 27 28 6 2 8 15 67 72 36 9 3 5 4 2 3 
10 7 10 12 10 11 12 8 10 9 6 3 0 0 0 1 0 0 2 6 6 4 5 6 3 4 11 27 42 33 21 26 37 36 35 37 34 35 34 35 32 32 39 40 41 43 42 38 33 32 35 31 29 29 30 31 34 36 37 38 39 38 36 34 34 33 33 33 34 36 39 39 38 35 33 31 30 28 23 17 14 15 18 23 27 28 26 27 27 27 26 25 25 27 27 27 27 27 27 28 24 25 25 26 26 25 24 24 23 22 22 23 24 24 28 29 27 27 26 28 31 33 34 34 29 23 19 18 18 23 39 65 91 107 113 112 111 106 79 57 36 20 19 14 15 8 2 2 3 3 9 11 18 18 10 7 6 10 13 17 9 8 6 6 10 4 8 6 9 11 12 12 15 21 24 25 25 25 22 14 15 21 12 13 19 9 5 4 3 7 13 36 70 100 143 172 175 202 193 216 202 227 240 212 143 137 100 65 49 74 127 89 76 79 144 179 190 177 140 89 41 33 56 42 8 3 4 7 7 8 10 12 31 14 19 27 7 15 12 2 16 63 53 29 31 1 4 4 4 3 
14 12 17 15 9 7 10 9 13 9 3 1 1 1 1 1 2 1 1 2 1 2 5 6 3 3 7 16 31 38 35 37 42 43 42 38 32 37 39 42 36 29 33 28 26 30 36 38 37 37 36 33 34 38 37 33 33 36 37 37 37 35 35 35 38 39 39 39 40 40 40 38 35 33 32 31 29 27 23 19 18 19 21 21 25 27 20 22 24 27 28 28 28 26 25 24 23 23 23 23 21 21 21 21 21 21 22 23 22 22 22 23 23 22 18 18 19 20 24 30 36 32 29 29 29 26 26 28 27 19 10 6 7 17 39 62 94 110 118 147 148 123 123 83 65 35 14 10 11 10 17 22 30 26 20 23 27 27 21 31 16 6 4 4 6 4 14 10 11 9 5 5 12 20 22 27 34 31 22 19 21 22 18 13 8 8 16 17 29 60 88 136 174 162 164 160 150 153 140 169 189 232 242 215 149 167 136 96 76 103 155 100 77 76 118 165 197 211 205 146 74 45 48 67 38 13 10 13 11 16 23 22 21 18 28 26 10 45 39 23 34 27 6 16 26 1 3 4 5 3 
15 11 11 10 10 9 14 12 10 9 6 4 2 1 1 3 7 7 5 3 1 2 4 3 3 5 5 6 12 21 27 28 31 38 37 36 40 34 24 24 20 14 18 11 10 13 19 24 26 30 39 31 29 32 34 37 42 37 38 37 36 36 36 38 37 37 37 37 37 36 36 37 37 35 33 31 29 26 23 19 19 21 21 20 24 27 26 27 28 28 28 27 26 25 24 23 22 21 22 22 21 21 21 19 18 19 20 20 20 21 23 24 24 22 22 24 26 24 24 26 27 24 23 28 33 32 28 27 24 20 19 18 16 12 8 7 12 15 20 49 86 116 155 179 173 153 113 86 73 54 47 45 44 27 17 18 20 17 12 19 13 4 4 4 4 6 12 7 6 7 4 2 8 20 23 22 26 22 24 33 24 11 11 14 18 32 54 80 125 176 172 164 162 164 154 152 156 166 157 190 207 229 233 209 153 159 119 85 78 89 118 80 66 69 124 167 183 195 203 165 123 76 38 43 65 51 26 18 19 26 27 21 15 28 27 10 26 39 33 98 125 100 33 5 3 2 1 3 4 2 
14 12 11 9 11 11 14 14 8 14 17 9 4 2 2 3 7 12 11 6 3 3 4 3 5 7 5 4 8 13 15 17 21 24 21 19 23 15 9 16 21 18 22 12 10 10 10 9 10 15 23 17 16 19 22 26 32 34 36 38 38 36 37 38 34 32 31 30 30 30 31 34 35 34 33 32 30 27 25 21 18 20 23 22 24 29 32 31 29 27 24 22 21 21 20 20 20 21 23 24 23 24 24 22 20 20 21 21 21 21 23 24 24 24 19 20 22 21 22 24 24 23 22 22 23 22 20 22 24 24 25 26 28 30 30 26 15 12 8 7 9 13 25 50 75 132 170 184 190 167 129 113 97 59 37 25 15 13 11 7 6 3 3 5 4 6 3 4 3 3 4 4 6 12 16 15 15 16 18 23 22 16 23 44 81 128 165 191 193 185 154 156 164 145 155 159 159 168 151 157 191 204 227 205 154 154 119 117 129 117 124 89 77 79 114 156 134 82 73 79 92 112 93 58 57 54 44 26 16 13 12 18 19 42 36 14 16 45 71 73 97 138 17 6 1 1 1 2 2 1 
6 9 13 12 17 15 18 21 10 19 24 8 3 4 3 2 3 8 9 5 2 3 4 6 9 8 4 4 11 17 14 15 18 17 11 9 11 8 8 27 37 23 21 10 10 11 11 10 13 24 14 14 20 29 29 23 21 29 33 36 36 35 35 36 33 31 28 27 28 30 32 31 29 29 30 30 29 28 29 28 21 23 27 26 27 29 24 24 24 23 21 20 18 15 15 15 17 19 21 23 21 23 24 23 21 21 22 23 22 22 22 23 23 23 24 26 24 20 19 21 22 23 23 21 23 22 19 19 20 21 24 26 25 24 23 25 27 25 22 20 17 13 11 9 8 18 31 51 87 106 148 150 167 159 150 126 87 44 35 9 6 4 2 3 6 6 1 7 4 1 5 11 9 6 8 11 13 19 22 31 65 94 112 134 161 179 191 183 160 160 152 161 159 161 185 181 166 181 169 165 194 212 247 210 145 143 125 128 161 136 127 95 79 77 93 154 119 31 23 51 83 122 129 130 118 55 90 53 7 11 12 26 22 28 44 59 47 35 56 98 130 79 10 10 5 1 2 3 3 1 
4 8 9 9 14 12 13 18 20 22 7 3 3 3 4 4 3 1 2 4 8 10 12 8 9 9 13 10 11 8 8 13 13 9 9 13 17 9 16 27 33 22 17 10 7 5 5 4 4 7 24 36 37 37 31 18 15 27 19 15 19 24 27 32 30 30 29 28 30 33 31 32 33 30 29 31 34 36 35 30 28 25 24 22 18 16 16 21 23 21 19 21 24 22 21 20 21 22 21 21 18 17 17 16 15 15 15 15 22 24 21 20 20 18 17 16 14 16 18 20 19 18 18 17 17 17 18 20 21 22 23 22 21 21 23 25 26 26 27 28 27 25 24 17 15 11 9 9 12 16 31 51 80 103 122 151 184 174 150 121 88 54 26 10 11 5 4 4 1 2 5 10 7 5 8 3 9 40 84 114 142 167 174 172 172 173 165 161 158 155 153 154 155 163 201 229 185 173 180 166 168 180 215 188 127 116 97 100 83 105 123 102 88 78 86 138 149 90 78 109 144 169 154 155 158 129 138 106 44 15 14 24 38 64 117 72 30 27 40 73 44 15 14 14 1 1 3 2 5 4 
4 6 7 6 9 8 9 21 15 12 4 2 2 3 5 5 4 3 3 6 11 13 12 8 8 11 14 13 12 5 4 6 9 10 13 18 22 19 23 24 23 11 6 8 4 1 1 4 7 11 44 44 41 35 21 9 5 14 13 12 13 14 17 21 26 30 34 37 36 34 32 29 29 32 35 35 33 30 28 28 26 25 25 25 23 21 21 22 23 23 22 20 20 19 16 13 10 9 7 6 6 6 5 5 5 5 5 8 15 20 18 17 18 17 14 12 11 13 16 18 18 17 16 16 16 17 18 19 20 21 21 20 19 19 20 21 21 20 21 22 26 30 32 32 32 30 26 19 12 8 9 10 12 16 26 45 65 85 106 138 160 158 140 123 84 27 5 3 2 1 2 2 4 8 8 20 73 149 181 187 187 177 161 148 145 152 167 164 162 160 158 159 158 154 188 217 174 162 168 155 149 156 196 199 145 129 124 123 102 117 131 112 104 103 101 153 189 166 168 187 196 192 178 183 190 180 199 171 107 64 43 32 35 71 90 90 31 48 31 14 4 1 7 9 3 1 1 1 4 10 
6 8 7 6 10 9 9 19 11 10 6 3 2 3 5 6 6 6 5 7 12 11 7 6 6 10 8 8 7 4 6 8 6 6 15 28 26 25 22 16 18 13 8 4 10 11 11 18 31 48 30 24 21 14 8 8 12 26 20 10 6 8 14 19 16 15 19 26 26 26 31 31 28 27 26 25 24 23 26 29 27 26 25 24 23 22 23 21 21 22 21 17 13 8 6 5 4 3 3 2 3 3 2 2 3 3 4 6 13 18 17 15 16 16 16 15 13 14 15 15 14 14 14 14 15 16 17 18 19 19 18 17 18 18 18 18 19 18 18 18 21 24 26 24 24 27 32 35 33 30 22 17 13 10 10 10 10 22 34 51 68 86 110 134 140 137 84 22 5 3 2 1 5 21 65 160 215 199 177 171 164 158 156 160 165 169 166 165 162 161 161 161 160 153 183 210 170 158 163 151 154 156 189 212 169 142 153 161 142 152 160 144 142 153 144 167 180 172 190 204 205 215 228 229 220 224 239 217 202 205 166 108 87 105 60 85 44 61 46 18 8 4 1 9 6 1 2 1 6 13 
8 9 10 10 14 13 11 15 10 8 6 4 4 3 5 8 8 7 7 9 12 8 5 7 6 10 3 3 5 8 11 11 7 4 10 21 18 17 16 12 17 18 17 11 16 19 31 41 34 24 20 20 19 10 6 17 29 30 20 7 3 6 12 14 7 4 4 7 9 10 17 24 26 25 24 24 23 24 26 29 28 26 25 24 23 23 23 20 19 21 20 16 11 5 4 4 4 5 5 5 5 5 5 6 7 9 10 11 16 19 17 15 15 15 16 16 15 14 14 14 13 13 14 14 15 15 16 16 16 17 15 15 17 18 17 16 15 16 17 18 19 18 19 23 21 20 22 26 30 33 32 31 31 31 29 23 18 9 10 11 14 21 37 59 97 122 129 106 42 4 6 26 79 167 231 235 179 157 165 158 154 154 159 161 157 157 163 162 160 160 159 160 158 153 178 206 168 155 158 149 160 164 180 208 185 162 177 188 182 192 198 183 180 195 207 207 182 173 195 211 225 233 243 242 216 225 224 212 210 221 234 204 192 180 107 123 75 56 18 11 13 8 5 2 2 1 7 6 4 1 
6 6 9 11 15 12 7 10 7 3 2 2 5 5 5 9 9 5 6 10 10 5 3 6 6 8 2 3 9 12 8 6 7 4 4 10 11 10 12 12 14 12 13 15 15 15 20 24 20 18 21 25 24 11 8 14 12 12 14 13 11 13 16 12 5 1 0 1 2 2 4 9 14 21 28 32 31 29 28 27 27 27 26 26 26 26 23 21 21 21 21 19 15 12 11 10 10 10 10 10 9 9 9 10 12 15 17 19 19 18 16 16 16 15 13 12 12 13 14 15 15 14 14 14 15 15 14 14 14 15 14 15 16 18 17 15 13 14 16 18 19 19 20 21 22 22 20 17 16 16 21 22 25 29 32 35 38 38 35 27 19 14 12 13 19 25 37 87 102 44 32 121 220 228 179 177 181 165 161 162 157 159 165 167 160 157 164 164 163 162 160 159 157 155 175 200 166 153 155 147 164 171 171 192 191 189 196 191 197 211 220 209 195 204 214 212 193 195 217 225 236 225 234 232 201 212 206 200 192 175 206 214 221 195 200 193 151 89 42 8 1 6 5 1 2 2 6 9 4 1 
4 4 7 9 10 7 3 4 5 3 2 3 7 5 4 6 6 3 5 8 7 3 2 2 2 3 1 3 9 11 5 2 3 2 3 10 13 7 8 8 10 8 9 9 14 15 13 12 17 35 16 14 9 6 9 12 6 5 14 24 21 18 18 16 8 2 1 1 1 1 1 2 3 7 12 17 23 29 31 30 30 29 27 25 24 23 21 20 20 19 19 18 18 18 17 16 16 15 15 14 13 13 13 13 14 16 17 20 17 14 14 15 16 15 13 12 13 14 14 15 15 15 14 14 14 13 13 13 13 13 13 14 15 16 16 16 16 15 15 15 16 18 19 15 17 19 18 17 18 19 20 22 23 22 22 23 25 28 29 30 31 32 31 29 19 23 17 17 28 25 24 59 130 201 205 180 170 173 170 156 150 150 159 172 180 178 171 172 170 168 165 162 160 164 181 207 173 159 161 154 186 179 175 187 194 204 197 192 209 220 229 224 201 202 203 198 180 178 194 201 213 214 228 229 203 204 189 181 187 178 204 217 211 178 224 196 208 190 145 94 30 7 5 2 2 2 2 4 3 4 
3 4 10 8 5 3 2 2 4 5 7 8 11 7 6 5 3 3 5 7 7 4 1 1 1 1 0 3 8 9 6 2 2 1 5 16 14 7 5 4 8 9 8 10 10 8 11 15 14 13 9 5 2 3 9 11 7 4 8 12 12 12 16 22 13 6 3 1 1 1 1 1 1 1 2 4 10 19 24 26 28 28 25 23 22 22 22 20 18 17 17 16 16 16 15 15 16 16 16 15 16 15 15 14 14 14 15 15 13 11 12 13 14 14 14 15 15 15 14 14 13 13 13 13 12 12 12 12 12 13 14 14 14 14 14 14 16 15 13 12 13 14 15 18 17 16 15 16 18 20 18 20 23 24 23 21 19 25 27 28 31 35 37 39 38 35 26 20 11 12 55 56 50 114 177 189 176 152 155 176 163 151 149 155 161 168 175 174 172 170 166 160 159 166 179 204 173 158 159 153 175 147 156 182 184 202 192 197 219 213 219 223 200 200 213 211 181 165 178 188 198 208 224 227 207 194 171 158 162 166 202 224 211 202 209 201 190 173 201 192 148 110 35 4 2 2 5 4 4 3 
3 5 13 8 3 2 1 2 4 6 10 10 13 13 12 6 3 6 9 10 11 8 4 1 3 2 1 2 8 12 8 3 4 2 6 16 10 8 5 4 8 6 3 6 7 6 10 19 19 11 3 2 1 2 4 2 2 2 3 4 8 16 27 35 25 15 6 1 0 0 0 0 1 1 1 1 4 10 13 15 19 22 23 24 25 26 26 21 18 17 17 16 14 15 15 15 16 16 15 13 15 15 15 15 14 15 15 12 10 10 11 11 12 12 12 12 13 13 13 13 13 13 12 11 11 10 11 12 12 13 14 14 13 11 12 11 10 10 11 12 12 12 13 15 14 14 16 18 18 17 18 17 18 18 18 17 16 18 21 25 27 28 29 29 29 31 33 24 8 3 21 19 18 50 48 51 123 200 190 169 164 160 158 162 166 170 174 173 171 167 161 155 152 154 164 187 158 145 145 139 124 90 118 163 169 196 195 199 214 195 197 207 188 190 191 192 173 163 182 185 179 186 199 209 202 183 163 150 152 164 198 212 189 212 161 193 199 198 189 183 194 206 126 57 7 2 16 14 28 19 
2 4 6 4 2 1 1 1 4 9 13 18 18 11 11 9 10 11 10 12 10 6 4 2 1 0 0 1 5 10 12 10 6 2 6 16 6 3 3 2 4 8 2 2 3 3 4 11 14 9 1 1 1 1 3 6 2 1 2 3 9 20 26 23 15 15 12 5 3 1 1 1 0 0 0 1 2 11 17 10 7 13 20 34 28 25 18 21 21 17 15 13 11 11 12 13 14 14 14 14 14 14 14 15 15 14 14 12 11 11 11 11 12 11 11 12 12 12 11 11 11 11 11 10 10 11 11 11 12 13 13 13 13 12 11 10 10 10 10 10 10 10 10 11 11 12 14 16 17 16 16 17 17 15 14 15 17 18 19 21 21 22 24 25 26 27 16 10 3 2 4 3 6 29 18 8 55 134 177 176 161 153 151 149 153 159 160 159 158 159 159 155 150 144 153 160 153 146 145 145 110 77 112 147 137 153 173 193 195 181 170 171 174 176 182 173 158 165 180 184 174 172 178 182 175 161 147 137 141 163 193 203 205 221 211 199 185 191 196 203 209 200 174 142 73 32 15 14 35 24 
2 2 3 3 2 1 1 2 5 9 13 17 14 8 7 7 16 11 7 7 4 3 2 1 1 2 1 1 2 7 12 11 7 2 5 10 4 2 2 4 10 22 15 6 3 2 2 5 7 11 3 2 2 2 3 9 6 2 2 5 11 15 16 15 19 22 20 14 8 3 1 1 1 1 1 2 4 14 20 11 8 21 76 136 126 83 33 19 16 14 13 13 11 13 13 13 13 13 12 12 13 13 13 14 15 14 14 12 11 10 10 11 11 10 10 10 10 10 10 10 10 11 11 10 10 10 10 10 9 9 10 10 10 10 9 9 9 9 9 9 8 8 9 9 9 9 10 12 14 14 14 15 15 13 13 14 17 19 19 19 19 18 19 19 14 10 4 2 2 1 1 3 11 28 18 5 26 79 151 166 153 150 150 148 152 155 152 152 154 158 160 158 154 145 148 149 145 139 136 134 130 106 131 139 121 130 133 158 164 159 151 154 159 158 152 142 137 149 168 174 166 160 161 160 155 147 140 139 139 152 175 185 192 203 194 176 157 156 187 219 215 196 198 199 144 85 34 11 16 12 
1 1 2 1 1 1 2 6 7 10 12 13 10 7 5 5 17 9 6 7 2 2 1 1 1 3 1 0 0 3 6 5 5 7 7 8 8 10 12 13 18 16 12 18 11 6 5 6 7 44 64 38 22 10 5 7 4 1 1 3 10 15 15 18 19 19 19 20 14 4 1 1 1 1 0 1 4 12 22 39 92 142 206 220 224 162 39 12 8 9 9 12 11 13 13 13 12 11 10 10 11 10 11 12 13 13 13 12 11 10 10 10 10 9 8 8 8 8 9 9 9 10 10 9 8 8 7 7 6 6 6 7 7 7 8 7 6 6 6 6 6 5 6 7 7 6 7 9 10 11 11 12 12 11 11 14 16 19 17 14 13 12 10 9 5 3 1 1 2 1 1 8 15 17 15 16 20 48 129 156 147 148 150 147 148 152 150 147 146 145 143 138 134 134 130 126 123 119 114 110 118 117 133 120 107 117 106 122 132 136 136 140 144 140 128 122 123 140 157 162 153 145 143 139 133 130 134 142 156 172 175 171 180 203 207 192 170 164 174 183 176 175 188 195 190 168 97 29 11 5 
0 1 1 1 3 9 13 10 9 9 11 9 7 8 6 5 11 6 8 10 4 2 1 1 1 1 0 1 2 3 3 2 4 10 9 9 16 17 16 16 20 12 10 17 14 7 5 5 9 99 192 144 130 122 96 64 35 22 11 8 11 13 11 9 12 14 12 11 8 2 1 1 2 2 2 6 12 22 46 83 133 154 164 136 110 72 25 7 5 5 6 8 8 9 10 10 10 10 9 9 9 8 9 10 11 12 13 13 11 11 11 10 10 9 9 9 8 8 8 8 9 8 8 7 6 6 5 5 4 4 5 5 6 6 6 6 7 7 7 7 7 7 6 6 5 5 6 7 7 8 7 8 9 9 10 11 13 14 11 8 6 5 4 3 2 2 3 1 2 1 3 11 13 9 11 19 16 39 117 141 136 138 139 133 131 133 135 131 127 124 120 114 111 119 113 107 105 103 99 94 93 105 119 106 100 111 101 108 118 124 127 133 137 133 126 125 130 145 155 152 141 133 129 124 119 117 125 136 140 145 156 159 155 135 100 82 104 154 183 182 184 177 159 160 170 185 153 79 31 5 
1 1 0 1 6 14 13 8 7 9 9 7 5 7 6 9 7 5 7 8 5 2 2 1 1 1 0 3 9 11 7 4 3 7 9 10 18 19 18 18 20 10 7 10 9 4 3 6 11 122 223 159 139 153 166 170 164 169 146 111 87 74 55 33 18 17 11 5 4 5 7 9 7 3 4 7 7 10 20 32 38 38 37 34 23 15 11 12 9 5 6 5 5 6 6 7 7 7 7 7 8 7 8 9 10 12 12 13 11 10 11 10 8 8 8 8 7 7 6 7 7 7 6 6 6 6 5 5 4 4 4 4 4 5 5 5 6 6 6 7 7 7 7 5 5 5 5 6 6 5 4 5 6 6 7 7 7 6 4 3 2 2 1 1 1 2 4 2 2 2 6 10 9 8 11 8 7 35 104 118 115 118 120 115 111 111 112 110 110 112 112 109 107 115 108 103 103 104 101 96 94 102 115 110 101 103 103 110 118 121 122 127 133 131 131 133 140 148 150 142 130 124 122 119 114 113 116 123 128 134 146 156 151 116 70 49 70 127 165 180 200 194 166 168 151 150 150 118 67 13 
3 5 3 1 3 8 7 5 5 7 8 5 3 4 5 15 10 10 8 4 4 1 1 1 0 1 1 4 9 10 9 7 4 5 11 14 14 18 21 19 17 7 3 4 4 3 4 13 18 128 174 149 151 173 182 179 184 195 218 214 186 172 158 129 102 113 95 52 36 29 23 19 12 6 7 10 5 3 5 8 5 4 2 5 4 4 7 19 13 6 6 3 4 4 5 5 5 5 5 5 6 6 7 8 10 11 12 12 9 8 9 8 6 6 6 5 5 4 4 4 4 4 4 4 5 5 5 5 4 4 3 3 3 3 3 3 3 3 4 4 4 4 4 4 4 4 5 5 4 3 3 3 3 3 3 3 2 2 1 1 1 1 1 1 0 1 2 2 2 3 6 7 5 6 7 2 4 30 88 102 101 107 112 108 105 106 106 105 106 109 110 107 105 110 106 105 107 107 106 102 99 102 111 113 102 97 104 113 119 119 117 121 126 125 125 129 135 138 136 127 118 116 118 118 114 111 110 113 117 119 115 117 126 128 119 113 114 116 136 166 189 195 190 182 159 142 142 138 104 31 
3 9 10 6 6 10 12 4 3 4 4 4 2 2 3 14 13 15 10 3 3 1 1 0 0 2 4 6 8 6 6 6 4 6 14 14 9 11 12 9 8 9 4 1 2 3 6 14 20 128 160 148 142 152 156 154 167 157 189 212 205 199 196 184 173 205 213 190 179 161 138 102 69 49 38 28 9 2 1 2 1 2 4 6 4 3 14 25 11 6 7 4 5 5 4 4 4 4 3 3 4 4 5 7 8 9 9 9 7 6 7 5 4 4 4 4 3 3 3 3 3 3 3 3 3 4 4 3 3 3 3 2 2 2 2 2 3 3 3 3 3 3 3 3 3 3 3 3 2 2 2 2 2 1 1 1 1 1 1 1 1 1 1 1 1 1 1 2 2 2 4 5 3 3 3 2 5 25 78 98 97 104 109 108 107 108 108 106 104 105 103 98 96 101 103 104 104 103 103 103 96 100 103 107 102 95 103 111 116 116 113 115 118 116 115 120 124 124 119 113 109 110 112 113 112 109 108 109 114 116 111 115 125 132 129 127 123 111 135 178 189 180 177 165 156 148 144 143 128 65 
7 9 12 14 13 10 8 4 2 1 1 3 3 2 3 8 10 14 13 5 3 2 2 2 1 4 8 11 13 9 6 4 3 8 12 8 6 9 9 4 2 6 3 1 5 12 12 13 18 134 165 149 135 149 165 162 166 170 175 184 189 189 183 178 194 218 222 220 228 219 211 198 191 181 163 142 99 63 42 21 10 4 4 3 2 4 37 43 8 6 6 4 5 5 5 4 4 3 3 2 3 3 3 5 6 6 6 8 6 5 6 4 3 3 4 3 3 2 2 3 3 3 2 2 2 3 3 3 3 3 2 2 2 2 2 2 2 2 2 2 2 2 2 2 1 1 1 1 1 1 1 1 1 1 1 1 1 1 1 1 1 1 1 1 1 2 2 3 1 1 2 2 2 2 2 4 6 23 76 95 94 98 102 101 99 100 99 97 97 98 98 95 93 95 101 104 103 100 100 101 98 105 101 101 102 96 98 105 112 113 111 113 114 110 111 116 118 115 109 105 104 105 106 108 109 107 108 111 113 110 103 102 107 113 116 116 114 116 130 150 157 154 148 146 136 131 125 129 134 106 
14 14 16 17 13 8 3 3 1 1 1 1 2 2 1 2 6 11 11 8 6 4 4 6 9 13 18 18 14 10 5 3 2 4 6 4 6 8 7 3 1 2 2 1 3 8 13 14 18 122 159 151 145 153 164 164 162 159 166 182 183 169 162 171 202 220 225 227 228 222 221 222 229 229 214 205 198 188 173 157 135 102 71 24 4 18 67 43 7 7 7 4 5 5 5 5 5 4 3 3 3 2 2 3 3 3 4 5 5 5 5 4 3 3 4 3 3 2 2 2 2 2 2 2 1 2 2 2 2 2 1 1 1 1 1 1 1 1 1 1 1 1 1 1 1 1 1 1 1 1 1 1 1 1 1 1 1 1 1 2 2 2 2 1 1 1 2 2 1 1 1 2 2 3 3 5 5 25 76 94 92 96 99 98 99 101 100 99 99 101 101 101 101 102 103 104 102 100 100 101 100 101 103 106 104 100 100 104 109 110 111 114 114 107 103 106 104 96 93 97 99 98 99 102 101 105 111 110 105 102 102 96 92 97 105 110 111 111 110 112 118 125 130 134 125 122 117 115 114 115 
14 21 28 21 10 6 4 2 1 2 2 1 1 1 1 1 4 7 8 10 11 9 7 8 12 17 18 12 7 5 4 5 6 5 2 3 8 12 9 3 1 1 1 2 3 8 18 16 19 114 150 145 143 147 153 156 155 159 170 186 184 166 162 180 213 225 228 227 224 221 222 223 229 230 220 216 226 231 225 220 209 204 192 121 58 66 91 20 8 7 6 7 5 5 6 5 5 4 3 3 3 3 3 3 3 3 3 2 3 4 3 3 4 4 3 3 2 2 1 1 1 1 1 1 1 1 1 1 1 1 1 1 1 1 1 1 1 1 1 1 1 1 1 1 0 0 1 1 1 1 1 1 1 1 1 1 2 2 2 3 3 3 2 1 1 1 2 2 1 1 2 2 2 3 3 5 5 25 78 100 95 98 103 103 104 107 105 105 105 104 105 104 105 105 104 102 101 100 101 102 99 97 102 107 104 100 101 108 114 114 111 111 111 107 99 101 99 91 91 94 92 91 95 99 103 108 110 107 105 109 113 106 98 101 109 112 108 104 101 101 105 112 119 131 126 130 133 128 121 123 
14 22 28 21 12 8 6 1 2 3 3 5 2 5 3 2 6 11 10 11 13 14 14 16 17 11 7 5 4 3 3 5 7 5 1 1 5 9 6 2 2 2 1 2 4 8 18 13 19 112 150 146 143 146 151 153 153 157 165 174 170 160 167 191 222 231 229 223 220 221 227 227 231 234 227 222 225 226 229 223 209 212 218 208 190 152 56 8 8 7 6 7 6 5 6 6 5 4 3 3 4 4 3 2 2 3 2 1 2 2 2 2 2 2 2 2 1 1 1 1 1 1 1 0 0 0 1 1 1 1 1 1 1 1 1 1 0 1 1 1 0 1 1 1 1 1 1 1 1 1 1 1 1 2 2 2 2 2 3 3 3 3 2 1 1 1 3 2 2 1 2 3 3 3 4 6 4 24 79 102 93 95 101 103 103 105 104 104 104 102 101 101 101 103 101 100 99 99 100 101 101 99 103 108 106 101 102 105 113 115 109 107 111 113 107 107 107 106 111 116 112 101 97 105 118 120 109 105 109 118 123 117 108 111 116 119 117 112 110 112 115 118 118 124 123 133 146 140 134 124 
18 17 15 15 15 10 4 2 3 4 3 4 3 8 6 3 5 8 6 8 12 15 13 15 17 10 5 4 4 3 2 3 4 3 1 1 5 10 7 2 1 2 1 4 8 8 18 14 23 97 149 147 146 148 151 151 150 146 152 159 158 159 174 201 229 236 233 226 223 226 232 232 234 238 234 228 224 219 224 223 214 207 200 221 208 129 18 9 6 8 6 4 7 6 6 6 5 4 4 4 4 4 3 2 2 3 2 1 1 1 1 1 1 1 1 1 1 1 1 0 0 0 1 1 1 1 1 1 1 1 1 1 1 1 1 1 0 0 1 1 1 1 0 1 1 1 1 1 1 1 1 1 2 2 2 2 3 3 3 3 3 3 2 1 1 2 4 3 2 2 2 3 3 4 5 6 4 26 82 99 87 87 95 98 97 99 100 99 99 97 97 97 97 99 99 98 98 98 100 100 105 103 108 112 110 106 107 102 109 112 107 107 110 111 113 111 106 106 114 119 116 111 108 119 140 137 113 105 109 117 125 122 114 115 119 121 120 112 108 111 115 114 112 117 117 128 145 143 132 114 
21 16 8 7 9 6 2 3 3 3 3 2 4 10 12 5 3 5 7 10 13 15 11 9 13 11 7 5 4 2 1 1 2 1 1 2 12 36 39 19 9 9 12 36 51 51 72 71 76 114 142 144 149 153 155 155 156 158 167 174 177 184 201 222 234 238 240 236 234 234 236 235 236 240 240 231 221 212 216 220 218 219 226 232 153 54 11 7 7 8 5 5 7 6 6 6 5 4 4 4 4 2 3 2 1 4 3 1 1 1 1 1 1 1 1 1 1 1 1 0 0 0 0 0 1 1 1 1 1 1 1 1 1 1 1 1 1 1 1 1 1 1 0 1 1 1 1 1 1 1 2 2 2 2 2 3 3 3 3 3 3 3 3 2 1 2 4 3 2 2 2 3 3 4 5 5 4 28 85 99 86 86 94 97 96 96 96 97 97 97 98 99 98 98 97 97 97 98 100 101 107 106 111 116 113 109 110 109 112 110 106 106 102 92 85 82 81 91 107 117 118 117 116 127 153 150 121 110 112 118 130 130 125 124 126 125 119 107 100 103 108 108 108 121 119 125 140 146 132 114 
20 18 7 5 6 4 2 2 1 3 4 1 6 12 12 6 6 13 14 15 20 21 14 9 9 6 6 8 8 6 7 11 18 26 35 42 60 107 130 115 106 106 101 97 114 118 141 146 143 138 156 162 169 175 181 187 192 198 209 215 216 222 233 242 234 236 243 245 243 240 240 239 239 241 242 231 214 205 208 211 206 204 223 216 100 20 10 8 10 6 5 8 6 5 5 5 4 4 4 4 3 2 3 3 2 5 4 1 2 2 1 1 1 0 1 1 1 1 1 0 0 0 0 0 0 0 1 1 1 1 1 1 1 1 1 1 1 1 1 1 1 1 1 1 1 1 1 2 1 1 2 2 2 2 2 2 3 2 3 3 3 3 3 3 1 2 4 3 1 2 2 3 3 4 5 5 4 25 80 100 89 88 93 96 94 94 92 93 94 96 98 100 99 96 96 96 97 99 101 103 106 105 110 114 112 108 108 112 112 108 107 108 99 82 50 41 51 72 94 108 113 115 116 125 148 151 128 117 118 126 143 146 141 140 139 135 124 111 102 102 108 111 113 124 122 124 135 149 135 120 
18 18 8 7 12 9 6 3 2 2 3 2 9 20 22 14 14 20 18 23 45 70 59 38 33 43 64 77 87 96 91 97 110 122 136 145 151 167 176 176 178 173 158 144 146 168 182 190 192 174 201 203 205 207 214 227 235 232 241 243 241 243 247 244 229 232 243 248 246 244 242 242 241 241 242 230 208 200 202 207 205 194 190 142 47 9 6 11 10 5 6 8 5 5 5 5 4 4 4 4 4 2 3 3 6 15 9 2 1 1 1 1 1 1 1 1 1 1 1 1 1 1 0 0 0 1 1 1 1 1 1 1 1 1 1 1 1 1 1 1 1 1 1 2 2 2 3 3 2 1 2 2 2 2 2 2 2 2 2 2 3 3 3 2 1 2 3 2 1 2 3 3 4 4 4 6 4 17 66 96 88 89 91 90 90 90 88 89 90 92 94 95 95 96 96 96 98 100 103 104 105 104 109 113 110 106 107 106 106 106 109 114 108 93 67 60 71 90 103 108 111 115 116 120 134 143 132 120 118 133 151 157 150 145 141 133 119 110 102 100 104 108 112 123 121 120 127 139 130 116 
13 18 10 11 16 13 10 7 7 5 5 13 36 86 112 74 52 63 71 87 121 141 131 123 124 129 152 162 164 170 164 176 194 196 190 189 189 189 189 190 192 199 197 143 139 201 215 218 222 218 236 234 222 213 217 235 248 243 249 248 242 244 247 239 224 227 238 245 244 244 244 244 241 240 241 227 203 197 202 203 191 188 189 108 32 14 11 9 8 6 5 6 6 6 6 5 5 4 4 4 3 3 3 3 20 52 34 9 6 3 1 1 1 1 1 1 1 0 0 0 0 1 1 0 0 0 1 1 1 1 1 1 1 1 1 1 1 1 1 1 1 1 1 2 2 2 3 4 3 1 2 2 2 2 2 2 2 2 2 2 3 3 3 2 1 1 2 1 1 2 3 3 4 4 4 7 5 9 53 94 89 90 90 87 87 90 90 90 91 91 92 93 93 96 96 97 99 101 104 105 106 106 110 115 112 107 108 106 108 110 111 116 115 107 98 93 95 103 106 106 113 121 123 121 124 134 132 117 112 128 147 152 144 136 129 122 117 114 109 106 106 109 114 123 121 118 120 124 120 103 
12 20 22 19 24 31 45 52 58 55 67 99 127 177 202 163 153 160 154 170 188 184 185 186 190 172 171 191 194 186 182 169 197 184 188 185 196 203 213 212 210 226 198 114 123 212 222 210 185 198 211 241 228 219 209 229 242 239 244 244 242 243 244 240 224 224 233 241 242 243 243 243 240 238 239 227 207 200 202 192 171 176 192 153 108 87 58 30 15 11 8 7 6 6 5 5 5 4 4 4 3 4 2 7 51 96 93 65 54 41 24 11 2 0 1 1 1 0 0 0 1 1 1 0 0 0 1 1 1 1 1 1 1 1 1 1 1 1 1 1 1 1 1 1 1 2 4 3 2 1 2 2 2 2 2 2 2 2 2 2 2 3 2 2 1 1 1 1 1 2 3 3 4 4 4 6 5 6 39 100 93 83 95 90 87 90 92 91 91 93 94 95 95 98 98 98 97 100 103 107 108 108 111 114 113 110 110 109 111 113 112 113 113 110 100 95 95 98 101 105 109 117 122 121 118 124 129 121 113 122 138 139 134 132 122 114 118 118 115 108 107 109 107 125 120 110 107 109 107 91 
53 58 69 71 89 109 131 138 153 150 166 198 205 221 221 203 219 220 194 201 201 196 203 193 191 170 153 186 193 173 167 140 183 166 189 207 213 226 232 234 228 234 153 90 121 205 198 187 136 137 158 205 204 224 204 230 243 238 239 241 243 243 242 242 225 222 229 238 240 240 239 239 236 235 236 227 209 199 197 187 172 174 184 182 171 164 145 104 75 56 37 20 12 8 6 5 6 5 4 3 4 4 3 21 85 117 120 111 106 104 88 52 11 1 1 1 0 1 0 0 1 1 1 1 1 1 1 1 1 1 1 0 1 1 1 2 2 2 2 1 0 1 1 1 1 2 3 2 1 1 2 2 2 2 2 2 2 2 2 2 2 2 2 2 1 1 1 1 1 2 3 3 4 4 4 4 5 6 32 111 102 75 91 88 87 89 91 89 89 92 95 97 97 98 99 98 97 97 100 104 106 107 110 114 115 113 110 111 111 111 111 109 108 107 96 93 95 98 102 105 103 106 113 114 109 113 125 130 122 121 133 131 130 135 125 112 110 111 110 96 94 103 99 104 99 92 91 98 94 82 
159 149 155 157 182 189 190 190 208 202 202 208 198 205 210 203 221 225 203 202 197 194 195 189 181 182 153 182 173 141 132 133 179 172 186 232 230 226 224 239 231 217 115 71 111 170 160 170 111 94 121 130 149 208 188 208 233 236 236 238 240 239 238 237 224 222 227 233 236 234 231 232 231 231 234 224 201 187 186 184 176 174 174 170 171 176 169 150 138 127 105 81 68 46 28 13 7 6 6 5 4 3 11 51 111 120 101 115 110 118 121 80 18 1 1 1 0 0 0 0 0 1 1 1 1 1 1 1 1 0 0 0 1 1 1 2 2 2 1 1 1 1 2 1 1 2 2 2 1 1 1 1 1 1 1 2 2 2 2 1 1 1 1 1 1 1 1 1 1 2 3 3 4 4 4 4 5 6 31 118 115 78 82 83 86 88 90 87 86 89 94 97 98 97 99 99 99 98 97 97 100 104 110 114 115 113 110 112 112 109 107 105 104 103 97 95 96 99 101 101 97 100 107 107 102 105 120 132 126 121 131 128 128 134 127 116 112 111 110 93 83 90 90 82 78 75 76 83 81 72 
209 198 202 196 210 204 199 207 218 205 193 188 184 195 203 201 214 220 205 201 195 195 189 191 181 206 156 173 153 119 117 144 168 178 189 243 227 171 165 207 196 149 79 78 92 117 126 142 91 102 153 104 122 192 181 200 228 232 233 234 235 234 231 230 221 221 225 229 229 226 221 223 224 227 231 219 191 172 170 171 167 167 163 158 165 168 146 138 140 144 138 133 132 111 95 73 53 35 18 8 4 5 24 83 122 126 108 113 101 101 111 82 19 1 1 1 0 0 0 0 1 1 1 1 1 0 0 0 0 0 0 1 1 1 1 1 1 1 1 1 1 1 2 1 1 1 2 1 1 1 1 1 1 1 1 1 1 1 1 1 1 1 1 1 1 1 1 1 1 2 3 3 3 3 3 4 5 6 27 119 131 88 84 86 92 89 90 86 84 87 92 97 99 98 99 100 100 100 98 97 98 102 109 113 113 112 110 113 111 107 104 102 103 104 99 96 96 102 105 102 98 98 104 108 107 105 113 122 121 121 129 127 126 130 124 116 111 108 113 104 91 82 73 79 71 64 63 65 65 59 
178 179 195 192 203 205 216 219 210 193 180 178 189 204 202 198 199 198 196 195 195 207 201 203 189 215 139 132 114 100 116 165 151 179 210 230 189 109 98 143 141 72 65 129 100 80 104 108 90 151 188 124 138 191 187 214 230 227 227 229 229 228 226 224 219 220 223 225 223 217 212 215 218 222 225 212 180 160 157 157 155 159 162 160 163 166 150 136 133 131 120 119 128 129 132 123 109 100 87 73 31 33 58 105 113 125 117 106 111 115 120 93 23 1 1 1 1 1 1 1 1 1 1 1 1 0 0 0 0 0 0 1 1 1 1 1 1 1 1 1 1 1 1 1 1 1 1 1 1 1 1 1 1 1 1 1 1 1 1 1 1 1 1 1 1 1 1 1 2 3 3 3 3 3 3 3 4 6 22 116 141 98 86 89 97 93 90 86 83 85 91 97 100 98 96 96 98 101 101 101 98 103 107 109 109 109 111 112 110 106 104 104 106 108 102 96 97 105 108 103 101 100 103 108 111 106 104 108 112 120 127 127 125 123 115 107 101 97 104 103 97 85 68 67 63 61 61 58 53 48 
186 180 196 200 214 213 222 210 190 184 179 179 194 203 202 203 192 185 193 193 197 214 205 199 184 195 110 86 77 90 129 175 136 158 215 209 179 109 75 91 110 59 98 163 122 73 99 79 90 157 131 126 168 193 187 213 219 219 221 223 223 223 222 220 217 218 220 221 218 211 206 210 212 215 217 201 172 153 149 146 142 151 163 164 160 156 143 133 139 142 124 112 116 120 120 114 115 130 142 139 100 93 106 124 115 127 116 102 122 118 113 90 23 1 1 1 1 1 1 1 1 1 1 1 1 1 1 0 0 0 1 1 1 1 0 0 1 1 1 1 1 1 1 1 1 1 1 1 1 1 1 1 1 1 1 1 1 1 1 1 1 1 1 1 1 1 1 1 2 3 3 3 3 3 3 3 4 5 19 115 148 103 84 84 95 94 91 86 84 86 92 97 98 97 92 90 94 99 103 103 97 102 106 106 105 108 111 111 109 107 107 108 111 113 106 97 97 104 106 100 100 102 102 101 103 101 98 102 110 119 124 125 120 114 105 102 107 102 97 88 91 96 83 72 66 63 60 54 46 42 
201 182 194 205 221 207 199 193 181 194 197 190 203 203 205 214 198 189 202 194 192 197 181 165 160 163 98 73 66 100 149 166 132 115 184 195 211 163 96 88 112 87 152 142 133 108 127 78 83 119 80 117 153 149 158 203 226 214 214 217 218 220 220 219 215 215 218 218 214 208 203 209 210 209 207 191 165 150 145 137 130 138 152 155 149 146 136 120 128 140 129 116 119 127 127 124 120 120 125 130 155 132 126 121 120 129 115 94 112 100 96 81 21 1 2 1 1 1 1 1 1 1 1 1 1 1 1 1 1 1 1 1 1 0 0 0 1 1 1 1 1 0 0 1 1 1 1 1 1 1 1 1 1 1 1 1 1 1 1 1 1 1 1 2 2 2 1 1 2 3 3 4 4 3 3 4 5 5 19 118 160 116 92 84 93 93 92 89 87 89 93 95 95 96 91 89 93 100 103 102 89 97 105 107 106 107 112 111 110 109 110 111 113 114 109 99 95 102 102 96 98 104 100 94 94 98 98 102 110 117 118 117 112 105 99 98 105 106 96 86 104 122 102 87 73 61 52 43 37 36 
186 174 194 206 216 197 189 184 177 200 196 174 183 182 190 210 197 190 203 182 168 169 156 132 139 142 104 85 70 117 164 145 143 82 150 196 217 197 133 139 125 97 151 101 121 138 138 75 63 104 78 114 111 98 134 192 222 209 207 211 215 217 219 219 214 214 216 216 213 207 203 209 210 204 200 183 162 150 145 136 127 132 141 143 142 146 142 112 111 125 122 113 116 123 125 129 127 119 122 138 149 129 127 111 113 108 100 103 115 101 107 91 21 1 2 1 1 1 1 1 1 1 1 1 1 1 1 1 1 1 1 1 0 0 1 1 0 1 1 1 1 1 1 1 1 1 1 1 1 1 1 1 1 1 1 1 1 2 2 2 2 2 2 2 3 3 1 1 1 3 3 4 4 4 4 5 5 5 19 122 178 148 122 97 95 94 94 91 89 91 93 94 94 100 95 94 100 105 104 100 80 92 105 111 110 110 112 111 111 111 111 112 111 111 109 98 94 102 103 98 104 109 102 95 100 107 104 101 108 115 111 107 102 99 97 96 93 98 93 96 123 116 72 59 51 46 42 35 28 28 
187 186 194 203 199 190 186 179 175 190 180 162 168 167 171 189 190 180 182 164 153 163 149 108 127 141 108 99 77 111 155 128 134 69 116 171 171 171 144 178 129 106 127 79 96 128 127 64 46 92 84 110 118 107 150 202 211 206 205 210 215 215 214 217 214 210 210 213 212 207 199 206 210 205 203 185 161 149 146 140 138 137 143 144 138 144 126 96 99 124 131 126 128 124 121 127 125 115 119 132 126 119 126 113 122 115 109 125 131 109 113 95 25 2 2 1 1 1 1 1 1 1 1 1 1 1 1 1 1 1 1 1 0 1 1 1 1 0 0 1 1 1 1 1 1 1 1 1 1 0 1 1 1 1 1 1 1 2 2 2 2 2 3 3 5 4 2 1 2 3 4 4 5 5 4 5 5 5 16 120 194 180 161 123 97 93 93 90 84 81 83 84 83 91 96 100 103 108 107 100 71 84 104 113 113 113 111 111 111 112 112 111 110 109 107 99 94 101 103 102 107 110 104 100 105 111 107 100 102 106 102 99 97 96 96 96 95 96 97 98 106 59 18 18 25 33 36 31 22 19 
189 194 172 181 177 185 173 157 161 159 156 161 167 162 166 172 181 166 154 154 160 169 146 85 106 140 106 111 83 86 124 115 97 65 75 119 123 125 116 150 122 139 149 84 100 117 122 69 53 68 67 79 112 87 132 207 213 207 203 208 216 212 207 212 215 208 203 208 212 207 194 199 208 210 211 197 170 147 141 142 148 143 148 153 133 143 122 92 96 123 132 127 126 123 116 126 127 124 130 128 133 131 133 126 141 134 114 125 137 118 115 96 32 2 1 1 1 1 1 1 1 1 1 1 1 1 1 1 1 1 1 1 1 0 0 0 0 0 0 0 1 0 0 1 1 1 1 1 1 1 1 1 1 1 1 1 2 2 1 1 3 3 3 4 5 5 3 2 2 3 4 4 5 5 3 3 4 4 11 111 198 191 190 150 95 89 92 89 71 57 59 61 56 63 87 100 98 101 104 101 67 77 100 113 114 116 109 108 109 111 112 112 111 110 107 103 98 96 99 101 102 101 100 100 100 103 103 102 99 95 95 96 97 97 94 94 94 90 95 87 80 27 14 25 33 34 32 26 17 14 
175 185 167 171 170 173 154 158 167 162 153 151 154 152 164 170 155 158 153 149 157 149 131 78 76 110 119 125 86 76 92 95 90 64 72 107 104 102 96 119 122 122 134 87 101 95 78 61 64 71 61 87 83 53 124 208 212 209 203 204 210 209 206 211 214 208 204 210 214 211 200 196 206 208 200 203 190 158 148 149 149 143 146 153 137 142 124 99 104 126 132 130 133 129 116 117 114 113 125 129 131 139 154 152 166 154 132 124 128 110 105 87 30 1 2 1 1 1 1 1 1 1 1 1 1 1 1 1 1 1 1 1 0 0 0 1 1 1 1 0 0 0 1 1 1 1 1 1 1 1 1 1 1 1 2 1 1 2 4 4 3 2 3 4 5 4 3 2 2 3 4 4 5 4 3 2 2 2 9 104 191 191 199 165 100 87 96 91 65 46 46 46 38 47 78 100 97 93 98 101 72 80 102 114 115 118 111 104 106 111 114 113 111 108 105 102 98 97 97 97 95 93 94 99 100 100 100 104 101 97 99 100 98 97 96 98 95 84 80 76 86 49 38 45 43 32 26 20 12 8 
153 162 157 166 171 175 162 142 146 147 138 134 135 137 146 153 125 152 154 146 158 139 113 66 67 109 136 134 92 67 58 71 86 68 67 82 83 98 92 105 138 116 105 98 72 68 59 55 65 92 97 120 70 42 134 207 206 210 205 205 209 209 207 209 204 197 195 204 213 211 201 200 212 201 184 201 197 171 160 154 159 158 153 158 141 142 125 107 111 126 128 129 134 123 113 119 118 116 125 127 118 124 137 129 134 123 109 97 97 87 87 77 30 2 2 1 1 1 1 1 1 2 2 2 2 2 1 1 1 1 1 1 1 1 1 1 1 1 1 1 0 1 1 1 1 1 1 1 1 1 1 0 1 1 2 2 1 3 8 9 4 2 3 4 4 4 3 2 3 4 4 4 5 5 3 1 1 2 8 95 182 195 207 177 108 86 96 92 63 43 45 46 36 40 76 105 102 94 99 109 82 88 107 116 115 119 113 106 108 112 113 111 106 102 100 97 95 95 96 96 93 91 94 100 102 99 98 101 102 102 106 105 97 90 90 92 91 84 84 78 85 57 46 36 36 25 15 9 6 6 
164 151 152 161 150 133 127 116 127 141 146 147 152 160 162 156 106 134 133 134 169 143 102 69 81 117 135 127 90 60 40 59 85 74 66 76 88 112 97 104 141 128 104 129 68 55 46 59 74 100 120 132 75 77 173 207 202 201 201 203 207 207 202 197 184 177 178 192 206 208 200 199 208 196 188 192 153 123 119 116 145 166 157 158 146 145 129 116 118 124 121 123 129 118 120 141 148 142 141 133 124 123 127 113 115 111 109 88 83 78 81 75 32 3 2 2 1 1 1 1 1 2 2 3 3 2 1 1 1 1 1 1 1 1 2 2 2 2 2 1 0 1 1 1 1 1 1 1 1 1 1 0 1 1 2 3 3 3 6 7 3 2 3 3 4 4 3 2 3 4 4 4 5 5 4 2 1 2 9 89 176 198 208 178 113 86 89 89 63 46 53 58 46 44 77 104 103 96 102 112 96 99 115 118 115 117 112 110 110 110 107 104 100 97 96 95 94 96 99 98 96 97 100 101 103 104 102 101 101 107 111 107 94 82 80 78 73 73 76 69 67 49 41 30 30 22 13 7 4 5 
165 141 160 179 156 119 117 159 181 206 221 224 228 237 237 219 156 172 137 108 132 109 88 90 94 95 116 121 90 65 52 65 82 70 69 93 109 112 96 110 115 133 125 150 87 60 40 88 125 115 113 131 114 150 216 200 208 195 196 203 208 209 199 184 170 165 169 184 202 208 202 195 201 198 206 189 99 58 60 67 121 169 159 158 153 150 136 127 126 125 119 120 128 127 137 169 181 172 161 146 127 124 129 117 121 120 124 99 90 86 87 78 35 3 2 2 1 1 1 1 2 2 2 3 4 3 1 1 1 1 1 1 1 2 3 3 4 4 2 1 0 0 1 1 1 1 1 1 1 1 1 1 1 1 1 2 4 2 2 2 2 3 3 3 4 4 3 3 3 4 4 4 4 5 4 2 1 2 12 94 174 199 203 170 114 88 85 87 67 54 63 69 59 58 79 97 99 96 100 108 110 109 120 118 112 115 110 110 107 104 102 100 100 101 101 100 99 101 102 101 98 102 102 99 103 112 111 103 101 108 111 105 92 80 75 72 68 64 61 52 47 40 38 28 22 13 10 7 4 4 
184 166 201 225 209 167 164 197 207 222 232 225 216 217 218 213 203 235 166 83 67 53 64 103 95 68 103 127 107 100 92 81 77 65 74 112 118 96 95 128 96 128 132 136 83 72 74 146 199 183 159 177 183 210 219 190 218 202 204 211 215 218 207 184 171 167 171 187 206 211 205 207 216 206 210 189 86 47 50 56 124 190 172 163 157 149 140 134 132 128 121 122 128 134 148 185 199 188 173 154 124 121 128 119 120 113 113 98 88 89 89 78 35 3 2 2 1 1 1 1 2 2 3 4 4 3 1 1 1 1 1 1 1 2 3 5 7 5 3 2 1 0 0 1 1 1 1 1 1 1 1 1 1 0 1 1 3 3 1 1 3 4 4 4 4 4 4 3 3 4 4 4 5 5 4 3 2 3 22 112 175 198 198 158 110 90 90 92 80 71 76 81 76 79 88 97 99 99 101 106 117 113 119 115 108 111 108 104 103 101 101 103 107 110 108 104 101 101 101 100 97 100 98 95 101 114 115 105 101 103 104 100 90 78 72 67 64 58 52 38 25 19 16 11 9 6 4 4 4 9 
238 220 237 233 233 206 197 223 219 222 227 219 207 206 210 185 184 207 154 78 61 48 52 99 101 68 95 117 120 145 127 85 81 83 97 138 136 100 99 137 110 156 144 122 77 110 152 198 223 226 218 220 221 219 205 197 212 204 209 212 213 218 209 187 178 174 177 192 208 213 206 212 228 209 198 190 96 52 54 59 129 197 173 161 150 139 137 133 130 127 123 123 127 129 151 199 221 207 184 159 133 123 128 119 117 107 104 99 90 96 97 83 39 3 2 2 2 2 2 1 2 2 3 3 4 3 1 1 1 1 1 0 1 2 3 5 6 5 3 2 1 1 1 1 1 1 1 1 1 1 0 1 1 1 0 1 1 3 2 2 3 3 3 4 5 5 4 3 3 4 4 5 5 5 4 3 3 5 39 139 178 195 196 151 104 88 91 93 92 89 91 95 96 97 99 101 102 102 104 109 114 110 113 108 102 108 106 103 103 105 107 110 112 114 105 98 94 92 93 94 93 95 95 95 101 108 108 101 97 98 95 91 83 71 63 55 49 45 41 30 15 10 8 6 6 5 4 3 5 13 
205 190 185 161 182 186 184 219 218 219 225 224 219 215 209 142 88 63 38 22 31 43 50 91 107 78 92 105 118 154 129 82 91 120 133 167 176 128 104 127 140 205 177 124 99 170 214 220 206 197 211 209 212 210 210 216 200 201 206 204 202 206 201 184 183 183 184 196 208 210 202 201 218 208 195 192 110 59 56 66 123 182 163 150 141 131 131 128 127 125 123 121 123 121 153 210 237 223 193 163 131 119 118 110 112 105 103 114 108 117 117 98 45 4 2 2 2 2 2 1 1 2 2 2 2 2 1 1 1 1 1 1 1 2 3 3 3 2 1 1 1 1 1 1 1 1 1 1 1 1 0 1 1 1 1 1 1 1 1 2 2 2 3 3 5 5 4 3 3 4 4 5 5 4 3 4 5 7 54 159 182 194 194 144 100 86 86 87 92 96 99 102 105 101 101 102 102 100 102 106 110 107 109 105 102 108 107 106 107 109 112 113 113 112 94 80 72 72 80 89 95 95 95 97 101 102 99 95 94 94 90 83 75 64 54 46 44 40 37 30 19 18 15 8 6 4 5 5 5 6 
46 39 33 23 39 57 72 106 124 118 106 95 73 58 37 15 4 3 3 4 11 20 46 103 99 66 110 147 125 113 121 105 107 151 150 160 199 146 116 131 170 195 197 114 125 208 211 222 212 216 220 219 221 224 224 220 215 215 213 211 207 204 201 199 200 198 198 204 210 209 203 206 208 205 205 192 162 128 113 127 161 187 176 145 137 137 128 128 128 126 123 119 116 115 147 177 189 184 166 147 125 126 118 112 114 110 99 106 115 128 131 111 48 4 2 1 1 2 2 2 1 2 2 2 1 1 1 1 1 1 1 1 1 1 1 1 1 1 1 1 1 0 0 1 1 1 1 1 1 1 1 1 1 1 1 1 1 1 1 2 2 2 3 3 5 5 4 4 3 3 5 6 5 4 4 5 8 10 55 164 190 197 178 121 95 94 90 86 86 91 96 97 96 95 97 100 100 100 101 102 104 109 109 109 113 117 115 108 106 106 109 111 110 108 81 49 29 32 57 89 104 99 94 95 97 100 98 93 91 91 86 74 64 59 51 41 32 29 25 17 11 10 8 6 6 7 8 11 11 4 
3 2 2 1 3 4 4 3 5 4 3 3 2 1 2 3 2 2 5 11 12 14 63 167 152 72 82 127 129 108 107 106 144 160 125 154 184 130 101 170 192 171 163 122 170 215 218 230 211 225 216 217 220 222 221 218 214 208 206 205 205 206 207 208 211 209 205 209 213 213 208 211 212 207 205 207 201 189 180 183 202 209 184 146 132 130 126 126 125 122 119 117 116 123 131 132 127 131 137 139 122 126 123 118 116 111 101 104 111 123 127 109 48 4 2 2 2 2 2 2 2 2 2 1 1 1 1 1 1 1 1 1 1 1 1 1 1 1 1 1 1 0 0 1 1 1 1 1 1 1 1 1 1 1 1 1 1 1 1 1 2 2 2 2 4 4 4 5 4 4 5 6 6 5 5 6 8 9 46 157 199 196 158 101 79 81 87 88 89 90 92 97 100 94 94 95 98 100 100 98 100 105 107 107 111 113 110 102 97 95 97 100 101 102 86 70 60 64 77 83 80 83 87 87 89 89 88 83 81 78 69 59 55 53 44 33 21 20 19 12 7 5 4 9 11 14 13 19 20 7 
4 2 2 2 3 2 1 1 2 2 1 2 2 2 1 1 2 4 7 14 15 15 55 129 140 120 120 124 119 108 100 110 174 165 117 156 166 126 97 183 178 143 134 138 215 213 215 225 208 223 211 215 219 220 219 215 214 208 206 203 202 204 207 211 218 217 210 210 209 209 207 210 211 206 202 200 203 207 205 201 206 203 181 149 137 134 126 123 120 117 115 114 114 120 128 127 120 119 121 120 122 129 131 126 121 114 107 106 112 121 124 109 50 5 2 2 2 2 2 2 2 2 2 2 1 1 1 1 1 1 1 1 1 1 1 1 1 1 1 1 1 1 1 1 1 1 1 1 1 1 1 1 1 1 1 1 1 1 1 1 1 2 2 2 3 4 5 6 5 4 5 6 6 6 6 7 8 8 42 155 197 173 127 88 78 79 84 87 87 84 82 87 94 93 89 89 94 98 97 93 98 103 106 106 108 109 105 108 104 97 93 91 90 89 93 93 90 88 89 91 92 88 83 83 84 84 80 75 70 63 52 41 36 31 22 16 13 10 7 4 3 5 6 11 15 20 18 26 26 6 
4 2 2 2 2 2 2 2 2 2 1 2 2 2 3 2 3 6 9 12 14 22 75 142 150 144 121 109 120 114 107 127 167 160 136 163 157 145 123 163 147 135 132 156 218 201 204 204 206 210 204 210 216 217 215 211 210 210 208 204 201 202 205 208 215 214 208 204 201 200 201 202 205 209 205 195 192 193 192 186 188 188 176 153 143 138 125 122 117 113 113 113 112 111 125 133 130 124 117 110 119 126 128 122 116 112 112 113 118 123 123 112 54 6 3 2 1 2 2 2 2 2 2 2 1 1 1 1 1 1 1 1 1 1 1 1 1 1 1 1 1 1 1 1 1 1 1 1 1 1 1 1 1 1 1 1 1 1 1 1 1 1 2 2 3 4 5 5 5 4 4 5 6 6 6 7 7 7 41 146 165 122 88 82 84 87 97 96 92 88 86 87 91 96 91 90 96 101 100 95 101 108 111 111 113 113 106 106 103 97 93 90 86 82 80 79 76 71 70 76 84 84 79 78 78 76 71 65 63 59 50 39 30 22 14 11 8 5 4 2 3 6 8 13 17 20 17 26 26 4 
4 3 3 3 2 2 4 2 3 3 2 3 2 2 1 2 3 6 9 14 13 40 115 177 171 160 127 121 137 116 124 156 148 154 161 161 149 160 164 144 139 144 135 176 194 187 192 179 202 192 193 204 212 213 208 204 204 203 203 201 200 200 202 204 208 208 204 198 195 193 196 197 202 208 205 196 194 197 195 188 190 190 177 150 134 128 119 116 112 111 110 110 110 109 117 119 115 116 119 120 115 116 115 111 106 106 111 116 120 120 117 109 55 7 3 2 1 1 2 2 2 2 2 2 1 1 1 1 1 1 1 1 1 1 1 1 1 1 1 1 1 1 1 1 1 1 1 1 1 1 1 1 1 1 1 1 1 1 1 1 1 1 2 2 2 3 4 4 4 4 4 5 5 5 5 6 7 7 36 121 122 78 63 74 78 82 107 102 98 98 99 96 95 98 92 90 95 101 100 96 101 108 110 110 111 110 103 86 84 86 88 89 86 81 84 85 85 84 81 78 75 72 70 67 65 62 57 51 46 42 39 33 23 15 11 8 5 5 5 4 4 8 10 17 15 13 13 24 24 5 
2 3 2 3 2 2 3 2 3 3 3 3 2 2 3 2 2 5 11 13 24 72 134 157 156 179 160 147 148 114 134 172 143 150 162 143 126 142 173 140 141 132 127 182 168 177 182 168 196 178 181 191 203 204 197 193 194 188 190 192 194 197 200 200 197 197 198 194 188 188 191 198 200 195 185 173 175 183 186 183 185 186 169 137 119 112 105 105 104 103 103 103 103 106 115 117 114 117 123 125 114 110 108 107 105 105 112 110 112 110 106 102 53 6 2 2 1 1 2 2 2 2 2 1 1 1 1 2 2 1 1 1 1 1 1 1 1 1 1 1 1 1 1 1 1 1 1 1 1 1 0 1 1 1 1 1 1 1 1 1 1 1 1 1 1 1 2 2 3 4 5 5 5 4 5 6 7 7 27 93 96 64 57 67 64 64 83 79 76 80 85 84 81 80 77 75 78 82 83 82 84 88 90 88 89 88 84 77 77 80 83 83 78 73 72 70 66 66 66 63 57 58 60 57 55 50 44 39 33 27 24 20 12 6 5 5 4 4 4 4 6 12 14 15 8 6 11 24 22 8 
3 5 3 4 3 3 3 2 3 3 3 3 3 2 5 4 1 6 14 14 41 93 138 155 147 142 129 137 147 115 122 153 146 144 137 131 109 119 153 137 120 98 124 165 158 166 172 169 184 171 165 179 191 191 185 181 183 176 179 183 187 188 187 184 178 180 185 184 181 181 183 190 190 182 171 160 159 163 165 167 171 169 148 117 102 97 90 91 93 93 93 93 92 97 108 112 110 110 112 112 109 102 101 105 105 102 105 100 102 99 95 96 52 6 2 2 1 2 2 2 2 2 1 1 1 1 1 2 1 1 1 1 1 1 1 1 1 1 1 1 1 1 1 1 1 1 1 0 0 0 0 0 0 1 1 1 1 1 1 1 1 1 1 1 1 1 2 3 3 4 4 4 4 5 5 6 7 7 17 67 79 61 52 55 53 50 56 54 54 56 58 60 60 60 59 58 58 61 63 64 68 70 69 67 69 69 65 72 72 72 72 71 67 62 67 66 60 58 61 63 62 55 49 46 43 38 33 28 24 20 15 11 7 4 3 4 5 4 4 3 5 11 13 5 3 3 19 34 23 11 
6 7 4 4 3 3 3 2 3 3 3 4 3 3 1 4 2 4 15 20 38 85 112 113 115 133 132 134 142 121 106 123 148 137 116 130 108 116 140 137 97 74 136 145 157 158 163 172 166 165 157 169 182 183 176 172 174 174 178 181 182 179 173 168 163 166 174 177 173 172 175 179 181 180 179 179 176 174 170 167 170 163 137 102 88 84 80 82 84 86 86 85 86 90 91 85 78 82 91 97 95 88 90 97 96 92 92 93 96 94 91 94 53 7 3 2 2 2 2 2 2 2 2 1 1 1 1 1 1 1 1 1 1 1 1 0 1 1 1 1 1 1 1 1 1 1 1 0 0 0 0 0 1 1 1 1 1 1 1 1 1 1 1 1 1 2 3 3 3 4 4 4 4 5 5 6 7 6 11 49 66 54 43 42 45 47 49 50 50 47 47 50 54 53 53 52 51 52 55 58 64 67 65 62 63 64 61 58 56 56 58 60 59 58 51 48 49 50 51 47 42 39 37 35 31 27 23 18 14 8 4 3 2 2 2 4 6 6 6 4 3 4 3 1 1 5 34 51 26 13 
4 5 2 2 1 2 5 4 2 1 3 3 1 1 2 5 2 3 14 14 25 46 46 73 56 83 74 81 94 105 101 89 126 117 104 128 115 101 122 116 65 73 130 125 128 133 133 127 131 144 137 133 148 165 158 150 162 176 170 162 163 168 170 168 175 171 169 179 180 173 174 179 184 186 175 160 156 162 163 165 163 160 140 102 93 79 79 90 88 83 86 86 80 90 88 83 80 85 90 90 86 91 93 88 83 83 88 91 80 77 84 71 54 12 1 2 2 2 2 2 2 2 1 1 1 1 1 1 1 1 1 1 1 1 1 1 0 0 0 0 1 1 1 1 0 0 1 1 0 1 1 0 0 0 1 1 1 1 1 1 1 1 0 0 1 2 2 2 4 4 3 4 4 3 4 6 7 5 8 28 50 44 42 43 41 42 41 41 39 37 38 41 45 48 41 41 41 37 42 41 52 53 54 49 48 52 50 54 44 49 46 55 47 44 46 52 39 36 41 34 31 29 26 23 19 12 7 6 5 3 3 3 3 5 9 12 12 9 7 5 3 1 1 1 1 6 33 46 26 10 
4 15 2 1 1 0 3 3 1 10 20 1 4 4 1 1 3 2 2 6 10 11 11 19 20 23 29 31 42 42 60 77 49 67 58 87 96 86 96 110 65 62 128 111 118 123 125 125 131 140 149 138 137 140 133 126 127 151 149 141 140 143 143 142 152 152 149 151 144 136 135 150 160 162 165 169 173 175 165 161 163 160 134 89 76 58 50 69 77 75 75 74 68 70 75 76 77 81 85 83 85 80 73 68 66 68 70 69 67 66 66 59 46 11 1 2 2 1 1 2 2 2 2 1 1 1 1 1 1 1 1 1 1 1 1 1 0 1 0 0 1 1 1 1 1 1 1 1 1 1 0 0 1 0 0 0 1 1 1 1 1 1 1 1 0 2 2 2 4 3 3 4 4 4 4 6 7 6 6 20 44 41 30 25 22 25 27 29 32 33 34 35 34 30 27 25 26 28 32 34 29 32 36 38 38 36 33 34 30 34 32 36 31 27 30 33 24 20 23 20 19 18 14 10 7 3 2 1 2 2 2 2 4 10 16 17 8 5 3 2 1 0 0 0 1 5 25 33 20 9 
4 16 2 1 2 1 0 1 1 1 4 7 3 2 3 9 6 1 2 2 2 4 4 5 9 4 11 9 11 12 31 79 29 23 28 47 59 37 40 83 57 32 56 52 58 63 65 69 75 79 86 86 89 96 103 105 103 125 125 122 123 128 134 136 131 130 135 138 132 129 134 139 137 132 133 138 136 127 129 147 149 144 113 67 55 42 40 58 66 62 61 61 59 61 69 74 76 79 79 74 69 62 56 57 60 61 60 54 55 57 54 50 41 11 1 2 2 1 1 1 2 1 1 1 1 1 1 1 1 1 1 1 1 1 1 1 1 1 1 1 0 1 1 0 1 1 0 0 1 0 0 1 1 1 1 1 2 1 2 2 1 1 1 1 1 2 2 2 3 3 3 3 3 3 3 4 5 5 5 10 15 13 15 19 18 15 13 13 14 15 15 14 14 17 19 17 16 15 11 10 16 18 17 20 20 16 15 14 12 14 12 11 10 7 8 9 9 9 10 8 6 6 5 4 4 4 5 5 4 3 5 9 14 17 13 12 12 9 7 5 4 4 4 5 5 9 22 24 19 14 
5 1 1 1 0 1 2 1 0 5 13 10 4 6 14 16 4 1 2 1 1 2 2 2 4 2 9 8 2 4 9 75 48 9 14 24 28 14 22 52 33 12 12 14 16 17 18 21 25 26 24 30 36 41 48 52 50 59 60 62 66 72 79 84 82 86 94 96 94 96 102 110 110 105 105 106 104 98 102 116 117 116 95 58 53 45 39 46 45 39 38 40 41 43 48 52 52 52 49 44 40 37 36 38 39 37 35 35 33 34 34 30 23 8 2 2 2 2 2 2 2 2 1 1 1 1 1 1 1 1 1 1 1 1 1 1 1 1 1 1 1 1 1 1 1 1 1 1 2 0 1 0 0 1 1 1 1 1 2 2 1 1 1 1 1 1 1 1 2 2 2 2 2 2 3 3 3 3 2 2 5 4 3 3 2 3 4 4 3 3 4 4 3 3 4 3 3 3 2 2 3 4 3 3 3 2 3 3 3 3 3 3 5 4 3 3 3 3 3 2 2 2 3 2 3 4 5 6 8 10 10 14 23 38 51 58 60 59 62 62 59 55 56 59 59 59 69 65 72 79 
6 0 1 1 1 1 0 1 30 100 48 3 6 9 18 10 3 1 0 1 1 1 1 1 1 4 18 31 8 2 4 52 102 16 9 19 15 14 39 43 16 7 5 6 6 6 6 7 9 11 8 10 11 10 10 12 12 15 15 15 16 17 20 22 27 32 36 35 33 34 37 41 43 45 47 51 56 59 60 62 60 62 54 35 37 35 28 27 24 21 21 23 22 22 24 24 23 23 22 19 20 19 18 17 15 14 14 16 12 14 15 12 8 5 1 1 1 1 1 1 1 1 1 1 0 1 1 1 0 0 0 0 0 0 0 0 0 0 0 0 0 0 0 0 0 0 1 0 1 1 1 1 0 1 1 1 0 1 1 1 1 1 1 1 0 0 1 2 3 3 2 1 1 1 2 2 2 2 1 1 0 0 1 1 1 1 1 1 1 1 1 2 2 2 2 1 0 1 1 2 1 1 1 1 2 2 2 1 1 1 2 1 2 1 2 1 1 1 1 1 2 4 5 6 9 11 12 15 18 23 36 54 70 78 79 76 71 72 78 80 77 75 76 67 70 75 78 70 89 107 
2 2 2 1 3 3 8 41 122 80 11 2 4 5 10 12 9 2 1 2 4 2 1 1 1 10 28 69 28 2 3 20 91 37 5 15 13 16 52 45 13 7 3 7 4 3 3 3 4 8 7 6 4 3 4 6 9 9 9 8 6 5 5 6 6 7 9 9 9 10 10 11 12 12 13 14 14 15 18 19 17 18 16 7 8 8 7 6 6 7 7 6 5 5 6 5 5 5 5 5 4 4 4 3 3 3 4 4 2 3 3 2 1 1 1 1 1 2 1 1 1 1 1 1 1 1 1 1 1 1 1 1 1 1 1 1 1 1 1 1 1 1 1 0 0 1 0 1 0 1 0 1 0 1 0 1 0 0 0 1 1 1 1 1 0 0 2 8 9 8 5 2 1 1 1 1 1 1 1 0 0 1 1 0 1 1 0 1 1 1 1 1 2 1 2 5 4 5 4 5 5 6 8 7 7 6 2 2 1 3 11 9 13 12 6 2 9 14 16 19 19 25 30 36 46 50 54 63 74 80 75 69 66 69 78 84 80 76 75 73 71 75 79 65 71 82 82 68 85 95 
3 1 1 2 2 24 166 142 38 7 2 3 4 7 5 9 6 1 1 1 3 3 1 1 2 12 13 45 26 2 3 5 32 60 14 13 15 16 48 43 12 5 3 8 2 2 2 1 2 7 6 3 2 3 5 8 13 11 10 8 6 4 3 3 2 2 3 2 3 4 4 4 5 5 6 7 6 5 5 7 6 9 10 4 3 2 3 3 3 3 3 2 2 2 2 2 2 2 2 2 2 1 2 2 2 2 1 1 2 3 1 1 1 2 1 0 1 1 1 1 1 1 1 1 1 1 1 1 1 1 2 2 2 1 1 1 1 1 2 2 1 1 2 3 3 1 1 5 2 0 5 6 1 1 1 2 1 1 1 1 1 1 1 1 1 1 4 10 10 10 9 5 2 1 1 1 1 1 0 3 20 33 11 0 0 1 1 1 1 1 2 4 8 10 17 47 56 61 57 56 58 54 64 59 55 45 13 1 1 11 50 62 81 82 42 21 53 72 75 79 72 80 80 80 81 79 77 79 78 75 79 84 84 78 71 72 83 79 76 72 69 72 78 69 69 79 77 63 80 84 
12 9 3 3 5 76 122 56 13 1 1 4 4 3 3 2 1 1 0 2 5 3 1 1 7 15 4 20 17 6 6 6 15 113 92 27 20 26 50 42 10 3 6 8 2 1 1 1 1 6 5 1 1 2 4 4 5 5 4 3 2 1 1 1 1 1 1 1 1 1 1 1 1 1 3 7 8 6 5 6 9 21 29 19 17 17 21 22 21 19 16 15 16 15 16 15 14 14 15 13 15 15 16 19 17 10 5 10 21 25 14 16 18 20 17 17 21 28 30 30 32 31 29 30 32 36 38 39 40 42 43 44 45 45 45 43 38 35 39 43 39 39 48 61 45 22 24 71 29 7 72 50 12 10 14 17 7 3 3 3 2 1 1 0 1 0 2 5 4 5 8 11 9 5 2 2 1 1 1 1 3 8 4 1 0 0 1 0 0 1 4 17 34 43 39 83 81 78 79 81 89 72 84 78 77 66 18 1 1 16 70 77 86 78 69 47 75 78 73 79 79 86 79 73 76 80 80 82 82 78 74 76 81 82 76 74 80 82 85 82 75 74 78 73 67 73 73 66 92 99 
19 30 18 6 4 28 56 73 11 1 2 4 3 2 2 1 1 1 1 3 5 3 1 3 18 3 5 15 14 9 20 17 20 63 100 86 18 28 67 45 15 3 7 7 2 3 2 1 2 6 6 1 2 2 2 3 3 3 3 2 2 1 1 1 1 1 0 0 0 1 1 0 1 1 6 11 12 6 4 7 9 29 79 69 45 47 66 79 84 84 86 78 65 68 74 75 70 67 68 67 64 61 63 68 62 40 21 33 81 73 50 59 61 72 70 58 64 63 55 74 77 66 68 63 58 70 76 75 78 78 75 77 85 86 80 69 55 50 56 62 50 48 72 82 78 46 48 80 57 22 85 63 38 20 31 26 11 3 5 4 2 1 1 0 1 0 1 4 1 6 7 5 5 4 3 8 3 2 3 3 3 1 1 1 0 1 1 1 1 1 7 16 28 43 58 87 82 80 76 79 84 79 83 79 79 84 29 2 2 19 71 83 87 78 83 83 86 81 76 76 78 81 79 76 75 75 77 80 80 78 77 81 82 79 75 75 78 79 79 76 73 71 71 70 70 72 74 79 92 103 
25 37 29 14 4 7 20 25 4 1 2 2 2 5 3 1 1 1 1 3 5 3 2 7 11 2 6 15 13 13 40 49 26 32 65 70 38 53 96 56 16 2 7 8 4 4 3 2 1 6 4 1 2 2 2 2 2 2 2 2 2 1 1 1 2 1 1 0 0 1 0 1 1 1 4 4 6 5 6 11 11 17 53 65 54 52 67 78 82 82 85 78 65 66 74 77 74 73 73 72 72 71 75 81 77 59 42 43 104 91 53 59 62 68 71 62 69 67 58 75 76 70 76 68 60 70 73 70 75 76 70 71 79 85 84 75 58 52 58 67 54 47 72 104 98 69 66 77 56 37 86 67 38 24 33 23 14 5 4 2 1 0 0 1 0 1 2 2 1 2 4 5 4 5 5 13 6 5 8 13 10 2 1 1 0 0 1 1 1 1 6 11 17 29 51 83 82 83 79 84 81 81 82 79 79 85 37 5 2 21 73 77 91 85 76 75 78 77 77 79 84 84 83 83 82 78 79 82 80 74 72 77 80 78 75 75 75 77 77 74 70 69 70 76 76 76 77 81 89 96 
25 27 24 19 15 9 8 4 2 8 26 26 15 10 4 2 2 2 1 2 4 3 3 9 5 3 7 20 22 20 39 65 39 39 68 58 50 93 105 67 24 5 6 8 5 4 4 3 2 8 7 2 2 2 2 2 2 2 1 1 1 1 1 1 1 1 0 0 0 1 1 0 1 2 13 7 11 15 17 28 23 18 41 65 64 60 79 83 82 81 84 77 64 61 70 74 74 74 76 74 74 75 78 79 75 64 54 41 100 91 53 60 70 75 69 61 68 66 58 69 67 64 72 66 60 71 75 73 75 74 69 71 78 84 82 74 56 51 59 72 60 52 71 87 84 67 66 73 58 47 106 86 47 30 32 18 13 11 5 1 1 1 1 1 0 5 15 6 8 1 2 4 5 6 6 12 6 4 6 13 10 2 0 1 0 0 1 1 0 1 6 13 19 19 46 84 84 80 72 78 77 80 75 73 70 70 41 8 2 23 69 63 83 78 73 75 77 77 77 79 83 78 76 80 79 75 74 77 81 79 73 76 80 80 77 76 75 78 78 76 71 69 68 65 66 69 75 83 90 93 
23 42 45 28 30 26 22 15 15 24 56 65 56 39 16 9 11 9 6 8 13 9 8 15 7 10 16 34 35 25 40 92 91 87 82 47 58 92 67 68 31 24 25 33 33 28 32 31 25 41 38 23 6 3 4 2 3 2 2 2 2 1 1 1 1 1 0 0 1 1 0 0 1 9 59 52 57 69 67 81 79 67 84 103 99 86 99 97 93 94 99 95 84 85 94 98 98 99 99 96 93 94 94 96 93 86 79 68 119 105 68 68 72 74 73 69 77 76 68 74 69 67 75 72 66 77 83 82 82 78 77 79 85 85 79 72 63 59 66 76 64 57 79 107 103 77 67 81 64 40 100 83 57 37 31 22 16 15 5 1 1 1 1 1 1 19 56 41 44 14 2 2 3 4 5 8 5 3 3 5 4 1 0 1 0 1 1 1 0 1 4 11 16 12 41 84 85 76 67 73 82 86 79 77 75 69 59 28 18 41 77 74 91 76 73 76 77 77 77 77 79 74 75 84 85 80 78 83 88 83 74 73 78 76 73 72 72 75 75 73 69 66 65 62 62 64 71 77 78 77 
66 79 73 68 105 101 73 96 104 93 103 97 108 113 70 54 58 54 45 51 62 62 68 73 61 67 71 92 84 58 81 123 131 115 93 58 32 47 67 119 79 95 109 100 105 91 103 103 92 115 107 78 19 4 5 4 4 4 4 3 3 3 2 2 1 1 0 0 1 1 0 1 1 10 92 107 108 123 115 118 120 114 118 116 115 108 119 116 113 116 123 125 119 114 120 121 118 118 117 113 108 106 107 114 119 115 107 104 128 114 95 94 89 90 93 92 98 98 92 93 87 86 94 90 81 89 91 89 89 85 83 83 86 85 80 74 68 65 68 71 58 54 76 93 87 67 55 65 52 31 83 68 59 34 21 19 10 16 4 0 0 1 1 1 2 36 98 96 83 44 11 1 2 3 5 6 6 4 3 3 1 0 0 0 1 1 0 1 1 1 2 3 4 4 31 76 84 78 72 83 77 79 75 74 74 66 70 49 53 57 74 89 97 72 66 68 69 72 74 76 77 71 72 80 82 76 74 78 82 75 66 65 67 66 64 64 64 67 67 65 61 58 57 53 56 63 74 84 88 87 
99 116 117 105 107 101 107 93 93 88 84 70 77 82 71 65 70 66 56 62 72 71 73 68 71 67 67 72 79 80 89 89 98 93 89 78 18 25 75 103 105 117 104 92 100 92 107 111 110 125 116 89 21 4 3 3 3 4 3 3 3 3 2 2 1 1 0 0 0 0 0 0 0 8 96 133 128 128 124 128 123 125 126 117 132 129 125 122 119 117 117 119 120 129 132 128 124 125 125 120 115 111 110 117 122 119 112 109 110 104 107 114 110 116 109 107 110 110 108 106 102 101 107 104 96 102 104 102 103 98 91 87 88 91 92 89 83 80 83 87 76 74 98 106 95 93 87 83 72 75 76 64 67 38 21 24 12 25 8 1 0 0 1 2 4 42 98 112 91 70 33 2 2 3 4 3 6 6 5 3 1 1 0 0 0 1 0 1 1 1 1 1 1 2 25 69 78 75 71 85 76 73 71 66 64 53 57 49 65 55 59 83 84 62 63 66 66 69 71 72 71 64 64 70 71 65 62 63 65 62 57 57 59 58 58 60 59 61 60 57 54 53 52 48 53 63 77 89 97 99 
121 112 94 86 74 59 57 41 30 27 25 24 28 28 23 19 21 19 16 18 21 21 22 20 23 20 19 18 21 25 26 25 32 31 30 42 40 25 35 32 45 51 40 44 48 46 56 59 68 69 64 52 14 6 5 4 4 4 4 3 4 4 3 2 1 1 1 0 0 1 1 1 1 9 70 104 106 97 97 108 101 111 118 118 136 128 133 135 134 128 123 126 129 126 127 122 119 123 125 123 120 118 115 113 113 113 113 115 109 103 104 107 103 105 105 107 105 105 108 104 104 103 108 108 101 110 113 113 113 108 103 99 98 98 97 97 96 88 89 97 88 79 94 91 74 77 69 58 48 54 39 38 43 30 25 29 25 25 8 1 1 1 1 3 4 36 63 88 98 81 54 4 2 3 4 2 5 6 5 2 1 0 0 0 0 1 1 1 1 1 0 2 2 2 24 65 72 66 62 74 79 70 74 67 65 54 53 52 59 55 55 68 71 58 60 62 61 62 63 61 59 57 58 61 62 59 57 58 56 52 51 52 52 51 53 56 54 54 52 49 47 48 49 54 57 60 62 63 63 63 
99 107 85 76 71 71 65 58 33 34 31 39 44 41 31 25 25 24 20 22 23 22 21 20 20 16 14 11 8 8 8 9 12 11 13 29 47 28 15 18 17 17 19 16 17 16 19 19 25 21 28 24 13 16 13 11 11 12 10 9 9 9 7 5 6 5 3 1 1 1 1 1 2 5 26 39 48 46 42 42 40 50 60 65 67 54 60 66 71 71 71 77 85 89 89 85 84 90 96 95 96 98 96 91 90 97 107 105 109 104 99 103 107 105 100 102 97 96 103 99 102 105 112 111 102 107 108 107 107 105 109 111 108 98 87 79 69 56 51 55 46 33 35 29 21 21 18 16 12 12 8 10 10 8 8 9 10 9 3 0 0 0 1 3 3 26 32 65 119 80 59 4 2 2 4 1 6 9 7 3 1 1 0 1 1 0 0 1 1 1 0 1 1 2 23 61 66 60 55 66 54 47 58 57 62 57 52 53 44 51 51 47 51 48 46 47 47 50 53 53 51 44 40 42 44 45 45 46 46 45 46 47 45 41 44 48 46 45 42 39 39 40 41 39 42 43 42 40 40 41 
122 120 112 111 105 104 107 98 90 91 90 92 92 90 81 77 79 82 81 81 80 74 71 72 73 70 66 61 60 60 59 61 66 70 71 79 89 65 64 81 78 70 69 55 51 52 51 48 48 40 49 51 50 49 43 38 37 38 37 37 36 33 29 26 31 31 26 19 19 20 20 20 20 21 29 45 60 59 46 37 32 30 32 31 24 14 14 16 18 18 18 21 25 27 29 30 33 39 41 38 46 43 37 32 30 33 38 38 40 42 43 42 43 45 44 42 39 42 47 46 48 52 57 59 54 54 56 55 55 56 58 55 47 37 30 26 20 15 12 12 9 5 5 3 2 1 1 2 1 1 1 1 1 1 1 0 1 1 1 1 1 1 1 3 5 25 31 63 113 93 43 3 3 5 4 1 3 5 4 1 1 0 0 1 1 0 0 0 1 1 0 1 1 5 30 63 68 73 75 70 58 57 59 58 61 62 60 65 66 69 63 54 56 63 60 56 53 54 60 64 59 45 37 36 35 35 37 41 44 43 41 38 35 33 35 37 37 37 38 40 42 42 42 42 43 39 33 34 44 58 
153 150 155 160 153 144 143 140 139 138 138 136 134 133 131 130 132 136 138 134 129 125 122 118 113 112 116 120 124 126 126 126 130 131 129 129 125 101 107 127 122 109 108 110 105 109 108 107 108 97 94 96 95 90 86 85 88 93 92 90 87 83 80 77 88 91 84 74 71 69 64 68 73 72 71 80 86 79 74 73 66 58 59 62 54 44 38 36 32 27 23 20 21 27 34 41 47 55 58 56 55 52 45 34 25 20 18 20 19 19 16 10 7 9 11 8 6 7 8 8 9 10 11 12 11 11 12 12 11 12 12 11 8 5 4 3 2 1 1 1 1 0 0 1 1 1 1 0 0 1 1 1 0 0 1 1 1 0 0 0 1 1 1 1 4 34 55 77 90 66 24 3 3 3 3 2 2 1 1 1 1 1 0 1 0 0 0 0 1 1 0 0 1 3 19 41 60 81 85 67 79 79 73 67 67 66 61 62 65 65 62 60 63 69 59 54 49 43 42 41 36 30 28 29 29 29 32 38 40 38 38 35 31 29 31 33 34 34 36 40 43 43 43 41 43 39 33 33 45 62 
157 159 169 175 168 157 153 156 154 152 151 150 149 148 149 148 146 150 152 145 134 127 126 126 127 130 133 134 139 144 145 142 138 133 128 127 121 104 111 129 129 125 129 129 124 132 133 135 142 134 120 123 124 118 110 104 102 108 108 108 108 110 114 116 122 129 129 126 124 120 111 115 125 129 126 123 121 115 115 117 107 98 97 102 99 93 92 88 84 79 73 67 63 67 74 75 70 67 66 63 53 56 58 55 47 40 35 32 29 25 17 8 5 7 9 6 2 1 1 1 1 1 1 1 1 1 1 1 1 1 1 1 1 1 1 1 1 1 1 1 1 1 1 1 0 0 1 0 0 1 1 1 0 0 1 1 1 0 1 0 1 1 1 1 7 56 89 92 72 35 13 4 3 2 2 5 5 2 1 1 1 1 0 1 1 1 1 1 1 1 1 1 0 1 6 18 38 63 69 55 79 74 67 67 78 88 89 80 74 69 67 67 67 65 59 63 66 61 57 56 56 56 58 64 64 61 62 70 69 66 72 71 63 57 59 64 65 63 63 65 67 67 67 71 76 75 68 65 73 86 
157 158 161 164 160 154 153 139 137 139 140 139 136 134 151 153 149 153 156 148 132 123 126 135 144 148 145 141 133 128 127 123 114 107 105 103 91 80 84 96 102 110 118 108 105 113 114 118 127 122 121 126 130 129 125 121 118 116 116 117 121 127 134 139 142 148 153 156 160 159 151 152 163 171 168 158 150 146 146 146 140 133 131 133 131 124 113 110 108 108 104 96 89 83 80 67 50 37 30 27 20 22 25 26 24 21 18 15 13 12 8 4 2 4 5 3 2 1 1 1 1 1 1 1 1 1 1 1 1 1 1 1 1 1 1 1 1 1 1 1 0 0 0 1 1 1 1 1 1 1 1 1 0 0 1 1 1 1 1 0 1 1 1 1 6 42 57 52 40 15 6 3 3 5 10 15 13 5 2 1 1 1 1 1 1 1 1 1 1 1 1 1 1 1 2 5 12 21 24 20 30 27 24 26 34 42 44 42 38 34 34 35 34 32 28 32 37 37 37 40 44 43 46 53 55 53 54 60 64 67 74 76 71 68 70 76 80 78 78 81 84 86 85 85 93 95 90 87 91 101 
144 146 146 147 148 148 149 127 128 135 140 140 135 131 143 143 138 144 148 141 126 118 117 119 122 126 127 127 125 122 121 116 107 104 107 112 114 107 107 112 118 126 132 113 110 115 114 114 122 119 134 132 130 130 133 138 142 141 140 140 139 139 140 140 148 153 151 148 152 155 151 149 154 160 161 154 146 140 134 130 133 137 138 134 129 122 110 109 110 114 114 107 96 65 55 41 27 17 10 7 5 4 4 4 4 3 3 2 2 2 2 1 1 2 2 1 1 2 2 2 2 1 1 1 1 1 1 1 1 0 0 1 1 1 1 1 1 1 1 1 1 1 1 1 1 1 1 1 0 1 1 1 1 1 1 1 0 1 1 0 1 1 1 1 3 17 17 16 19 10 8 9 11 15 18 21 20 15 12 10 10 8 5 3 2 2 2 3 2 2 1 1 2 2 1 1 2 2 2 3 3 3 3 4 6 7 6 7 7 7 7 7 7 7 6 7 8 9 9 10 12 12 14 17 18 16 17 19 21 24 26 28 28 29 30 33 37 38 39 43 47 50 51 52 57 62 62 62 67 74 
119 126 131 135 139 140 138 132 139 149 156 157 151 144 151 150 145 151 157 152 140 130 126 126 127 128 129 130 131 131 128 124 120 121 126 132 137 141 144 147 150 149 148 151 147 153 146 142 148 143 158 157 156 158 159 158 156 164 164 162 158 154 150 147 155 158 148 139 142 149 149 146 143 143 149 149 141 134 129 126 130 134 130 114 100 92 81 74 67 61 55 49 42 26 20 15 11 7 5 3 3 2 2 2 2 2 2 2 1 1 2 2 2 2 2 2 2 1 2 2 2 2 2 2 2 2 2 2 2 1 1 1 1 2 2 2 2 1 1 1 1 1 1 2 2 3 4 4 4 5 6 7 8 9 10 9 9 12 13 11 13 13 14 13 18 29 26 28 39 35 38 47 47 40 34 37 46 52 56 59 59 56 48 38 31 28 27 28 23 17 14 14 15 7 6 8 11 13 13 14 16 16 17 20 26 29 28 35 38 36 30 24 20 19 34 36 32 31 31 29 28 26 26 27 24 19 16 15 17 18 16 16 17 19 19 18 18 19 21 25 28 29 29 30 32 35 36 38 42 46 
118 129 135 138 143 146 140 142 148 155 161 161 156 150 152 150 147 150 154 152 146 142 145 154 161 160 153 144 142 145 143 143 144 145 147 144 141 152 157 161 167 162 154 165 164 170 161 153 157 151 153 156 162 168 166 157 148 150 149 147 145 145 145 145 150 152 143 135 138 143 143 140 133 127 128 123 110 102 97 89 85 84 75 58 45 38 30 25 19 14 9 6 5 5 4 3 4 3 3 3 3 3 2 2 2 2 2 2 2 2 2 2 2 2 2 2 2 1 2 2 2 2 2 2 3 3 2 3 3 2 3 4 4 5 6 7 7 9 11 14 17 20 22 23 23 26 30 33 36 41 45 46 49 54 57 59 58 58 62 59 68 67 69 66 71 81 82 80 89 85 88 91 86 86 87 96 102 98 95 99 102 105 104 98 91 94 112 112 102 90 88 87 85 79 76 79 84 83 79 76 93 87 77 75 84 97 101 103 109 111 105 97 92 92 91 85 86 95 100 98 98 92 86 87 88 89 92 94 92 86 80 74 72 71 68 70 81 81 82 85 85 81 78 81 81 82 81 82 82 83 
137 143 140 136 142 149 146 150 152 154 155 154 151 149 153 153 151 151 152 152 151 150 152 157 162 161 156 150 149 151 151 154 158 157 151 146 150 154 149 151 161 160 149 149 150 158 150 141 144 137 120 107 95 89 84 78 73 71 69 67 67 68 70 73 78 80 76 71 71 71 69 65 60 56 55 50 42 39 36 29 25 24 20 14 9 7 5 5 5 4 4 3 4 3 2 3 3 2 2 3 3 3 2 2 2 2 2 3 3 3 3 3 3 3 3 4 5 5 6 7 8 10 12 14 20 23 23 25 27 30 35 40 43 45 51 57 63 71 76 75 74 77 82 81 78 79 81 82 84 90 98 97 99 104 111 115 117 115 122 117 126 118 117 111 113 114 118 114 120 119 117 116 116 120 121 125 129 126 122 122 123 129 136 139 134 140 163 162 155 154 162 161 150 149 151 150 143 138 140 145 152 152 146 141 147 155 155 150 154 159 157 151 145 144 136 131 139 155 157 149 149 145 137 134 134 140 145 147 143 137 135 131 126 124 124 126 131 133 136 140 139 132 126 122 124 126 129 131 131 131 
163 159 153 150 155 161 160 159 158 157 154 151 148 146 155 159 156 152 155 158 153 151 149 147 146 148 146 143 145 148 147 149 150 147 144 148 155 153 150 152 154 152 147 147 150 152 147 145 145 136 100 67 38 24 19 17 16 16 15 14 13 12 13 14 18 19 18 15 14 13 12 9 8 9 9 8 7 6 6 5 5 5 4 4 3 3 5 5 5 4 4 4 4 3 3 3 3 4 4 4 4 5 6 7 6 6 6 9 11 11 11 12 15 19 25 36 44 41 42 49 51 55 63 67 70 72 68 69 75 78 83 91 97 101 103 103 107 121 128 124 121 120 120 124 119 121 126 126 123 123 126 123 123 125 127 130 135 138 143 142 148 146 144 137 135 137 138 127 131 138 133 134 132 125 123 127 133 137 136 134 136 137 138 136 134 136 144 141 141 149 163 166 158 153 159 162 160 156 155 156 172 170 166 164 168 170 167 160 158 157 156 153 150 147 148 151 158 164 161 154 154 153 149 147 146 150 156 160 157 153 155 155 152 150 148 149 148 151 156 162 159 145 133 133 137 142 147 150 147 145 
157 152 149 154 161 166 166 158 158 159 157 154 152 151 147 150 149 146 151 155 147 141 140 138 139 141 139 134 137 140 138 140 138 134 138 149 155 154 160 164 158 151 149 146 150 148 146 149 147 135 124 104 85 72 63 57 54 50 46 46 45 41 39 41 39 37 34 32 31 31 30 29 30 31 31 30 28 25 23 23 25 24 23 24 25 23 21 22 23 23 23 24 25 24 23 21 22 24 24 22 24 30 37 40 39 39 41 49 55 60 63 65 69 74 80 97 107 99 95 101 103 104 115 119 116 116 109 109 112 107 111 120 132 137 132 123 115 127 131 129 128 124 120 131 128 135 144 145 141 141 140 136 136 137 132 132 137 136 136 138 145 149 149 144 140 147 149 140 143 151 148 143 134 124 126 134 138 141 140 136 139 137 131 126 127 131 133 125 122 128 141 152 155 143 148 153 158 157 148 140 156 149 145 145 149 150 148 148 147 145 146 148 150 150 145 148 153 152 148 145 145 150 154 157 157 154 154 158 157 154 154 154 152 148 144 144 151 152 157 163 160 146 134 138 140 144 148 148 144 140 
124 121 122 128 137 143 144 143 147 152 151 148 148 151 138 139 145 143 146 148 143 140 142 145 147 144 142 139 141 142 141 145 143 139 145 150 144 147 155 157 149 141 141 147 150 150 149 152 149 140 139 142 141 130 118 112 111 114 107 104 104 99 95 96 93 89 85 82 80 80 80 80 79 78 78 79 77 72 69 72 76 74 71 74 76 74 72 75 76 73 70 73 76 70 70 69 68 72 73 70 71 80 89 91 90 89 91 96 103 112 117 117 116 115 110 117 122 117 111 112 112 115 128 131 127 129 123 125 126 117 120 129 141 146 141 130 118 123 124 123 125 123 118 128 128 136 143 143 144 149 149 145 145 146 141 137 140 135 134 132 136 139 138 134 132 135 141 147 149 148 147 144 135 128 134 142 143 143 142 139 137 133 129 130 135 144 149 135 125 126 138 151 157 145 147 150 153 151 143 136 132 131 132 136 138 135 131 131 134 135 137 138 143 149 141 142 150 152 148 142 140 148 160 166 165 154 145 142 143 143 144 145 145 143 141 142 149 149 150 152 152 146 142 137 138 139 140 139 137 135 
121 119 119 121 124 126 126 131 135 139 140 140 141 142 139 144 148 143 142 144 145 153 160 161 161 157 151 145 145 145 145 149 147 142 147 147 134 141 151 152 142 132 135 146 149 151 152 154 150 143 150 149 146 142 139 139 140 145 134 128 128 126 122 122 119 116 113 110 110 112 115 115 111 107 107 110 111 107 105 109 112 110 109 112 113 112 111 115 113 106 102 106 111 106 110 109 107 111 116 115 117 123 126 123 117 115 115 114 114 119 124 126 125 124 122 120 121 124 123 122 124 123 130 131 126 131 126 129 137 136 133 134 140 141 136 131 131 133 133 136 143 142 133 127 129 137 141 139 143 151 148 143 144 146 142 136 136 140 139 136 135 136 135 133 132 128 133 148 146 136 137 137 130 126 132 138 136 135 138 139 135 131 129 135 143 152 158 149 141 139 141 144 146 145 148 152 155 154 147 140 140 142 145 148 148 144 138 136 139 140 135 130 134 141 137 139 147 150 147 141 137 142 153 165 165 152 142 140 141 141 143 146 147 149 149 151 155 154 153 150 148 146 146 138 139 139 139 138 138 138 
139 137 133 130 128 127 126 129 128 130 137 146 149 145 146 148 143 135 132 138 149 158 158 155 155 156 151 140 138 141 141 143 141 133 135 139 136 142 152 153 143 134 137 144 146 150 154 153 148 143 148 144 143 148 152 151 147 151 139 132 135 134 130 129 123 122 121 118 119 123 129 127 119 114 113 118 121 119 122 125 120 119 122 125 123 117 113 116 115 110 109 116 125 125 132 131 124 125 130 132 137 139 139 135 129 126 126 120 117 117 124 133 141 145 143 135 131 137 138 136 137 135 139 138 133 140 137 139 152 152 142 136 136 135 132 130 135 137 138 144 153 151 139 133 136 142 144 139 141 150 143 139 141 146 145 139 138 147 146 143 140 138 137 137 142 134 133 148 143 128 132 134 126 122 125 127 124 124 132 137 134 132 133 139 145 149 151 151 151 148 142 134 131 143 148 155 160 159 150 141 144 146 149 151 151 149 146 152 155 152 141 130 130 137 141 144 149 152 152 150 148 142 145 156 158 149 143 144 148 148 148 148 147 147 147 149 152 153 151 146 141 139 139 133 136 138 137 137 139 142 
131 129 126 122 119 120 122 128 124 123 133 144 146 139 135 128 119 113 113 124 141 146 140 137 140 147 148 140 141 150 149 151 146 137 136 138 132 133 139 143 135 128 130 136 136 142 147 144 137 134 118 129 140 145 145 145 147 152 144 140 144 144 140 139 136 137 137 133 130 131 136 135 129 124 123 126 129 131 137 138 127 127 134 136 131 127 126 127 126 125 128 137 146 141 148 146 137 137 141 142 143 144 144 144 143 143 143 128 126 129 135 142 148 152 147 139 132 131 132 130 130 137 148 146 142 150 148 147 154 148 137 130 132 136 136 135 137 140 141 144 150 146 136 137 139 144 145 138 136 142 140 135 138 147 149 145 145 146 146 145 142 138 137 139 149 139 134 146 140 129 137 144 137 132 133 133 128 130 135 137 136 136 139 143 144 143 141 145 149 148 143 138 137 149 154 162 166 162 151 139 137 139 141 143 145 149 153 152 153 148 138 130 131 137 141 142 143 148 151 153 152 149 150 153 152 145 141 142 145 147 146 145 144 143 144 143 140 143 144 142 137 133 131 127 133 136 136 135 139 144 
112 112 109 106 106 112 118 121 118 116 120 123 121 116 113 106 99 100 106 115 129 138 138 138 139 143 145 145 148 152 152 152 147 137 136 138 131 124 126 132 130 125 124 121 120 127 133 128 119 116 114 127 134 132 129 139 155 148 143 145 150 147 143 144 145 148 150 144 136 133 136 136 135 135 132 130 132 138 144 142 134 136 141 141 141 146 149 143 138 135 138 144 147 139 146 146 143 146 152 153 155 155 155 156 156 156 155 144 148 154 154 150 146 144 148 149 144 135 137 143 143 148 161 159 155 165 160 155 156 147 141 140 147 153 153 150 150 154 151 149 151 149 141 136 136 141 144 137 130 130 136 129 131 141 146 145 145 141 143 145 144 140 139 140 146 138 133 140 137 132 141 146 140 137 141 139 133 136 141 143 140 141 145 147 145 143 142 147 150 150 150 154 159 164 167 170 171 167 156 147 143 146 148 149 151 157 165 157 153 148 142 140 144 150 141 137 139 146 154 157 156 158 160 156 152 146 141 138 137 138 138 140 143 147 151 149 138 139 141 144 142 136 130 124 133 138 138 136 138 143 
106 105 102 97 97 104 112 108 112 116 115 112 112 116 117 110 109 119 126 128 133 144 152 154 146 134 130 137 140 136 136 138 134 125 123 130 132 118 116 124 126 123 122 125 123 130 136 129 120 117 121 121 118 119 125 138 150 143 144 151 156 152 147 151 153 158 164 159 148 143 143 140 141 145 142 134 135 143 147 143 143 147 147 144 154 166 159 146 137 136 140 142 141 133 138 138 138 144 150 148 153 153 154 156 158 158 156 154 163 172 171 163 159 160 157 163 160 141 143 155 155 157 169 168 164 175 167 159 157 149 148 151 159 160 154 145 140 142 137 131 133 137 137 140 138 144 151 145 134 129 135 126 126 136 142 143 144 140 145 151 151 147 146 148 147 142 138 140 139 138 142 142 138 141 149 148 142 141 148 151 146 145 147 150 148 146 147 153 157 157 157 162 168 171 170 168 168 168 164 158 153 156 158 156 153 156 162 163 157 149 145 145 149 153 142 139 143 154 165 167 163 162 160 155 154 155 150 143 139 139 138 138 139 142 145 147 146 141 142 145 145 138 129 120 130 136 134 130 131 135 
113 112 110 105 100 101 106 107 116 120 119 122 130 139 135 133 138 143 142 137 135 139 148 149 137 118 114 120 124 123 124 125 125 123 121 122 120 112 107 110 113 115 115 119 122 129 134 128 123 124 129 121 118 125 137 143 142 140 144 154 161 156 149 152 160 162 165 164 155 150 151 143 139 145 145 139 139 143 144 140 145 151 151 151 161 169 156 142 134 137 142 139 132 128 128 129 131 138 147 152 145 144 143 144 145 147 149 144 155 163 162 163 167 167 158 166 164 146 148 161 157 154 159 157 154 159 155 153 149 140 141 145 150 148 141 136 135 135 131 128 133 139 141 145 147 153 156 151 140 135 138 131 128 136 141 139 143 145 151 156 155 150 147 148 145 145 146 142 138 137 135 137 140 144 149 154 156 153 152 151 143 143 148 148 145 146 148 154 154 150 149 152 157 161 156 150 149 151 150 146 144 149 150 144 138 138 140 148 147 142 138 139 142 140 123 121 129 141 149 150 145 152 155 152 159 165 155 142 140 145 141 141 141 130 123 131 140 129 130 140 144 138 131 123 129 130 124 119 119 123 
141 137 137 134 127 124 130 145 147 137 128 136 153 161 148 154 163 152 140 134 131 131 135 135 127 122 122 120 118 120 122 120 121 126 125 121 120 122 114 105 108 116 118 120 128 135 136 135 139 143 144 136 131 133 139 143 143 141 140 149 159 155 148 151 157 152 148 150 147 142 143 136 130 134 138 137 135 131 129 130 136 145 154 161 161 158 146 137 136 143 146 135 124 129 127 130 133 136 147 163 162 154 146 141 140 145 156 155 165 167 163 171 176 162 153 163 171 163 159 162 160 156 154 149 144 142 148 157 157 149 148 150 153 154 152 148 144 143 144 146 149 150 149 144 149 152 149 144 140 138 142 142 135 137 138 131 139 144 148 152 153 147 139 134 130 139 147 142 137 136 130 132 138 136 131 141 152 146 140 139 132 138 145 141 140 144 147 147 143 138 137 139 140 142 139 130 125 127 126 119 121 131 133 126 121 121 120 129 139 141 137 138 141 135 134 140 143 144 146 149 151 162 159 148 153 155 143 132 136 143 138 142 148 126 113 127 129 115 120 140 152 152 150 148 142 134 128 124 125 127 
162 152 146 145 141 140 147 170 171 158 143 148 166 178 164 162 163 152 144 143 140 136 137 139 135 134 133 126 120 123 129 125 120 122 124 125 127 127 116 108 110 119 124 138 137 138 139 142 146 149 145 134 127 129 138 146 149 143 138 141 148 149 147 152 152 145 143 149 150 145 144 140 138 140 141 141 138 136 134 134 141 152 163 168 168 161 148 147 153 163 165 156 147 152 152 153 149 139 138 149 164 157 149 143 145 156 169 169 173 171 169 182 190 177 165 173 191 188 162 147 158 164 159 154 147 146 154 167 171 164 156 156 161 163 155 149 149 153 157 156 152 149 148 146 146 146 145 143 139 136 140 140 133 136 136 128 135 143 144 147 150 149 140 130 132 142 151 153 155 156 149 151 153 151 149 150 148 143 140 137 134 139 144 145 151 158 157 152 153 158 156 145 132 139 144 139 132 131 133 132 119 129 132 127 124 123 119 124 135 139 136 136 137 132 154 164 159 145 135 139 150 164 155 135 126 127 130 139 148 148 138 135 140 126 128 146 139 124 126 145 159 160 158 154 144 136 137 139 139 136 
150 147 152 154 144 131 127 126 134 139 138 141 151 157 148 143 133 120 117 119 118 107 106 111 112 111 112 105 103 111 119 114 105 105 109 110 111 115 113 110 113 121 125 133 129 126 126 130 134 136 125 120 120 127 136 141 140 136 134 137 145 149 148 148 142 133 132 143 148 145 143 145 147 149 152 155 156 157 152 146 147 153 159 161 158 153 146 147 150 151 148 142 138 149 151 156 154 144 141 148 155 154 149 145 150 163 174 160 160 158 158 171 180 171 162 162 175 182 163 147 160 161 155 156 155 154 156 163 164 157 150 150 156 160 153 147 147 155 159 154 145 142 144 150 150 151 151 145 134 125 129 131 130 137 140 134 143 153 149 143 143 146 149 148 151 156 159 160 162 159 150 152 154 155 161 160 150 150 149 141 136 139 145 151 159 166 166 153 152 163 165 150 136 144 154 156 149 150 156 158 149 153 150 142 141 142 139 132 139 146 145 145 148 148 147 149 147 132 116 111 118 132 135 131 130 129 130 136 147 154 141 129 127 118 126 142 124 116 120 135 139 131 124 126 117 113 117 124 124 120 
125 131 141 144 132 119 116 103 109 116 115 110 106 106 114 113 101 92 96 103 105 88 83 93 93 91 93 95 101 113 115 108 98 97 95 93 96 105 112 115 119 126 129 116 116 116 114 115 117 121 113 114 121 129 132 125 116 120 122 127 135 139 139 135 129 120 120 132 142 145 147 149 148 150 151 153 155 156 157 154 149 149 155 160 159 160 164 160 154 148 146 150 153 148 143 143 143 136 130 131 139 147 149 147 150 157 159 150 156 155 149 148 149 144 149 149 144 145 146 147 151 144 141 149 154 151 145 141 139 140 142 145 148 149 151 152 154 162 163 156 148 149 153 149 151 155 157 152 139 129 140 142 140 146 147 137 144 128 129 135 142 147 152 155 150 143 137 136 138 136 130 129 126 127 139 134 123 124 131 128 118 116 125 134 135 132 125 110 108 116 119 114 110 113 122 128 134 145 155 156 166 162 151 142 144 146 143 131 132 133 128 123 124 128 137 135 128 117 105 100 107 126 138 140 136 124 116 114 122 133 126 111 104 93 96 108 98 99 108 120 119 103 92 103 99 98 103 108 111 110 
