UP
2 2 2 3 3 4 4 4 4 4 3 3 3 3 4 4 4 3 3 3 4 4 5 4 4 4 4 3 3 3 4 4 4 4 4 4 3 3 3 4 4 4 3 3 3 3 3 3 3 4 4 4 4 4 5 5 5 4 4 4 4 5 5 5 6 5 3 4 4 4 4 4 4 5 6 6 6 6 9 10 7 5 4 5 4 5 5 6 6 7 8 6 6 7 6 6 6 6 6 6 5 5 5 5 5 6 5 5 4 3 4 4 4 4 5 5 5 5 5 5 5 5 4 5 5 4 4 5 6 5 5 5 5 5 5 5 6 5 5 5 5 4 4 4 3 3 3 4 4 4 4 4 4 4 4 4 5 5 4 4 4 3 4 3 3 3 4 4 4 4 4 4 4 4 6 6 6 7 7 7 8 8 8 8 8 8 8 9 8 8 9 8 8 7 7 8 9 9 10 12 14 12 8 6 4 4 4 4 4 3 3 3 4 4 4 4 4 4 4 4 4 4 4 4 3 3 3 4 5 4 4 5 5 5 5 5 5 6 7 7 7 7 8 10 10 9 7 6 5 5 
3 3 3 3 3 4 4 4 4 3 3 3 3 3 4 4 4 3 3 3 3 4 4 4 4 4 4 4 4 4 4 4 4 4 4 4 3 3 3 4 5 5 4 3 3 3 3 3 3 4 4 4 4 5 5 5 5 4 4 4 4 5 6 6 6 4 3 3 3 4 4 5 5 5 6 7 7 8 10 9 6 5 5 5 5 5 5 5 6 7 9 6 6 7 6 6 6 6 6 6 5 5 5 5 5 6 5 5 4 4 4 4 4 5 6 6 5 5 5 5 5 5 5 5 5 5 5 6 6 6 6 6 5 5 4 5 5 5 5 5 5 5 4 4 4 4 4 5 5 4 4 4 4 4 4 4 4 4 5 4 4 4 4 4 3 4 4 4 4 4 4 4 5 6 9 12 12 12 13 13 14 14 14 14 15 15 15 16 16 15 16 15 15 15 15 16 17 17 16 17 18 14 7 6 3 4 4 3 4 3 3 3 4 3 3 4 3 3 3 3 3 3 3 3 3 3 3 5 5 4 5 6 5 6 6 6 6 7 7 8 8 8 8 9 9 8 7 6 6 5 
3 3 4 3 4 4 4 4 3 3 3 3 3 3 4 4 4 4 3 3 4 4 4 4 5 5 4 3 4 4 4 4 4 4 4 4 4 4 4 5 6 6 5 4 3 3 4 4 4 4 4 4 4 4 4 4 4 4 4 4 5 5 6 6 6 5 4 4 4 5 5 5 6 6 6 7 7 8 9 7 5 5 5 5 5 6 6 6 6 7 9 6 6 7 6 6 6 6 6 5 6 6 6 6 6 5 5 5 5 5 5 5 5 5 6 6 6 6 5 6 6 6 5 5 5 5 5 6 6 6 6 6 5 5 4 5 5 4 5 5 5 5 5 4 4 4 4 5 5 4 4 4 4 4 4 4 4 4 5 5 4 4 4 4 4 5 5 5 5 6 5 5 6 8 14 17 17 18 18 19 20 20 19 19 20 21 21 22 22 22 20 20 19 19 19 19 21 21 20 20 19 14 7 5 3 4 4 3 4 3 3 4 4 3 3 3 3 3 3 3 3 3 3 3 3 3 4 6 6 5 5 6 6 6 7 6 6 7 7 8 7 8 8 8 8 7 7 6 6 6 
3 4 4 4 4 4 4 3 3 3 3 3 3 4 4 4 4 4 4 4 4 5 5 5 6 6 4 3 4 4 4 4 4 4 4 4 4 4 4 5 5 5 4 4 4 4 4 4 4 4 4 4 4 4 4 4 4 4 4 4 5 5 5 6 6 5 5 5 5 5 6 6 6 6 6 6 6 7 7 5 5 5 5 5 5 5 5 6 6 7 8 6 5 6 5 5 6 5 5 5 6 6 6 6 6 5 6 6 6 5 6 6 6 6 6 6 6 6 5 5 5 6 5 5 5 6 6 6 6 5 5 4 4 5 5 5 5 4 4 5 5 4 5 4 4 4 4 4 4 4 4 4 4 4 4 4 4 4 4 4 4 4 4 5 5 5 5 5 5 5 5 5 5 8 15 18 19 19 19 20 20 21 20 20 21 22 22 23 23 22 20 19 18 19 19 17 20 20 19 19 18 13 6 4 2 4 4 3 3 3 3 4 4 3 3 3 3 3 3 3 3 3 3 3 3 3 5 7 7 6 6 7 6 7 7 7 7 7 7 8 7 8 8 8 8 7 7 6 6 6 
4 4 4 4 4 4 4 4 3 3 3 3 3 3 3 4 4 5 5 5 6 6 6 5 6 6 4 3 3 4 4 4 4 4 4 4 5 4 4 4 4 4 4 4 4 4 4 4 5 4 4 4 4 4 4 4 4 4 4 5 5 5 6 5 5 5 5 5 5 5 5 5 6 6 6 6 5 5 5 5 6 5 5 5 4 4 4 5 5 6 8 5 5 6 5 5 5 5 5 5 5 6 6 6 6 5 6 6 6 6 6 7 6 6 6 6 6 6 5 5 5 5 5 5 5 6 6 6 5 4 4 3 4 4 5 5 4 4 4 4 4 4 4 4 4 4 4 4 4 4 4 4 4 4 4 4 4 4 3 4 4 4 4 4 5 5 5 4 5 5 5 4 4 7 15 18 18 18 18 19 20 20 21 21 21 22 22 22 21 21 19 19 19 19 19 18 21 21 20 19 18 13 6 4 2 3 3 3 3 3 3 3 3 3 3 3 3 3 3 4 4 3 3 3 4 4 4 7 7 6 6 6 6 6 7 8 7 7 7 8 8 8 8 8 8 7 7 6 6 6 
5 4 4 4 4 5 4 4 3 3 3 3 3 3 3 4 5 5 6 6 6 6 6 6 6 6 5 4 3 4 4 4 4 4 5 5 4 4 4 4 4 4 4 4 4 4 4 4 5 4 4 4 4 4 4 4 4 4 4 4 5 6 6 5 5 4 4 5 5 4 5 5 6 6 6 6 6 5 5 5 6 5 5 5 4 4 4 4 4 6 8 6 5 6 4 4 4 4 5 5 5 5 6 6 6 6 6 6 6 6 6 7 6 6 6 6 6 6 5 5 5 5 5 5 5 6 7 6 5 4 4 4 4 5 6 5 5 4 4 4 5 5 5 5 4 4 5 5 5 4 4 4 4 4 4 4 4 4 4 4 4 4 4 4 5 5 5 4 5 5 5 4 4 7 16 18 18 18 18 19 19 20 21 21 21 21 21 21 20 20 19 19 18 17 17 17 20 19 17 16 15 11 6 4 3 4 4 3 4 4 4 4 4 4 4 4 4 4 4 5 5 4 4 4 5 4 4 6 7 6 6 6 6 6 7 8 7 6 7 7 7 7 8 8 7 7 6 6 6 5 
5 5 4 4 5 5 4 4 4 3 3 3 3 4 4 4 5 6 6 6 6 6 6 6 6 6 6 5 4 4 4 4 5 5 5 5 4 4 4 4 4 4 4 4 4 4 4 4 5 4 4 4 4 4 4 4 4 3 3 3 4 5 6 5 5 5 5 5 5 4 4 5 6 6 6 5 6 6 5 5 5 5 5 5 4 3 4 5 5 6 8 6 6 6 4 3 4 4 5 5 5 5 5 6 6 6 6 6 6 6 6 7 6 5 5 6 6 6 5 5 5 5 6 5 6 7 7 7 6 5 5 5 5 5 6 6 5 5 5 6 7 7 7 6 6 6 6 6 6 5 5 5 5 5 5 6 5 5 4 4 5 4 4 4 4 5 4 4 4 5 5 4 3 7 16 19 18 18 18 19 19 20 20 20 19 19 19 18 19 18 18 16 14 12 11 12 14 13 11 11 10 8 5 6 5 6 6 5 6 5 5 5 5 6 6 5 5 5 6 6 6 6 6 6 7 5 5 6 7 6 6 6 6 6 7 7 6 5 6 6 6 6 7 7 7 7 6 5 5 5 
5 5 5 4 4 4 5 5 4 4 3 3 4 4 4 4 6 6 6 7 7 7 6 6 5 5 5 4 4 5 5 4 4 4 4 5 4 4 4 4 4 4 5 5 4 4 4 4 4 4 4 5 5 5 4 4 3 3 3 4 4 4 5 5 5 5 4 4 5 5 5 5 5 5 6 6 6 6 5 5 5 4 4 4 4 3 4 5 6 7 9 8 8 7 5 5 3 3 4 5 5 5 5 5 5 6 6 6 5 6 6 6 6 5 5 5 6 7 7 6 6 6 7 7 7 7 7 7 7 6 7 7 6 6 5 5 6 6 7 8 8 7 7 7 7 7 8 7 6 6 6 6 6 6 6 6 6 5 5 5 5 5 4 4 5 5 5 4 4 5 5 5 4 7 12 17 18 18 18 17 15 14 14 14 13 13 13 13 12 12 11 10 9 9 8 8 9 8 8 8 8 7 6 7 7 7 7 7 7 7 7 7 7 7 7 6 6 6 6 6 6 6 6 6 7 7 6 5 7 6 6 6 6 6 6 6 5 4 5 5 5 6 6 6 5 5 5 5 4 4 
4 4 4 4 4 4 4 4 4 4 3 3 3 4 4 4 5 5 5 6 6 6 5 6 5 5 5 4 4 5 5 5 4 4 4 4 4 4 4 4 4 4 5 4 4 4 4 4 4 4 4 5 5 5 4 4 4 4 4 4 5 5 5 5 5 5 4 4 5 5 5 5 5 5 5 6 6 5 5 5 5 5 5 5 4 4 4 4 6 7 10 8 7 7 6 5 4 3 4 5 5 5 6 5 5 6 6 6 6 6 6 5 5 5 5 5 6 7 7 6 6 6 6 6 6 6 6 6 5 5 6 6 5 5 4 5 5 6 7 7 7 6 5 6 7 7 7 7 6 6 7 7 7 7 7 6 6 6 6 6 6 6 5 5 6 6 6 6 6 7 6 6 6 7 9 11 12 12 12 11 10 9 8 8 8 8 8 8 7 8 7 7 7 7 7 7 7 7 7 7 7 7 7 7 7 7 7 7 7 7 6 6 6 6 7 6 6 6 6 6 6 6 6 6 6 7 6 5 7 7 6 6 6 6 6 5 4 5 6 6 5 5 5 5 5 5 4 4 4 4 
4 4 4 4 4 4 4 4 4 3 3 3 3 4 4 4 4 4 5 6 6 5 5 5 5 5 5 4 4 5 5 4 4 4 4 4 3 3 4 4 4 5 5 5 4 4 4 4 4 4 4 4 4 4 4 4 3 3 4 4 4 4 5 5 5 5 4 4 4 5 5 5 5 5 5 6 5 4 4 5 5 6 5 5 4 4 4 4 5 8 9 7 6 6 5 6 4 3 4 5 5 5 5 5 6 6 6 6 6 6 5 5 5 5 5 5 5 6 6 5 5 5 5 5 5 4 4 4 4 5 5 5 4 5 5 6 6 6 7 7 6 5 5 5 6 5 6 6 6 6 7 7 7 7 7 6 6 6 6 6 5 5 6 6 6 7 6 7 8 8 7 6 7 8 7 6 6 7 7 7 7 7 6 6 6 6 6 6 6 7 7 6 7 8 7 7 7 7 7 7 7 7 6 7 7 7 7 7 8 7 7 7 7 7 7 7 6 6 6 6 5 5 6 6 6 6 6 5 7 7 6 6 6 6 6 5 5 5 6 6 6 5 5 5 5 5 5 5 5 4 
4 4 4 4 4 3 3 4 3 3 3 3 4 4 4 4 4 4 5 6 6 5 4 4 4 4 5 4 4 5 5 4 4 4 3 3 3 4 4 4 5 5 5 5 5 4 4 4 4 5 4 4 4 4 4 5 3 3 3 3 4 4 4 5 5 4 4 4 4 5 5 5 4 4 5 5 4 3 3 4 5 5 5 4 4 3 3 4 5 7 8 6 6 5 5 5 4 3 3 4 4 4 5 5 5 5 5 5 5 6 5 5 5 5 5 5 5 5 5 4 4 4 5 5 5 4 4 4 4 4 4 4 4 6 8 9 8 7 6 6 5 4 5 5 5 5 5 5 5 5 6 6 5 5 6 6 6 6 5 5 5 5 5 5 6 6 6 6 7 6 6 7 8 8 7 6 6 6 6 6 7 7 7 7 7 7 7 7 7 8 8 7 7 8 7 6 6 6 6 6 6 6 7 6 6 7 7 7 8 7 7 7 7 7 7 6 6 6 6 6 5 5 6 6 6 6 6 5 7 6 6 6 6 5 5 5 5 5 6 6 6 6 6 6 6 6 7 7 6 6 
3 3 4 4 3 3 3 3 3 3 3 3 3 4 4 4 4 4 5 5 5 5 4 3 3 4 4 3 4 4 5 5 5 4 4 3 3 3 3 3 4 4 5 4 4 4 4 4 4 4 4 3 3 3 4 4 4 3 3 3 4 4 4 5 5 4 3 3 3 4 5 4 4 4 4 5 4 3 3 3 4 4 3 3 3 3 3 3 4 6 8 6 6 6 4 4 3 2 3 3 3 3 4 5 5 4 4 4 4 6 5 5 4 5 5 5 5 5 5 4 4 4 5 5 4 4 4 3 3 4 4 4 4 6 8 8 7 6 5 5 5 5 6 6 5 5 5 5 4 5 5 5 5 5 5 5 6 6 5 5 5 5 5 5 6 6 6 6 5 5 6 7 7 7 7 7 7 7 6 6 7 7 7 7 7 7 7 7 7 7 7 6 6 6 5 6 6 6 6 6 6 6 6 6 6 6 7 7 6 6 6 6 5 6 6 6 6 6 6 6 6 6 6 7 7 6 6 6 6 6 6 6 5 5 5 5 5 5 5 6 6 6 6 7 7 7 8 8 7 6 
3 3 3 3 3 2 3 3 3 3 3 3 3 3 4 4 4 4 4 4 4 4 4 3 3 4 4 3 3 3 4 4 4 4 3 3 3 3 3 3 3 4 4 4 4 3 3 3 4 4 3 3 3 3 3 4 4 3 3 3 3 4 5 5 5 4 3 3 3 4 4 4 4 4 4 4 3 3 3 3 3 3 3 3 3 3 3 3 4 5 7 6 6 5 3 3 3 2 3 3 3 3 4 4 5 4 3 3 4 5 5 5 4 5 5 5 5 5 4 4 4 4 5 4 4 4 4 3 3 4 4 4 3 4 5 5 5 4 4 5 6 6 6 6 5 5 5 5 5 5 6 6 5 5 5 6 6 5 5 5 5 5 5 6 6 6 6 6 5 6 7 7 6 6 7 7 7 6 6 6 6 6 7 7 7 7 7 7 7 7 7 6 6 5 4 5 6 6 7 7 6 6 6 6 6 6 7 7 6 6 6 6 6 6 6 5 6 6 6 6 6 6 6 7 7 6 7 7 6 6 6 6 5 5 5 5 5 5 5 6 6 6 6 7 7 7 7 7 6 6 
3 3 4 4 3 3 3 4 4 4 4 4 4 4 4 5 5 4 4 4 4 4 4 4 4 4 4 3 3 3 3 4 5 4 4 3 3 3 3 3 4 4 4 4 4 4 4 4 4 4 4 4 4 4 4 4 4 4 3 3 4 4 5 5 5 4 3 3 3 3 4 5 4 4 4 3 3 3 3 3 3 3 3 3 3 3 3 3 4 5 7 6 5 5 3 3 3 3 3 4 3 3 3 4 5 4 3 4 5 5 5 5 5 5 4 4 5 5 4 4 4 5 5 5 4 4 4 4 4 4 4 4 4 4 4 4 4 4 5 6 6 5 5 6 5 5 5 6 5 5 6 6 5 5 5 6 6 5 5 5 5 5 6 6 6 6 5 5 5 6 7 7 6 6 7 7 7 7 6 6 6 6 7 7 7 7 7 7 7 7 7 7 7 6 5 5 6 6 7 7 7 6 6 6 6 6 7 7 7 7 6 6 6 6 6 6 6 6 5 5 5 5 6 7 6 6 6 7 7 7 7 6 6 6 6 6 6 6 6 6 6 6 7 7 7 7 7 7 7 7 
4 4 5 5 4 4 4 5 5 5 5 5 5 5 6 6 6 5 5 5 5 5 6 5 5 6 7 5 5 5 5 6 6 6 5 5 5 5 5 4 4 5 5 6 5 5 5 5 5 5 6 6 6 6 6 6 6 5 5 5 5 5 6 6 6 5 4 4 4 5 5 5 5 5 4 4 4 4 4 4 5 5 5 5 5 5 4 4 4 5 7 6 6 6 4 4 4 4 4 5 4 4 4 5 5 4 4 5 5 5 5 5 5 5 4 4 4 5 4 4 4 5 4 5 4 4 4 4 4 4 4 4 4 4 4 5 5 5 6 6 5 5 5 5 5 5 5 6 5 5 5 5 5 5 5 5 6 5 5 5 5 5 6 6 6 6 5 5 5 5 6 6 6 6 7 7 7 8 8 7 7 7 6 6 7 7 7 7 6 7 7 6 7 6 5 6 6 7 7 7 7 6 6 6 6 6 6 7 6 6 6 6 6 6 6 6 6 6 6 5 5 5 6 6 6 6 6 7 7 7 7 7 7 6 6 6 6 6 6 6 6 6 7 7 7 7 7 7 7 7 
5 6 6 6 6 6 6 5 5 5 5 6 6 6 6 7 8 7 7 7 7 7 9 8 8 9 10 8 7 7 7 8 8 7 7 7 7 8 8 7 6 7 8 8 8 7 6 6 6 7 8 8 8 8 8 9 8 8 8 8 8 8 8 8 8 7 7 7 8 9 8 8 8 7 6 7 8 8 8 8 8 8 8 8 8 8 8 7 7 8 8 8 8 9 8 7 7 6 7 7 6 6 7 7 6 5 5 5 5 5 5 5 5 5 5 5 5 5 5 5 5 5 4 4 4 4 5 5 5 4 4 4 4 4 4 5 5 5 5 5 5 5 5 5 5 5 5 5 5 5 5 5 5 5 5 5 5 6 6 5 5 5 5 5 6 6 6 5 5 5 5 5 6 6 7 7 8 8 9 8 7 6 6 6 7 7 7 7 7 7 7 7 7 7 7 6 6 6 6 6 6 6 6 6 6 6 6 7 6 6 6 7 6 6 6 6 6 6 6 6 6 6 6 6 6 6 6 6 6 6 6 6 7 7 6 6 6 5 5 6 6 6 6 6 7 7 7 8 7 8 
6 6 7 7 7 8 7 6 6 6 6 7 8 8 7 7 8 8 8 9 8 7 9 10 10 9 8 9 9 9 9 11 11 10 10 10 10 11 11 10 10 10 10 11 10 9 9 9 9 10 11 12 11 10 11 12 11 11 11 11 11 11 11 11 11 11 11 10 10 11 10 10 11 10 9 10 12 12 11 11 11 11 10 10 11 11 11 11 10 11 12 11 11 13 12 11 12 10 11 10 7 6 6 6 5 5 5 5 5 5 5 5 5 5 5 5 5 5 5 5 5 5 4 4 4 5 5 5 5 4 4 4 4 4 4 5 5 5 5 5 5 4 5 5 5 5 5 5 5 5 5 5 5 5 5 5 5 5 5 5 4 4 5 5 6 6 6 6 5 5 5 5 6 6 6 7 7 8 8 8 7 7 6 7 7 7 7 7 7 7 7 7 7 7 6 6 6 6 6 6 6 6 6 6 6 6 6 7 7 7 7 6 6 6 6 6 6 6 6 6 6 6 6 6 6 6 6 6 6 6 6 6 7 7 6 7 6 6 6 6 7 6 6 7 7 7 8 8 7 7 
7 8 8 8 9 10 10 9 9 8 8 9 10 10 10 10 10 9 10 10 9 9 11 14 17 18 15 12 13 13 13 13 13 12 11 11 10 11 12 12 11 10 10 11 11 11 11 10 10 12 12 12 11 11 11 12 12 12 12 12 13 13 13 14 14 14 14 13 13 12 12 13 14 12 11 12 12 12 11 11 11 10 10 11 11 11 11 11 11 13 13 12 12 13 13 12 13 11 11 9 6 5 5 5 5 5 5 5 4 4 4 4 5 5 5 5 5 5 5 5 5 5 4 4 4 5 5 5 5 5 5 5 5 5 5 5 5 5 5 5 5 5 5 5 5 5 5 5 5 5 5 5 5 5 5 6 6 5 5 5 4 4 5 5 5 5 6 6 6 6 6 6 6 6 7 7 7 7 7 7 7 7 7 7 7 7 7 6 6 6 6 6 6 6 6 6 6 6 6 6 6 6 6 6 6 6 6 6 7 7 7 6 6 6 6 6 6 6 6 6 6 7 7 7 7 7 7 7 7 6 6 6 7 7 7 7 7 6 6 7 7 7 7 7 7 8 8 8 7 7 
8 8 8 9 10 11 10 10 10 10 10 11 11 12 12 13 12 11 11 11 11 13 16 17 25 36 28 12 11 12 11 11 13 12 10 9 9 10 10 11 10 9 9 8 9 9 10 10 10 10 10 10 9 9 9 10 10 10 10 10 11 11 12 13 13 14 13 13 12 12 11 13 14 13 12 12 10 10 9 9 9 9 9 9 9 9 9 9 9 11 11 10 10 10 10 11 11 9 8 6 5 5 5 5 5 5 5 5 6 5 5 5 5 5 5 5 5 5 5 5 5 5 5 5 5 5 5 5 5 5 5 5 5 5 6 5 5 5 5 5 5 5 5 5 5 5 5 5 5 5 5 5 5 5 5 5 5 5 5 5 5 5 4 4 5 5 5 5 6 6 6 6 6 6 6 7 7 7 6 7 7 7 7 7 7 7 7 6 7 7 7 7 7 7 7 6 6 6 6 6 6 6 6 7 7 7 7 7 7 7 7 7 7 7 7 7 7 7 7 7 7 7 7 7 7 7 7 7 8 7 7 7 8 8 8 7 7 7 7 7 7 7 7 7 7 8 8 8 8 8 
8 8 8 9 10 10 9 9 9 10 10 10 10 10 11 11 10 10 10 10 10 13 19 17 25 44 38 13 13 16 11 9 9 8 7 9 9 9 9 10 10 9 8 7 7 8 8 9 9 9 9 8 8 8 8 8 9 9 9 9 9 9 10 10 10 10 10 10 9 9 9 10 11 10 9 9 8 7 7 7 8 8 8 8 8 8 8 8 8 10 10 9 8 8 8 8 8 6 6 5 4 5 6 6 5 5 5 6 6 5 5 5 5 5 5 5 5 5 5 5 5 5 6 6 6 5 5 5 5 5 5 6 6 6 6 5 5 5 5 5 5 5 5 5 5 5 5 5 5 5 5 5 5 5 5 5 5 5 6 6 6 6 5 5 5 5 6 6 6 6 6 6 6 6 6 7 7 7 7 7 7 7 7 8 8 8 8 7 8 9 9 8 8 8 8 8 8 8 8 8 8 8 8 8 9 9 9 9 8 7 8 8 8 9 9 8 8 8 8 8 8 8 8 8 8 8 8 8 9 8 7 8 8 9 9 8 8 8 8 8 8 7 7 7 8 8 8 8 8 8 
8 8 8 8 8 8 8 8 9 9 7 8 10 12 15 16 18 21 24 23 21 28 41 45 48 70 71 47 52 54 38 22 16 11 9 11 9 9 9 9 10 10 9 8 8 8 8 8 8 8 8 8 8 8 8 9 9 9 9 9 9 9 9 9 9 8 8 8 8 8 7 7 8 7 7 7 7 7 6 7 7 7 8 9 8 8 8 9 9 10 11 10 8 8 7 6 6 5 6 5 5 6 7 6 6 6 6 6 7 6 6 6 6 6 6 6 6 6 6 6 6 6 7 6 6 6 6 6 6 7 7 7 7 7 6 7 6 6 7 7 7 7 6 6 6 6 6 6 7 7 7 7 7 7 7 7 7 7 7 7 8 8 7 7 7 7 7 8 8 8 7 7 7 7 8 8 8 8 8 8 8 8 9 9 10 10 10 10 10 10 9 9 9 8 8 10 10 10 10 10 10 9 9 10 10 10 10 10 9 9 9 9 9 10 10 9 9 9 9 9 9 9 9 9 9 9 9 9 9 8 8 8 9 9 9 8 8 8 8 8 8 8 8 8 8 8 8 8 9 9 
9 9 9 7 7 7 8 9 12 14 17 23 34 46 56 62 62 73 83 78 70 83 110 115 98 104 108 100 109 115 98 80 65 39 18 11 10 9 9 9 10 10 10 11 10 9 8 8 8 9 9 9 9 9 9 10 10 10 9 9 9 9 9 10 9 8 8 9 9 9 8 8 8 8 7 8 8 8 8 8 8 8 9 9 9 9 9 10 11 10 12 11 9 8 7 6 7 8 9 8 8 9 10 9 9 9 9 9 9 10 10 9 9 9 9 9 9 9 9 9 9 9 9 9 9 10 10 10 10 9 10 10 10 9 9 9 9 9 9 10 10 9 10 10 10 10 10 10 9 9 9 9 9 9 9 10 10 10 9 9 9 10 10 9 9 9 9 10 10 10 10 10 10 10 10 9 10 10 10 10 9 10 10 11 11 12 12 12 12 12 11 11 11 10 10 10 10 10 10 10 10 9 9 10 10 10 10 10 11 10 10 9 10 10 10 9 9 9 9 9 9 9 9 9 9 9 9 9 9 8 7 8 8 9 9 8 8 9 9 8 8 8 8 8 8 8 8 8 9 9 
10 8 6 8 21 27 29 40 34 23 32 52 70 100 125 122 120 123 126 127 126 126 128 143 140 121 121 147 148 137 136 138 134 118 80 43 24 11 10 12 8 8 11 9 10 10 9 9 9 9 9 9 9 9 10 10 10 9 9 9 10 10 10 10 10 9 9 9 10 10 9 9 9 9 10 11 11 10 9 9 9 9 11 12 10 9 10 11 12 13 13 12 11 10 11 12 12 11 11 10 11 11 11 11 11 11 11 11 11 11 11 12 12 11 11 11 12 12 12 11 10 10 10 10 10 10 10 10 11 11 10 10 10 9 9 9 9 9 9 9 9 9 10 10 10 10 11 11 11 10 10 11 11 11 11 11 11 10 10 10 10 10 10 10 11 11 11 11 11 11 11 11 11 11 11 11 11 11 10 10 11 10 9 9 9 9 9 9 9 9 9 9 9 8 8 9 9 9 10 9 9 9 10 10 10 10 11 11 12 12 12 11 11 11 11 10 10 10 10 10 9 9 9 9 9 9 10 10 10 11 8 9 9 8 9 8 9 9 9 10 9 9 9 9 9 8 8 8 7 8 
9 7 5 12 32 49 54 56 41 29 35 48 59 80 106 117 115 119 122 122 122 124 126 121 124 117 114 121 116 111 114 119 136 154 146 119 65 27 12 11 10 9 10 10 10 10 10 10 10 10 10 10 10 10 10 10 10 9 9 9 10 10 10 10 10 10 10 10 10 10 10 10 10 10 11 11 11 11 10 10 11 11 13 13 12 12 12 13 14 12 12 12 11 11 11 12 12 11 11 10 10 11 10 10 10 10 10 10 10 11 12 12 12 12 11 11 11 11 11 11 11 11 10 10 10 10 10 10 10 10 10 10 10 10 10 10 10 10 10 9 9 9 9 9 10 10 10 10 9 9 9 9 10 9 9 11 10 10 10 11 11 10 10 10 11 11 11 11 10 9 9 9 9 9 9 11 11 10 10 10 10 10 11 11 10 10 10 10 11 11 12 12 12 11 10 10 10 11 11 11 11 10 10 10 10 10 10 10 11 11 11 10 10 10 10 10 10 10 10 9 9 9 9 9 9 9 10 10 11 11 9 11 11 9 9 9 9 9 9 9 9 9 9 9 9 9 8 8 7 8 
9 8 7 10 19 27 30 30 30 28 29 37 48 61 79 101 114 118 112 98 87 86 89 90 96 100 97 85 79 76 74 79 99 132 153 152 124 61 20 9 10 10 9 10 10 10 10 10 10 10 10 10 10 10 10 10 10 10 9 10 10 10 10 10 11 11 11 11 10 10 10 10 10 11 11 11 11 11 11 11 12 13 12 10 10 10 10 10 11 12 12 12 11 11 12 12 12 11 11 10 10 10 10 10 10 10 10 10 9 10 10 11 12 12 11 11 10 10 11 11 11 11 11 11 11 11 11 11 11 12 12 12 12 12 12 11 11 11 10 10 10 10 10 10 10 10 10 10 9 9 9 10 10 10 10 10 10 9 10 11 11 11 11 11 11 11 11 10 10 10 10 10 10 10 10 11 11 10 10 10 10 10 10 10 10 10 10 10 10 10 10 10 10 10 9 9 10 10 10 10 10 10 10 10 10 9 9 9 10 10 10 10 10 10 9 10 10 10 10 9 9 9 9 9 9 9 9 10 10 10 8 10 10 8 9 9 10 10 9 9 9 9 10 10 10 9 9 9 8 8 
11 11 11 9 12 16 18 19 26 33 37 48 64 66 66 79 89 90 82 65 52 51 55 56 59 67 66 55 56 59 60 68 90 121 144 150 157 106 45 14 9 10 10 10 10 11 11 11 11 11 11 11 11 11 11 11 10 10 10 10 10 10 10 10 11 11 11 11 10 10 11 11 11 11 10 10 10 10 11 11 12 12 12 12 12 13 13 12 12 11 12 12 12 11 12 12 12 12 11 11 11 11 11 11 10 10 10 10 9 9 9 10 10 11 11 11 11 11 10 10 10 11 11 11 11 11 11 11 12 12 12 12 12 12 12 11 11 11 11 11 11 11 12 12 12 11 11 11 11 11 11 12 12 11 11 11 11 10 11 12 13 12 11 11 11 11 11 10 11 11 11 11 11 11 11 11 11 11 11 11 11 10 10 10 9 9 10 10 10 10 10 10 10 9 9 10 10 10 11 11 10 10 10 10 10 9 9 9 10 10 10 10 10 10 10 10 10 10 10 9 9 9 9 9 9 9 9 10 10 10 9 10 9 9 11 10 9 10 10 9 10 11 11 11 11 10 10 10 10 10 
11 11 12 9 11 17 19 18 21 27 34 46 61 53 38 36 40 43 41 35 31 33 38 33 33 39 42 40 47 54 59 75 104 129 142 146 163 150 93 33 10 10 12 11 11 12 12 12 12 11 11 11 11 11 11 11 10 11 11 11 11 11 11 10 11 12 12 11 10 11 11 11 11 11 11 11 11 11 12 12 12 12 12 12 12 12 12 12 12 11 12 12 12 12 12 12 11 12 12 11 11 11 12 11 11 11 11 11 10 10 10 11 11 12 12 12 12 11 11 10 10 11 11 11 11 11 11 11 11 12 11 11 10 10 10 10 10 11 11 11 12 12 12 12 12 12 12 11 11 12 12 13 13 13 13 12 11 11 12 14 14 14 12 12 12 12 11 11 11 11 11 11 11 11 11 12 12 12 11 11 12 12 11 11 11 11 11 11 12 12 12 12 12 12 12 12 12 12 13 13 13 12 12 12 11 11 11 10 10 10 10 11 11 11 11 10 10 10 10 10 10 10 10 9 9 10 10 10 11 12 11 12 11 12 16 13 10 10 11 11 12 12 12 12 12 12 11 11 11 11 
10 10 11 11 11 13 15 14 16 17 19 27 36 31 21 17 18 20 20 20 21 24 28 28 28 34 42 50 60 73 82 98 124 137 139 142 157 170 144 72 20 10 13 12 12 13 13 14 13 12 12 12 12 12 12 12 11 12 12 12 12 12 11 11 12 13 13 12 11 12 12 11 12 12 12 12 12 12 13 13 13 12 12 13 13 13 13 13 13 12 13 13 12 12 12 11 11 12 12 13 13 12 12 12 12 12 12 12 12 13 13 13 13 13 14 14 13 12 11 11 11 12 12 12 12 12 12 12 12 13 13 12 12 11 11 11 11 11 11 12 12 12 12 12 12 12 12 12 12 12 12 12 13 13 12 11 10 10 11 12 13 12 12 12 13 13 12 12 12 12 12 12 12 12 12 13 13 13 12 12 12 12 12 12 12 12 12 12 12 12 12 11 11 11 12 12 12 13 13 13 13 13 13 13 13 12 12 12 11 11 11 11 11 12 12 11 11 12 11 11 11 11 10 10 10 11 11 11 11 12 12 15 14 14 21 18 11 10 12 12 12 12 12 12 12 12 12 11 12 12 
10 11 11 13 12 12 14 16 17 17 18 21 23 22 20 18 20 21 22 24 26 29 33 36 40 49 65 82 90 101 108 117 133 137 136 143 146 159 169 114 37 11 11 12 12 12 13 13 13 12 12 12 12 12 12 12 12 12 13 13 13 13 12 12 13 14 14 13 12 13 13 12 12 13 14 14 12 12 13 13 13 13 14 14 14 14 14 14 15 12 13 13 13 12 11 11 11 12 13 13 13 13 12 12 12 13 13 13 13 14 14 14 14 14 14 14 14 13 12 12 13 14 13 13 13 13 13 13 13 13 13 13 13 13 13 13 13 13 12 12 12 12 12 12 12 12 12 12 12 12 12 12 13 12 12 11 10 10 11 12 12 12 12 13 13 13 13 13 13 12 12 12 12 12 12 13 13 13 12 12 13 13 12 12 12 12 13 13 13 12 11 11 11 11 12 12 12 12 13 13 12 12 12 12 12 12 11 11 11 11 11 12 12 12 12 12 12 12 12 12 11 11 11 11 11 12 12 12 12 11 13 20 20 16 24 24 12 11 13 12 12 12 12 12 12 12 11 11 12 11 
12 12 12 13 12 13 15 17 19 20 20 18 19 19 19 21 26 28 30 32 37 42 48 54 62 74 89 104 109 111 117 119 124 129 128 137 140 142 166 148 71 20 11 10 13 13 11 12 13 12 11 11 11 12 11 11 11 12 13 13 13 12 13 13 14 14 14 14 13 14 13 13 12 13 14 13 11 11 12 13 13 13 13 13 13 13 13 13 13 12 13 13 12 12 11 12 12 12 13 13 13 13 13 12 12 12 13 14 14 15 15 15 15 14 14 13 13 13 13 13 14 14 13 13 13 13 13 12 12 13 13 13 13 13 13 13 13 14 14 13 13 12 12 12 12 13 13 13 13 13 13 13 13 13 13 13 12 12 13 13 13 13 13 13 14 14 14 14 13 13 14 14 14 14 13 13 13 13 13 13 13 13 13 12 12 13 13 14 13 13 13 12 12 12 12 12 13 13 14 14 13 13 13 13 13 13 13 12 12 12 12 13 13 13 13 12 13 13 13 13 13 12 12 12 11 12 12 13 12 12 15 26 23 18 31 27 12 10 11 10 11 11 12 12 12 12 11 11 11 11 
12 12 12 13 12 14 15 16 20 23 21 19 22 23 24 26 29 33 38 45 52 61 70 79 85 94 102 106 107 111 122 122 122 127 125 134 135 128 147 165 125 45 15 11 14 14 11 13 14 12 12 11 11 12 12 11 11 12 13 14 13 13 13 13 13 13 14 14 14 13 13 12 12 11 11 11 10 11 11 12 13 13 13 13 13 13 14 14 14 13 13 13 13 12 12 12 13 13 13 13 13 13 13 13 13 13 13 14 14 14 15 15 15 14 13 12 12 13 13 14 14 13 14 14 15 15 14 13 12 13 13 13 13 13 13 12 13 14 15 15 14 13 13 13 13 13 13 13 13 14 13 13 13 13 14 13 13 13 14 14 14 14 13 14 14 15 14 14 13 13 13 13 13 13 13 13 14 14 14 13 13 13 13 13 13 13 13 14 14 14 14 14 13 13 12 13 13 14 14 14 13 13 13 14 14 14 14 14 12 13 13 13 13 13 13 12 13 13 13 13 13 12 12 12 11 11 12 13 13 12 13 23 18 17 33 23 10 10 10 9 10 11 12 12 12 11 11 11 11 11 
12 12 13 13 13 14 15 16 20 24 23 23 28 32 33 33 35 42 54 66 77 87 95 101 103 107 108 109 108 112 124 122 121 127 125 135 130 124 129 160 175 95 36 15 12 14 13 14 13 12 12 12 12 12 12 12 12 13 14 14 14 13 13 12 13 13 13 13 13 13 13 13 12 12 12 11 11 11 12 12 13 13 14 14 14 14 14 14 14 14 14 14 13 13 13 13 13 13 13 13 13 13 13 13 13 14 14 14 14 14 14 14 14 13 12 12 13 13 13 14 14 13 15 15 16 16 15 14 14 13 13 13 13 13 13 13 13 14 14 14 14 14 14 14 14 13 13 13 13 14 13 12 12 12 13 13 13 13 13 13 13 13 13 14 14 14 14 13 13 12 12 13 13 12 12 13 14 14 14 13 13 13 13 13 13 13 13 13 14 15 15 14 14 13 13 12 13 13 14 13 13 13 12 12 13 13 13 13 12 13 13 13 13 12 12 13 13 13 13 13 12 12 12 12 11 11 12 13 13 12 10 14 13 14 23 19 12 12 11 12 11 11 12 13 12 11 11 11 12 12 
12 12 13 12 13 14 14 14 19 25 26 26 30 36 39 41 50 61 74 87 96 102 105 102 104 107 111 115 117 117 122 120 120 126 126 137 131 137 129 139 171 146 89 32 12 14 16 12 10 11 12 12 12 12 12 12 12 13 13 14 13 13 12 12 13 13 13 13 13 13 14 14 14 14 13 12 12 13 13 13 14 14 14 14 14 14 14 14 13 13 13 13 13 13 13 13 14 14 14 14 14 14 14 14 15 15 15 14 14 14 14 14 14 14 13 13 14 14 14 14 14 14 13 14 14 14 14 14 13 14 14 14 14 13 13 13 13 13 13 14 13 14 14 14 14 13 13 13 13 13 13 12 12 12 11 13 13 12 12 12 12 12 13 13 13 13 12 12 13 13 13 13 13 13 13 13 14 14 14 13 13 13 14 13 13 12 12 12 13 14 14 14 13 13 13 13 13 13 14 14 14 13 13 12 12 12 12 13 13 14 14 13 13 13 12 13 13 13 13 13 12 13 13 13 11 11 11 12 10 12 10 11 12 10 14 14 14 14 13 14 13 11 12 12 12 12 11 12 12 12 
10 10 11 11 12 13 13 12 17 24 28 29 32 40 49 56 72 82 90 96 99 102 103 98 100 104 110 117 122 117 119 118 118 124 125 136 133 143 137 127 140 162 151 81 28 14 13 13 12 11 11 12 12 11 12 13 13 13 13 13 13 13 13 13 13 13 13 13 14 13 13 14 14 14 13 13 14 14 14 14 15 15 14 14 14 13 13 13 13 13 13 13 13 13 13 14 15 15 15 15 15 15 15 15 16 16 16 15 14 15 15 15 15 15 14 14 14 15 15 15 14 14 13 13 13 14 14 14 14 13 13 13 13 12 12 13 13 13 13 14 14 14 14 14 14 13 13 13 13 14 14 13 13 12 12 13 13 13 12 12 12 12 13 13 13 13 12 12 12 13 13 13 13 13 13 14 15 15 15 15 14 14 14 14 13 13 13 13 13 13 13 13 13 13 12 13 14 14 14 15 15 15 15 14 13 13 13 13 14 15 15 15 14 14 13 13 13 13 13 13 13 13 13 12 11 10 11 12 10 14 13 13 14 11 11 10 13 14 12 14 12 10 11 12 12 12 12 13 13 13 
11 11 12 11 12 12 12 11 15 22 31 38 44 54 68 79 88 93 97 98 99 100 104 105 105 107 109 111 114 112 118 118 118 123 120 127 129 131 135 132 132 151 169 143 73 20 9 16 15 11 12 13 12 12 13 14 14 14 14 13 13 13 13 13 13 13 13 14 14 13 14 14 14 14 13 14 14 14 13 14 14 15 15 15 14 14 14 13 13 13 13 13 14 14 14 14 14 14 14 14 14 14 15 15 16 15 15 15 14 15 15 15 15 15 15 15 15 15 15 15 14 14 14 14 14 15 15 16 16 15 14 14 14 13 13 13 14 14 15 15 15 14 14 14 14 14 14 14 14 15 15 15 15 14 14 13 13 13 13 13 13 13 14 14 13 13 13 13 13 13 13 13 13 13 13 15 16 16 16 15 15 14 15 14 14 14 14 14 13 13 13 13 13 13 12 13 13 13 14 14 15 15 14 14 13 13 12 12 12 13 13 13 13 12 12 11 11 12 12 12 12 11 11 11 11 11 12 13 15 17 15 14 16 17 14 13 16 17 15 16 15 13 14 15 15 15 16 16 16 16 
13 12 14 13 12 12 12 12 14 21 38 59 73 79 88 94 93 97 101 103 102 102 104 108 108 108 107 107 106 110 122 121 118 120 110 112 124 127 129 127 128 142 161 173 133 57 15 15 15 11 11 13 12 11 12 14 13 13 12 12 12 12 12 12 13 13 13 13 13 14 14 14 14 14 14 14 14 13 13 13 13 14 14 14 14 13 13 12 12 13 13 13 13 13 14 13 13 13 13 13 13 13 14 14 14 13 13 13 14 13 13 13 13 13 14 13 13 13 13 13 13 12 13 13 14 14 15 16 16 15 15 14 14 13 13 12 12 13 14 14 14 13 12 12 12 13 13 13 13 13 14 14 14 13 13 12 12 12 12 12 12 13 14 13 13 12 12 12 12 12 13 13 13 13 12 12 12 13 12 12 12 12 12 12 12 12 12 12 12 11 12 12 12 11 11 11 11 11 12 12 13 13 13 13 13 13 13 13 12 13 13 13 13 13 13 12 13 13 14 14 14 15 15 15 14 13 14 15 19 18 17 15 16 18 17 17 17 19 16 17 17 15 16 16 16 15 15 15 15 15 
12 11 12 14 12 12 12 12 13 21 44 76 96 96 95 94 94 100 105 108 105 103 102 101 104 106 108 109 108 112 122 122 116 112 100 101 123 135 126 112 117 139 157 173 169 125 39 13 14 11 11 11 11 10 11 13 11 11 11 10 10 11 11 12 12 12 12 13 12 13 12 12 11 12 12 13 13 12 12 12 12 13 13 13 12 12 12 11 11 12 12 12 12 12 12 12 12 12 12 12 12 12 13 13 13 12 12 12 13 12 12 12 12 12 12 12 12 12 12 12 11 11 11 11 11 12 13 13 13 12 12 11 11 10 10 10 10 12 13 13 12 11 10 10 11 11 11 11 11 11 11 12 12 12 11 10 10 11 11 11 11 12 13 12 12 11 11 11 11 10 11 11 11 10 10 10 10 10 10 9 9 9 9 9 9 10 10 10 10 10 10 10 10 10 10 10 10 10 10 11 12 13 14 15 16 16 16 16 15 16 16 17 17 17 16 16 17 18 19 20 20 20 19 18 16 15 15 15 17 16 17 15 15 16 14 13 11 13 12 11 12 12 12 13 12 11 11 11 11 11 
11 10 10 12 11 12 10 10 12 17 38 74 101 97 92 99 99 101 105 107 107 105 104 105 109 107 111 118 112 105 103 102 93 79 77 92 121 125 106 95 115 135 137 151 173 181 93 28 13 12 13 10 9 11 10 13 11 11 11 12 12 13 13 13 13 13 12 12 11 13 13 12 11 11 12 12 11 12 12 12 12 12 11 11 11 11 10 10 10 12 12 12 11 11 11 11 11 11 10 10 10 11 11 11 11 11 11 11 10 9 9 9 10 10 10 10 10 9 8 9 10 11 10 10 9 9 9 10 10 9 9 9 9 10 10 9 9 10 11 11 11 11 11 10 11 12 12 11 11 11 11 11 11 11 12 11 11 12 12 12 12 12 14 14 14 14 14 14 14 14 15 15 14 14 13 13 13 12 12 11 10 11 11 10 10 10 10 11 10 10 11 11 11 11 11 11 11 11 10 11 12 13 12 13 13 13 13 13 13 13 13 13 13 13 12 11 11 11 11 12 13 13 13 12 12 11 11 11 12 12 12 12 12 11 11 10 11 11 11 11 11 11 11 11 11 11 12 12 12 12 
9 9 8 11 10 11 9 9 11 10 25 71 105 99 95 96 97 100 103 106 106 105 105 113 111 99 90 95 101 92 75 65 54 42 54 97 116 103 86 85 107 130 136 141 150 161 139 71 18 9 11 9 8 10 11 11 11 11 11 12 12 12 11 11 11 11 11 11 11 10 9 9 9 10 10 11 11 11 11 11 10 10 9 9 9 9 9 9 9 8 8 8 9 9 9 9 10 10 10 10 10 10 10 10 10 10 9 9 9 9 9 10 10 11 11 11 11 11 10 10 11 12 13 12 12 11 12 12 12 12 12 12 12 12 12 13 13 14 15 14 14 14 15 15 15 17 17 17 16 16 16 17 18 18 18 19 19 19 19 19 18 18 18 18 19 20 20 21 21 22 22 23 22 21 20 20 20 20 19 18 18 18 18 18 17 16 16 16 15 15 15 16 16 16 16 16 16 16 15 13 13 13 12 12 13 13 13 12 11 11 10 10 9 9 9 9 9 9 10 10 10 10 10 10 10 10 10 10 10 10 10 10 10 10 11 12 12 11 11 11 11 11 11 11 11 11 11 12 11 12 
8 7 7 9 8 10 8 8 10 8 17 57 97 102 100 102 99 100 102 105 105 104 104 111 112 102 88 85 90 87 60 37 44 58 71 89 116 93 77 81 98 122 137 144 146 148 167 124 44 12 9 10 9 8 11 9 10 10 10 10 10 10 10 10 10 10 10 10 10 10 9 10 10 11 12 12 12 12 12 11 11 10 10 10 10 10 11 11 11 10 11 11 12 13 13 13 13 13 14 15 15 15 16 17 17 17 17 16 16 16 17 17 18 19 19 19 18 18 17 18 19 20 21 20 19 19 19 20 20 19 19 19 20 20 20 20 21 22 22 22 21 20 21 21 21 22 23 22 21 21 21 22 23 23 24 24 24 23 22 22 22 22 21 21 22 22 22 23 22 22 22 23 22 21 21 21 20 20 20 20 20 20 21 21 19 18 18 17 16 16 16 16 16 16 15 15 16 17 16 14 13 12 13 13 13 13 12 12 12 12 12 12 11 11 10 8 9 9 10 9 9 10 11 11 11 11 11 11 9 10 10 10 11 10 11 11 11 11 10 10 10 11 11 10 10 10 10 10 10 10 
8 7 7 8 7 9 7 8 9 8 12 34 77 102 101 101 99 99 101 103 104 103 103 104 110 110 102 94 93 85 67 52 59 86 98 87 111 90 80 84 91 114 137 149 149 142 161 152 97 40 13 10 12 11 13 11 10 11 11 11 12 12 12 12 12 13 13 13 13 12 12 12 13 13 13 14 15 15 15 15 15 14 14 14 15 15 16 16 16 16 16 17 17 18 19 19 19 21 22 23 23 23 23 23 24 24 24 23 23 23 23 23 24 24 24 23 22 21 21 21 22 23 23 23 23 22 23 23 23 21 21 22 22 22 23 22 22 23 23 22 21 20 20 20 21 20 20 19 19 18 18 18 18 18 18 19 19 18 17 16 17 17 18 17 17 17 16 16 15 14 15 15 15 15 14 14 14 15 15 15 15 15 15 15 14 14 13 13 12 12 13 13 12 12 12 11 12 12 12 11 11 11 12 12 12 11 11 11 10 10 11 11 11 11 10 10 11 12 12 11 10 11 12 11 12 12 12 13 12 12 12 12 12 11 11 12 11 11 11 11 11 12 12 11 10 10 10 10 11 11 
8 8 8 8 8 9 8 8 10 10 11 18 59 99 101 97 98 100 101 103 104 104 105 105 107 111 111 105 104 97 97 86 69 86 104 91 89 79 78 83 88 109 133 140 135 137 154 161 152 99 34 10 12 14 16 13 12 12 13 13 14 14 14 13 14 14 14 14 14 12 12 13 13 13 12 12 12 12 13 13 13 13 13 14 14 15 15 16 16 15 15 16 16 16 16 15 14 15 17 17 18 17 17 17 18 18 18 18 18 18 18 18 18 17 17 16 15 15 15 15 16 16 17 17 17 17 17 17 16 15 15 15 15 16 16 16 15 16 16 15 14 14 15 16 15 14 13 13 13 13 13 12 12 11 11 13 13 12 11 11 11 12 12 12 12 12 12 12 11 11 12 12 12 12 11 12 12 12 12 12 12 12 11 11 11 12 11 11 11 11 12 12 12 11 11 12 12 11 11 10 11 12 12 12 12 11 11 11 12 12 12 12 11 11 11 11 12 13 13 12 10 11 11 11 11 12 12 12 13 13 13 12 12 11 11 12 12 12 12 13 13 13 13 12 11 11 11 11 11 11 
9 9 9 8 8 10 9 9 11 11 11 13 39 82 102 100 100 101 102 103 104 105 107 108 108 109 105 99 104 111 115 91 66 84 102 84 72 70 74 83 95 115 130 129 124 138 152 156 167 152 82 24 12 14 14 12 12 12 12 13 13 13 12 11 11 12 12 11 11 10 10 11 11 11 10 10 10 10 10 10 10 10 9 9 10 10 10 10 10 11 11 11 10 10 10 10 9 9 10 10 10 11 10 10 11 11 11 11 11 11 11 11 11 10 10 10 10 10 10 10 10 10 11 11 11 11 11 11 10 10 10 10 10 11 11 11 11 11 11 11 10 10 12 12 13 12 11 11 11 11 11 10 10 9 9 11 11 11 11 11 11 11 11 11 11 12 12 12 11 11 12 12 12 12 12 12 12 12 12 12 12 12 12 12 13 13 13 13 12 12 12 13 13 13 13 14 14 13 11 11 11 12 13 13 13 13 13 13 13 13 12 12 12 11 11 12 12 13 12 11 10 11 12 11 11 11 11 12 12 12 12 12 11 10 10 11 11 11 11 11 11 11 11 10 10 10 9 10 10 10 
9 9 8 9 9 11 10 11 13 11 11 11 19 53 94 103 102 103 103 104 105 107 107 104 110 112 98 85 92 98 93 75 66 87 95 73 72 70 73 87 110 127 131 130 134 144 142 140 157 169 150 67 20 12 11 13 13 13 13 13 12 12 11 10 10 10 10 9 9 9 9 10 10 10 10 10 10 10 10 9 9 9 8 8 9 9 9 9 9 9 9 9 9 9 10 9 8 8 8 8 9 9 8 8 8 9 9 9 9 8 9 9 9 9 9 8 8 8 8 8 9 9 8 9 9 9 9 8 8 8 8 9 9 9 9 9 9 10 10 10 9 9 9 10 11 10 9 10 10 9 9 9 9 9 8 10 10 11 11 11 10 10 11 11 11 10 10 10 10 10 11 12 12 11 11 11 11 11 11 10 10 10 10 11 11 11 11 10 10 11 11 12 12 12 12 13 13 12 11 10 10 11 11 12 12 13 12 12 12 12 13 13 13 12 12 12 12 12 12 11 10 11 11 10 10 10 10 10 11 11 12 12 11 11 11 11 11 11 11 10 10 10 10 9 9 9 9 9 9 9 
9 9 9 9 9 10 9 10 11 11 12 10 12 31 84 114 106 107 109 109 110 112 114 106 111 111 96 78 71 68 62 67 90 91 77 72 80 73 83 96 98 112 133 135 138 147 149 144 145 163 185 134 57 21 12 12 12 11 13 13 10 11 11 10 9 9 10 10 9 9 10 11 11 11 11 11 11 11 11 10 10 9 9 10 10 11 11 10 10 10 10 10 10 11 11 10 9 9 9 9 10 10 9 9 9 9 9 9 9 8 9 10 10 10 10 9 9 9 9 9 10 10 10 10 10 9 9 9 9 9 9 8 8 9 9 9 9 10 10 10 9 9 8 9 10 9 9 9 9 8 8 8 7 6 7 8 8 8 9 9 9 9 9 9 9 8 8 8 8 8 9 9 9 9 9 9 9 9 9 9 8 8 8 8 9 9 9 8 8 9 9 9 9 9 9 9 9 9 8 8 8 9 9 9 9 9 9 9 9 10 10 10 10 10 10 9 9 9 8 7 7 8 9 10 11 11 10 10 11 11 11 11 11 10 10 10 10 10 9 9 9 9 9 10 10 10 10 10 10 10 
7 8 8 8 9 9 9 9 10 10 12 9 12 26 71 106 104 106 109 110 111 114 115 113 114 114 106 89 72 58 55 79 104 87 70 84 82 78 81 86 92 108 126 139 142 144 146 147 144 147 163 173 120 46 15 13 9 9 10 11 11 10 10 11 11 11 11 10 10 10 11 11 11 11 11 12 12 12 12 11 11 11 11 11 11 11 11 11 10 11 11 11 12 12 12 12 12 12 12 12 12 12 12 12 12 12 12 12 12 11 11 12 13 13 13 12 13 12 12 13 13 13 12 12 12 12 12 11 11 11 11 11 11 11 11 10 10 11 12 12 11 11 9 10 10 10 10 9 11 11 10 10 10 9 9 11 11 11 10 11 11 11 11 10 10 10 10 10 9 9 9 10 10 10 10 10 10 10 10 10 10 9 8 9 9 10 10 9 9 9 10 10 9 9 9 10 9 9 9 8 8 8 8 8 9 9 9 9 8 8 8 8 8 8 8 8 8 7 7 7 7 6 7 8 8 8 8 8 9 10 10 10 10 10 9 7 7 8 8 8 8 8 8 9 9 9 9 9 9 9 
6 5 5 6 7 7 7 7 7 8 10 8 10 19 52 97 105 104 106 109 112 113 111 115 112 115 118 105 87 67 65 93 110 88 74 92 84 90 82 82 106 126 124 134 140 133 133 141 140 144 156 194 183 94 30 14 11 12 9 8 11 10 9 10 10 10 9 9 9 8 8 9 8 8 8 9 9 9 9 9 9 9 9 8 8 9 9 8 8 9 10 10 10 10 10 10 11 10 10 10 10 10 10 10 10 10 10 10 10 10 10 10 11 11 11 11 12 11 11 12 12 12 11 11 11 11 11 11 11 11 11 11 10 10 11 10 10 11 12 13 12 12 13 13 14 14 14 13 13 12 11 12 11 11 12 12 12 12 12 12 13 13 12 12 12 12 12 12 12 12 12 12 12 11 11 12 12 12 13 13 13 13 12 11 11 12 12 11 11 12 12 12 12 11 12 12 12 11 11 10 10 9 10 10 10 10 10 11 10 10 10 10 10 9 9 9 9 9 8 8 9 9 9 8 8 8 9 10 10 10 9 9 9 10 9 7 7 8 8 8 8 9 9 9 10 10 9 9 10 9 
4 3 3 3 4 4 4 4 4 5 7 5 5 9 31 87 110 106 104 106 110 111 109 109 107 111 117 114 105 94 85 92 107 103 91 92 105 110 96 91 113 121 112 125 135 129 130 143 142 147 165 174 172 153 85 24 7 8 6 5 6 6 5 6 6 7 6 6 6 5 6 6 6 5 5 6 5 5 5 5 5 5 5 5 5 5 5 5 5 6 6 6 6 6 6 6 6 6 5 5 5 5 6 6 6 6 6 6 6 6 6 5 5 6 6 6 6 6 6 6 7 7 7 7 7 7 7 7 7 8 8 7 7 7 7 7 8 8 9 9 9 8 8 8 8 9 9 8 8 8 8 8 8 8 8 8 8 8 8 8 8 9 9 9 9 9 9 9 10 10 10 9 9 9 9 10 10 11 11 11 11 12 11 10 10 10 10 10 9 10 11 11 10 10 10 10 10 10 10 9 9 10 10 10 9 9 9 9 10 10 10 10 10 9 9 9 9 9 9 9 9 10 10 9 8 8 9 11 10 9 9 9 9 10 10 9 9 9 8 8 8 9 9 9 9 9 9 9 10 10 
3 3 3 3 3 3 3 3 3 3 4 5 3 4 14 59 107 110 106 105 106 109 110 111 112 111 110 110 113 111 100 93 105 114 112 109 128 120 109 103 98 91 93 114 127 131 139 149 146 140 155 148 149 186 159 75 16 7 4 6 5 4 3 3 4 4 4 4 4 4 5 5 5 5 5 5 5 4 4 4 4 4 4 4 4 4 4 4 4 4 4 4 4 4 4 4 4 4 4 4 3 3 4 4 4 4 4 4 4 4 4 4 4 4 4 4 4 4 4 4 4 4 5 5 5 5 5 5 5 5 5 5 5 5 5 5 5 5 5 5 4 4 4 4 4 5 5 4 4 4 4 4 4 5 5 4 4 4 4 4 4 5 5 5 5 5 6 6 5 5 5 5 5 4 4 5 5 6 6 6 6 7 6 6 5 6 6 5 5 6 6 6 6 6 6 6 6 6 6 6 6 6 6 6 6 5 5 5 6 6 6 6 6 5 5 6 6 6 6 6 6 6 6 6 5 5 5 6 6 6 5 5 5 6 6 6 6 6 6 6 5 6 6 6 6 6 6 6 6 6 
3 3 3 4 4 4 4 4 4 3 4 6 4 4 6 29 90 105 108 107 105 106 111 119 119 114 109 109 112 108 103 102 104 111 120 127 122 113 115 116 103 96 99 102 107 121 137 140 138 140 148 150 154 171 171 144 74 25 6 4 5 4 3 3 3 3 4 4 3 4 4 4 4 4 4 4 5 5 4 4 4 4 4 3 3 3 3 3 3 4 4 3 3 3 3 3 4 4 4 4 3 4 4 4 4 4 4 4 4 4 4 4 4 3 3 3 3 3 3 3 4 4 4 4 4 4 4 4 4 4 4 4 4 4 4 4 4 4 4 4 3 3 4 4 4 4 4 4 3 4 4 3 3 4 4 3 3 3 3 3 4 4 4 4 4 4 4 4 4 4 4 4 4 4 3 4 4 4 5 5 5 5 4 4 4 4 4 4 4 5 5 5 4 4 5 5 5 5 5 5 5 5 4 4 4 4 4 4 4 5 5 5 5 5 5 5 4 4 4 5 5 5 5 5 4 4 4 4 4 4 4 4 4 4 4 3 3 4 4 4 4 5 5 4 4 4 4 4 5 4 
4 5 5 6 5 5 5 6 5 5 6 7 4 6 6 18 70 95 110 111 106 104 109 117 114 112 114 113 110 106 106 106 105 112 120 122 112 113 120 122 117 116 116 102 96 116 136 134 136 145 146 149 152 154 163 173 141 75 28 10 6 4 5 6 4 4 5 5 4 4 4 5 4 4 4 4 5 5 5 5 5 5 5 4 4 4 4 4 5 5 4 4 4 4 4 4 4 4 4 4 4 5 4 4 4 4 4 4 4 4 4 4 4 4 3 4 4 4 4 4 4 4 4 4 4 4 4 4 4 4 4 4 4 4 4 4 4 4 4 4 4 4 3 4 4 4 4 4 4 4 4 3 4 4 4 3 3 3 3 3 4 4 4 4 4 4 4 4 4 4 4 4 4 4 4 4 4 4 4 4 4 4 4 4 5 5 5 4 4 4 4 4 4 4 5 5 5 5 4 4 4 4 4 4 4 4 4 4 4 4 5 5 5 5 5 4 4 4 4 4 4 4 5 5 4 4 4 4 4 4 4 4 4 4 3 3 3 3 3 3 3 4 4 4 3 3 3 4 4 4 
6 6 6 6 6 5 6 6 6 6 7 6 5 7 8 15 55 92 109 111 108 104 108 109 107 109 115 117 111 109 108 105 106 115 118 112 112 120 122 118 117 120 122 112 99 116 138 138 139 140 137 139 143 150 164 179 170 140 79 32 14 8 7 8 5 6 7 6 6 6 6 6 6 5 5 5 6 6 6 6 6 6 6 6 6 6 6 6 6 6 6 6 6 6 6 5 5 5 5 5 5 5 5 5 5 5 5 5 5 5 5 5 5 5 4 4 5 5 5 5 5 5 5 5 5 5 5 5 6 6 5 5 4 4 4 4 4 4 4 5 5 5 5 6 6 5 5 5 5 5 5 4 5 5 5 5 4 4 4 4 4 4 5 5 4 4 4 4 5 5 5 4 4 4 4 4 4 4 4 4 4 4 4 5 5 5 5 4 4 4 4 4 3 4 5 4 5 5 4 4 3 4 5 5 4 4 4 4 4 4 4 4 4 4 4 4 4 3 3 3 3 4 4 3 3 3 3 3 3 3 3 3 3 3 3 3 3 3 3 3 3 3 3 3 3 3 3 3 3 3 
6 6 6 6 6 6 6 6 6 6 7 7 6 6 8 11 41 92 108 102 107 107 108 109 109 110 111 113 114 110 107 109 111 113 115 116 113 121 121 115 116 122 123 113 96 104 129 138 135 132 130 140 147 142 152 184 177 167 115 62 31 13 7 7 7 8 6 5 7 7 7 7 8 7 6 6 6 6 6 7 7 7 6 6 7 7 6 6 6 6 6 6 6 6 6 6 6 6 6 6 6 6 6 6 6 6 6 6 6 6 6 6 6 6 5 5 6 6 6 5 5 6 6 6 6 6 6 6 6 6 6 5 5 5 6 6 6 5 5 7 7 5 5 5 5 6 6 6 5 5 6 6 6 6 6 6 6 6 6 6 5 5 5 5 5 5 6 6 7 7 7 6 6 6 5 6 6 6 6 5 5 5 5 6 6 6 6 5 5 5 6 5 5 5 5 5 6 6 5 6 4 5 5 6 4 4 5 5 6 5 5 6 5 5 4 4 4 4 4 4 4 4 4 4 3 3 3 3 3 3 3 3 3 4 4 4 4 4 4 3 3 4 4 4 4 3 3 3 3 3 
7 7 7 8 8 7 7 8 8 8 9 8 7 6 7 8 29 79 107 96 102 115 105 109 109 109 111 113 114 111 108 109 110 111 113 113 112 120 119 113 116 121 119 104 87 94 121 134 133 133 130 136 144 142 149 171 158 164 141 109 74 38 17 10 10 10 7 7 9 8 7 8 9 9 8 9 8 8 9 9 9 9 8 8 8 8 8 8 7 8 8 8 8 8 8 7 7 8 8 8 8 6 7 7 7 7 8 8 8 7 7 7 7 7 7 7 8 9 8 8 8 8 9 8 8 8 7 7 7 7 7 7 7 8 8 8 8 6 6 7 8 6 5 6 7 8 7 7 7 7 8 8 7 6 6 7 7 8 8 8 8 7 8 7 7 7 7 8 7 7 7 7 7 7 7 7 8 8 8 7 6 6 6 6 6 8 8 7 6 7 7 6 8 8 6 11 12 11 5 6 6 6 7 7 5 5 6 6 7 7 7 7 7 6 6 6 5 5 5 5 6 6 6 5 5 5 5 6 5 5 5 5 5 5 5 5 5 5 5 5 5 5 5 5 4 4 4 4 4 4 
9 9 9 10 10 10 9 9 9 10 11 10 9 9 9 9 18 56 103 103 103 120 106 108 108 109 111 112 113 111 109 109 110 110 110 110 109 117 118 113 116 123 119 98 83 91 120 131 129 134 130 132 140 141 145 157 150 157 148 137 117 77 46 29 19 13 12 11 10 10 9 11 12 11 10 11 12 11 11 10 9 9 9 9 9 9 9 9 9 10 10 9 9 9 9 9 9 9 10 11 10 9 9 9 9 9 9 9 9 9 9 9 9 10 10 9 9 9 9 8 8 8 9 9 9 8 8 8 7 8 8 7 7 7 7 8 8 8 7 8 8 7 7 8 9 9 8 7 7 8 9 9 9 9 9 10 9 8 8 8 9 8 9 8 8 8 8 8 8 8 8 8 8 8 8 8 9 10 10 9 8 8 8 7 7 8 9 8 6 7 7 7 10 10 7 14 25 27 8 6 8 7 8 8 6 7 9 9 8 8 7 7 7 7 7 7 6 6 6 7 7 8 8 7 6 6 6 6 6 6 6 7 7 6 6 6 6 6 6 6 6 6 6 6 6 5 5 5 5 5 
8 8 8 9 8 8 8 8 8 8 9 8 9 10 10 10 10 30 85 112 106 114 109 107 108 109 110 111 113 111 111 111 110 110 109 108 111 120 119 114 116 121 115 92 83 96 124 131 125 133 131 130 137 141 142 148 151 151 139 131 125 105 79 65 58 41 24 14 10 12 11 12 13 11 10 12 14 14 14 15 15 15 15 15 15 15 15 15 15 12 12 12 12 12 12 12 12 12 12 14 15 15 13 13 13 12 12 11 11 9 9 9 10 12 12 12 11 11 11 11 11 11 11 11 11 11 10 10 11 11 11 12 13 13 14 13 15 16 12 10 9 8 12 14 16 19 22 26 30 33 34 33 32 33 35 38 31 22 18 17 16 14 10 9 9 9 8 8 8 9 9 9 9 9 9 8 9 9 9 9 10 10 9 10 9 9 9 10 13 13 14 14 12 10 10 16 37 44 16 11 12 10 10 9 7 7 8 7 7 8 9 10 10 8 7 7 7 7 7 8 8 8 7 7 7 6 6 6 6 6 7 7 7 6 6 7 7 6 6 6 5 7 7 7 7 7 7 7 8 7 
6 6 6 6 6 6 6 6 6 6 7 7 7 8 9 9 8 16 61 111 111 108 116 107 107 108 110 111 111 112 111 111 111 111 110 110 111 118 113 104 103 105 99 85 85 103 126 130 125 132 132 131 135 139 141 143 150 151 140 128 124 115 102 96 92 70 48 32 22 13 10 11 12 11 9 11 12 12 13 13 13 13 13 13 13 13 13 13 14 14 13 13 13 14 15 15 15 14 14 16 19 20 21 21 22 23 23 22 22 23 23 24 28 33 35 39 42 41 42 45 47 48 49 50 50 50 51 51 53 57 58 59 59 59 59 62 69 69 53 40 34 32 40 40 42 46 52 58 61 63 65 66 65 66 68 79 74 68 67 64 57 50 48 44 37 29 23 19 17 18 18 19 20 20 21 22 22 23 23 25 28 30 30 35 36 32 33 38 52 53 55 58 47 40 47 43 61 71 49 51 47 40 36 32 25 21 17 13 11 10 9 10 10 9 9 10 10 10 10 10 10 9 8 9 10 10 10 10 8 9 9 9 9 9 9 9 9 9 8 8 7 7 7 7 7 8 8 8 10 9 
5 5 6 6 6 6 6 6 6 6 7 7 7 6 7 8 8 10 37 90 110 105 119 106 107 108 110 110 111 112 112 112 112 113 113 113 107 112 107 96 94 94 93 92 96 112 126 126 125 130 133 134 136 138 141 142 145 151 148 141 134 125 121 114 96 84 86 83 68 53 50 52 53 50 48 49 50 48 45 42 40 38 40 41 41 40 41 42 43 56 55 54 53 54 57 63 70 69 69 73 77 78 80 82 85 87 87 86 85 88 86 87 93 100 104 107 106 103 105 111 114 115 117 117 117 117 116 116 114 110 109 107 102 98 94 93 96 88 71 58 52 48 59 57 56 55 56 57 58 63 68 70 66 62 59 60 64 77 96 109 105 95 99 98 94 87 81 76 68 64 65 66 68 70 70 76 78 79 80 83 90 89 84 92 96 91 92 99 100 94 98 105 98 94 102 98 102 107 104 118 106 101 96 90 83 74 63 54 44 34 24 17 13 11 10 10 11 11 10 9 9 9 9 10 10 11 11 11 10 10 10 10 11 11 11 10 10 10 9 9 9 9 9 10 10 11 11 11 12 11 
5 5 5 6 6 6 6 6 7 6 6 7 6 5 6 8 7 8 18 60 96 96 110 106 107 108 109 110 111 112 113 113 114 114 115 115 110 116 113 105 103 106 107 109 112 121 123 120 122 127 133 136 135 137 141 143 144 148 150 152 149 139 128 128 132 126 128 132 129 125 122 123 124 117 113 116 124 122 118 114 110 107 113 116 114 114 115 118 120 124 122 118 115 116 120 121 122 121 123 127 127 126 128 131 133 134 132 128 125 125 120 115 116 118 119 123 124 116 115 119 120 119 109 108 107 105 104 103 100 93 93 93 90 86 84 79 74 63 56 55 54 49 47 50 53 56 59 61 61 64 68 65 52 38 29 31 39 59 92 119 127 121 121 122 122 119 114 112 106 102 102 102 102 102 101 100 105 108 109 111 114 113 107 113 117 115 114 114 114 113 110 112 117 117 110 110 113 114 119 126 115 124 122 123 131 132 124 116 109 101 85 62 35 15 8 7 7 7 7 5 5 6 7 6 6 6 6 6 6 6 5 5 6 6 6 6 6 7 7 7 7 6 6 6 7 8 8 8 7 7 
5 5 5 6 5 5 5 5 5 6 6 6 6 6 6 7 8 4 9 29 70 109 99 103 106 110 110 110 111 113 113 111 110 109 109 109 105 107 111 114 118 122 121 117 120 124 126 125 124 129 127 128 133 138 140 142 142 147 151 154 154 151 145 140 142 144 143 139 134 139 147 141 129 131 138 139 145 141 137 135 136 138 138 137 137 137 134 132 131 126 124 122 118 115 114 117 123 120 118 119 119 118 116 116 117 115 114 115 115 108 109 111 111 106 102 102 102 99 95 95 96 94 94 87 85 92 100 98 95 99 101 102 91 77 75 70 59 47 47 52 54 51 56 56 54 58 67 66 66 70 58 41 29 25 26 35 42 61 92 129 126 77 85 127 134 117 123 129 117 112 120 119 110 110 125 108 120 125 127 100 136 119 114 124 118 128 118 115 129 112 123 122 115 107 115 134 119 124 108 105 122 122 122 126 133 136 138 139 138 123 116 123 119 87 51 19 9 6 6 7 5 4 6 7 7 5 6 6 5 6 6 6 7 7 7 7 7 7 6 7 7 6 5 5 5 5 6 5 5 5 
5 5 5 6 5 5 5 5 5 6 7 6 6 6 6 7 6 5 8 17 56 109 101 101 109 112 108 106 110 115 116 114 112 111 112 113 111 112 114 116 119 121 120 120 122 124 126 126 125 129 128 127 132 137 140 142 145 149 153 155 154 152 149 144 139 145 155 153 144 138 139 135 130 132 137 135 127 124 120 119 120 123 117 113 113 113 112 111 109 110 110 110 110 110 110 111 112 109 108 109 110 109 111 112 110 110 110 114 116 117 112 104 96 90 87 82 82 89 91 89 89 89 92 101 111 115 112 106 105 108 101 92 73 54 45 47 48 47 48 51 55 58 55 68 73 73 73 70 61 48 38 28 27 37 50 68 79 99 116 128 102 50 57 108 135 127 128 129 126 119 114 121 123 120 120 126 114 110 124 126 136 125 128 115 110 129 130 119 133 113 120 133 128 105 130 134 116 124 119 120 125 123 127 127 131 136 139 140 140 139 136 141 151 147 126 90 65 30 8 5 7 6 6 5 4 6 6 5 5 5 5 6 6 6 7 7 8 8 7 7 6 6 6 6 6 6 6 6 6 6 
5 5 5 6 6 5 5 5 5 6 7 6 6 6 6 7 5 8 8 9 39 95 103 98 105 109 107 106 111 115 115 113 112 112 113 114 115 116 117 118 119 120 120 121 123 125 126 126 126 131 131 129 131 137 141 142 146 148 149 150 149 146 144 137 128 134 145 144 134 134 125 121 122 119 117 118 117 115 113 112 114 116 120 121 121 121 120 119 119 114 115 115 116 118 118 120 122 122 122 122 124 125 120 117 116 116 118 121 121 113 105 95 90 90 92 93 94 99 102 101 102 107 112 119 119 104 91 90 94 86 74 63 54 45 41 43 48 54 54 53 58 65 77 66 60 65 70 57 42 32 30 32 41 58 76 93 105 124 131 134 111 65 66 114 142 136 134 134 128 124 127 135 135 130 128 136 130 130 123 140 135 148 145 129 132 132 135 123 106 128 136 121 129 103 113 132 115 123 132 139 133 129 134 127 128 136 141 140 145 153 144 126 122 126 134 147 129 103 50 17 7 5 5 4 4 5 6 4 5 5 5 5 5 5 5 5 6 7 6 6 5 5 5 5 5 5 5 5 5 5 
5 5 5 6 6 6 6 6 6 6 6 6 6 6 6 6 6 9 8 6 23 69 104 101 100 101 104 108 111 111 109 109 108 108 110 112 115 117 117 118 120 120 122 124 125 126 126 127 128 132 134 130 129 136 141 138 138 140 141 141 139 137 136 131 125 124 128 127 122 129 117 112 114 108 100 105 119 118 118 119 121 123 124 123 120 119 118 117 117 125 124 124 124 124 123 122 122 123 123 123 124 128 127 127 127 128 129 126 120 109 103 97 94 97 101 112 114 108 110 112 112 116 116 110 94 74 64 71 78 63 50 44 44 46 49 48 51 57 57 57 60 66 71 69 72 74 59 32 25 33 42 58 75 86 91 108 117 129 133 142 142 112 112 136 144 138 136 138 134 131 127 117 106 110 129 114 112 112 96 126 100 118 105 112 128 110 111 110 90 91 109 112 76 33 96 130 119 123 137 148 142 139 140 130 129 137 142 143 133 144 149 142 141 149 151 132 131 132 111 72 27 8 4 5 6 5 4 5 6 5 5 5 5 5 5 5 5 5 5 5 5 5 5 5 5 5 4 4 4 4 
5 5 5 6 6 6 6 6 6 6 6 6 6 6 6 6 6 7 6 6 13 44 99 107 100 97 102 106 104 104 104 104 105 106 108 110 115 116 117 119 122 122 125 127 127 126 126 128 128 132 135 129 125 133 139 134 130 130 130 130 131 130 128 128 129 127 124 124 127 124 117 115 116 115 109 108 118 119 120 123 126 127 131 131 126 123 122 121 122 124 124 125 126 126 127 127 129 132 131 128 130 135 129 126 128 132 131 122 112 108 105 101 99 101 103 112 110 104 113 115 105 98 93 90 81 69 60 61 61 51 45 44 47 47 49 49 51 56 61 65 68 68 69 70 64 48 35 35 41 50 65 93 116 121 115 124 128 137 135 141 149 133 139 138 136 134 133 131 139 134 114 99 86 78 80 83 83 79 73 117 75 85 71 73 90 84 87 88 65 83 101 77 52 31 102 130 129 124 134 146 146 148 143 135 132 137 143 147 146 145 145 135 116 111 123 130 129 127 132 130 80 31 8 4 6 6 3 5 5 5 5 5 4 4 5 6 5 5 5 5 5 5 5 5 5 5 4 4 5 4 
5 5 5 6 6 6 6 6 5 5 5 6 6 6 6 5 6 6 5 7 10 26 78 101 100 100 103 104 102 104 107 108 109 111 114 116 120 120 122 123 124 125 126 129 128 126 126 128 129 132 136 128 120 129 137 130 126 126 126 126 128 128 123 121 126 127 123 124 129 116 123 125 123 131 131 120 113 115 119 122 125 127 133 135 131 128 128 130 131 125 126 128 130 132 134 133 132 135 134 128 130 136 127 122 123 128 129 121 110 104 103 101 102 105 108 110 105 105 116 109 91 82 82 85 83 72 58 47 43 43 45 52 55 50 49 53 56 62 70 74 71 65 57 48 39 36 40 56 72 81 88 110 135 144 140 126 125 135 134 135 138 124 129 125 128 131 126 126 135 128 118 125 112 71 39 52 76 70 55 85 61 82 67 54 58 65 60 56 46 74 88 60 64 65 131 133 137 124 132 142 143 148 143 141 137 137 143 151 147 139 142 120 79 71 94 90 74 103 116 90 77 47 15 5 5 5 4 4 4 4 4 4 4 4 5 6 5 4 4 4 4 4 4 4 4 4 4 4 4 4 
5 5 6 6 6 6 6 6 5 5 5 6 7 7 6 5 6 6 5 7 8 14 49 81 96 108 109 106 109 114 116 117 118 121 124 126 129 129 128 127 126 126 128 131 129 127 126 128 130 131 136 126 117 127 135 127 126 126 127 128 130 132 127 122 125 128 128 125 123 107 128 130 122 135 141 123 112 115 120 124 127 129 128 126 124 123 125 130 133 131 131 132 132 132 133 130 130 134 132 124 125 131 130 124 122 128 134 132 124 115 110 105 102 104 107 110 106 103 102 84 69 70 80 80 72 57 46 42 43 44 47 53 54 51 53 58 64 72 75 68 55 45 35 39 51 63 73 92 112 116 107 114 132 142 140 130 125 133 134 135 140 127 125 126 133 131 122 130 137 128 125 140 128 86 51 58 96 79 58 80 67 93 90 80 80 86 68 66 75 74 82 89 106 92 140 135 140 123 133 141 136 140 141 145 142 138 144 156 141 141 148 98 30 14 37 51 20 35 54 44 34 26 18 10 5 4 4 4 4 4 4 4 5 5 5 5 4 4 4 4 4 4 4 4 4 4 3 3 3 3 
6 6 6 6 6 6 6 6 5 5 6 7 7 7 6 5 6 6 5 7 7 11 37 71 89 106 110 108 113 116 117 118 120 122 125 127 129 129 128 127 127 127 129 131 130 129 129 130 126 129 125 109 105 122 135 129 128 130 134 136 128 133 130 130 127 133 135 132 125 108 124 133 125 138 134 123 119 116 130 123 131 132 123 129 126 124 127 134 129 134 133 126 128 127 126 129 132 133 129 130 124 131 132 120 131 134 134 129 131 128 126 108 106 101 106 106 101 88 67 51 51 67 78 70 59 47 40 44 49 49 53 56 55 57 63 70 70 66 58 46 36 32 41 52 69 82 95 126 144 134 125 121 127 132 132 137 131 131 132 135 139 133 137 132 135 139 137 138 135 139 137 132 139 112 102 104 128 104 100 120 92 124 122 122 123 121 109 119 116 104 114 122 133 106 128 138 141 128 135 137 129 133 139 145 139 143 149 156 138 146 146 101 23 8 25 46 20 8 20 33 28 17 14 13 9 7 6 5 6 6 5 5 5 5 5 5 4 5 5 5 5 5 5 5 5 4 4 4 3 4 
6 7 7 6 6 6 6 6 6 6 6 6 7 7 6 6 5 5 6 7 6 13 46 74 84 95 101 101 104 108 110 111 113 115 117 118 123 122 121 120 120 121 123 127 126 129 128 125 122 129 114 87 86 109 131 134 128 128 132 136 119 127 125 132 125 134 135 136 131 114 119 133 128 138 127 124 119 113 135 117 129 128 119 132 129 129 124 128 122 127 133 125 126 126 126 129 127 123 120 130 129 127 128 113 136 134 130 120 131 130 132 115 119 111 115 98 83 65 42 38 52 74 70 54 43 36 33 36 42 45 51 57 61 67 72 70 58 46 39 33 36 48 56 63 79 97 114 127 135 137 136 131 129 133 136 135 129 127 131 136 138 136 137 131 132 141 147 142 133 143 135 131 138 132 116 92 120 125 126 109 83 138 135 111 87 98 129 134 89 79 123 135 108 63 101 133 135 128 134 131 124 126 136 141 133 146 153 156 149 160 145 111 29 8 15 46 40 14 11 16 31 36 29 23 21 18 11 5 6 7 8 6 5 5 6 6 5 6 6 6 6 6 6 6 5 5 5 4 4 4 
7 7 7 6 6 6 6 6 6 6 6 6 6 6 6 6 5 6 7 6 5 13 49 75 81 87 90 91 94 99 102 104 106 108 110 110 115 114 113 112 112 113 117 120 120 128 124 115 121 124 111 93 93 110 127 128 129 124 123 129 117 122 119 127 120 128 128 129 129 113 115 126 120 128 120 121 116 110 130 117 129 126 126 131 128 135 122 124 122 124 134 132 126 124 124 128 130 128 124 124 129 123 132 116 126 120 129 126 127 109 114 124 126 114 101 67 52 42 33 42 59 67 50 34 25 23 26 35 42 48 56 66 72 69 61 51 38 37 42 38 42 64 69 80 93 110 126 119 116 128 133 132 129 132 139 136 131 131 135 141 143 141 134 136 136 134 135 139 142 140 122 140 123 139 88 37 83 130 115 57 48 122 135 80 31 62 135 114 41 39 114 135 82 21 67 127 127 123 136 136 127 126 134 138 127 141 149 154 149 160 149 125 46 13 11 46 53 26 16 28 62 83 80 66 60 59 41 18 8 5 5 6 6 6 6 5 5 6 6 5 5 6 6 5 5 5 5 5 5 5 
7 7 8 7 7 6 6 6 6 6 7 7 7 7 7 7 6 6 6 7 7 11 32 63 75 81 81 84 90 93 93 94 96 98 100 100 102 102 104 106 108 111 114 114 115 118 114 111 114 116 114 110 112 120 122 115 124 125 124 127 116 123 116 120 117 128 123 122 125 110 109 119 112 117 111 119 118 107 124 120 122 101 117 127 120 114 102 119 121 125 107 112 123 118 103 97 115 134 124 103 80 93 134 113 91 78 114 128 100 60 75 113 106 84 59 28 25 28 31 44 51 40 26 21 19 22 30 42 53 65 80 94 91 69 49 41 39 45 50 46 49 69 82 102 105 103 116 122 114 113 123 128 122 122 133 136 135 134 137 139 140 139 139 144 143 134 128 130 135 132 129 153 127 134 67 18 66 126 106 39 36 107 131 76 26 61 138 106 37 39 115 130 78 24 69 125 121 116 133 140 132 134 144 144 128 140 149 155 146 155 147 142 92 59 40 65 78 61 69 98 129 117 119 126 117 119 107 77 35 13 5 5 5 5 5 5 5 5 5 4 5 6 5 4 4 4 4 4 4 4 
7 8 8 8 7 7 7 7 7 7 8 7 7 7 7 8 8 6 6 9 10 9 20 49 71 82 77 79 87 86 84 85 87 88 90 91 91 92 94 97 101 104 104 104 108 101 104 112 108 116 117 107 103 109 111 105 108 118 118 110 96 108 106 113 114 129 119 112 116 106 104 114 107 110 105 117 113 101 118 116 92 46 82 121 112 68 51 95 121 109 49 63 117 120 65 40 76 123 117 82 29 55 129 101 51 35 92 127 76 26 43 82 68 49 30 11 14 24 29 35 32 17 10 13 16 19 23 29 34 44 58 69 61 43 30 28 33 35 32 36 51 67 78 96 94 87 103 119 111 104 115 123 116 114 125 127 128 129 130 131 131 132 135 139 141 138 128 121 117 118 134 140 135 121 69 41 87 135 121 72 65 113 130 100 68 92 134 117 82 79 126 125 100 84 98 126 117 108 124 135 132 131 136 135 118 129 140 146 136 145 142 149 142 137 115 120 142 131 125 135 147 121 130 150 137 137 140 123 96 65 38 18 7 4 5 5 5 5 5 5 5 5 5 4 3 3 4 4 5 5 
7 8 8 8 8 7 7 7 7 8 8 8 8 8 8 8 8 8 7 9 9 10 22 46 74 87 81 80 84 83 82 84 85 87 88 89 91 90 90 91 93 95 94 95 101 96 98 108 106 108 108 102 100 103 98 85 86 98 92 77 65 80 84 96 98 113 99 90 97 100 99 112 106 106 101 117 110 102 119 116 72 17 58 115 112 41 18 69 120 90 18 35 110 128 47 14 54 112 118 84 18 43 128 98 41 24 84 128 76 21 30 55 42 35 26 13 14 22 23 23 18 9 5 10 16 18 17 18 18 20 25 26 22 18 18 19 29 34 28 36 52 55 55 60 61 66 82 85 85 93 100 110 106 102 113 111 113 118 120 122 125 127 122 123 131 139 135 122 113 118 133 125 140 125 107 99 122 141 136 130 115 127 130 126 122 120 124 132 130 119 126 121 129 150 113 135 125 113 126 136 135 133 135 135 120 133 144 151 147 156 153 148 151 156 149 148 160 156 147 144 154 138 144 147 136 142 146 131 146 137 117 82 42 16 7 4 4 5 6 6 6 6 5 5 4 4 5 5 5 5 
8 8 8 8 8 7 7 7 7 8 8 8 8 8 8 8 7 8 8 7 7 10 23 41 64 77 76 77 75 73 74 75 77 78 79 81 82 82 81 81 82 84 85 87 89 93 79 71 85 93 94 98 105 107 90 68 74 79 67 54 52 71 78 89 89 98 82 76 87 95 97 112 107 105 100 120 114 105 118 118 82 28 66 112 118 54 26 76 116 97 33 49 103 123 69 34 70 113 118 97 51 67 123 105 72 54 92 107 72 33 30 42 33 35 30 21 19 21 19 17 14 11 9 15 20 21 21 21 21 24 23 22 22 27 33 42 62 79 79 83 85 73 61 57 56 60 64 63 70 80 83 96 98 95 106 107 112 119 122 122 125 127 119 119 126 136 139 133 128 133 129 138 141 142 142 124 122 122 120 136 117 119 115 118 120 116 113 117 113 112 103 103 110 120 95 111 109 100 106 107 105 113 125 124 109 118 124 128 126 133 137 131 140 150 159 150 135 146 158 161 172 159 156 153 149 156 159 150 151 153 147 143 125 76 39 16 9 5 6 6 7 7 7 7 6 6 6 6 5 5 
8 8 7 7 7 7 6 6 6 7 8 8 8 8 8 8 7 7 6 7 8 8 16 28 43 52 57 62 57 54 56 58 59 60 61 63 63 63 63 65 67 70 74 73 71 82 56 36 56 86 87 81 85 93 87 70 73 73 60 52 57 80 88 97 95 100 84 80 96 93 95 112 108 105 100 119 110 98 103 112 103 68 98 111 122 94 68 106 108 125 87 96 102 110 115 95 107 116 107 102 104 107 110 103 115 101 98 74 53 44 34 39 33 35 28 24 21 21 20 18 16 16 20 23 23 22 23 23 22 23 23 26 36 49 57 73 87 100 106 107 106 103 100 96 89 78 66 72 80 73 73 94 102 100 111 117 122 128 128 127 128 130 127 127 131 136 140 142 140 140 122 154 134 150 137 105 98 98 93 104 90 97 92 93 88 96 100 85 71 81 76 80 73 64 70 62 64 60 61 58 55 56 58 56 45 47 48 48 43 48 60 70 93 120 153 167 153 164 150 134 147 149 154 159 157 152 153 161 142 151 138 131 146 146 120 78 39 16 8 7 9 7 8 7 7 7 7 6 7 7 
6 6 6 6 6 6 6 6 5 5 6 7 8 8 7 7 7 7 7 8 8 8 8 12 18 25 28 28 29 30 33 37 39 38 40 44 44 45 47 48 48 54 62 59 58 69 50 34 50 68 73 76 79 80 78 73 70 80 80 71 68 80 83 87 94 90 90 88 94 81 93 106 106 99 99 101 89 87 91 92 112 109 118 105 107 107 101 109 98 118 102 103 110 107 110 112 109 112 103 102 110 109 106 98 98 78 62 41 34 37 34 32 30 28 25 23 22 22 20 20 20 21 22 22 23 23 20 20 22 25 27 32 50 74 88 87 85 84 82 81 80 80 89 83 87 86 68 60 54 27 28 98 124 107 112 121 126 125 124 129 131 128 130 125 137 140 133 148 156 149 123 142 140 171 128 54 47 45 44 42 37 35 34 30 27 26 23 20 17 16 16 16 15 13 13 10 9 8 7 8 9 9 8 9 9 10 12 14 15 14 14 16 23 43 70 106 136 152 146 143 148 150 152 156 162 171 172 166 154 153 153 151 149 146 144 142 104 66 29 12 8 6 10 9 7 9 9 7 7 8 
6 6 6 6 6 6 6 6 6 6 6 7 8 8 8 8 8 8 8 8 9 8 8 8 10 12 12 11 11 13 16 19 19 18 20 22 27 27 30 31 30 33 39 44 48 51 44 42 50 54 60 66 68 68 71 74 74 78 79 77 77 82 81 84 87 85 88 86 91 69 78 92 96 94 95 97 88 87 93 92 101 98 101 93 96 98 94 102 95 104 99 107 113 103 98 100 96 93 96 94 87 85 89 71 56 38 35 32 37 31 28 25 24 22 20 19 20 20 20 20 19 18 19 18 19 17 15 17 19 19 25 33 48 61 64 61 57 52 49 48 47 45 49 48 45 35 22 17 17 11 17 85 120 109 117 119 123 123 122 127 130 127 130 127 135 136 132 150 158 146 106 124 128 133 100 17 10 7 6 6 7 8 10 9 8 9 10 11 13 14 15 17 18 19 19 19 20 19 20 25 28 31 34 36 40 45 52 59 63 69 73 74 73 77 87 110 125 136 143 143 134 114 121 144 149 155 163 161 160 158 156 152 148 142 136 141 145 139 91 44 20 9 8 10 10 9 10 9 8 8 
7 7 7 7 7 7 7 7 7 6 6 7 7 8 9 9 9 8 9 9 9 9 9 8 8 8 8 8 8 8 10 11 10 9 9 10 11 12 14 16 16 17 22 29 34 31 30 36 38 36 40 47 49 49 54 62 63 62 65 69 72 70 66 67 65 66 73 72 76 58 65 76 80 80 81 80 69 68 76 74 73 75 78 79 80 81 78 83 79 72 71 77 78 71 69 71 64 61 73 74 64 61 50 34 26 17 17 18 23 18 15 13 13 12 11 9 9 10 10 10 8 7 6 7 8 8 7 6 9 13 16 19 22 23 21 20 18 14 12 12 11 11 13 12 10 8 8 8 7 5 14 81 126 114 118 115 119 121 121 126 128 125 128 126 128 126 128 147 154 144 99 120 129 106 86 32 30 31 32 34 38 43 48 47 45 45 50 57 62 63 65 68 71 74 76 79 79 74 72 78 81 84 90 93 98 104 113 122 125 127 125 118 112 112 116 123 122 124 136 134 114 91 108 136 133 136 147 146 155 156 155 154 151 148 150 153 145 158 155 110 67 32 10 11 13 9 10 10 10 10 
8 8 8 8 8 8 9 9 9 8 8 8 8 9 10 10 9 9 10 10 10 10 10 10 9 9 10 11 10 10 11 11 11 9 9 9 9 8 9 10 8 8 9 13 15 13 13 18 21 20 20 23 26 27 29 35 38 38 40 44 46 45 40 37 33 35 41 39 42 34 38 43 45 44 44 42 36 35 40 39 37 40 36 37 36 35 34 34 33 35 33 32 29 26 28 29 24 22 24 23 17 12 9 6 7 5 6 4 5 5 4 3 3 3 3 2 2 2 2 2 2 2 2 2 2 3 3 4 4 5 6 7 9 12 13 15 17 17 16 15 17 20 19 21 14 8 8 8 8 7 12 63 108 102 107 105 110 114 115 121 124 120 121 121 118 115 121 135 132 126 94 115 120 82 76 73 81 89 92 92 95 98 99 100 97 95 99 108 100 97 97 98 99 100 100 108 106 96 89 90 89 90 96 98 101 105 111 118 122 123 119 116 116 121 124 121 117 119 131 134 116 102 119 134 120 122 134 132 135 137 141 143 145 146 149 150 140 142 150 142 127 85 22 10 13 9 10 10 10 11 
9 9 9 9 9 10 10 10 10 10 11 10 10 10 10 10 9 10 10 10 10 10 10 10 10 11 11 11 11 11 11 11 12 11 11 12 11 10 9 9 6 4 4 5 4 4 3 4 7 7 5 6 8 8 9 10 12 13 14 15 16 16 15 12 9 10 12 10 11 10 10 12 12 11 12 11 8 8 9 8 7 9 7 9 8 8 8 7 8 6 6 5 4 4 4 4 3 4 4 5 6 4 4 4 5 5 5 4 5 5 5 4 4 5 5 5 5 5 6 7 8 10 11 9 11 14 16 15 17 22 26 29 34 41 44 47 52 58 58 57 62 70 78 79 46 13 5 6 7 5 8 45 90 86 91 95 103 109 112 119 122 116 112 112 106 106 113 116 107 107 93 107 102 63 70 89 97 103 103 101 100 99 98 100 100 96 96 99 97 97 97 97 96 93 92 98 98 94 91 95 97 93 93 96 99 103 108 114 106 107 111 113 114 116 115 108 111 114 124 132 124 118 126 125 113 116 126 126 122 124 127 129 131 132 131 132 144 138 128 132 144 125 36 10 11 10 11 10 10 10 
9 9 9 9 9 10 10 10 10 10 11 11 10 10 10 10 9 9 10 10 9 10 10 10 11 11 10 10 10 9 9 10 11 11 12 12 11 10 10 10 8 7 6 5 4 3 2 1 2 2 1 1 2 2 2 2 2 3 3 3 3 4 4 4 3 4 4 3 4 4 4 4 4 4 5 6 6 8 10 9 10 10 12 16 15 14 16 14 18 19 22 26 28 28 25 21 17 17 15 15 17 16 18 16 17 15 17 16 19 17 17 17 16 16 16 16 15 15 16 19 22 24 22 23 29 34 33 30 31 37 42 43 45 49 50 54 60 68 71 73 75 78 86 103 83 40 14 7 5 3 7 37 76 69 73 85 96 102 106 114 116 110 104 105 98 100 109 98 88 91 89 95 87 58 70 89 90 92 93 94 94 93 92 93 94 94 92 91 88 89 92 94 92 89 87 94 97 95 94 101 103 98 96 98 97 97 99 102 106 103 100 99 102 107 108 104 108 106 109 114 111 110 110 110 111 112 114 119 118 119 120 119 118 116 118 117 121 116 115 116 111 91 32 10 10 10 10 11 10 10 
8 8 9 8 9 9 9 9 8 9 10 10 10 10 9 9 8 9 10 10 9 9 10 10 11 11 9 9 10 10 9 9 10 10 10 10 11 10 10 11 11 9 9 8 7 6 6 4 3 3 3 4 5 3 3 4 5 5 5 5 6 7 7 8 7 11 13 11 13 17 16 14 13 13 15 18 20 28 35 34 40 38 40 49 45 43 45 41 47 52 54 56 57 54 46 39 33 29 28 26 24 27 26 22 24 21 23 21 23 21 23 23 20 18 19 20 20 19 19 20 22 23 23 23 24 23 22 26 33 35 38 36 35 39 42 44 44 48 54 57 53 46 41 57 67 61 48 35 24 14 11 23 41 39 55 69 78 84 89 96 99 95 100 101 94 99 107 88 69 65 68 70 66 51 64 84 85 87 91 92 87 86 89 86 85 87 86 83 79 81 86 88 86 82 79 86 89 86 86 91 92 89 88 90 88 87 87 89 96 93 91 90 92 95 95 96 97 95 96 102 100 92 88 99 111 105 99 107 106 107 106 105 103 100 100 94 102 95 87 74 55 35 17 9 9 9 9 11 9 9 
9 9 9 9 9 9 9 8 9 9 10 10 9 8 8 8 8 9 10 10 10 9 9 10 11 10 9 9 10 10 9 9 10 10 10 11 11 10 10 10 10 10 10 9 9 9 10 9 8 8 7 7 9 10 8 6 8 8 8 9 11 11 11 12 13 15 19 20 20 23 25 25 24 26 28 30 34 40 46 42 47 49 49 52 50 50 51 52 55 56 56 54 49 43 34 30 28 26 26 24 24 25 21 23 25 20 20 20 19 20 21 20 18 17 18 20 20 18 16 16 16 16 20 15 14 8 8 15 34 35 36 40 45 47 50 51 45 42 45 47 43 30 23 28 45 54 52 51 50 45 29 19 20 23 33 39 46 56 71 86 89 81 88 90 89 98 99 71 47 38 42 52 52 50 65 80 78 78 80 81 76 75 79 75 75 77 78 76 71 72 75 77 75 72 70 79 79 79 79 81 82 82 83 83 82 81 82 82 86 84 83 84 86 87 85 85 88 89 89 90 90 86 83 87 93 89 86 93 94 91 89 88 87 83 78 69 66 57 42 28 20 13 10 10 9 9 9 10 9 9 
9 9 9 9 9 9 8 8 8 9 9 10 9 8 7 7 9 9 10 10 10 9 9 10 10 10 9 9 10 10 10 10 9 10 10 11 10 10 10 9 9 10 10 9 10 10 10 9 10 10 10 10 12 12 11 9 8 7 7 8 9 10 10 11 10 10 12 15 14 15 18 19 19 23 26 27 26 29 33 30 33 34 36 39 39 40 42 44 45 40 38 36 32 28 23 22 22 22 22 21 21 21 21 22 20 19 21 22 20 18 18 18 16 16 17 18 18 17 16 15 14 14 15 11 11 7 6 10 41 57 59 67 72 73 76 73 62 53 44 40 41 34 21 22 32 37 35 38 42 43 38 35 31 26 20 21 25 32 44 61 69 66 67 64 61 67 71 55 41 38 43 55 56 58 69 69 66 64 65 66 63 62 62 62 64 67 68 67 66 67 68 67 65 62 60 65 65 66 66 66 67 69 72 72 70 70 71 71 77 76 74 75 78 79 78 78 80 81 80 80 81 77 75 76 79 78 74 72 79 74 70 66 62 54 45 33 25 20 14 10 10 10 10 10 10 9 9 9 10 10 
9 9 10 9 9 9 8 8 8 9 9 10 9 9 8 9 9 10 10 10 10 10 9 9 9 9 9 9 10 10 10 10 9 9 10 10 10 10 10 10 9 9 9 9 9 9 8 8 9 10 11 11 11 13 18 22 20 15 10 7 6 5 6 7 7 6 7 9 10 10 13 14 13 14 16 17 18 19 23 23 24 23 24 27 28 30 31 32 32 27 25 23 21 20 19 20 20 20 20 20 20 20 20 14 11 15 20 21 19 16 17 17 16 15 16 16 15 15 14 14 12 11 9 9 8 7 6 8 56 89 93 101 103 101 108 110 96 76 57 45 43 35 19 16 18 19 21 24 26 35 42 47 42 34 27 23 23 21 22 29 37 38 36 34 31 36 47 45 44 48 53 57 59 60 62 59 56 55 55 56 54 53 53 53 55 58 58 56 56 57 58 57 55 52 50 54 54 55 55 55 56 58 61 60 60 60 61 61 64 62 62 64 67 67 68 70 68 67 67 67 66 63 61 62 63 64 61 55 57 51 45 38 30 22 17 11 10 10 10 9 10 9 9 9 8 8 7 8 9 9 
9 10 10 11 11 10 9 8 9 9 10 10 11 10 10 11 9 10 10 10 10 10 9 9 9 9 9 9 9 10 10 10 9 9 10 10 10 10 11 11 10 10 9 10 11 10 9 9 10 12 12 10 10 13 22 31 23 18 14 11 10 9 7 6 6 5 4 5 7 7 9 11 10 10 10 10 11 10 13 13 14 14 16 18 19 20 21 21 20 19 18 17 16 16 17 17 17 17 18 18 18 18 15 8 6 10 16 16 15 15 16 17 18 17 17 15 13 13 12 11 10 9 7 8 4 5 5 8 69 99 103 109 105 102 111 125 110 92 85 79 64 38 20 15 13 13 15 16 16 27 38 39 33 34 43 38 33 26 19 18 22 24 23 25 27 31 39 40 44 51 52 46 47 49 46 48 48 47 47 47 46 47 49 47 47 47 47 45 43 43 44 45 44 44 43 45 45 45 46 46 46 48 49 49 48 49 50 50 50 49 50 52 54 55 54 55 52 50 50 48 45 40 38 38 36 37 38 36 29 26 22 17 13 10 8 7 8 10 11 10 9 9 9 10 9 8 8 8 9 9 
9 10 10 11 11 10 9 8 9 9 9 10 11 10 11 11 10 10 10 10 10 10 9 9 9 9 9 9 9 9 9 10 10 10 10 10 11 12 12 12 12 11 11 11 12 12 11 11 12 15 14 11 11 12 15 17 15 13 12 12 11 10 9 8 8 7 6 5 6 5 5 6 7 12 17 18 10 6 8 8 9 10 10 10 11 11 11 11 10 13 13 13 13 13 12 12 12 12 12 13 13 13 13 8 7 10 12 12 12 14 15 17 19 19 19 15 12 11 9 8 8 8 6 8 4 6 6 9 71 94 96 99 94 92 99 103 95 99 109 110 94 61 34 25 22 21 20 18 15 19 25 27 26 28 32 32 33 30 25 24 26 28 31 33 32 31 31 31 34 39 37 30 31 35 32 34 34 34 34 33 34 34 35 33 31 32 32 32 32 32 32 33 33 33 33 32 31 32 32 33 33 33 33 33 32 32 33 33 36 35 35 37 39 38 37 36 35 34 32 28 25 20 18 21 22 18 16 16 12 11 10 10 9 10 10 10 9 8 8 9 10 10 11 11 11 10 10 10 10 10 
9 9 9 9 9 9 8 8 8 8 8 9 10 9 10 10 9 10 10 10 10 10 9 10 9 9 9 9 9 9 9 10 10 11 11 11 12 12 12 12 11 11 11 11 11 12 12 12 12 11 11 11 13 13 11 8 11 10 11 11 12 13 14 16 16 18 19 19 21 18 12 8 9 18 31 32 11 6 7 6 7 8 7 7 7 7 7 7 7 9 10 11 11 10 10 9 9 10 10 10 11 11 14 13 11 12 12 11 11 12 13 14 16 17 16 13 10 9 8 7 8 8 6 8 7 9 8 8 65 97 96 99 95 93 99 98 98 111 108 99 97 83 46 32 32 33 32 33 33 27 17 16 22 24 21 20 24 25 23 24 25 25 25 24 23 21 22 24 24 25 24 21 23 26 25 23 24 25 24 23 24 24 23 22 22 24 25 25 25 25 24 24 23 23 23 22 22 22 23 23 23 23 23 23 22 22 22 22 22 22 22 23 24 23 21 20 21 21 18 15 15 15 14 19 25 19 11 10 11 11 10 8 8 9 9 10 10 9 9 10 9 7 7 7 7 7 7 7 7 7 
9 9 9 9 9 9 8 8 8 8 8 9 9 9 9 10 9 10 10 10 10 10 9 10 9 9 10 10 10 10 10 11 11 11 11 10 11 11 10 10 10 10 10 9 9 10 12 12 10 9 9 10 11 12 9 7 6 7 11 17 25 32 33 29 28 34 38 41 46 41 25 12 10 18 28 26 8 4 5 4 4 5 5 5 5 5 5 6 6 7 7 8 8 8 8 8 8 8 8 9 10 10 11 12 10 9 10 10 9 10 9 10 11 11 10 8 7 7 7 8 8 9 7 8 8 9 8 7 59 104 100 101 102 100 103 106 106 114 106 97 101 92 54 32 33 34 32 41 46 33 17 12 15 18 16 15 17 16 15 16 17 16 16 15 15 16 17 19 18 17 17 18 19 19 18 17 18 18 17 17 18 18 16 17 19 20 20 18 18 18 18 17 17 17 17 16 16 16 17 17 17 17 16 16 15 14 14 14 13 12 12 13 13 12 11 11 12 11 9 9 11 14 11 12 22 19 10 9 9 9 10 9 7 7 7 6 8 8 8 8 6 5 6 6 6 6 7 7 8 7 
9 9 9 9 9 9 9 9 9 9 9 10 10 9 9 10 10 10 10 10 10 10 10 10 10 10 10 11 11 10 11 11 11 11 10 10 10 10 9 9 9 9 9 7 7 8 11 10 9 10 11 10 9 8 8 8 8 9 12 18 27 35 37 32 28 31 35 37 41 37 23 12 10 13 16 14 10 8 7 5 5 6 5 4 4 4 4 4 5 5 5 5 6 6 6 6 6 7 7 7 7 8 8 8 7 6 7 8 7 7 7 6 7 6 6 5 5 6 7 7 8 8 8 8 6 7 6 7 52 102 101 102 105 102 103 108 105 107 106 107 112 98 59 31 29 27 24 31 33 23 16 12 11 12 11 12 13 12 11 11 12 12 13 13 14 14 14 13 13 13 14 16 16 13 12 12 13 13 13 12 13 13 12 13 15 16 14 12 12 12 13 13 13 14 13 11 11 11 12 12 12 12 11 10 10 9 9 9 9 9 9 9 8 8 7 9 10 10 8 9 11 12 6 5 11 11 8 10 6 8 10 10 10 10 10 11 10 9 10 12 12 10 11 11 12 12 12 13 14 13 
10 10 9 10 9 10 10 11 9 9 10 10 10 10 10 10 11 10 11 11 10 10 11 10 11 11 11 11 10 10 10 10 9 9 10 10 10 9 8 8 8 8 8 7 8 8 8 8 8 9 10 9 8 7 8 9 9 9 9 10 12 14 14 13 11 12 15 17 16 15 12 10 10 11 10 9 12 12 9 7 8 9 8 7 7 6 6 5 4 4 4 4 4 4 4 5 6 6 7 7 6 6 6 6 6 5 5 5 5 4 4 4 4 4 4 4 4 4 4 5 5 5 6 7 5 6 4 5 35 85 93 90 93 91 92 98 98 104 104 104 111 98 49 21 23 18 17 17 13 10 9 9 9 9 9 11 12 12 10 9 8 8 8 8 8 8 8 8 8 8 10 11 10 9 9 9 10 12 12 11 11 11 11 11 12 13 12 11 10 10 11 12 12 11 10 10 10 11 11 12 12 12 12 12 10 9 9 10 11 12 12 13 13 12 13 14 15 18 19 18 17 9 4 8 9 7 11 16 16 16 17 18 19 19 18 17 15 15 18 20 20 19 18 19 19 19 19 19 19 20 
10 9 9 10 10 10 11 11 10 10 10 10 10 10 10 10 11 10 11 11 10 9 11 10 11 11 11 11 10 10 10 10 9 9 10 10 9 9 8 7 8 8 8 8 9 9 9 8 7 8 9 9 9 9 10 11 11 10 9 9 8 7 8 8 7 7 8 8 7 7 6 6 8 8 7 6 9 10 8 7 8 9 9 10 10 9 8 7 7 7 7 7 5 4 4 4 5 5 6 6 5 5 5 4 4 4 4 4 4 4 4 4 4 4 4 4 4 4 4 4 4 4 5 5 3 4 3 4 24 61 68 59 58 60 63 70 71 87 103 115 119 97 43 14 11 8 9 8 6 7 6 7 8 8 8 10 11 11 10 9 8 8 9 9 10 10 11 12 12 12 13 13 13 12 12 14 16 18 18 18 19 19 18 19 21 22 20 18 17 18 19 19 19 18 17 18 18 19 19 20 20 20 20 20 18 16 15 16 16 17 19 20 21 21 21 21 22 23 27 28 21 8 5 19 19 9 12 23 24 21 20 21 24 24 22 20 18 18 19 20 20 20 20 20 20 20 20 20 20 20 
10 10 9 10 10 10 10 10 10 10 11 10 10 10 10 9 10 9 10 10 8 8 9 10 10 10 10 10 10 10 10 10 9 9 10 10 9 9 8 8 8 9 9 9 9 9 9 8 7 8 8 8 9 11 11 11 10 10 10 9 8 8 8 7 6 6 6 6 5 4 4 5 6 6 5 4 5 7 7 7 7 8 8 8 8 9 9 9 9 10 10 10 8 7 6 5 5 5 5 5 5 5 4 4 4 4 4 5 5 5 5 5 5 6 6 5 5 5 5 5 5 5 4 4 3 3 2 2 17 46 59 51 50 53 52 54 55 70 89 105 111 89 30 9 8 7 11 9 10 10 10 9 10 10 10 11 12 13 13 13 13 14 15 15 15 16 16 17 17 18 19 19 19 20 21 22 24 27 27 28 28 30 31 31 32 31 28 25 24 24 23 23 23 22 22 22 22 23 23 23 23 24 25 25 24 22 20 20 18 19 21 23 24 23 22 21 21 20 24 27 18 6 6 27 24 9 11 25 24 19 17 19 21 21 20 19 18 17 17 18 18 18 18 18 18 18 17 17 18 18 
9 9 9 10 9 10 10 10 10 10 10 10 9 9 9 9 9 9 9 9 8 8 9 9 9 9 9 9 9 10 10 10 10 10 9 9 9 9 9 9 8 8 7 8 8 7 7 7 7 8 7 7 8 9 9 9 8 9 9 8 7 6 5 4 4 5 5 4 4 3 3 4 4 4 4 3 4 5 7 8 8 8 8 8 8 8 9 9 9 7 7 8 8 8 6 6 6 6 6 6 5 5 5 5 5 6 6 6 7 7 7 7 8 8 8 8 8 8 8 8 8 7 6 7 6 4 1 1 9 30 41 37 37 38 36 36 37 45 54 65 78 72 27 15 15 16 19 16 17 17 15 14 15 17 18 19 20 21 20 19 19 20 20 20 20 19 19 19 20 21 22 22 23 24 26 24 25 27 27 27 28 29 29 28 27 28 27 26 23 22 21 20 20 20 20 21 21 22 22 22 22 21 21 22 22 21 20 20 19 19 21 21 21 20 18 17 19 17 18 21 16 7 7 19 18 8 11 22 22 21 19 20 20 20 19 19 19 18 18 18 19 19 18 18 18 17 17 17 16 16 
8 8 8 8 8 8 8 8 8 8 8 7 7 7 7 7 7 7 8 9 7 7 8 8 8 7 7 8 8 9 9 9 9 8 8 8 7 8 8 8 7 6 5 6 5 5 5 6 6 7 7 7 7 8 8 7 7 7 7 5 4 4 4 4 4 4 4 3 3 3 3 3 3 3 4 4 4 4 6 7 7 8 7 7 7 7 7 8 8 6 6 7 9 10 9 8 9 8 8 8 8 8 8 7 8 8 8 9 9 9 10 10 10 10 10 11 12 13 13 12 12 11 12 14 13 7 2 1 3 9 12 10 10 10 10 11 11 14 16 20 31 34 27 24 26 25 24 19 22 21 18 16 17 19 20 17 17 18 17 16 15 16 17 17 17 17 17 17 18 19 19 19 18 19 20 17 18 18 18 18 18 19 19 17 16 17 18 18 17 16 15 15 15 15 15 15 15 15 15 15 15 14 14 15 15 14 14 15 14 15 15 15 15 15 14 14 17 15 13 16 15 10 7 10 10 9 13 17 16 17 17 16 15 15 15 16 17 17 16 17 17 17 16 16 16 16 16 15 15 14 
6 6 7 6 6 6 6 6 6 6 6 6 6 6 6 6 6 7 8 9 8 7 8 8 7 7 7 7 7 7 7 8 8 8 8 8 8 8 8 8 7 6 6 7 6 6 6 7 8 9 9 10 10 10 10 10 8 8 7 6 5 5 5 4 4 4 3 3 2 3 4 4 4 4 4 5 4 4 5 6 6 7 7 7 8 8 9 10 11 10 9 9 12 14 12 10 10 10 9 9 9 9 9 8 8 8 8 9 9 9 9 9 9 9 8 8 8 8 9 8 8 7 9 8 9 5 1 0 1 2 2 1 1 1 2 2 3 4 4 4 9 12 12 13 15 14 13 10 13 11 10 9 9 9 9 7 7 8 8 8 8 8 8 8 8 8 9 9 9 10 10 9 9 9 9 8 8 8 8 8 9 10 11 9 8 8 9 9 9 9 9 9 9 9 9 10 10 10 11 10 10 10 10 11 11 10 11 11 11 10 10 10 11 11 11 11 13 13 12 12 13 13 9 9 11 11 14 15 13 14 15 14 13 12 12 12 13 13 12 12 13 12 12 12 12 12 12 12 12 12 
6 6 6 7 7 7 6 6 7 8 8 8 8 8 8 8 8 9 10 11 10 10 11 10 9 8 8 9 10 9 9 10 11 12 12 12 13 13 12 12 12 13 13 14 14 14 14 14 15 12 12 14 14 14 15 16 13 13 12 8 6 7 7 7 7 6 6 5 5 7 7 7 7 6 6 6 6 5 6 6 6 8 8 8 7 7 7 7 8 9 7 7 9 10 7 6 7 7 6 6 6 6 6 6 6 5 5 5 6 5 5 5 5 4 4 4 4 4 4 4 4 4 4 3 4 3 2 2 1 1 1 1 2 1 1 2 3 5 4 3 4 4 4 5 5 5 5 4 5 4 4 5 6 6 5 5 5 6 5 5 6 6 6 6 6 7 7 7 7 8 8 8 7 7 7 8 8 9 9 9 11 12 11 11 11 12 13 12 12 12 12 13 13 13 13 13 13 13 13 13 12 13 13 13 12 11 12 13 14 13 12 12 12 12 13 11 13 15 16 14 14 16 14 15 16 13 13 13 14 12 12 14 14 12 11 12 13 13 12 11 12 11 11 11 11 12 12 12 12 12 
13 14 15 16 15 15 14 15 15 14 12 13 13 13 14 14 14 15 15 16 17 16 15 15 15 14 14 15 15 15 14 14 14 14 14 14 13 15 16 16 15 14 13 13 13 13 13 13 13 12 12 13 12 12 12 12 11 10 10 9 7 6 6 6 6 6 6 6 5 6 7 6 6 6 6 6 5 5 5 5 5 6 5 5 4 4 4 5 5 5 5 4 5 4 4 3 3 3 3 3 3 3 3 3 3 3 3 3 3 3 3 3 3 3 3 3 3 3 3 2 2 2 2 2 2 2 2 2 2 1 1 1 1 1 1 2 3 3 3 4 4 4 5 5 6 7 7 7 8 7 7 7 7 8 9 9 9 9 9 9 9 9 10 10 10 10 10 11 11 11 11 12 13 14 14 13 14 14 13 13 13 14 14 14 13 14 15 15 16 16 16 15 15 14 14 13 14 14 14 13 13 13 14 14 13 13 13 13 14 15 14 13 13 13 13 13 13 14 15 15 15 16 15 15 15 14 13 13 13 12 12 13 13 12 12 13 13 12 12 13 13 13 12 11 12 13 13 12 12 12 
13 13 14 13 12 12 12 12 13 13 12 13 13 13 14 14 14 13 13 13 13 12 11 10 9 9 9 9 9 10 10 10 9 9 9 8 8 9 10 10 10 10 8 7 7 7 7 7 7 7 7 7 7 7 6 6 5 5 7 7 5 5 5 4 5 4 4 4 4 4 4 4 4 4 4 4 4 3 3 3 3 4 4 4 3 3 4 4 4 4 5 5 5 4 5 5 5 5 5 5 5 4 5 4 4 4 3 3 4 3 3 3 3 3 3 3 3 3 3 3 3 3 3 3 3 3 3 3 3 4 4 4 3 3 4 5 6 6 6 7 7 7 11 11 11 11 11 11 12 13 13 12 12 12 13 13 13 14 14 15 15 15 16 16 15 15 15 15 15 15 15 15 15 15 15 15 16 16 15 14 15 16 16 16 15 14 14 14 13 13 14 14 15 15 15 14 14 14 14 13 13 14 14 14 14 14 13 13 14 14 14 14 14 14 14 13 13 14 14 14 14 14 14 15 15 15 15 15 15 14 13 14 14 13 14 14 14 15 15 15 15 14 14 13 13 13 13 13 13 13 
8 8 8 9 9 9 9 10 10 10 9 9 10 10 10 10 9 8 8 8 9 9 9 9 8 8 8 8 8 8 8 8 7 7 7 7 7 7 7 8 8 8 8 7 7 7 7 7 7 7 7 7 7 7 6 5 5 6 8 9 7 6 7 8 8 7 7 6 6 5 5 5 5 5 6 6 5 5 5 5 5 6 5 5 5 5 5 6 6 6 7 8 7 6 7 9 9 9 9 8 8 8 8 8 7 6 6 7 7 8 7 7 7 7 8 8 8 9 8 7 7 8 10 10 10 10 10 10 11 13 14 14 13 13 13 13 13 14 13 15 16 15 16 15 15 15 14 15 15 16 15 15 14 14 14 14 15 15 16 17 18 19 19 18 17 17 16 16 16 16 17 17 16 15 14 15 16 16 16 16 16 18 20 19 18 17 17 17 14 14 14 15 16 17 17 16 16 16 16 15 14 15 15 16 17 16 15 15 15 15 15 15 15 15 15 15 15 15 15 15 15 15 15 16 16 16 16 15 16 15 15 15 15 15 14 15 15 16 16 15 14 13 13 13 12 12 12 13 14 13 
10 9 9 9 9 9 10 10 10 10 8 9 9 9 9 9 9 8 8 9 10 11 11 12 11 11 10 10 10 10 10 10 10 10 10 10 10 10 10 10 10 11 11 10 10 10 10 10 10 11 12 12 12 11 10 10 11 11 12 13 11 10 10 10 10 10 9 8 7 6 6 6 6 6 6 7 7 6 6 6 7 7 8 8 8 9 9 10 10 10 10 10 10 10 10 11 12 12 12 11 11 10 10 10 10 10 11 12 13 13 13 12 12 13 13 14 14 14 13 12 11 11 12 12 11 12 12 12 12 13 14 15 15 14 14 13 13 14 13 14 15 14 15 15 16 16 16 16 15 15 15 15 15 14 14 15 15 15 16 17 17 18 19 18 17 17 16 16 16 17 18 19 18 17 16 16 17 18 17 17 18 20 21 21 20 20 20 20 18 17 17 17 17 17 17 18 18 17 17 16 15 15 16 17 17 17 16 15 17 17 16 16 15 15 15 14 14 14 14 14 14 14 14 15 15 14 13 13 14 13 13 13 13 13 13 14 14 15 15 14 13 12 13 13 12 11 11 13 13 13 
10 10 10 10 10 10 11 11 11 11 10 10 10 11 11 11 11 11 11 11 13 13 13 12 12 11 11 11 11 11 11 12 12 13 13 14 14 13 13 12 12 12 12 12 12 12 12 12 12 13 14 14 14 14 13 12 14 13 13 13 12 12 14 14 14 13 12 12 11 10 10 10 10 10 10 11 11 11 11 11 11 12 12 12 12 13 14 14 14 14 12 11 11 12 12 11 12 13 12 12 11 11 11 11 12 13 13 14 14 14 14 13 13 14 14 14 15 15 14 13 12 13 13 13 13 13 14 14 14 15 17 17 16 14 14 15 17 17 16 17 18 17 17 17 17 17 17 16 16 16 16 17 17 17 17 18 18 18 18 18 18 19 20 20 19 19 19 19 19 19 20 21 20 19 19 17 18 19 18 18 19 19 18 18 18 18 18 17 17 17 17 16 16 16 16 17 17 17 16 16 15 14 14 15 16 16 15 14 16 17 16 16 16 15 15 14 14 14 14 14 14 14 14 14 14 14 14 14 14 14 13 14 14 13 14 15 16 16 16 15 14 13 14 14 13 12 12 14 14 14 
11 10 11 11 12 12 12 12 12 12 12 12 12 12 12 12 13 13 12 13 13 13 12 13 13 12 12 12 12 12 12 12 13 13 14 14 14 14 14 13 13 12 13 14 14 14 14 14 14 15 15 15 14 15 15 15 15 14 14 14 14 15 16 17 16 16 15 14 14 15 15 15 15 16 16 16 16 16 16 16 17 17 16 15 15 16 16 16 16 17 14 12 14 15 14 13 14 14 15 15 14 14 15 15 15 15 15 15 15 16 16 16 16 16 16 16 16 17 17 16 17 18 19 19 18 18 17 18 18 20 21 21 19 17 16 18 20 20 19 21 21 20 21 20 20 19 18 18 18 18 18 18 18 19 19 19 19 19 19 19 20 20 20 20 19 19 19 19 19 19 19 20 19 19 18 17 17 18 17 17 17 18 17 17 17 17 16 15 16 16 16 17 17 17 17 18 18 18 18 18 18 17 16 17 18 18 18 17 19 19 19 19 19 20 20 19 19 19 19 19 19 19 19 19 20 20 21 22 22 21 21 21 21 21 20 21 21 20 20 19 18 15 14 14 14 14 15 15 18 18 
13 13 13 13 13 14 14 14 13 13 13 13 13 13 13 13 13 13 13 14 14 13 13 15 14 14 14 14 15 15 15 15 15 15 15 14 15 15 15 15 15 15 15 16 16 16 16 16 16 17 17 16 16 17 18 18 17 16 17 17 16 17 18 18 18 17 17 16 16 17 18 18 19 20 20 20 19 19 19 20 21 21 20 19 19 20 20 20 19 21 19 18 19 20 20 20 20 20 21 21 21 21 22 22 21 20 20 20 21 22 23 23 23 23 22 22 22 23 23 23 23 24 24 23 21 19 18 17 17 17 18 18 17 16 16 16 18 18 17 18 19 18 20 20 20 20 20 20 20 19 18 17 17 18 19 18 18 19 19 20 20 21 20 19 18 17 17 16 17 17 17 19 19 20 21 21 22 22 21 21 21 21 20 21 22 23 22 22 22 23 23 24 24 24 25 24 25 26 26 26 26 26 25 25 25 26 26 27 27 27 27 27 26 26 26 25 26 26 27 28 28 28 27 26 26 27 28 30 29 28 28 28 28 28 27 27 26 25 25 24 24 20 18 18 19 20 21 21 24 24 
14 14 13 15 15 16 16 15 14 15 16 16 17 17 16 16 15 15 16 17 17 16 16 17 17 17 17 17 17 18 19 19 19 18 19 19 20 19 20 19 19 19 19 20 20 20 20 19 19 20 20 20 20 20 21 22 21 21 21 21 20 20 22 24 24 24 23 23 22 24 24 25 25 26 27 27 26 27 28 28 28 29 27 25 26 26 26 25 25 27 26 25 25 26 28 28 26 27 29 29 28 27 29 29 28 27 27 27 28 28 29 29 29 29 28 28 28 29 29 28 28 28 30 29 27 25 23 22 21 18 18 18 17 18 18 19 19 20 19 20 20 19 20 20 21 21 21 21 21 21 20 19 18 18 19 17 17 18 18 19 19 19 19 19 18 17 17 17 17 17 17 19 21 24 26 28 29 30 30 29 29 29 28 28 28 28 29 29 30 31 31 31 31 31 31 29 30 30 30 30 30 30 31 31 31 31 31 31 33 32 31 31 32 31 30 29 29 29 30 30 31 31 31 29 28 29 29 30 29 30 31 32 31 29 29 30 29 29 29 28 29 27 26 26 27 27 27 27 29 29 
17 17 17 18 18 18 18 18 17 18 20 20 22 21 21 20 20 20 21 22 23 23 23 23 23 23 23 23 23 24 24 24 23 24 24 25 26 26 25 24 24 23 24 25 25 25 25 24 24 25 25 26 27 28 28 28 27 27 27 28 28 27 28 29 29 30 29 29 28 29 28 28 28 28 29 29 29 32 33 31 32 33 32 30 30 30 30 30 30 30 29 28 28 29 31 30 30 31 32 32 30 29 31 32 31 31 30 30 30 31 31 31 31 31 31 31 31 31 31 31 31 30 30 30 30 30 30 30 29 26 25 23 21 21 22 23 23 23 23 23 23 23 24 24 24 24 23 23 23 23 23 23 22 22 21 21 21 21 22 22 22 22 21 21 21 21 21 21 21 20 20 21 23 26 28 28 29 31 32 33 33 33 33 31 30 29 29 29 31 31 31 31 31 31 31 31 31 31 30 30 29 30 30 31 32 32 31 30 31 30 30 31 32 31 30 29 29 28 28 29 29 30 30 30 29 29 30 30 29 30 32 33 32 30 30 30 30 30 30 30 30 30 31 33 32 31 30 30 31 31 
22 22 21 21 22 22 22 22 21 22 23 24 25 26 25 24 25 26 27 28 29 30 29 29 29 29 29 29 29 29 28 28 28 29 29 30 30 30 29 29 28 28 28 28 29 29 29 28 27 28 28 29 30 31 31 32 30 30 30 31 31 31 31 31 31 31 31 31 31 29 29 28 28 28 29 29 30 32 32 31 31 32 32 32 32 32 32 32 32 31 29 28 28 28 28 29 30 31 31 30 29 27 30 30 30 30 30 29 29 30 30 30 30 30 30 30 31 31 31 31 30 30 28 28 28 29 30 31 32 31 29 26 24 24 24 26 26 26 26 26 26 26 28 28 28 27 27 27 26 27 26 25 25 25 24 25 26 26 27 27 27 26 26 26 26 26 26 26 25 25 25 26 27 28 28 26 27 28 29 30 30 31 32 32 32 32 31 30 31 32 32 32 32 32 32 33 33 33 32 32 32 32 32 33 33 33 32 32 33 32 32 33 34 33 32 30 30 29 29 29 29 31 32 32 31 32 32 33 32 32 32 32 32 32 32 31 30 30 29 29 29 29 31 33 33 31 31 31 31 31 
26 26 25 24 24 25 25 25 25 25 25 26 27 27 26 26 27 28 28 29 29 29 29 29 29 29 29 29 29 29 29 29 29 30 31 31 31 31 30 30 30 29 29 28 29 29 29 28 28 28 28 28 28 27 27 27 27 28 28 29 29 29 29 28 28 29 29 29 29 29 29 28 28 28 28 29 30 31 31 30 30 30 30 30 30 30 30 30 30 31 30 28 28 28 28 29 29 30 30 29 28 27 29 29 29 29 29 29 29 30 30 30 30 30 30 30 30 30 30 30 29 29 27 26 26 27 27 27 28 28 27 26 26 26 27 28 28 28 28 28 28 28 31 31 30 30 30 29 29 28 28 27 26 26 26 25 26 27 27 27 26 27 27 27 27 27 27 27 28 28 29 29 30 30 30 28 28 28 28 28 28 28 30 31 32 34 34 35 35 35 35 35 35 35 34 34 34 33 33 33 33 33 33 33 33 33 33 33 35 35 35 35 35 34 34 34 33 32 32 31 31 33 34 33 33 33 34 35 34 34 34 33 33 33 32 32 32 31 31 30 30 28 29 31 31 30 30 30 30 30 
27 27 26 24 25 25 26 26 26 25 25 26 27 27 27 26 27 28 28 28 28 28 27 29 29 29 29 29 29 28 27 27 28 29 30 30 29 29 29 29 28 28 28 28 29 29 29 29 28 29 29 28 27 26 25 25 27 27 28 28 28 29 28 27 28 28 29 29 28 28 28 27 27 26 26 27 29 29 29 29 29 28 28 28 28 28 28 28 28 30 29 29 29 29 30 29 27 28 28 28 28 28 28 29 29 29 30 30 30 30 30 30 30 30 30 30 30 30 30 30 29 28 30 30 29 28 27 27 27 27 28 28 29 31 31 29 28 28 28 28 28 28 31 30 29 28 29 29 30 30 30 29 29 28 28 27 28 29 29 29 29 28 28 28 28 28 28 28 28 28 28 27 28 30 31 30 29 28 28 27 27 26 26 26 27 29 32 33 34 34 34 34 34 34 34 34 33 33 33 33 33 32 32 32 32 32 32 32 32 33 33 32 31 31 32 31 31 30 30 30 30 30 30 29 29 29 30 30 31 32 32 32 31 29 29 29 29 29 29 28 27 27 28 30 29 28 28 29 28 28 
26 25 25 23 24 24 25 25 24 23 22 24 24 25 24 24 23 24 25 26 27 27 27 27 27 27 27 27 27 27 27 27 27 28 29 30 28 28 28 28 28 28 27 26 27 27 27 27 27 28 28 28 28 28 28 28 29 29 29 29 29 29 28 27 27 29 29 29 29 28 28 27 26 26 26 27 28 28 28 29 29 28 28 29 29 29 29 29 29 29 29 30 30 31 31 29 26 27 27 28 29 29 28 28 29 29 30 30 31 31 30 30 30 30 30 31 31 31 31 31 30 30 30 30 30 29 29 29 29 29 29 29 30 31 31 30 29 29 29 29 29 29 29 28 27 26 26 27 28 29 28 28 27 27 26 26 27 28 28 28 28 27 26 26 26 26 26 26 27 27 26 25 27 29 30 27 26 26 26 27 27 27 27 25 25 25 27 29 31 32 32 32 32 32 32 32 32 32 32 32 31 31 31 31 30 30 31 31 30 30 30 29 27 27 28 26 26 26 26 26 26 26 26 26 25 25 25 25 24 25 26 26 25 24 23 23 24 25 24 24 23 24 25 25 24 23 24 24 24 24 
24 24 24 23 23 24 24 23 23 21 21 22 22 23 22 22 21 22 23 24 25 26 26 25 25 25 25 25 25 26 27 27 28 29 30 31 28 28 28 28 28 28 27 25 25 26 26 26 26 26 27 27 27 28 28 28 29 29 28 28 28 27 26 26 27 28 29 29 29 30 29 28 28 27 27 28 28 27 28 30 31 29 29 29 29 29 29 29 29 29 29 30 30 30 29 29 27 27 27 28 28 29 27 27 28 28 29 30 30 29 29 29 29 29 29 30 31 31 31 30 30 29 26 26 26 27 27 27 28 28 28 28 28 28 28 28 28 28 28 28 28 28 28 27 25 25 25 26 27 26 26 25 24 24 24 24 25 25 25 26 25 25 24 24 24 24 24 24 25 25 26 26 27 27 28 25 25 25 25 26 27 28 28 27 26 26 26 27 28 28 28 28 28 28 28 28 28 28 27 27 27 26 26 25 25 25 26 26 26 27 27 25 24 24 25 23 23 23 23 24 25 25 24 23 22 22 22 21 20 21 21 21 21 21 21 21 22 23 24 23 23 23 23 23 22 20 20 21 22 22 
24 24 24 24 24 24 24 23 22 23 24 25 25 26 25 24 25 26 26 26 26 25 25 26 26 26 26 26 26 27 27 27 28 29 30 31 28 28 28 28 28 28 28 28 29 30 30 30 30 29 29 29 28 28 27 27 30 30 29 28 28 27 27 28 29 30 31 31 31 31 31 30 29 28 28 29 29 28 29 31 32 30 29 28 28 28 28 28 28 29 29 29 29 28 27 28 29 28 28 28 28 28 26 26 26 27 28 29 29 29 29 29 29 29 29 28 28 29 28 28 28 27 26 26 26 26 26 26 27 28 28 28 29 28 28 27 27 27 27 27 27 27 28 26 25 25 25 27 27 27 26 26 25 25 25 27 28 28 29 29 28 28 27 27 27 27 27 27 25 25 27 27 27 26 25 27 26 25 25 25 26 25 23 23 24 24 24 24 22 22 22 22 22 22 22 23 23 23 22 22 22 22 21 21 20 20 21 21 21 22 23 21 19 19 20 20 20 20 21 22 23 22 21 20 19 18 17 17 20 19 18 18 20 22 22 23 25 27 27 27 26 27 27 27 25 24 23 24 23 23 
26 26 25 25 26 27 26 25 26 28 29 28 28 28 28 29 31 32 33 33 31 28 26 27 26 26 26 27 27 27 28 28 29 28 29 31 30 28 27 28 29 29 28 29 31 30 28 28 31 30 31 30 27 27 28 26 28 28 29 30 30 29 28 28 29 29 29 29 28 28 29 29 27 26 28 30 29 29 28 28 29 29 28 28 29 29 29 29 29 29 30 30 30 30 28 28 28 28 29 29 28 27 26 26 27 27 28 27 27 26 27 27 27 26 27 27 26 27 26 26 26 25 25 25 24 23 23 23 24 26 24 20 21 24 23 22 24 24 22 20 21 23 23 22 21 21 22 24 24 23 21 20 20 21 22 22 21 20 21 23 23 21 21 22 22 21 19 17 17 18 18 18 19 18 18 20 17 18 20 18 17 18 17 17 17 16 16 16 15 15 16 17 17 16 16 17 17 18 18 19 19 18 18 18 17 16 16 17 17 18 18 18 18 17 17 18 18 18 17 17 17 16 16 16 15 15 15 15 17 17 18 19 20 21 22 23 24 25 26 26 26 25 25 26 27 26 25 24 24 24 
30 29 28 30 30 30 28 27 27 29 30 30 30 30 30 30 32 33 33 33 32 30 29 28 28 28 27 27 28 26 26 27 28 27 28 29 26 24 24 24 25 25 24 26 28 28 29 31 27 27 30 29 27 28 28 26 26 26 27 28 28 27 25 24 24 24 24 24 24 25 26 25 24 24 25 27 28 28 27 27 28 28 27 27 27 26 26 25 25 25 25 25 25 24 23 22 22 23 24 24 23 21 24 24 24 24 23 23 22 21 21 21 21 21 21 21 21 21 21 20 20 20 20 20 19 19 19 19 20 21 20 17 17 18 16 17 18 18 17 17 17 16 17 17 17 17 17 17 17 17 17 17 17 16 16 16 16 15 16 18 18 17 18 16 15 14 14 15 14 14 14 14 14 15 14 14 13 15 16 15 15 16 15 16 16 16 15 14 14 15 16 16 17 17 17 17 17 17 17 17 16 16 16 16 16 15 15 16 17 18 19 20 21 22 21 19 19 19 18 18 19 18 18 18 17 17 17 17 18 18 17 17 18 18 19 20 21 22 24 25 26 25 25 26 26 25 23 22 22 23 
28 28 27 29 29 28 26 25 24 26 28 28 28 28 28 28 29 29 28 28 28 28 28 26 26 26 25 25 24 23 23 24 24 24 25 26 24 23 22 23 24 23 22 21 25 24 30 35 28 22 24 25 24 25 25 23 22 22 23 24 23 23 22 21 21 21 21 21 21 20 21 21 20 20 20 21 22 22 23 23 22 22 21 19 19 18 18 18 18 20 20 19 19 18 18 18 18 19 20 20 19 18 18 18 17 17 17 17 17 17 17 17 17 17 17 17 17 17 17 17 16 17 16 16 16 16 16 17 17 17 17 16 16 17 16 15 14 15 16 16 14 13 15 16 17 17 17 16 15 16 17 19 18 17 15 16 16 15 16 16 16 16 17 16 15 15 16 16 15 14 14 15 15 15 15 15 15 16 16 15 15 17 17 18 19 18 17 16 15 15 15 16 15 15 15 17 17 16 16 15 15 14 15 16 16 16 16 16 17 17 18 18 19 19 18 16 17 17 16 17 17 17 16 16 16 16 15 15 14 14 14 14 14 14 15 15 16 18 20 21 21 21 22 23 24 24 24 23 22 23 
23 23 22 22 22 22 21 20 20 22 23 23 24 24 23 23 23 23 22 22 22 23 24 24 24 24 23 22 21 20 20 21 21 21 21 22 22 21 20 21 21 21 20 20 21 18 25 34 29 19 18 20 21 21 21 20 20 20 20 20 20 20 19 19 18 18 18 18 18 17 17 18 18 18 18 18 17 18 19 19 18 17 17 17 16 16 16 16 16 15 15 15 15 15 15 15 15 14 14 15 15 16 16 16 16 16 16 17 18 19 19 19 19 19 19 18 18 18 17 17 17 17 17 17 17 17 18 19 19 19 18 17 16 16 17 17 16 16 19 19 16 14 17 17 18 18 18 18 17 17 18 18 18 17 16 15 15 14 14 14 14 14 14 15 16 17 16 16 15 15 15 15 15 16 16 15 16 16 16 15 15 16 15 16 16 15 15 15 13 13 14 15 15 15 15 17 17 16 15 14 14 13 14 15 15 15 15 16 13 13 13 14 15 16 16 15 16 16 16 16 16 17 17 17 17 16 16 16 18 18 18 18 18 19 19 20 20 21 22 23 23 24 25 26 26 27 26 26 27 27 
19 18 18 18 19 19 19 19 20 20 21 21 22 22 21 20 21 21 20 20 20 21 22 23 23 23 23 22 21 20 20 20 20 19 20 20 19 18 18 18 19 18 18 20 18 13 16 25 24 18 17 18 20 20 19 20 19 19 18 18 18 19 19 18 17 17 17 17 17 17 17 17 18 19 18 17 17 17 18 18 17 17 17 16 14 15 16 16 15 14 15 16 17 17 17 17 17 16 15 15 17 19 18 18 17 17 17 18 18 18 18 18 18 18 18 18 18 17 17 17 17 17 17 17 17 17 18 19 20 20 19 17 16 15 16 16 14 14 17 16 14 14 17 17 16 16 16 16 16 16 16 15 15 15 15 13 13 13 13 13 14 15 15 15 15 15 16 17 17 17 16 16 17 17 18 15 16 16 16 17 18 18 18 17 16 15 16 17 17 17 17 18 18 18 19 20 19 18 17 17 17 16 16 17 17 16 16 17 18 18 19 20 22 25 25 24 25 25 25 25 26 27 27 27 26 26 26 26 24 24 24 24 24 24 24 24 24 24 24 24 24 24 25 25 26 26 26 27 31 31 
16 16 15 17 18 18 18 19 20 20 20 21 22 21 21 20 21 20 20 20 20 21 21 21 22 23 23 22 21 19 19 20 19 19 19 19 19 18 17 18 18 18 18 19 17 12 11 16 18 17 16 17 19 19 18 20 19 18 18 17 17 18 19 20 19 17 17 17 18 17 16 17 18 19 18 17 18 18 18 18 18 18 15 11 9 9 10 10 9 9 10 12 14 15 15 15 15 15 14 15 16 17 18 17 15 15 15 15 16 15 15 15 15 15 15 16 16 16 15 15 15 15 15 15 15 15 16 17 17 17 17 18 16 14 15 16 14 14 15 14 13 16 17 17 17 17 17 17 17 18 18 17 17 17 17 17 18 18 19 19 20 22 21 19 17 18 20 23 23 21 21 20 21 22 23 20 20 19 22 27 28 26 26 25 24 24 24 25 26 25 24 23 22 20 19 23 22 21 21 21 22 23 23 23 21 20 20 22 24 23 22 21 21 22 23 25 26 26 25 25 25 25 25 25 25 24 24 24 21 21 20 20 20 20 20 20 20 21 21 21 21 20 21 22 24 25 27 29 33 33 
15 15 14 16 16 17 17 18 19 19 20 21 22 22 21 20 20 19 19 19 18 19 18 17 18 19 20 19 18 17 17 18 17 16 17 17 17 16 15 16 17 17 16 16 17 15 11 13 17 16 14 14 16 16 15 18 18 17 16 16 16 16 17 18 17 15 15 15 16 15 15 15 17 18 17 16 16 16 15 15 16 16 13 9 7 6 7 6 5 6 8 10 13 14 14 14 14 15 15 16 16 16 17 17 16 16 16 17 18 17 17 17 17 17 17 18 19 19 19 19 18 18 18 18 18 18 19 19 20 21 22 23 18 12 11 12 10 10 11 9 9 14 19 21 24 26 26 25 24 24 24 23 23 23 23 24 25 25 24 23 24 25 23 22 22 22 23 24 23 22 21 20 21 22 23 24 22 21 24 32 32 27 25 25 24 24 24 24 23 23 22 21 20 19 19 21 20 19 19 20 22 25 27 26 22 21 21 23 24 23 21 19 18 18 18 20 20 20 19 18 19 20 20 19 19 19 19 19 18 18 18 18 19 19 20 22 23 25 28 29 30 33 34 33 33 33 33 35 40 40 
14 14 14 14 15 16 16 17 18 19 20 20 19 18 18 18 18 17 17 16 16 16 15 15 16 16 16 16 15 14 15 15 16 16 16 16 16 15 14 13 14 14 14 14 15 14 11 13 17 17 15 17 19 16 14 17 18 17 16 20 19 18 20 20 19 18 18 19 21 18 17 17 20 22 21 19 20 20 20 20 19 18 18 16 16 19 16 12 13 16 18 21 20 27 24 25 25 25 26 24 23 25 26 25 25 25 23 23 26 25 24 24 23 22 21 22 23 23 25 25 24 23 25 26 26 25 22 23 25 27 26 23 16 9 7 7 5 3 5 6 8 14 21 23 23 21 21 22 22 22 22 22 23 23 22 22 27 25 23 23 22 23 22 23 23 22 20 20 20 20 20 20 20 21 22 23 21 19 20 26 27 24 20 17 13 12 13 11 10 12 9 11 14 18 19 18 20 19 18 21 23 25 28 28 26 25 25 27 27 26 24 23 22 22 22 23 24 23 22 22 23 25 25 25 27 28 28 28 26 27 27 28 30 35 37 38 35 42 42 43 44 47 48 45 43 41 41 43 47 45 
15 15 15 14 16 16 16 16 16 17 17 17 16 17 19 20 20 19 18 17 17 18 18 18 18 19 19 18 18 17 17 18 19 19 19 19 19 18 17 17 17 17 19 22 22 22 19 19 23 28 26 26 29 25 22 25 25 24 24 29 28 25 27 28 28 28 29 30 30 30 28 28 31 33 31 28 27 28 28 30 31 30 31 28 29 31 22 16 20 29 27 27 23 31 26 28 27 27 29 27 25 27 26 24 25 26 24 23 25 26 25 25 24 24 25 25 24 23 23 24 22 20 21 21 22 22 20 19 21 21 22 21 17 15 15 14 13 8 14 16 16 19 23 23 22 21 21 22 22 22 22 20 21 22 20 21 27 24 21 23 22 23 20 20 20 20 19 17 18 19 20 20 19 20 21 19 18 17 16 18 22 23 20 16 10 8 9 5 4 8 5 7 14 22 22 27 28 27 25 26 27 27 26 27 26 26 27 27 30 31 31 30 29 29 30 31 29 27 26 27 29 30 30 30 32 34 34 33 33 33 34 35 37 43 43 35 26 32 32 31 32 26 25 27 33 39 43 43 41 39 
