DOWN
2 2 2 2 2 2 2 2 2 2 2 2 2 2 2 2 2 2 2 3 3 3 2 2 2 2 2 2 2 2 2 2 2 2 2 2 3 4 3 3 3 3 2 3 3 3 3 3 3 2 3 2 2 2 3 3 3 3 3 3 3 3 3 3 3 3 3 3 3 3 2 2 3 3 3 3 3 3 3 3 2 2 2 2 3 3 3 3 3 3 4 4 4 4 4 4 4 4 4 4 3 3 3 3 3 3 3 2 3 3 3 3 3 4 3 3 3 4 3 2 3 4 5 5 4 3 4 4 4 4 3 3 4 4 4 4 4 3 4 4 4 4 3 3 3 3 3 4 4 4 5 3 3 3 3 4 3 3 3 3 3 2 2 3 3 3 3 3 3 4 4 4 4 4 4 4 5 4 4 3 4 3 3 3 3 3 3 3 3 3 3 3 4 3 3 3 3 4 4 4 4 4 3 3 2 3 4 5 4 4 4 4 4 4 4 4 4 4 4 4 4 5 5 5 5 6 6 6 6 6 5 4 4 4 4 5 5 5 6 6 4 3 5 5 5 4 4 4 3 3 
2 2 2 2 2 2 2 2 2 2 2 2 2 2 2 2 2 2 2 2 2 2 2 1 2 2 2 1 1 2 1 1 2 2 2 2 2 2 2 2 2 2 2 2 2 2 2 2 2 2 2 2 2 2 2 2 2 2 2 2 2 2 2 2 2 2 2 3 3 2 2 2 2 2 2 2 2 2 2 2 2 2 2 2 3 3 3 3 3 4 4 4 3 2 3 3 3 3 3 3 3 3 3 3 3 3 3 3 3 4 4 3 3 4 3 3 4 5 4 4 4 4 4 3 3 3 3 3 3 2 2 2 3 4 3 3 3 3 3 3 4 3 3 3 3 3 3 3 3 2 3 3 2 2 2 3 3 3 3 3 3 3 4 5 4 4 3 3 4 4 5 5 4 4 4 4 4 4 4 4 4 4 4 3 3 3 4 4 4 4 4 4 4 4 3 4 4 5 5 5 5 4 4 3 3 3 5 5 5 5 4 4 4 4 4 5 4 4 4 4 4 5 6 5 5 5 5 5 5 5 5 4 4 4 4 4 5 4 5 4 3 3 5 6 6 5 5 4 4 4 
2 2 2 2 2 2 2 2 2 2 2 2 2 1 1 2 2 2 2 2 2 1 1 1 1 1 1 1 1 1 1 1 1 2 2 2 2 2 3 2 2 2 2 2 2 2 2 3 3 3 3 2 2 2 2 3 3 2 2 2 2 2 2 2 2 2 2 2 3 2 2 2 3 3 3 3 3 2 2 3 3 3 3 3 3 3 3 3 3 3 3 3 2 2 3 3 3 3 3 3 2 2 2 2 2 3 3 3 4 5 4 3 3 4 3 2 3 4 3 3 3 3 3 3 4 4 4 3 3 2 2 2 3 4 3 3 3 3 3 3 3 3 2 3 3 3 3 2 2 2 2 3 2 2 2 2 3 2 2 3 3 3 4 5 5 4 3 3 3 3 4 4 4 3 3 3 3 3 3 3 3 4 4 3 2 3 4 4 4 4 4 3 3 3 3 3 3 4 3 3 3 3 2 2 2 2 3 3 3 3 3 3 3 3 4 4 4 3 3 3 3 4 4 4 3 4 3 3 2 2 2 2 2 3 3 3 3 3 3 3 2 2 3 4 4 4 4 3 3 3 
2 2 2 2 2 1 1 2 2 2 2 2 1 1 2 2 2 2 2 1 1 1 1 1 2 2 2 2 2 2 2 2 2 2 2 2 2 2 2 2 2 2 2 2 2 2 2 3 3 3 2 2 2 2 2 2 3 2 2 2 2 2 2 2 2 2 2 2 2 2 1 2 2 2 2 2 2 2 2 2 2 2 3 3 3 3 2 2 2 2 2 2 2 2 2 3 2 2 2 3 2 2 2 2 2 2 2 2 3 3 3 2 2 2 2 2 2 2 2 1 2 2 2 3 3 4 4 3 3 2 2 2 3 2 2 2 2 2 2 2 2 2 1 2 2 2 2 2 2 1 1 2 2 2 1 2 3 2 2 2 3 3 3 4 3 3 2 2 2 2 2 2 2 2 2 2 2 2 2 2 2 2 2 2 2 2 3 3 3 2 2 2 2 1 1 1 2 2 1 1 2 2 1 1 1 2 2 2 3 3 3 2 2 2 2 2 2 2 2 2 2 2 2 2 2 2 2 2 2 2 2 2 2 2 2 2 2 3 2 2 2 2 3 3 3 3 3 3 3 3 
2 2 1 1 1 1 1 1 1 2 2 2 2 1 1 1 1 1 1 1 1 1 1 1 1 2 2 2 2 2 2 2 2 2 2 2 2 2 2 2 1 1 1 2 1 1 2 2 2 2 1 1 1 1 1 2 2 2 2 2 2 2 2 2 2 2 1 1 1 2 2 2 2 2 2 2 2 2 2 2 2 2 2 2 2 2 2 1 1 2 2 2 1 1 2 2 2 2 2 2 2 2 1 1 1 2 2 2 2 2 2 2 1 1 2 1 1 2 1 1 2 2 2 1 2 2 2 2 2 2 2 2 2 1 1 1 2 1 1 1 1 1 1 2 2 2 2 2 2 1 1 2 2 1 1 1 1 1 1 2 2 2 2 2 2 2 1 1 2 2 2 2 2 2 2 2 2 2 1 1 2 2 2 2 1 1 1 1 1 2 2 2 2 1 1 1 1 1 1 1 1 1 1 1 1 2 2 2 2 2 2 2 2 2 1 1 1 1 1 1 1 1 1 1 2 2 2 2 2 2 2 2 2 2 2 1 2 2 2 2 2 2 2 2 2 2 2 2 3 3 
1 1 1 1 1 2 1 1 2 2 2 2 2 1 1 1 1 2 2 2 1 1 1 1 1 1 1 1 1 1 1 2 2 2 1 2 2 2 3 3 2 2 2 2 2 2 1 2 2 2 2 2 2 1 1 1 2 2 2 2 2 2 2 2 2 2 2 2 2 2 2 2 2 2 2 2 2 2 2 2 2 2 2 2 2 2 2 2 2 2 2 2 2 2 2 2 2 2 2 2 2 2 1 1 1 2 2 3 2 2 3 3 2 2 3 3 3 2 2 2 3 2 2 2 2 2 2 2 2 2 2 2 2 3 2 2 1 1 1 2 1 2 2 2 3 3 3 3 2 2 2 2 3 3 2 2 1 2 2 2 2 2 2 2 2 2 2 2 2 2 3 3 3 2 2 2 2 2 2 2 2 2 2 2 2 2 2 2 2 2 2 2 2 2 2 2 2 2 2 2 2 1 1 2 2 2 2 2 2 2 2 2 2 2 1 1 1 1 1 2 2 2 2 2 2 2 3 3 3 3 2 2 2 2 2 2 2 2 2 2 2 2 2 2 2 2 1 2 3 3 
2 2 2 2 2 2 2 2 2 3 3 2 2 2 2 2 2 3 3 3 2 2 2 2 2 2 2 2 2 2 2 2 2 2 2 2 3 4 5 4 3 3 3 3 3 2 2 2 2 2 3 3 2 2 2 2 2 3 4 4 4 3 3 3 3 3 3 3 3 3 3 3 3 3 3 3 3 3 3 3 3 3 3 3 3 3 3 4 4 4 4 3 3 4 4 4 3 3 3 3 3 3 3 2 3 3 4 4 4 5 6 5 3 3 5 6 5 4 3 4 4 4 4 4 4 4 4 4 4 4 4 4 5 5 5 4 3 3 3 3 2 3 3 3 5 6 6 6 6 5 5 5 6 6 5 4 3 4 4 4 4 3 3 3 3 4 4 3 3 4 5 5 4 3 3 3 4 4 4 4 4 4 3 3 3 3 3 3 3 4 4 4 4 5 4 4 4 4 4 5 4 3 3 3 4 4 4 5 4 4 5 5 4 3 3 3 3 3 3 4 4 5 5 5 4 5 6 6 6 5 4 3 3 4 5 5 4 3 3 3 4 5 6 4 4 3 3 4 4 4 
4 3 3 3 4 4 4 3 4 4 4 3 3 3 4 4 4 4 4 4 4 3 3 3 3 3 3 3 4 5 4 4 4 4 4 4 4 5 6 5 4 4 4 5 4 4 3 3 4 4 4 4 4 4 3 3 4 5 5 6 5 4 4 4 5 5 5 5 5 5 5 5 6 5 5 5 5 4 5 5 5 5 5 5 5 5 5 6 6 6 6 5 4 5 5 6 6 5 5 4 5 5 5 4 4 5 6 6 5 7 9 7 5 4 6 7 6 5 4 5 5 5 6 6 6 5 5 5 6 5 6 6 6 6 6 6 6 5 5 5 4 4 5 5 7 8 9 9 10 10 9 9 8 8 7 7 6 8 8 8 7 6 5 5 6 7 7 7 7 8 9 9 7 6 6 6 7 7 7 8 7 6 6 6 6 6 6 6 6 6 7 7 8 6 6 6 6 6 6 6 6 6 5 5 5 5 6 6 6 6 6 7 6 5 5 6 6 6 6 6 6 7 8 8 6 6 8 9 7 6 5 4 4 6 8 8 5 4 4 4 5 7 8 6 6 5 4 5 5 5 
5 5 5 5 5 6 5 5 5 5 4 4 4 5 5 5 5 5 5 5 5 4 4 4 4 4 4 5 6 6 6 5 5 5 5 5 5 5 6 5 5 5 5 6 6 5 5 5 5 6 5 6 6 6 6 6 6 5 5 6 6 6 6 6 6 6 6 6 5 5 5 6 6 6 6 6 6 6 5 6 6 5 5 5 5 5 5 6 6 6 6 5 5 5 6 7 7 6 6 5 6 6 6 6 6 6 7 6 5 6 6 6 6 7 7 7 6 6 5 6 6 6 5 6 6 6 6 6 7 7 7 7 7 7 6 6 7 6 7 7 6 7 8 9 9 9 9 9 9 9 10 9 8 8 8 8 8 7 7 8 7 7 7 7 7 7 8 8 8 8 9 10 9 8 8 9 10 10 11 11 10 9 8 8 8 8 7 7 7 7 8 9 9 7 7 7 7 7 7 7 7 7 6 5 5 6 6 6 6 6 7 8 8 7 8 8 8 8 7 7 6 5 6 6 5 4 5 6 5 4 5 4 4 4 5 6 5 4 4 4 4 4 5 4 4 4 4 4 5 5 
5 5 4 5 5 5 5 5 5 5 4 4 4 5 5 5 5 4 5 5 5 5 5 4 4 4 4 5 5 6 5 5 5 5 6 5 5 5 5 5 5 6 6 5 5 5 5 5 5 5 5 5 6 6 6 6 6 6 6 6 6 6 6 6 5 6 6 5 5 5 5 5 4 5 5 5 5 5 5 5 5 6 6 6 6 5 5 6 6 7 6 6 6 5 6 7 7 7 6 6 6 6 6 6 6 6 7 7 7 7 7 7 7 8 7 7 7 6 6 6 7 8 7 7 7 8 8 8 8 8 8 9 8 7 7 7 8 7 8 7 7 7 8 10 9 9 9 9 9 9 9 9 9 9 10 10 9 7 7 8 7 7 7 8 7 7 7 8 8 8 8 9 8 8 8 9 10 10 10 10 9 8 7 7 8 8 7 7 7 7 7 8 9 8 8 8 8 8 8 8 8 7 7 6 6 7 7 8 8 7 8 8 9 9 8 8 8 8 7 7 6 6 6 6 5 5 5 6 5 5 5 6 5 5 5 5 6 6 5 5 5 4 4 5 5 5 6 6 6 7 
5 4 4 4 4 5 4 5 5 5 4 4 4 4 4 4 4 4 4 4 4 4 5 4 4 3 4 4 4 4 4 4 4 4 5 5 4 4 4 5 5 5 5 5 5 5 4 4 4 4 4 5 5 5 5 5 6 7 6 5 5 5 5 4 5 5 5 5 5 5 5 5 4 5 5 6 6 5 5 5 5 6 7 7 7 7 5 6 6 6 6 6 6 5 5 6 6 6 6 6 6 6 6 5 5 6 7 7 8 8 8 8 7 7 7 7 7 7 7 6 7 8 8 7 6 7 7 7 7 7 8 8 7 7 6 7 8 8 8 7 6 6 7 7 7 7 8 8 8 8 9 8 8 8 9 9 8 8 8 8 8 7 7 8 7 7 7 7 7 7 7 7 7 6 6 7 8 8 8 8 7 7 7 7 7 7 7 7 7 7 7 8 7 7 7 7 7 7 7 7 6 6 6 7 7 7 7 8 8 7 6 6 6 7 7 7 7 7 7 7 7 7 8 8 7 6 7 6 6 5 6 6 6 5 5 5 5 5 5 5 5 4 4 4 4 5 6 6 6 7 
6 5 5 5 5 5 5 5 5 5 5 4 4 5 4 5 5 6 6 6 5 5 5 5 5 5 5 5 5 5 5 6 6 5 5 5 5 5 5 5 5 5 5 6 6 6 5 5 5 4 5 5 5 5 5 6 6 7 6 5 5 5 5 5 5 5 5 5 4 4 5 5 5 5 5 5 5 5 4 4 5 5 6 5 5 5 5 5 5 5 5 5 5 5 5 5 5 5 6 6 6 5 5 4 4 5 6 6 6 6 6 6 7 7 7 6 6 7 6 5 6 6 6 6 5 5 5 6 6 6 7 7 7 6 6 7 7 7 7 7 6 6 7 7 6 6 7 8 8 7 9 8 7 6 7 6 6 6 6 7 6 6 6 6 7 6 6 5 5 6 5 6 6 5 6 6 6 6 6 7 7 7 7 6 6 6 7 7 7 7 7 6 6 6 6 5 6 6 6 6 5 6 6 7 7 8 7 8 8 8 7 7 7 8 8 8 8 8 8 8 8 9 9 9 8 8 9 7 6 6 5 4 4 5 4 4 4 4 4 4 3 3 3 3 3 4 5 4 4 5 
4 4 4 4 4 4 4 4 4 4 3 3 4 4 4 4 4 5 5 4 4 4 4 4 4 4 4 4 4 4 4 4 4 4 4 4 4 4 4 4 4 4 4 4 6 5 4 5 4 4 5 5 5 4 4 5 6 6 6 5 5 5 4 4 4 4 5 7 7 5 4 4 4 4 5 4 4 4 3 3 3 3 3 3 3 3 4 4 4 4 4 3 4 4 3 4 4 4 4 5 5 5 4 4 4 5 5 6 4 4 4 4 5 6 6 5 5 7 5 5 5 5 4 4 4 4 4 5 5 5 6 6 6 6 6 5 6 6 7 9 7 7 7 7 7 8 7 6 9 6 6 7 6 6 5 4 5 5 5 5 5 5 5 5 5 5 4 4 4 4 4 4 5 6 6 5 5 5 5 6 7 7 6 6 6 7 7 7 7 7 6 5 6 7 7 7 7 7 8 8 7 8 9 9 8 7 8 9 9 8 7 7 8 9 8 10 7 7 9 9 9 9 8 8 9 10 8 7 7 6 4 5 6 6 6 7 6 6 6 6 5 4 4 4 5 6 6 5 4 4 
2 2 2 2 2 2 2 2 2 2 2 2 2 2 2 2 1 1 2 1 2 2 2 2 2 1 2 2 2 2 2 2 2 2 2 2 1 1 1 2 2 2 2 2 3 2 2 2 2 2 3 3 2 2 2 3 3 3 3 3 3 3 3 3 3 3 4 14 16 9 4 3 2 2 3 2 2 2 2 2 2 2 2 3 2 3 2 2 2 2 2 2 3 3 3 3 3 2 2 2 2 2 2 2 2 2 2 3 2 2 2 2 3 3 3 3 4 4 3 3 3 3 2 2 3 3 3 3 3 3 3 3 3 3 2 2 4 4 5 4 3 4 4 3 2 4 4 4 19 27 13 9 4 4 3 2 4 3 2 2 2 3 3 3 3 3 3 2 2 2 2 2 3 4 4 3 3 3 3 3 3 3 3 3 3 4 5 5 5 5 5 5 4 4 4 4 4 4 4 4 3 3 4 4 4 5 6 5 5 4 4 4 4 5 4 6 4 5 7 6 6 4 5 5 6 6 6 5 4 4 5 7 9 8 7 7 6 7 7 7 8 8 7 5 6 7 6 6 5 5 
1 1 1 1 1 1 1 1 1 1 1 1 1 1 1 1 1 1 0 1 1 1 1 1 0 0 1 1 1 1 1 1 1 1 1 1 1 1 1 1 1 1 1 1 1 1 1 1 1 1 1 1 1 1 1 1 1 1 1 1 1 1 1 1 2 1 2 21 27 13 2 1 1 1 1 1 1 1 1 1 1 1 1 2 1 2 1 1 1 1 1 1 1 1 1 1 1 1 2 1 2 1 1 1 1 1 1 2 2 2 1 1 1 1 2 1 1 1 1 2 2 1 1 1 1 1 1 1 1 1 1 1 1 1 1 1 1 1 2 2 2 3 1 2 1 3 3 11 49 56 27 13 5 3 3 1 1 1 1 1 1 1 1 1 2 2 2 2 1 1 1 1 2 2 2 1 1 1 1 1 2 1 1 1 2 2 1 1 1 1 2 1 1 2 2 2 2 2 2 2 2 2 1 2 2 2 2 2 2 2 1 2 2 2 2 2 1 2 2 1 1 1 1 4 9 7 3 2 3 2 3 4 4 3 2 2 2 2 2 2 2 2 2 3 3 3 3 3 2 3 
1 1 1 1 1 1 1 1 1 1 1 1 1 1 2 1 1 1 1 1 1 1 1 1 1 1 1 1 1 1 1 1 1 1 1 1 1 1 1 1 1 1 1 1 2 1 1 1 1 1 1 1 1 1 1 1 1 1 1 1 1 1 1 1 2 2 3 18 27 14 2 1 2 2 1 1 1 1 1 1 2 2 2 3 2 4 2 1 2 1 2 2 1 2 2 2 2 2 3 2 3 3 3 3 3 3 3 2 2 3 2 2 2 1 3 2 1 2 2 2 2 2 2 2 1 1 2 2 2 2 2 2 2 2 3 3 1 1 6 14 11 6 2 2 1 1 2 20 61 36 25 13 6 5 4 2 2 2 2 2 2 2 2 2 3 3 3 2 2 2 1 2 2 2 3 2 2 2 2 2 2 2 2 2 2 2 2 3 2 2 4 3 2 2 2 2 2 3 3 2 2 2 2 3 3 3 3 3 4 3 3 3 3 3 3 3 2 3 2 3 3 1 2 25 34 23 12 2 3 2 3 2 2 3 3 2 2 2 2 2 2 2 2 1 2 2 1 1 2 2 
1 1 1 1 1 1 1 1 1 2 1 1 2 2 4 2 1 2 1 2 2 2 1 1 1 1 1 1 1 1 1 1 1 1 1 1 1 1 1 1 2 1 2 4 7 6 4 2 1 1 1 1 1 1 1 1 1 1 1 1 1 1 1 1 1 3 3 11 21 11 3 2 2 1 2 1 1 2 1 2 2 2 2 3 5 16 12 3 2 2 2 2 2 2 2 4 4 5 6 6 9 9 9 8 8 8 8 8 9 9 4 2 3 2 2 2 2 4 4 5 4 3 3 3 2 1 2 3 3 3 3 3 3 4 3 2 2 3 20 38 22 9 6 3 2 1 3 18 52 39 20 12 7 6 5 3 4 5 4 4 4 4 4 4 5 5 5 5 4 4 4 4 4 5 5 5 5 4 3 2 2 1 1 1 1 1 2 2 1 2 2 2 2 3 3 3 3 3 3 3 3 4 3 3 6 10 13 13 12 12 12 11 10 9 9 8 8 10 9 9 6 3 4 44 35 19 18 4 6 4 3 3 4 7 7 5 3 4 4 4 4 4 4 3 4 4 4 4 4 5 
2 2 2 2 2 2 2 2 3 3 3 3 3 4 8 4 1 2 3 9 12 7 3 2 2 2 2 2 2 2 2 2 1 1 1 2 2 2 2 1 1 2 3 16 28 22 10 4 2 2 1 1 1 1 1 1 1 1 1 1 1 1 1 1 1 2 3 7 18 6 2 2 1 2 5 2 3 6 6 8 9 11 9 13 15 48 38 5 2 1 1 1 1 2 4 14 25 31 37 42 49 49 49 49 48 49 50 45 49 39 14 3 3 2 1 2 4 5 14 25 15 4 3 4 2 1 2 3 3 3 3 4 13 28 17 5 2 5 26 44 22 9 7 3 4 2 2 7 23 28 15 10 6 6 7 6 7 9 6 5 6 6 5 6 6 6 6 5 5 5 5 5 5 5 5 4 4 3 2 1 1 1 1 1 1 1 1 2 3 4 4 4 6 7 9 10 10 8 8 8 8 9 10 14 30 53 67 69 71 72 71 70 67 64 61 60 60 64 59 59 36 9 3 25 29 19 12 9 25 26 14 10 12 14 12 10 10 11 11 10 9 9 8 8 8 8 8 8 8 9 
5 5 6 6 6 6 6 5 6 6 6 6 7 10 9 4 2 2 9 39 53 25 7 4 4 4 4 5 5 5 5 5 4 4 4 4 5 5 3 2 1 2 6 31 56 42 15 5 3 1 1 1 1 1 1 1 1 1 1 1 1 1 1 1 1 2 4 9 24 4 1 2 1 5 13 3 6 18 17 18 24 30 24 25 22 63 47 5 1 1 1 1 1 1 6 29 61 77 91 107 111 110 110 111 111 112 113 107 118 90 30 6 4 4 2 4 5 9 50 97 50 8 5 6 4 1 1 2 2 2 1 5 40 107 71 21 3 4 19 36 22 10 6 6 11 6 3 3 5 6 6 5 5 11 17 19 22 13 7 5 7 8 7 7 5 4 4 3 2 2 2 2 2 1 2 2 2 2 1 1 1 1 2 2 2 1 3 8 23 36 34 34 42 50 62 70 68 64 64 67 69 66 59 64 87 108 110 104 106 109 112 110 107 104 104 105 104 106 106 116 75 21 5 6 10 10 10 34 73 65 29 16 17 18 15 13 14 15 15 16 15 14 13 12 13 13 12 11 11 11 
7 7 7 7 7 7 9 8 8 7 9 7 8 9 10 3 2 2 9 45 66 33 10 5 7 8 7 8 8 8 9 8 8 8 8 8 9 9 6 2 1 2 7 32 60 43 15 6 3 1 1 1 1 1 1 1 1 1 1 1 1 1 1 1 2 6 7 17 43 3 2 1 1 5 23 7 11 23 17 20 29 33 28 28 30 48 30 4 1 1 1 1 1 2 7 35 68 82 103 110 116 131 122 126 130 125 123 110 139 112 84 54 56 47 33 50 68 52 80 118 69 8 11 8 6 2 1 1 1 2 2 3 70 109 102 50 6 3 10 12 11 12 4 6 30 44 11 3 3 3 4 7 13 20 31 38 32 16 8 11 14 15 13 12 9 5 2 1 1 1 1 1 0 0 1 1 2 2 2 2 2 3 3 3 3 3 4 13 42 64 63 71 78 87 105 109 103 103 103 97 103 105 113 107 108 117 107 108 111 115 119 121 121 121 124 116 131 130 101 91 58 25 17 19 8 13 43 79 84 67 31 15 12 17 17 13 12 11 13 14 23 20 26 15 11 12 12 11 12 10 
7 7 7 7 7 6 6 6 6 6 7 6 7 8 12 5 2 3 7 26 37 18 6 5 9 9 8 8 7 8 8 7 7 8 7 7 9 8 5 3 3 3 4 13 23 17 9 6 3 2 1 1 1 1 1 1 1 1 1 1 0 1 1 1 4 7 10 20 47 6 2 1 1 6 28 16 22 32 22 24 33 35 29 31 32 40 11 2 1 1 1 1 1 2 7 35 70 86 107 125 129 130 121 127 126 121 133 141 136 121 132 118 117 111 82 96 126 126 139 126 69 13 5 5 2 1 2 1 1 2 3 5 62 103 121 89 24 8 3 3 5 6 4 10 37 74 43 10 4 5 9 30 36 17 9 13 23 24 14 18 22 22 18 13 8 4 2 1 1 1 1 1 0 1 1 3 4 4 3 3 3 3 4 4 3 3 5 18 56 86 87 94 99 99 113 117 115 120 121 114 117 113 117 114 111 114 119 127 126 123 120 118 117 117 122 109 116 123 112 107 74 52 72 86 37 50 104 125 107 81 34 15 12 15 15 13 12 13 16 15 23 26 38 14 10 10 10 9 10 9 
7 6 6 7 7 6 5 7 7 7 7 6 7 9 14 6 3 4 3 6 7 6 4 5 7 5 6 6 5 6 5 6 8 7 7 7 7 6 5 4 5 5 5 6 8 6 5 4 3 1 1 1 1 1 1 1 1 1 1 0 1 1 2 2 6 7 10 17 42 11 5 3 2 6 29 22 25 29 21 27 37 38 33 36 37 42 8 2 2 1 1 1 1 2 7 33 67 87 105 131 124 140 132 129 130 129 133 145 122 118 135 128 123 127 87 106 133 123 132 123 92 42 10 5 2 2 3 10 11 4 2 15 84 105 112 125 84 46 19 10 4 11 13 30 68 92 54 13 7 6 13 30 24 10 9 11 17 25 16 18 20 20 19 16 12 3 2 1 0 1 1 0 0 1 1 3 4 4 3 3 3 4 4 4 4 4 6 23 69 103 107 107 115 108 116 118 118 125 126 120 126 119 119 118 102 93 122 124 121 119 119 121 125 128 127 115 119 121 117 125 111 66 56 68 46 87 119 118 122 96 34 14 11 13 15 15 11 12 15 13 19 26 43 14 9 9 8 8 9 9 
4 4 4 4 4 4 4 6 5 4 4 4 4 5 10 5 4 9 11 7 4 3 3 3 3 2 3 4 3 3 3 4 5 4 4 4 4 4 5 5 6 13 27 15 7 4 3 3 2 1 2 1 1 1 1 1 1 1 1 1 1 1 2 2 5 5 7 12 37 14 6 4 4 9 34 22 24 28 21 27 38 37 32 36 36 38 8 2 2 1 1 1 2 2 6 28 57 78 94 119 105 129 124 115 118 117 116 134 126 127 121 117 123 122 77 102 128 114 126 130 118 92 52 30 5 2 20 69 49 12 3 30 113 107 88 115 98 68 55 29 7 17 21 64 125 117 59 18 14 9 9 10 6 10 17 20 26 42 32 35 37 42 51 58 45 10 2 2 1 1 1 1 1 1 2 3 3 3 3 4 3 4 4 4 4 4 7 26 74 106 113 109 123 112 115 115 116 120 121 115 124 122 124 117 83 66 110 120 121 121 123 124 126 126 128 124 124 119 112 119 117 77 62 69 45 92 122 118 123 89 26 9 8 9 14 17 8 8 9 9 13 23 39 10 6 5 5 4 5 5 
2 2 2 2 2 2 2 4 2 2 3 6 5 5 6 5 5 16 29 18 5 3 2 2 2 1 2 2 2 2 2 4 4 3 7 11 8 7 7 5 6 20 52 44 14 4 2 2 2 1 1 1 1 1 1 1 1 1 1 1 1 1 2 2 2 3 3 11 37 13 3 3 3 8 32 14 19 29 22 30 40 38 31 35 31 32 7 1 1 1 1 1 1 2 5 30 50 65 83 100 102 99 97 107 115 109 114 110 109 112 105 104 113 99 87 102 116 121 117 104 103 110 84 52 10 3 25 82 47 11 3 17 51 45 31 37 27 21 45 24 7 9 10 41 97 111 72 29 20 15 16 17 18 27 35 38 57 70 65 85 89 88 92 95 78 18 2 3 1 1 1 1 1 2 2 3 4 4 4 4 3 4 4 4 4 4 7 28 74 105 116 109 130 112 114 115 117 120 121 119 118 119 127 115 67 51 98 121 125 126 126 124 120 117 120 119 119 127 133 129 113 83 69 64 32 48 72 98 120 82 21 6 5 7 14 18 5 4 4 7 11 22 36 5 2 2 2 2 2 2 
3 3 2 3 4 3 2 4 2 4 12 24 22 15 10 14 15 23 38 25 9 5 4 2 2 2 2 2 2 2 2 4 4 6 24 48 45 42 34 27 28 43 59 38 15 7 3 2 3 2 2 1 1 1 1 1 1 1 1 1 1 1 2 3 7 16 5 10 37 11 2 3 3 10 40 11 20 37 25 31 43 41 34 37 30 30 8 2 2 1 1 1 1 1 4 26 32 27 37 42 49 42 42 66 100 100 81 49 46 61 75 52 50 51 79 96 103 85 48 39 60 72 38 21 8 4 6 19 11 4 3 3 5 4 2 2 2 1 16 10 12 9 8 15 45 72 61 30 23 33 47 46 50 59 63 68 83 104 87 89 79 77 87 97 78 20 3 2 2 2 1 1 2 2 3 3 4 4 4 4 4 4 4 4 4 5 7 30 76 103 116 102 128 113 118 123 123 120 121 124 117 113 123 115 59 54 100 117 120 121 122 122 122 122 120 124 126 131 132 119 105 86 50 34 24 34 46 91 131 87 23 5 4 6 14 18 4 3 3 6 10 21 35 3 2 2 2 1 1 1 
4 3 3 6 8 6 3 2 1 4 18 40 37 24 14 33 45 37 43 41 41 28 9 3 2 2 3 4 3 2 3 4 3 6 33 69 64 74 74 78 95 92 74 74 66 55 23 5 2 2 2 2 2 2 2 1 1 1 2 2 1 1 2 7 59 91 18 11 35 10 3 4 3 11 42 9 18 35 19 25 37 37 33 36 29 28 6 1 1 1 1 2 3 1 5 29 24 6 9 8 7 12 14 36 99 111 50 10 9 31 59 17 11 32 58 102 135 62 8 6 25 33 9 2 1 2 2 2 1 1 1 1 1 1 1 1 1 1 3 4 11 14 15 17 29 31 20 11 15 42 51 56 65 64 65 76 84 88 77 90 89 90 95 92 67 24 8 6 7 9 6 5 5 5 5 4 4 4 4 4 4 4 4 5 5 5 7 32 79 102 111 86 115 117 123 129 125 116 116 119 119 108 117 112 58 66 110 123 122 120 118 118 120 122 127 141 137 107 80 65 72 95 67 39 34 64 90 115 125 88 26 6 3 5 11 15 6 4 4 6 8 19 33 3 2 2 2 1 1 0 
2 2 2 2 3 3 2 2 2 2 4 7 9 7 6 7 9 9 9 11 14 12 7 5 4 3 3 4 6 7 8 9 8 11 30 55 59 68 74 75 76 81 89 105 106 95 43 8 3 3 3 2 2 3 2 2 3 2 3 1 3 3 3 34 121 82 12 9 27 12 2 3 2 12 31 12 18 31 22 28 44 38 37 29 25 26 5 2 1 1 1 2 4 2 4 15 12 3 5 5 5 13 19 34 73 75 34 8 10 22 45 9 7 18 29 73 62 19 3 3 7 8 3 1 1 1 1 1 1 1 1 1 1 1 1 1 0 1 1 2 2 3 4 8 6 6 6 4 13 49 52 59 63 65 72 80 83 80 82 85 75 69 70 59 39 27 22 24 28 29 28 28 28 26 23 17 12 8 5 4 5 5 4 6 6 5 7 27 84 112 112 46 110 112 114 131 117 114 134 116 106 113 123 102 51 77 113 120 122 122 123 129 129 120 109 101 93 88 90 98 107 108 71 38 45 97 109 111 90 76 41 22 18 15 17 20 11 9 7 7 8 17 29 7 4 2 1 1 1 0 
2 1 1 1 1 1 1 2 2 2 2 2 2 2 3 3 3 3 3 4 4 6 5 4 4 6 10 15 23 28 29 31 29 27 36 49 53 59 63 65 66 68 69 60 61 63 34 7 3 5 5 4 3 2 3 4 5 4 5 4 5 4 7 36 79 42 6 9 23 12 4 4 3 9 20 10 13 22 17 19 24 16 13 10 9 11 3 1 1 1 1 1 1 1 1 3 2 1 2 2 1 4 4 3 6 6 3 1 1 4 7 2 2 3 3 11 6 2 1 1 1 1 1 0 1 1 1 1 1 1 1 1 1 1 1 0 1 1 1 1 1 1 1 2 1 1 2 3 11 37 38 47 52 53 56 60 60 57 58 60 55 53 58 52 48 41 36 44 55 60 60 60 60 60 61 55 44 32 21 11 7 5 5 6 6 5 7 22 78 106 87 39 98 117 108 117 111 113 124 102 77 101 110 96 56 87 114 113 117 119 118 119 112 98 89 91 99 108 113 116 115 125 86 34 30 72 72 80 80 83 72 64 61 51 51 56 41 36 32 27 24 32 44 19 10 5 3 1 1 1 
1 1 1 1 1 1 1 1 1 1 1 1 1 2 3 3 2 3 3 3 3 4 4 6 11 21 34 47 59 62 59 59 54 47 47 54 58 58 57 56 55 52 48 43 39 37 23 8 5 8 21 26 27 23 21 19 15 15 12 12 13 12 13 21 35 26 13 13 18 14 9 7 5 5 6 3 3 4 3 3 3 2 1 1 1 2 1 1 1 1 1 1 1 1 0 0 1 1 1 1 1 1 1 1 1 2 1 1 1 1 1 1 1 1 1 2 1 1 1 1 1 2 2 2 2 3 2 3 3 2 2 1 1 1 1 1 0 1 1 1 1 1 1 1 1 1 2 3 7 15 18 25 32 37 39 43 46 52 53 59 59 61 70 68 60 50 43 51 62 67 68 75 81 82 85 88 82 70 57 39 24 16 9 6 5 5 9 20 64 87 64 41 86 109 100 108 109 108 104 80 50 97 109 92 58 93 116 109 115 107 85 74 81 96 101 104 110 116 118 117 116 126 107 52 31 68 63 54 57 73 70 74 89 87 84 87 76 77 80 75 66 70 82 70 47 30 16 4 2 1 
1 1 1 1 0 1 1 1 1 1 1 1 1 1 2 1 1 1 1 1 2 4 9 18 33 48 56 60 65 67 63 62 59 57 62 69 73 70 69 70 70 67 63 68 56 41 29 18 9 5 17 39 66 79 85 83 72 70 55 49 47 42 39 32 24 25 23 14 12 12 9 6 4 3 2 2 1 1 1 1 1 1 1 1 1 1 1 0 1 1 1 1 1 1 1 1 1 1 1 0 1 1 1 1 1 1 1 1 1 1 1 1 1 2 2 2 3 3 4 3 4 7 7 6 6 6 6 7 9 8 6 4 2 1 1 1 1 1 1 1 1 1 1 1 1 1 2 5 11 16 23 29 38 44 49 55 61 67 68 74 75 75 80 76 68 56 47 51 60 66 71 76 80 82 83 86 88 88 82 68 59 48 25 11 6 4 7 11 25 32 23 19 34 44 43 48 50 50 47 37 20 52 58 47 31 50 59 61 56 44 35 40 57 75 80 79 77 78 80 84 88 90 92 63 41 79 64 40 35 46 37 36 54 69 79 89 83 85 92 95 94 106 131 143 122 91 45 9 2 2 
0 1 1 1 0 0 0 1 1 0 0 0 1 0 1 1 1 1 1 2 6 14 24 37 48 57 63 64 70 79 78 75 71 71 76 82 83 80 80 84 87 86 81 71 73 64 62 55 26 8 4 15 36 54 78 108 127 124 117 116 97 69 50 34 23 16 10 6 4 3 2 2 2 1 1 1 1 1 1 1 1 1 1 1 1 1 1 1 1 1 1 1 1 1 1 1 1 1 1 1 0 1 1 1 1 1 2 2 3 3 5 5 5 8 9 8 10 9 10 9 10 10 9 9 10 9 7 8 9 9 10 10 6 1 0 0 1 1 1 1 1 1 1 1 1 2 5 14 26 36 44 47 54 60 64 69 75 73 71 80 84 81 84 80 82 74 62 61 64 69 77 80 84 89 89 85 82 81 75 71 86 86 56 29 15 8 8 8 9 8 7 9 10 11 10 10 10 10 10 11 5 12 11 10 9 12 10 12 10 8 8 12 17 19 19 18 18 18 19 20 22 23 25 21 21 45 30 22 22 27 19 13 15 24 37 58 74 78 90 98 101 115 139 146 147 121 60 12 3 2 
1 1 1 1 1 1 1 1 0 0 0 1 1 0 1 0 0 1 1 2 8 23 39 52 59 65 73 77 74 68 62 55 50 49 48 48 49 48 47 48 49 49 49 47 52 45 44 36 16 5 3 4 6 9 20 47 77 74 70 61 44 25 13 7 4 2 1 1 2 1 2 2 2 2 2 1 2 2 2 2 1 2 1 2 2 2 2 2 2 2 2 2 2 2 1 1 1 1 1 2 1 2 1 1 0 1 1 1 3 2 4 6 6 7 10 8 11 8 10 9 9 9 9 8 10 9 8 8 8 8 8 11 9 3 1 1 1 1 1 1 1 1 1 1 1 2 4 8 12 17 23 22 25 30 33 34 36 45 45 55 63 66 73 75 78 75 69 65 63 65 73 85 93 95 97 96 93 87 83 86 102 105 92 83 60 34 22 18 17 15 16 17 18 20 18 16 16 15 13 16 15 16 12 14 16 15 12 14 18 19 16 14 14 14 15 16 16 16 16 15 15 16 15 14 16 22 14 17 20 25 21 16 16 17 19 23 27 36 54 70 77 86 102 123 126 105 57 17 8 5 
1 1 0 0 1 1 1 1 1 1 1 0 0 0 1 0 0 1 1 1 3 7 15 30 43 47 44 36 28 22 17 13 12 13 14 14 16 16 17 18 19 20 20 18 17 12 11 8 4 3 2 2 2 2 5 12 21 26 18 6 3 2 2 1 1 2 2 1 2 2 2 2 2 3 3 2 3 4 3 3 3 3 3 3 3 2 2 2 2 2 2 2 2 2 2 2 2 2 2 2 1 1 1 1 2 2 2 1 2 1 2 4 3 3 5 5 9 7 8 8 10 10 10 9 9 9 9 9 10 11 9 10 9 3 1 2 2 1 1 1 1 1 1 1 1 1 1 2 3 6 11 11 13 17 20 22 25 29 27 33 39 41 48 50 53 53 55 53 53 60 71 85 90 90 94 100 104 102 105 111 115 116 117 129 113 79 50 34 32 31 30 26 27 26 26 27 30 30 26 26 29 30 28 29 28 27 29 26 26 25 25 27 29 28 26 26 26 26 26 27 27 27 27 29 28 30 31 39 34 33 33 35 42 41 33 31 32 34 40 45 45 48 54 55 59 54 40 25 21 14 
1 1 1 1 1 1 1 1 1 1 1 1 1 1 1 1 1 1 1 1 1 1 2 4 5 7 7 7 5 3 3 3 3 3 3 4 4 6 7 8 9 10 12 15 16 14 9 5 3 3 2 1 1 1 2 2 2 2 2 2 2 3 4 4 5 6 6 7 7 9 10 11 12 12 12 13 13 13 13 12 9 6 5 4 4 3 4 4 3 4 4 3 3 3 3 3 3 3 3 2 3 3 2 2 2 3 2 2 2 2 3 3 2 2 3 3 4 4 5 6 6 7 8 10 10 8 7 6 6 10 11 10 11 3 0 3 5 2 0 1 2 3 2 1 1 1 1 1 2 4 6 8 9 10 11 17 25 26 22 26 31 32 36 38 38 35 35 27 30 44 61 80 90 96 101 101 100 102 104 106 122 140 139 136 136 122 88 57 44 43 40 37 38 40 41 41 41 42 41 38 41 40 44 46 44 43 47 39 39 42 42 42 41 41 41 41 40 38 38 40 41 40 40 41 42 42 43 44 45 48 51 54 56 53 50 50 53 53 54 57 59 57 54 53 56 54 50 46 39 30 
1 1 1 1 1 1 1 1 1 1 1 1 1 1 1 1 1 1 1 1 1 1 1 1 1 1 1 1 2 2 2 2 2 1 1 1 1 2 2 2 3 6 10 13 19 19 10 4 2 2 2 1 1 1 1 2 2 3 3 5 7 10 13 13 17 21 26 29 31 32 34 36 37 38 38 38 38 38 37 35 28 21 16 11 8 6 6 5 5 5 6 5 5 5 5 4 5 5 4 3 4 4 4 4 4 3 3 3 3 3 3 3 3 3 3 4 4 4 4 5 5 5 6 7 7 6 6 6 6 10 11 11 12 4 1 4 9 5 2 1 2 3 2 1 0 1 1 1 2 4 6 9 11 12 12 14 17 21 19 22 23 21 26 29 29 24 25 18 16 26 53 82 92 99 107 110 110 106 103 105 123 137 136 147 155 147 129 98 70 55 50 52 57 53 54 52 50 53 55 55 52 51 56 61 58 56 59 46 47 53 55 54 53 51 57 57 55 52 52 53 54 53 53 53 54 55 58 59 62 64 65 66 67 68 68 68 67 68 68 69 71 73 75 75 75 79 83 77 69 62 
1 1 1 1 1 1 1 1 1 1 1 1 1 1 1 1 1 1 1 1 1 1 1 1 1 1 1 1 1 1 1 1 1 1 1 1 1 1 1 1 1 2 4 4 6 6 4 2 1 1 2 2 2 2 3 4 6 8 10 14 18 22 26 28 34 42 50 55 54 53 53 54 54 55 56 57 58 58 58 56 53 49 43 34 25 19 13 10 8 7 8 8 8 7 6 5 5 6 6 6 5 5 5 5 5 4 4 4 4 3 3 3 4 4 4 4 4 4 4 4 4 4 5 5 5 5 6 6 6 8 8 9 10 4 1 3 11 13 10 5 2 2 1 1 1 1 1 1 2 4 7 10 13 15 16 17 17 22 20 23 22 18 20 21 21 18 23 19 12 17 47 83 92 94 103 115 115 99 93 108 132 145 140 148 148 134 126 100 64 41 35 37 39 43 47 49 50 57 65 69 60 58 65 73 70 67 72 64 63 63 62 62 62 64 67 66 63 63 63 63 65 66 65 64 64 66 68 71 73 72 72 73 76 80 84 83 81 85 86 84 82 81 84 92 86 87 94 99 96 88 
1 1 1 1 1 1 1 1 1 1 1 1 1 1 1 1 1 1 1 1 1 1 0 0 0 1 1 1 1 0 1 0 1 1 1 2 4 4 5 4 3 1 1 2 1 1 1 1 1 1 2 2 3 4 6 10 13 15 20 26 31 35 41 49 57 59 60 57 57 61 67 66 64 65 66 67 68 69 67 66 66 68 68 63 56 51 44 33 24 18 14 11 9 10 11 12 11 10 10 12 8 8 8 8 6 5 5 6 7 5 4 5 7 6 6 6 5 5 5 5 5 5 5 5 5 5 6 6 6 6 6 6 7 4 2 3 13 26 30 23 12 5 1 1 1 1 1 1 2 7 4 7 9 12 15 17 17 18 18 22 24 23 23 20 14 11 19 20 11 11 33 74 90 91 101 118 109 76 74 100 116 121 107 101 90 71 61 52 34 23 22 23 22 26 31 36 41 49 56 58 63 59 67 79 75 69 74 75 74 72 69 68 70 74 71 67 68 73 74 72 75 76 74 73 72 72 74 77 80 82 84 86 88 92 93 94 96 101 103 100 98 98 101 101 105 106 113 119 107 81 
1 1 1 1 1 1 1 1 1 1 1 1 1 1 1 1 1 0 0 1 1 1 1 1 1 1 1 1 1 1 1 0 0 1 1 2 3 4 7 9 8 3 1 1 1 2 2 1 2 2 3 6 9 12 15 18 21 26 32 38 43 47 53 61 60 60 63 67 69 68 66 69 72 71 71 70 69 69 70 69 63 60 62 66 70 69 66 60 55 52 47 37 29 22 31 39 40 36 33 33 31 29 27 22 13 7 7 8 9 8 6 7 9 8 8 8 8 8 8 8 8 8 8 7 7 8 8 7 8 8 8 8 8 7 6 7 17 30 43 59 62 43 12 1 1 3 3 2 2 4 4 6 8 8 12 15 15 16 17 23 26 27 27 21 12 8 15 18 12 9 22 61 85 90 96 106 102 77 66 68 67 71 67 66 63 56 52 51 47 48 54 58 55 46 50 51 51 50 44 36 64 59 71 87 85 77 83 76 77 80 80 79 80 80 80 76 80 89 88 82 83 83 82 82 82 83 85 87 92 97 99 100 101 98 97 98 104 105 106 107 109 115 117 109 116 122 125 125 122 115 
1 1 1 1 1 1 1 1 1 1 1 1 1 1 1 1 0 0 0 0 1 1 1 1 1 1 1 1 1 1 1 1 1 1 1 1 1 1 1 2 3 2 1 1 2 3 3 3 4 6 9 13 17 21 24 30 35 39 43 50 62 75 83 86 82 75 70 71 73 71 65 67 70 70 70 69 69 69 71 73 69 67 69 72 74 73 69 64 64 70 73 69 61 52 58 62 59 50 42 38 41 38 37 32 20 13 12 11 10 10 10 10 10 9 8 8 8 8 8 9 9 9 8 8 8 9 8 7 7 8 8 9 8 8 9 8 15 21 24 38 57 57 26 6 4 5 5 3 2 2 2 3 4 4 7 10 11 11 13 17 18 19 23 21 13 6 8 10 8 7 15 58 87 79 63 57 68 78 83 75 64 72 77 78 80 79 78 79 78 74 72 72 74 80 81 79 79 75 61 46 49 46 61 84 88 84 93 86 85 85 83 82 84 87 90 86 89 100 94 81 78 82 85 86 90 93 96 98 101 105 106 107 108 109 108 109 112 114 118 118 111 99 91 95 100 119 120 95 96 134 
0 1 1 1 1 1 1 1 1 1 1 1 1 1 1 1 1 1 1 1 1 1 1 1 1 1 1 1 1 1 1 1 1 1 1 1 1 1 1 1 1 2 2 3 4 4 5 7 9 11 16 22 27 32 39 47 51 47 61 73 95 116 127 127 130 112 103 86 67 76 83 78 80 80 78 80 80 80 83 84 85 86 88 88 87 85 82 76 71 75 79 78 79 78 81 76 70 61 51 44 37 33 25 26 19 16 16 15 17 13 15 15 13 14 13 12 11 13 13 13 12 12 12 11 11 12 11 10 10 11 11 12 11 10 11 10 11 13 12 14 22 30 23 18 13 5 2 1 2 3 3 4 4 3 3 4 4 4 6 9 11 15 20 22 11 4 3 3 4 4 9 40 69 50 40 50 75 95 103 93 80 90 87 86 94 89 89 94 93 89 90 93 95 97 100 99 102 106 93 73 41 34 48 68 80 84 93 92 91 89 84 83 88 95 97 94 96 100 93 82 79 85 90 92 96 99 100 102 105 107 106 108 113 118 119 118 118 121 130 132 115 96 88 103 117 138 128 90 84 118 
0 0 0 0 0 0 0 1 1 1 1 1 1 1 0 0 1 1 1 1 1 1 1 1 1 1 1 1 1 1 1 1 1 1 1 1 1 1 1 1 2 2 3 4 5 8 12 17 23 29 38 41 43 46 52 56 53 54 90 111 136 148 152 155 156 139 141 108 56 54 61 53 55 58 54 57 56 55 60 63 63 64 64 63 64 64 64 62 57 61 63 62 67 63 65 62 63 63 65 58 50 53 37 37 31 25 25 19 25 16 17 19 16 19 23 22 21 23 21 19 20 21 19 18 19 21 20 20 20 23 20 17 19 16 18 19 18 18 20 18 18 22 23 25 25 15 7 2 2 2 1 3 4 3 2 2 1 2 3 5 8 13 16 16 8 4 2 2 3 4 6 27 72 60 69 92 104 95 93 95 92 101 76 70 95 99 97 102 97 93 97 93 84 91 108 115 115 123 123 109 78 50 60 76 88 86 88 89 93 94 92 90 91 96 100 102 103 100 95 93 92 96 100 101 102 103 103 103 105 106 104 106 111 119 122 122 119 122 130 137 139 140 145 164 178 188 174 144 131 140 
1 1 1 1 1 1 1 1 1 1 1 1 1 1 1 1 1 1 1 1 1 1 1 1 0 1 1 1 1 1 1 1 1 1 1 1 1 1 1 2 4 6 8 16 17 19 21 24 28 32 29 27 27 28 31 32 33 52 103 131 148 147 147 153 156 155 158 122 60 33 32 33 40 47 46 46 44 44 44 41 41 41 42 42 42 41 41 40 36 38 41 40 44 39 32 26 22 24 41 36 32 42 36 31 28 16 12 13 21 14 13 13 11 11 13 12 10 11 11 9 11 12 11 10 11 11 10 10 11 12 10 10 14 13 15 14 13 13 15 14 13 15 15 14 17 13 9 4 3 2 2 2 3 3 2 2 2 1 1 2 3 4 5 5 3 3 2 2 2 2 3 19 81 92 91 101 101 99 100 93 93 105 73 55 83 107 111 112 109 110 110 90 71 88 112 121 115 122 144 159 125 81 89 106 116 107 116 113 108 102 99 98 98 99 101 103 105 104 102 100 101 97 94 95 97 99 100 101 103 108 115 121 121 121 125 129 137 148 147 147 161 172 171 184 168 139 110 97 119 164 
1 1 1 1 1 1 1 1 1 1 1 1 1 1 1 1 1 1 1 1 1 1 1 1 1 1 1 1 1 1 1 1 1 1 1 1 3 3 4 5 7 9 10 11 12 13 14 15 17 19 28 28 34 42 45 46 53 73 130 153 157 150 151 158 153 161 168 163 118 65 57 64 75 82 79 81 79 78 84 86 87 87 88 87 87 87 88 84 79 85 90 88 92 81 69 54 32 28 71 64 79 80 78 69 63 48 22 23 57 61 59 54 44 39 31 26 12 9 19 25 19 17 16 15 15 12 8 7 10 16 15 14 15 10 9 8 6 6 10 12 12 12 12 11 11 9 5 3 3 5 2 3 3 3 3 3 1 1 1 1 1 1 2 1 1 1 2 2 2 2 2 7 58 98 96 101 93 92 99 94 90 99 84 76 93 106 109 108 106 108 107 89 72 86 113 134 140 141 147 152 75 43 42 63 103 120 128 132 115 94 86 88 94 99 101 103 105 105 103 103 104 104 104 106 109 114 118 121 120 118 126 130 129 128 133 127 112 128 131 125 123 120 114 105 81 79 115 174 202 205 
1 1 1 1 1 1 1 1 1 1 1 1 1 1 1 1 1 1 1 1 1 1 1 1 1 1 1 1 1 1 1 1 2 3 3 3 4 6 8 8 9 9 11 18 21 25 30 35 41 47 51 52 57 61 57 59 69 103 160 162 157 156 162 165 161 161 156 171 155 92 74 78 82 80 76 84 85 79 80 82 82 82 83 83 82 83 85 80 74 82 88 85 88 79 59 60 42 20 63 88 91 86 94 86 64 84 42 16 62 87 89 88 83 81 87 86 36 14 40 68 62 51 45 45 45 33 21 19 24 37 40 36 31 23 30 31 16 10 15 23 25 26 25 24 27 24 14 10 15 30 16 8 7 7 4 2 2 1 1 1 1 1 1 1 1 2 2 3 3 2 2 3 32 77 77 87 82 80 76 74 85 88 87 98 106 104 109 110 108 108 109 107 104 108 96 94 104 112 114 113 28 14 8 25 86 117 101 73 57 45 41 43 46 47 44 44 45 45 43 42 42 44 45 46 46 48 51 53 56 58 56 56 61 70 80 91 103 101 105 104 98 103 117 110 138 178 208 220 219 213 
1 1 1 1 1 1 1 1 1 1 1 1 1 1 1 1 1 1 1 1 1 1 0 1 1 1 1 1 2 3 2 3 3 4 4 4 5 6 7 10 15 22 28 31 34 38 41 45 49 52 56 57 58 59 61 68 78 106 160 159 154 158 165 165 167 167 159 165 145 90 72 81 89 86 81 92 93 86 86 88 87 88 88 89 89 89 87 81 75 85 92 89 91 84 51 49 40 17 57 94 83 89 94 85 53 70 38 13 58 80 76 79 84 85 101 105 40 13 41 80 90 91 87 85 81 53 28 23 39 68 63 47 33 22 29 31 16 7 17 40 56 63 62 56 54 42 17 11 24 62 71 23 9 7 4 2 2 1 1 1 1 1 2 1 1 2 2 2 2 2 2 3 18 58 62 70 65 60 48 53 75 77 73 85 97 97 88 91 91 90 90 95 98 87 84 95 104 84 50 31 28 23 10 17 69 100 101 107 101 93 93 96 96 92 90 91 93 92 88 86 86 87 87 86 86 88 91 94 97 101 110 119 126 128 130 133 133 118 115 118 123 140 170 216 220 218 217 221 225 220 
1 1 1 1 1 1 1 1 2 2 2 2 2 2 1 1 2 2 2 1 1 1 1 1 1 1 2 2 3 4 3 3 4 5 4 4 6 7 12 21 30 37 39 39 43 47 50 52 56 59 59 61 61 64 73 78 74 94 154 166 165 168 172 167 165 171 175 166 123 79 70 73 81 84 81 88 87 82 82 81 81 82 82 82 83 84 85 79 73 84 91 87 89 85 59 31 23 23 75 81 87 98 86 89 67 49 24 17 69 89 83 91 97 91 84 71 22 12 50 86 91 95 92 90 84 49 21 14 22 36 32 28 30 27 31 28 14 8 27 70 97 96 88 89 81 56 16 7 19 71 104 73 39 11 3 3 2 2 3 2 2 2 2 2 1 2 2 1 2 2 2 3 9 42 51 52 45 37 27 37 51 54 55 57 66 75 71 73 76 75 72 72 72 61 53 52 48 38 35 44 51 33 8 13 67 97 108 108 104 102 103 106 108 107 108 110 113 112 109 107 108 108 107 107 110 114 120 126 126 125 129 126 115 105 105 107 109 128 150 176 205 222 220 206 219 224 221 218 206 189 
2 2 2 2 2 2 2 3 3 3 4 5 4 3 2 2 2 2 1 1 1 1 1 2 2 2 2 3 4 5 6 6 5 4 6 9 15 24 37 46 48 44 42 46 43 41 43 44 45 45 46 47 47 48 51 51 46 59 118 165 169 168 172 165 163 171 171 136 87 58 53 52 52 53 51 53 52 50 49 48 49 50 51 52 52 53 53 49 46 49 52 52 52 48 43 22 16 26 55 48 62 57 50 52 49 30 15 21 49 64 63 64 66 65 54 35 14 20 49 67 66 65 59 56 51 27 10 9 17 26 25 23 27 32 39 36 17 15 44 89 95 84 87 89 89 63 23 12 33 90 98 103 83 42 12 3 2 2 3 2 2 3 3 2 2 2 2 2 3 3 3 3 7 31 54 61 47 33 27 39 55 62 64 66 68 66 51 38 45 59 58 52 52 35 31 44 59 60 65 77 83 35 5 13 63 95 109 109 103 105 105 105 111 110 106 106 108 110 110 109 111 111 110 102 109 105 108 95 90 82 78 79 95 120 126 156 177 197 201 214 218 222 214 218 218 216 206 182 145 113 
3 3 3 4 4 4 5 4 5 5 6 6 5 3 2 2 2 2 2 1 1 1 2 2 3 4 5 7 8 7 6 5 7 10 15 23 40 41 39 33 28 26 27 31 30 32 36 41 46 48 57 59 62 65 70 74 75 87 130 169 167 166 173 171 169 172 172 149 113 89 81 100 114 111 111 111 109 106 109 115 116 117 117 117 116 115 112 107 102 100 101 101 99 103 108 96 86 92 97 89 90 79 85 84 93 82 74 75 78 76 68 60 58 62 71 59 48 53 56 48 40 35 32 32 32 22 14 18 23 23 25 26 27 32 36 33 21 19 32 48 44 38 44 44 47 39 24 18 25 43 38 46 53 45 26 14 10 12 12 10 9 9 7 3 3 4 7 6 6 7 12 13 20 43 66 61 36 18 28 56 72 74 71 75 74 62 34 22 34 61 70 71 79 61 56 74 91 90 91 93 79 30 13 21 61 97 107 109 105 105 99 94 99 98 99 96 91 85 78 73 71 64 60 54 57 46 51 50 69 96 114 81 78 93 105 189 201 216 220 207 216 230 221 213 191 162 136 117 106 103 
3 3 3 4 4 4 6 6 7 7 6 4 2 2 2 2 1 1 1 2 3 3 4 6 8 10 11 12 12 9 6 7 12 21 26 27 29 36 46 57 70 87 101 111 118 127 133 140 148 155 150 152 156 160 165 168 170 163 168 167 164 168 172 170 170 170 170 169 161 140 117 142 167 168 170 171 168 163 162 167 169 171 174 175 176 177 175 166 160 163 168 166 160 160 167 169 168 168 165 158 164 160 167 162 167 168 171 173 167 158 157 163 172 175 173 169 172 170 145 118 110 95 87 96 103 105 108 120 131 141 153 156 156 158 155 151 153 154 146 136 136 138 136 130 129 130 126 108 80 59 58 62 67 77 89 89 76 60 59 56 53 54 47 34 34 42 50 48 44 51 70 97 104 89 71 59 57 61 61 59 63 58 54 57 56 53 47 39 42 50 51 49 53 52 48 50 48 45 46 45 63 19 25 19 29 50 48 43 48 51 48 48 53 56 56 57 59 62 66 70 73 81 90 92 121 141 182 189 198 200 156 45 23 20 30 107 106 119 179 190 217 204 182 146 131 114 101 95 97 100 
2 2 3 4 3 4 7 5 5 5 4 3 2 1 1 2 2 3 4 6 8 9 10 11 11 12 14 17 19 23 30 40 52 67 80 94 116 127 137 143 144 144 146 154 153 152 152 152 151 150 157 158 158 157 156 156 156 170 162 162 172 174 169 164 166 165 166 171 170 157 136 147 162 163 166 168 166 160 162 169 171 174 175 176 176 176 174 159 151 159 170 171 165 162 160 163 170 170 174 180 177 176 174 170 170 171 175 176 172 170 172 176 174 168 174 178 177 156 122 106 112 121 129 138 143 152 165 170 170 176 180 174 169 176 180 178 180 189 186 181 186 190 186 188 189 190 187 179 166 157 161 156 144 148 169 164 128 99 104 105 107 120 134 133 130 126 123 123 130 138 144 156 170 182 189 185 177 167 170 181 179 171 170 177 176 172 174 172 169 165 162 162 163 161 159 157 144 141 148 140 114 46 88 66 68 123 123 93 121 140 141 146 149 152 159 168 175 179 183 186 183 188 195 181 199 194 206 191 188 192 124 28 41 28 45 95 33 60 83 81 132 127 109 98 100 102 103 102 100 98 
3 3 4 4 4 4 6 3 2 2 2 3 3 2 3 4 6 7 8 8 9 13 17 21 28 39 53 65 76 86 98 112 122 129 134 139 145 144 143 143 147 153 158 160 151 148 155 163 163 160 162 163 163 165 166 167 168 164 160 166 175 174 170 170 169 168 171 174 176 174 171 173 176 174 175 176 175 172 172 174 175 176 177 176 175 177 178 165 157 164 175 177 174 174 169 171 173 168 166 172 169 169 163 173 176 179 176 173 176 179 179 177 175 175 179 181 177 160 140 134 144 154 162 167 169 178 188 185 180 185 189 183 180 187 191 188 182 180 181 184 185 184 185 189 188 185 182 182 185 188 173 184 185 190 200 180 134 106 111 108 106 124 160 185 185 180 175 177 183 184 182 183 185 183 180 181 186 190 189 185 184 182 186 190 187 180 181 188 186 182 182 187 189 187 189 194 184 184 191 178 138 72 143 111 100 175 172 114 158 183 185 188 175 167 176 186 191 187 183 178 165 169 189 187 199 179 201 210 214 213 124 28 37 17 55 93 55 80 62 52 106 113 108 107 104 101 100 100 100 101 
3 3 3 4 3 3 4 3 3 3 3 3 5 6 7 8 11 14 20 30 43 54 64 77 92 105 113 118 125 130 129 133 141 145 142 140 142 145 149 153 155 157 157 159 153 153 161 170 172 168 168 168 167 167 168 167 166 168 170 172 172 171 173 176 172 171 172 169 166 168 173 176 176 175 176 176 174 168 163 163 166 169 172 174 175 172 162 159 159 166 173 173 170 164 166 169 170 169 165 163 166 168 156 170 172 177 171 171 174 175 173 171 174 180 178 180 182 174 166 163 168 175 181 181 183 184 180 176 173 180 188 187 185 187 187 186 190 183 182 186 189 191 192 190 186 186 190 191 185 175 184 190 188 186 186 166 133 115 118 111 107 126 159 179 178 182 189 189 183 183 189 190 189 191 192 192 189 183 182 185 187 189 190 187 184 184 190 191 190 188 185 186 186 185 181 189 189 187 188 175 124 85 162 133 104 167 160 110 161 178 178 190 175 165 174 187 192 185 184 185 173 173 186 180 200 195 210 203 200 199 119 44 41 42 102 114 92 81 66 91 113 95 107 100 102 104 105 105 103 101 
3 2 3 3 3 2 2 3 4 4 5 7 11 17 25 35 48 62 72 81 92 99 104 107 111 115 121 129 134 138 142 143 145 147 152 153 152 154 158 161 162 160 158 154 158 163 166 168 168 167 169 168 168 169 170 170 170 162 169 171 166 167 173 170 167 167 167 164 163 168 175 172 168 170 174 174 167 156 149 147 147 145 142 138 134 130 125 135 148 161 167 164 162 161 164 159 154 159 162 158 158 164 149 160 157 169 168 165 166 167 169 170 168 167 167 172 174 169 165 167 170 170 167 170 180 181 174 174 177 180 185 180 176 181 183 178 174 183 182 179 185 184 176 181 182 183 184 184 183 182 175 180 184 187 176 147 116 107 109 109 118 147 174 176 180 183 186 187 188 189 192 189 185 185 186 190 189 187 185 186 188 191 190 185 186 190 189 184 188 193 190 186 189 194 181 190 195 191 189 179 116 106 178 151 113 170 173 128 179 180 174 193 182 178 185 193 194 183 183 190 182 181 192 184 193 176 196 202 208 205 157 88 56 93 179 164 170 169 126 112 112 100 106 103 102 101 101 102 105 106 
5 3 2 1 3 4 8 12 7 16 24 32 31 34 49 58 68 80 84 87 93 98 105 116 123 126 132 136 140 145 152 154 147 152 157 155 157 159 161 164 166 168 167 164 165 167 167 165 163 160 164 163 161 160 160 160 161 157 159 161 160 160 160 157 159 163 162 157 157 161 161 161 150 162 169 161 163 154 150 143 146 150 151 146 136 131 132 138 146 153 154 151 149 149 150 150 149 149 148 147 146 151 152 152 150 159 166 164 164 163 164 164 162 161 167 159 157 161 161 170 167 159 170 169 162 174 161 154 161 165 171 168 163 169 169 165 162 165 172 175 187 189 170 172 178 181 177 172 172 174 165 173 176 170 150 126 109 104 103 107 125 151 170 174 179 180 176 177 180 183 187 183 179 180 183 188 189 185 184 183 184 190 182 185 197 193 184 190 185 176 188 180 186 192 186 182 183 187 185 174 112 117 186 172 129 162 187 176 183 184 184 188 186 185 187 186 188 190 189 186 185 189 163 191 162 103 168 202 205 204 164 112 89 125 194 215 195 166 128 108 105 103 103 105 103 102 102 103 104 106 
3 3 5 6 8 11 28 46 32 38 37 41 34 28 23 22 26 35 41 47 57 63 69 79 92 105 113 119 124 129 135 144 143 149 152 150 154 156 158 160 163 164 165 166 167 167 165 160 155 150 162 162 161 160 159 158 158 161 159 152 148 148 151 154 151 152 148 141 143 151 154 155 144 149 146 140 148 143 152 152 141 134 134 138 141 136 126 128 131 130 126 121 119 122 123 124 125 124 122 122 123 120 119 122 128 132 136 132 137 144 146 145 144 143 149 142 143 147 146 154 154 151 155 151 148 158 157 152 155 154 146 147 157 159 156 151 158 167 164 161 165 170 175 167 166 164 161 157 155 152 162 159 149 133 117 106 101 105 116 133 151 162 166 165 168 169 172 174 176 177 177 178 177 175 176 178 178 174 178 182 178 177 169 175 178 170 177 181 183 184 196 187 188 177 185 188 183 181 183 186 118 135 189 180 147 164 187 185 185 187 188 188 189 188 187 183 184 189 188 184 186 176 127 150 151 118 170 193 203 214 215 203 194 201 213 196 139 121 107 103 104 104 103 106 106 105 105 105 106 106 
17 16 24 28 27 27 37 73 62 61 53 59 49 35 17 11 12 15 19 23 29 36 40 47 57 70 78 82 91 99 99 109 120 123 121 124 131 134 139 145 148 151 152 151 154 157 158 155 150 146 149 151 153 153 151 149 146 144 144 146 148 150 150 150 148 149 148 141 142 146 144 145 143 150 142 146 159 154 158 153 151 152 149 133 110 98 101 102 103 102 99 95 94 102 103 104 104 103 103 102 105 101 101 110 123 132 135 127 129 133 132 127 126 128 130 126 133 136 128 136 141 144 135 125 123 115 123 129 125 122 119 122 120 113 120 126 118 122 124 162 179 143 130 140 132 128 130 134 134 130 120 114 105 97 95 100 107 114 124 138 146 147 146 145 144 146 151 154 155 154 152 157 159 157 157 163 167 167 167 166 167 166 160 179 186 175 178 170 171 172 180 167 178 178 173 172 174 172 170 171 119 152 179 173 160 160 172 176 178 179 181 181 181 180 182 178 176 182 182 181 186 179 134 145 171 176 193 193 203 204 209 205 190 166 138 119 109 105 105 108 112 110 107 107 107 106 106 107 107 107 
45 44 49 55 59 51 33 42 42 41 37 44 34 20 11 7 6 7 9 12 16 21 25 32 43 57 67 78 85 86 85 90 107 107 103 110 109 112 119 126 132 137 140 145 149 156 160 160 157 154 154 157 160 161 159 155 151 140 147 160 171 174 170 164 162 167 169 167 170 177 176 169 169 180 173 181 181 165 176 176 173 172 163 139 109 93 92 94 96 97 97 97 96 99 100 100 101 100 99 98 97 97 100 107 119 130 139 156 166 172 170 164 161 162 165 164 174 175 162 168 175 174 152 138 127 98 102 116 109 99 96 84 53 28 30 47 71 85 98 145 150 92 75 94 84 81 88 98 100 97 101 98 95 93 96 104 113 120 117 113 112 114 116 117 117 117 118 119 121 122 123 125 125 123 126 133 139 143 137 130 133 125 106 110 121 119 125 133 145 146 153 154 181 181 159 153 159 159 157 162 111 151 155 154 159 151 155 157 157 159 160 161 160 160 162 157 155 160 161 162 169 175 158 164 181 193 191 180 191 188 168 148 132 119 109 105 108 107 108 110 110 107 104 107 106 106 106 106 107 107 
57 65 68 69 77 76 38 29 34 31 29 31 19 6 4 3 2 3 4 5 8 11 15 23 35 43 53 71 85 97 107 109 130 133 130 145 149 152 156 160 163 166 167 167 170 173 175 175 173 170 173 175 177 177 176 174 171 167 171 178 185 187 185 183 188 192 186 176 176 184 185 185 183 178 163 163 140 120 140 141 131 123 117 111 103 100 101 102 104 105 105 104 104 101 103 103 104 103 103 101 98 101 103 101 101 107 115 128 143 163 178 182 178 172 179 182 193 194 179 185 192 193 177 161 145 109 103 116 113 103 102 97 79 57 56 69 96 117 131 165 161 108 90 96 86 81 87 96 98 93 96 98 99 99 100 104 108 113 104 94 94 99 98 94 98 99 97 97 98 102 105 106 105 103 105 111 114 116 113 107 107 93 58 40 44 48 59 97 132 139 146 153 181 177 162 155 142 123 125 152 112 145 140 144 155 145 146 146 146 147 148 149 148 148 149 144 143 148 149 148 153 157 159 167 163 164 167 159 156 146 125 112 108 108 110 112 109 108 107 106 106 104 103 106 106 105 105 105 106 106 
109 119 120 119 123 129 74 35 39 32 31 29 16 5 4 3 2 3 4 4 5 8 12 19 24 21 23 36 66 118 153 153 173 178 171 183 180 181 182 182 182 181 181 184 183 184 183 183 182 181 181 181 181 181 181 179 178 181 181 180 181 181 182 183 180 185 189 185 185 186 179 161 133 100 72 63 41 34 70 103 104 105 102 101 101 102 106 105 105 105 105 103 103 104 105 106 106 106 105 104 107 108 108 105 102 102 104 101 108 126 149 166 171 167 177 180 192 196 186 191 195 190 179 163 153 135 111 106 111 111 115 120 119 107 97 99 112 111 117 145 155 121 94 96 87 81 83 86 84 80 76 79 84 87 92 99 106 99 92 87 88 90 88 84 89 92 91 92 94 96 97 100 101 101 102 105 107 106 107 104 106 103 64 30 28 30 37 92 137 140 149 153 171 172 158 153 134 104 103 135 125 145 139 146 150 143 146 145 146 148 149 149 149 148 152 150 150 155 155 152 154 151 151 158 155 143 150 154 142 132 120 115 113 108 108 110 109 109 109 108 108 108 108 107 106 106 106 106 107 107 
159 144 139 154 159 162 97 39 39 29 27 24 12 4 4 3 2 3 4 4 5 6 11 17 17 9 7 15 51 131 185 185 196 196 184 193 189 189 189 189 187 187 185 179 178 177 177 179 182 183 184 183 181 181 181 181 181 174 177 183 187 188 184 178 179 189 193 172 135 96 67 43 24 13 8 9 7 16 63 104 108 107 100 98 102 106 106 106 106 106 106 106 105 106 106 108 108 107 106 106 108 106 108 114 120 120 115 115 107 103 116 138 157 166 172 172 185 194 189 196 199 193 188 170 168 175 131 103 114 135 154 155 140 123 112 106 110 112 113 109 108 104 88 84 77 72 71 70 68 65 68 69 70 73 81 93 104 89 85 81 77 75 78 83 86 89 92 94 95 94 93 92 92 94 98 102 104 102 102 98 101 113 78 34 27 29 37 96 138 138 158 166 174 158 132 137 150 139 133 153 139 146 143 150 145 141 146 149 149 150 152 153 152 151 153 151 152 159 157 151 153 153 147 150 161 143 146 156 143 134 121 113 106 98 102 108 105 107 109 109 107 107 108 110 109 108 107 108 109 110 
153 147 148 158 162 148 131 54 33 40 34 25 14 3 3 3 2 3 3 4 6 7 12 13 8 6 8 25 85 160 197 200 188 196 198 191 188 184 188 190 182 178 185 182 178 177 179 182 183 181 183 183 179 171 167 171 178 180 177 169 169 172 161 138 110 81 47 21 9 4 3 3 2 2 2 2 4 20 75 108 100 103 107 103 103 107 107 107 107 106 105 102 102 103 105 108 110 110 112 112 110 114 114 108 103 105 112 112 114 114 113 113 120 130 156 178 183 204 192 194 190 148 161 181 172 172 155 154 176 179 165 160 167 173 167 161 137 92 84 80 69 70 74 71 71 71 71 71 71 71 70 70 71 73 78 84 88 88 81 73 75 82 87 87 87 85 82 79 77 77 78 77 76 78 80 84 88 92 95 98 92 101 89 31 20 25 28 85 135 133 143 155 161 146 149 146 145 148 146 139 145 145 146 145 146 147 147 150 152 152 152 152 152 150 154 145 156 155 148 150 149 149 148 152 154 149 145 149 146 124 101 93 97 98 95 94 95 97 99 101 101 101 101 102 105 106 104 101 101 102 
159 156 158 164 165 157 146 67 33 37 32 25 11 3 2 2 2 3 3 4 6 11 12 8 4 6 19 72 146 182 197 200 199 202 200 192 183 181 186 188 182 180 185 185 180 175 173 175 175 173 169 173 176 177 174 170 167 159 151 136 116 89 54 27 10 4 3 2 2 2 2 2 2 2 2 2 4 27 87 114 107 107 109 105 101 103 104 105 106 107 107 106 107 110 110 110 110 109 108 107 113 113 111 106 103 104 108 106 104 105 110 113 113 111 129 166 176 189 187 188 180 127 145 187 187 194 187 186 208 214 204 200 203 207 203 191 146 92 79 78 72 71 71 69 69 69 69 69 70 69 69 69 68 69 71 75 78 82 78 76 79 86 89 88 82 78 75 72 71 71 73 73 73 74 76 80 83 85 87 91 89 89 64 26 25 26 29 88 139 131 138 145 148 143 145 143 141 142 141 136 148 148 148 147 146 146 146 150 151 151 149 149 149 149 150 150 152 151 153 154 155 156 154 155 156 155 152 148 140 121 102 96 100 99 95 92 88 89 91 91 91 91 91 92 94 96 95 93 94 96 
159 160 162 163 163 161 157 90 37 35 33 28 10 3 2 2 2 3 3 4 8 9 9 6 3 14 59 133 186 191 188 195 202 197 190 189 185 181 181 180 178 177 180 177 174 171 173 175 175 173 172 175 176 169 151 129 114 91 69 41 21 11 6 3 2 2 2 2 2 2 2 2 1 1 1 2 4 36 95 104 102 104 107 107 107 108 104 106 108 110 110 110 110 108 107 107 108 108 108 108 110 107 103 100 99 98 98 93 93 97 107 113 111 105 112 163 182 183 196 193 174 121 148 209 209 209 201 193 211 224 221 219 218 216 212 199 145 89 75 76 75 73 70 70 70 70 70 70 70 70 71 70 69 68 69 71 72 77 77 79 85 90 91 88 80 76 74 72 71 71 71 72 72 72 73 75 77 79 78 75 73 75 55 32 30 21 30 98 151 135 135 141 144 138 143 143 140 142 143 140 146 146 145 145 144 144 145 149 150 149 148 149 150 151 148 155 147 144 151 148 149 147 143 143 144 151 153 148 135 116 98 92 94 92 89 88 86 87 87 87 87 86 85 86 89 91 91 90 91 94 
156 159 160 160 159 161 162 106 41 32 32 27 8 3 2 2 2 3 4 6 10 11 8 5 7 40 121 173 185 191 189 202 209 193 188 191 185 181 175 173 175 178 179 173 173 175 177 175 169 164 144 125 102 81 59 38 26 18 17 15 13 11 8 4 2 1 2 2 3 3 3 2 3 2 3 3 5 44 102 103 104 103 104 104 104 104 106 107 108 109 108 108 106 103 103 102 102 103 105 105 100 96 92 90 89 88 87 84 88 94 101 104 105 104 97 145 178 173 193 186 159 115 150 217 219 218 208 194 207 223 224 223 220 215 208 186 122 84 77 77 74 74 71 72 72 72 72 72 73 72 72 72 71 71 71 72 73 75 78 83 89 92 91 88 81 78 77 75 74 74 74 74 73 73 73 73 75 76 79 78 73 75 55 35 32 20 32 95 147 135 134 141 149 134 142 143 140 142 145 143 141 141 143 144 145 147 147 150 150 150 150 151 152 154 140 150 138 144 153 151 151 147 150 150 145 147 151 146 136 119 99 90 90 88 88 89 87 87 88 88 87 86 85 86 89 91 92 92 92 94 
160 161 161 160 161 164 166 123 54 35 36 27 9 4 3 3 3 4 5 8 12 10 5 5 29 101 165 181 180 185 193 207 208 190 184 189 186 186 181 176 178 177 173 180 176 165 141 109 80 63 42 32 23 17 14 13 12 12 13 12 12 11 8 5 3 3 3 4 5 6 6 6 8 8 8 4 8 51 101 101 106 105 103 105 106 105 111 112 112 112 111 110 108 102 99 96 93 92 93 94 90 87 84 81 80 80 80 84 90 94 93 90 90 95 92 126 173 171 188 187 164 128 161 219 222 223 209 191 206 224 224 226 223 214 200 168 100 81 81 78 72 75 74 72 72 72 72 72 73 73 71 71 72 72 73 74 74 76 78 82 86 87 86 84 79 77 77 76 75 75 75 74 74 74 74 74 75 76 78 82 81 83 55 32 47 54 48 76 109 115 122 120 122 111 120 122 119 121 125 125 122 124 125 127 129 130 131 128 128 127 127 126 125 123 122 134 121 133 130 136 135 118 131 141 134 127 131 132 127 112 95 86 85 84 85 87 84 85 85 86 85 84 84 85 88 90 90 89 90 91 
164 163 161 162 164 166 166 131 71 40 41 25 9 5 5 4 4 6 9 12 15 13 7 21 96 169 173 176 181 185 194 203 201 189 179 175 173 185 187 182 177 163 140 91 67 43 26 17 11 9 7 8 8 9 11 13 15 10 11 12 12 12 10 7 6 6 7 10 12 14 14 13 14 14 13 4 11 55 85 83 91 92 91 97 101 100 103 105 106 107 107 107 105 95 92 88 85 83 83 84 84 86 84 80 76 77 81 89 91 92 91 89 86 85 94 110 161 165 175 194 189 170 197 231 228 231 208 184 203 224 221 222 223 211 188 153 91 80 83 79 74 77 76 74 74 74 74 74 74 74 74 74 74 74 75 74 74 76 77 78 78 77 77 77 76 75 76 76 75 74 73 74 74 73 73 74 76 77 75 75 76 81 58 32 74 125 74 42 53 90 128 112 93 79 90 97 99 106 116 120 122 122 122 123 123 123 122 119 119 118 114 108 100 94 102 103 90 104 88 105 108 78 96 122 118 99 97 101 100 91 81 79 79 78 79 80 78 80 81 82 83 82 81 82 85 86 85 84 84 85 
164 159 159 162 165 164 163 164 121 77 78 48 28 21 30 32 31 38 46 50 56 56 54 85 158 175 165 180 190 194 200 204 204 200 186 181 187 174 141 99 62 34 20 10 8 6 5 4 4 4 6 8 9 10 10 10 11 15 15 11 8 8 9 8 7 8 10 12 13 14 13 13 14 15 13 3 13 58 75 72 78 76 74 77 78 77 81 83 85 86 88 88 88 86 83 80 79 79 80 83 84 87 86 81 78 81 87 94 94 94 97 98 93 87 87 77 110 118 134 178 189 189 212 232 232 236 218 192 212 229 223 225 226 215 187 144 90 81 82 80 78 79 77 77 77 77 78 78 78 78 78 78 78 78 78 76 75 76 76 73 71 69 69 71 74 75 75 75 75 74 73 73 73 73 73 74 76 77 78 78 71 76 64 32 74 140 83 27 26 81 156 144 101 64 81 91 101 117 136 146 159 159 159 158 156 154 152 154 156 152 143 133 120 106 81 62 55 71 60 94 108 72 101 141 131 94 80 78 79 79 77 79 82 81 80 79 77 78 80 81 82 82 82 83 84 85 84 83 83 84 
165 154 155 165 169 167 167 168 170 150 153 122 97 79 100 111 108 113 125 128 141 151 151 159 171 178 179 183 188 187 195 198 199 204 182 178 147 94 50 20 6 4 5 4 4 5 4 4 3 3 5 6 7 8 10 12 14 14 17 11 6 7 10 7 4 7 11 13 13 14 15 15 15 17 9 4 21 71 75 76 74 75 78 79 77 76 79 79 80 80 80 81 81 81 81 80 80 81 82 83 87 84 83 84 89 96 102 107 108 109 109 105 101 98 87 42 19 25 90 186 190 189 203 227 229 234 217 183 203 226 221 223 220 213 189 117 78 87 83 83 81 76 79 78 78 78 79 79 79 79 76 78 79 81 80 79 78 76 74 73 72 70 69 68 73 75 74 74 74 75 76 74 72 72 73 75 78 79 79 79 76 77 59 33 69 126 126 86 53 84 141 153 100 58 90 86 101 113 140 144 151 156 159 159 159 160 158 152 161 154 146 148 128 91 42 13 10 12 16 54 77 47 99 150 131 101 87 88 84 81 81 81 80 80 81 81 81 81 80 81 81 82 84 86 85 86 86 88 89 90 
166 157 157 164 168 165 165 159 164 148 159 155 141 119 145 163 161 152 152 156 164 168 170 175 180 182 181 180 185 191 199 186 188 205 159 115 51 19 6 4 4 4 4 4 3 4 4 2 2 4 5 5 6 7 9 10 12 15 15 9 5 6 9 7 5 7 11 13 13 14 14 15 15 15 7 5 30 81 83 88 89 90 91 89 83 81 87 86 86 85 85 84 84 86 85 84 83 84 85 86 87 87 89 94 100 107 113 111 111 113 111 107 101 95 91 51 9 8 63 174 182 188 205 228 229 233 214 179 197 220 218 220 219 209 184 114 78 86 82 82 81 77 80 81 81 81 81 81 81 81 77 78 79 80 79 78 78 76 75 75 75 75 75 76 76 76 76 75 77 78 78 78 77 78 78 80 82 83 82 81 78 81 62 34 72 138 152 106 66 92 142 147 94 64 102 102 119 130 153 154 155 155 155 155 155 157 159 152 150 154 153 144 103 46 15 6 5 7 11 52 84 51 107 158 134 104 91 95 91 86 86 86 86 86 86 85 83 83 83 83 85 86 88 91 91 93 95 97 99 100 
165 159 159 164 166 164 162 157 156 131 138 156 154 135 163 160 159 170 160 150 156 163 171 178 181 182 183 183 188 194 205 200 202 176 73 27 7 5 4 4 3 3 4 4 3 4 3 2 3 3 3 4 6 7 8 10 12 15 14 7 4 6 9 7 5 7 12 13 13 14 14 14 15 14 6 7 43 91 91 97 99 100 100 96 90 88 93 92 92 91 91 90 90 89 88 87 87 87 87 88 96 98 101 106 110 113 115 107 105 104 101 96 90 86 90 79 23 6 39 137 187 202 210 229 229 233 214 178 193 215 215 219 217 205 176 109 81 88 84 84 85 82 86 85 84 84 84 84 84 84 79 79 80 79 79 78 78 77 77 78 78 79 80 81 79 77 77 77 79 80 81 81 81 81 82 83 84 86 84 82 80 85 63 33 73 137 137 98 64 92 145 154 101 66 105 107 126 135 156 154 157 157 161 164 160 152 148 155 141 153 154 136 93 30 8 8 5 7 9 54 91 52 109 159 135 105 92 97 94 91 91 91 91 91 91 90 87 87 87 89 90 92 93 94 96 99 103 106 108 109 
162 162 161 162 163 163 161 167 165 136 135 160 148 127 118 80 91 161 149 104 100 134 164 175 177 179 184 188 192 193 201 201 185 119 26 5 6 4 3 2 2 2 3 3 3 3 2 7 10 2 3 4 5 7 8 10 11 13 12 8 5 7 9 6 5 7 11 13 13 13 13 13 15 13 6 10 54 96 94 97 98 98 98 96 96 95 94 94 96 96 97 98 99 101 100 98 98 98 98 98 104 107 110 113 114 113 111 109 104 98 93 89 87 86 87 83 33 4 25 107 181 200 212 228 229 235 219 182 193 212 214 220 216 201 167 103 84 91 86 86 88 87 93 90 89 88 88 88 87 87 82 82 81 80 80 79 79 80 80 81 80 80 80 80 79 78 78 79 80 82 83 83 83 83 82 83 84 85 84 84 83 88 64 31 71 142 146 104 67 94 144 149 97 67 104 102 120 130 153 152 158 151 153 158 153 144 141 143 130 144 144 128 94 32 8 8 4 5 7 56 93 49 105 158 137 107 93 95 93 93 93 93 93 93 93 93 91 92 93 94 97 100 101 102 105 109 112 115 117 118 
157 161 161 159 162 165 162 156 158 149 152 167 132 106 62 17 33 143 131 56 45 107 163 177 176 176 185 189 188 190 208 202 154 80 17 4 3 3 3 3 2 2 1 3 4 3 3 25 35 6 3 4 5 6 7 8 10 11 11 9 7 9 10 6 4 7 11 12 13 13 13 12 13 12 6 14 67 97 97 95 97 98 96 97 101 101 96 97 99 101 102 105 106 108 106 104 103 102 102 102 101 104 108 111 113 112 110 107 102 96 92 89 90 91 100 95 56 7 15 85 181 198 207 223 224 235 223 187 196 214 218 223 216 195 157 96 83 89 83 84 87 89 96 94 94 93 92 91 91 90 86 84 83 82 81 81 81 84 83 83 82 81 80 79 80 81 81 82 84 85 88 88 86 85 84 84 84 85 85 88 87 93 64 28 69 139 131 89 56 87 140 146 93 70 106 101 116 128 154 155 163 134 110 99 90 84 88 91 90 100 113 123 94 31 10 9 6 6 9 55 90 49 103 158 140 112 96 97 94 93 93 93 93 93 93 94 96 96 98 100 104 107 109 116 119 123 126 127 128 126 
152 161 161 158 162 167 163 164 168 168 173 179 130 117 64 11 28 154 131 50 43 103 158 173 174 172 186 191 192 195 201 169 128 83 21 4 3 2 2 1 1 2 3 3 4 3 5 50 75 17 3 3 5 6 7 8 9 9 11 10 8 9 9 6 4 6 11 12 13 13 13 13 12 9 7 22 85 99 102 102 107 110 107 106 107 107 103 104 104 106 108 108 109 107 105 103 101 101 101 101 96 99 102 106 107 107 106 98 97 97 95 94 93 92 93 103 87 20 5 50 148 187 196 213 215 232 223 189 199 217 222 227 218 192 150 92 85 90 83 84 89 92 100 98 97 97 95 94 92 92 89 88 85 83 83 83 84 86 85 85 83 82 82 82 84 85 85 87 88 91 94 94 92 91 90 90 90 90 90 93 92 97 66 28 69 146 148 96 57 89 145 147 89 68 103 99 114 124 148 148 144 100 64 46 34 29 31 33 33 37 69 124 108 37 14 10 11 10 11 51 81 48 101 155 134 108 96 101 98 94 93 93 93 93 94 95 99 100 102 105 110 113 117 126 128 131 133 132 129 126 
148 159 161 158 162 167 164 165 165 162 168 172 122 123 68 12 30 147 126 53 44 99 155 170 166 171 182 190 196 200 172 121 103 90 35 4 3 2 2 1 2 2 2 3 4 3 12 64 93 32 2 3 4 5 7 8 9 9 10 9 8 10 9 7 5 6 10 12 12 13 13 12 11 8 7 32 99 99 105 107 116 120 120 120 119 117 115 112 109 108 109 108 108 110 108 107 106 105 105 104 97 99 103 105 106 106 105 98 98 101 101 100 98 96 94 104 94 41 5 38 127 179 193 206 213 231 220 191 199 218 220 219 217 190 141 93 89 92 87 88 92 95 103 98 98 96 95 93 92 92 89 88 87 87 87 88 87 87 87 87 87 87 86 86 91 91 93 91 94 97 99 97 100 99 91 95 95 94 99 100 95 105 67 26 68 140 132 84 52 92 152 149 90 61 94 86 102 113 136 142 145 102 70 52 39 31 32 33 28 26 56 115 104 39 22 19 22 19 22 57 77 52 99 146 132 101 95 100 101 95 95 95 94 95 96 98 101 102 102 105 108 113 118 127 131 134 133 129 126 125 
145 156 161 160 162 165 163 161 164 160 173 176 122 126 71 12 28 142 132 60 42 102 165 174 164 181 183 186 195 202 158 106 93 85 50 5 2 2 2 2 2 3 2 2 3 4 28 77 91 60 5 3 4 4 5 8 9 9 9 9 9 10 9 7 5 7 10 12 13 14 13 11 11 7 7 46 109 100 110 114 123 125 127 135 133 126 122 116 111 109 108 108 107 109 109 109 109 108 107 106 100 103 106 110 110 110 108 105 105 105 104 102 101 100 101 105 101 66 13 27 107 178 196 200 211 231 220 197 200 215 214 205 214 184 124 95 92 93 93 93 93 97 99 97 96 94 92 91 91 91 89 89 90 93 96 95 94 92 92 93 94 94 93 92 98 94 101 95 100 106 106 108 114 108 95 107 103 99 106 99 99 122 71 23 67 141 134 84 50 95 153 140 86 57 85 71 88 104 128 139 154 128 112 106 92 79 77 76 70 72 98 137 137 99 96 94 93 82 83 95 72 49 100 151 138 103 105 96 99 96 98 98 97 97 101 102 102 103 103 103 106 113 120 128 135 138 135 130 129 129 
143 154 159 158 161 164 162 162 164 161 173 173 121 128 75 13 25 144 138 57 41 99 154 165 166 186 189 189 200 193 134 97 92 97 64 8 2 2 2 3 4 3 2 2 3 9 52 92 89 92 16 2 2 3 4 8 8 8 8 9 10 11 10 7 6 8 11 13 14 14 13 10 8 5 7 59 115 113 120 124 130 130 130 133 129 122 116 111 108 108 111 111 110 110 111 112 113 112 111 111 107 109 110 111 109 107 105 112 113 113 112 109 104 101 104 101 109 89 33 20 89 169 190 193 205 231 223 200 200 217 217 209 212 177 119 95 96 99 101 100 97 98 98 98 98 97 97 97 96 97 96 96 97 100 102 101 99 99 100 101 101 101 100 100 100 95 105 101 106 112 112 114 112 107 110 121 108 108 119 111 109 122 71 24 64 136 133 80 45 87 145 137 86 63 96 86 107 122 138 141 149 140 142 149 143 136 140 141 137 138 146 148 148 151 150 146 149 145 129 99 56 52 109 158 130 111 109 100 96 101 99 99 99 98 98 98 102 104 105 107 111 119 127 134 139 143 141 137 135 133 
141 152 157 156 159 162 160 159 158 159 169 163 116 128 84 27 40 146 145 72 54 103 151 170 178 183 182 189 200 171 112 95 92 105 80 15 2 2 2 2 3 3 3 2 4 23 73 93 87 103 43 2 2 2 4 7 7 7 8 9 10 11 10 7 6 8 10 11 13 13 11 9 6 5 9 80 123 125 129 133 135 135 133 132 128 124 120 116 115 116 119 119 118 118 119 120 121 121 121 120 118 118 119 117 116 113 111 116 119 120 119 116 110 105 109 97 107 96 52 10 64 146 178 188 205 233 223 189 190 217 221 215 212 174 121 104 107 109 108 105 103 102 105 103 103 103 103 102 102 101 103 101 102 105 107 106 104 105 107 107 108 108 107 106 107 102 112 107 112 115 112 121 123 120 120 118 109 118 124 114 106 103 59 21 59 127 125 76 45 90 146 131 77 62 96 89 113 128 137 134 141 135 135 138 135 137 148 148 143 145 146 139 136 145 142 140 138 120 80 50 54 105 143 160 130 124 102 106 106 106 103 104 106 107 104 103 106 108 109 110 115 123 130 138 142 146 146 143 140 139 
142 153 157 156 158 161 160 159 157 162 168 156 114 132 141 114 116 154 161 143 139 157 167 172 180 176 176 179 182 154 110 107 95 100 84 31 11 10 9 8 8 7 6 6 12 54 90 95 109 106 71 6 2 3 4 6 6 7 8 8 8 10 10 9 7 8 9 10 11 12 10 8 6 5 17 107 129 129 133 136 136 138 137 134 132 134 136 133 132 132 133 132 129 130 131 132 131 131 130 130 122 123 123 123 122 121 121 116 117 122 124 122 118 114 118 110 121 112 79 11 39 127 179 189 202 227 222 192 191 216 224 221 215 174 133 124 125 122 116 111 111 115 119 116 116 115 114 111 108 106 108 107 107 110 111 110 108 109 111 111 112 112 111 111 112 107 119 113 117 119 115 126 126 119 118 127 131 110 87 103 134 124 57 15 52 127 117 70 40 85 142 127 73 54 86 79 101 115 128 129 123 128 138 145 142 136 136 128 132 133 132 139 144 139 139 145 117 70 48 59 102 139 140 145 121 119 103 107 100 104 104 105 107 108 107 107 113 114 113 113 117 123 130 143 145 148 151 150 146 142 
144 155 160 158 160 163 162 164 161 169 172 154 118 141 161 173 174 165 168 173 173 175 163 163 175 174 188 204 183 128 107 115 105 102 99 77 63 64 65 65 61 54 49 45 56 105 117 113 130 115 88 25 2 2 3 5 7 8 8 8 8 9 10 9 8 8 9 10 12 12 9 7 7 6 32 127 136 129 135 135 134 139 140 135 135 142 147 143 142 142 142 139 136 135 135 136 134 132 131 130 120 120 120 120 120 121 122 117 118 122 125 126 124 123 121 124 135 129 111 30 18 108 181 191 193 219 222 208 202 214 223 221 212 172 142 140 138 134 126 121 121 127 132 129 129 130 129 126 121 118 116 115 115 117 119 117 114 116 118 118 119 119 118 117 117 110 122 118 124 129 128 140 129 119 128 133 107 48 27 52 63 52 25 9 45 114 106 58 29 67 123 117 68 44 74 69 87 100 118 126 121 120 120 121 123 125 124 123 130 130 123 123 128 127 114 115 81 36 47 99 119 113 127 134 93 77 112 131 115 116 120 121 117 113 112 115 119 120 120 119 122 128 136 147 149 152 156 157 152 147 
145 156 161 160 162 165 163 165 159 170 171 151 118 144 154 160 163 167 166 156 164 175 173 184 171 113 116 154 160 126 113 119 114 103 107 116 107 110 119 128 132 130 129 123 127 128 128 130 125 131 113 65 4 2 3 4 7 7 8 9 9 9 10 8 7 8 9 12 13 12 8 6 7 6 47 141 142 128 138 136 133 138 140 134 135 141 143 141 141 142 143 140 136 133 132 132 130 127 124 122 121 121 119 118 118 119 119 121 123 125 127 128 128 128 125 135 131 128 132 62 11 84 163 188 198 219 221 206 202 216 223 218 206 165 143 148 144 142 137 132 131 134 138 140 141 144 144 142 137 134 127 125 126 127 128 126 123 125 126 127 128 127 126 126 127 120 129 124 128 135 135 123 84 63 58 45 27 9 3 6 5 3 4 6 38 95 85 45 22 57 108 100 55 31 58 56 71 81 100 112 119 115 112 113 117 117 111 90 86 94 110 116 113 115 114 110 84 38 37 82 97 96 123 125 79 34 58 76 72 74 87 97 102 109 122 129 123 124 125 127 131 138 146 153 153 156 161 164 159 152 
147 153 149 158 162 162 161 154 158 170 172 147 117 142 159 164 148 158 162 159 169 164 173 185 138 36 29 52 102 131 125 126 120 109 109 119 118 118 123 130 135 140 142 141 141 128 130 136 130 140 137 102 15 3 3 3 7 7 8 9 9 10 10 8 6 6 10 10 12 9 6 5 6 7 65 146 139 130 139 136 138 143 143 137 137 141 141 141 140 140 141 140 138 134 134 133 132 131 131 131 130 129 126 124 124 124 126 128 132 134 134 133 134 136 140 131 128 131 137 89 20 51 150 184 195 220 216 194 204 216 219 219 203 162 140 142 139 140 140 137 134 132 134 143 148 153 155 154 150 145 137 137 138 138 137 136 133 132 132 134 135 136 136 137 136 132 146 136 138 142 137 81 19 11 6 2 4 3 3 3 5 3 2 4 20 47 41 24 13 33 62 59 29 21 40 39 43 52 66 72 65 69 70 72 73 72 62 38 30 40 60 69 67 73 73 71 62 31 23 48 68 74 80 95 65 16 11 14 17 20 28 37 49 62 91 122 133 131 130 134 139 146 151 154 155 158 161 162 158 152 
164 156 151 157 159 157 158 161 148 152 171 149 114 143 153 165 148 156 158 163 168 162 169 179 106 15 11 29 93 132 136 137 133 129 126 129 138 138 138 137 138 138 137 131 132 134 136 139 140 141 145 117 36 3 3 3 7 7 9 10 9 10 10 8 6 5 11 8 10 7 6 6 6 11 85 144 133 135 140 135 141 144 142 140 140 141 142 142 141 141 142 144 143 142 142 142 142 143 144 145 139 137 135 133 133 134 135 136 141 145 143 139 139 142 141 125 131 135 132 107 37 24 130 181 182 206 212 197 212 217 218 222 202 160 135 133 134 136 139 140 138 135 135 147 151 156 158 157 153 149 148 150 150 149 148 146 145 140 140 141 143 145 146 147 151 150 164 147 147 152 147 86 29 22 6 8 6 2 3 2 15 20 4 7 23 22 24 20 11 12 19 29 23 19 27 23 15 21 29 30 27 29 26 24 22 30 28 21 19 20 19 21 25 31 28 24 21 12 9 16 22 29 32 67 53 24 21 25 26 28 34 37 44 47 81 129 148 142 140 144 150 155 157 158 158 160 160 157 152 149 
140 125 154 153 158 160 160 164 158 158 165 136 107 148 159 161 145 146 141 146 166 175 165 175 69 14 11 49 121 132 137 140 138 138 138 140 142 142 142 142 142 142 142 138 138 139 140 141 142 142 144 126 68 8 2 3 6 7 9 10 9 10 10 8 7 5 10 6 8 6 6 6 6 19 107 139 134 144 141 137 140 142 140 138 141 142 141 142 141 142 145 146 148 149 147 146 145 145 146 147 143 142 141 141 142 143 144 142 144 144 142 139 138 140 132 136 136 138 130 128 62 14 100 186 180 180 202 198 209 216 217 220 200 157 132 131 135 139 143 146 147 146 147 152 154 156 156 155 153 151 157 157 158 158 157 155 154 150 151 151 152 153 155 156 165 160 168 152 158 166 159 113 117 103 35 85 41 30 27 10 35 52 11 10 30 20 27 27 23 20 20 33 37 36 41 34 24 26 35 39 33 35 30 26 25 38 41 34 40 33 20 22 33 36 32 24 17 12 9 9 10 16 25 48 27 14 26 36 41 53 63 74 86 87 113 154 162 156 154 157 163 168 168 167 167 166 162 158 152 149 
99 92 153 156 163 163 157 144 166 158 141 137 135 154 166 163 152 151 146 148 164 172 172 149 36 12 17 82 142 131 135 138 136 136 137 139 139 139 140 139 139 139 140 142 142 142 142 141 140 140 141 139 106 24 2 3 6 6 9 10 9 10 11 9 8 5 8 5 7 5 6 7 5 31 123 136 140 152 140 144 142 140 140 141 144 146 145 143 142 143 143 144 146 147 146 144 142 142 142 142 145 145 146 147 148 149 150 149 148 145 142 140 139 139 136 148 139 153 132 136 90 19 67 167 176 169 186 197 211 212 212 216 199 159 138 138 144 147 150 154 155 156 156 159 157 155 154 153 153 154 156 158 159 159 158 157 156 159 159 160 161 161 163 163 168 160 167 162 169 154 114 76 109 110 41 105 56 52 57 24 32 33 22 23 26 24 16 20 35 60 73 82 71 62 78 82 78 69 75 77 66 81 84 79 72 84 82 57 83 83 69 68 80 76 64 76 54 21 28 52 58 63 72 80 46 42 87 116 111 122 108 122 148 152 144 164 172 166 165 167 172 175 175 174 174 173 170 166 162 160 
129 115 167 163 165 160 154 151 141 121 134 160 155 152 163 161 160 154 155 158 160 164 182 111 20 12 31 105 135 139 141 142 140 139 140 142 142 142 142 142 142 142 142 140 140 140 139 139 139 138 137 143 123 49 3 3 5 5 8 9 9 10 11 9 7 4 7 5 6 5 6 7 5 41 127 137 143 150 137 148 144 141 141 144 146 146 146 144 142 142 141 141 143 147 145 144 142 142 143 143 145 145 147 148 148 149 149 150 147 143 140 140 141 140 145 148 134 159 134 128 105 41 51 135 168 178 186 204 220 217 214 216 199 162 145 148 154 154 155 157 157 157 158 160 158 157 155 154 155 156 156 158 159 160 160 159 158 161 161 162 162 162 163 164 170 161 171 170 168 127 67 51 68 63 23 60 48 46 60 33 27 24 27 31 25 29 24 25 47 95 128 143 122 102 132 144 146 123 128 119 109 134 146 143 129 138 127 100 142 148 149 134 130 118 96 125 94 40 63 125 155 169 175 180 148 132 144 133 112 129 102 107 119 135 136 167 174 170 168 170 173 173 171 173 174 175 174 174 174 173 
158 141 160 159 161 161 161 164 146 135 148 142 121 146 170 163 150 116 123 151 166 172 177 77 14 13 56 125 125 139 141 140 137 136 139 140 139 140 140 140 140 140 140 139 139 139 139 139 139 139 139 138 135 78 10 3 4 5 8 9 8 9 10 9 6 3 6 5 6 5 6 6 6 56 129 138 139 145 137 147 142 139 142 144 142 141 141 140 139 139 141 141 144 149 148 147 146 147 148 149 146 146 148 149 149 147 145 140 135 131 131 135 137 137 145 146 136 152 140 129 126 91 81 146 172 186 183 194 206 207 201 202 189 160 150 156 159 158 157 157 157 157 158 159 158 158 157 157 158 158 158 159 161 163 163 162 162 162 162 162 162 163 162 162 160 151 166 168 170 137 83 77 86 69 25 65 56 54 57 27 23 27 22 26 30 29 25 29 45 81 105 119 98 80 108 113 116 99 111 100 96 114 121 121 112 123 112 87 122 121 132 119 113 103 88 112 83 42 61 103 140 159 156 169 173 165 153 139 105 116 95 95 86 101 115 165 176 172 170 171 173 171 170 171 171 172 174 176 178 178 
156 151 145 156 160 158 159 163 165 159 150 131 117 153 164 163 165 118 122 155 168 178 154 50 11 17 90 140 130 136 138 139 136 136 140 141 138 138 138 138 138 138 139 139 138 139 139 140 141 141 142 132 146 107 25 4 3 6 8 9 8 8 9 7 5 3 6 5 7 5 6 6 9 73 136 140 132 141 140 143 138 137 140 141 137 134 134 134 135 138 142 145 148 147 147 147 147 149 151 151 147 148 149 150 149 146 143 139 134 130 133 140 145 145 143 149 148 144 153 149 155 146 116 160 163 173 176 176 174 175 171 175 170 153 153 160 157 157 157 157 157 159 160 157 157 159 160 160 160 160 156 157 159 161 162 162 161 162 163 163 163 163 162 161 161 156 169 163 167 160 133 108 128 123 50 115 65 71 52 27 21 24 21 25 30 33 30 30 38 65 91 107 84 73 102 100 99 83 98 82 80 95 100 103 99 110 99 71 108 100 109 103 105 91 79 103 73 37 54 84 110 135 140 150 151 139 134 141 117 132 115 129 122 136 130 171 180 176 174 174 176 173 170 168 169 169 170 171 174 175 
146 152 151 158 162 162 157 158 157 162 157 127 130 157 157 169 168 156 151 166 159 175 125 33 10 34 129 136 138 141 141 141 142 142 144 145 141 139 138 138 138 137 139 141 141 141 141 141 142 142 141 141 133 122 53 5 4 5 8 10 8 7 6 5 4 3 5 5 6 6 5 5 16 93 126 138 131 136 140 139 136 135 136 136 137 135 131 133 136 140 144 148 149 145 145 146 146 148 149 149 153 154 155 155 155 155 154 150 148 147 150 152 152 152 148 150 153 153 158 157 159 154 134 143 151 158 156 161 162 157 157 159 159 157 159 159 154 156 157 159 159 158 157 157 157 158 159 160 161 161 162 163 164 165 165 166 166 164 164 164 164 164 163 163 169 161 164 161 159 169 171 117 128 115 36 113 48 59 51 33 27 29 27 27 30 32 29 31 39 75 104 138 116 98 125 127 126 110 122 110 97 118 133 133 118 126 121 91 129 135 133 125 127 117 104 122 98 51 54 95 137 165 168 166 169 145 151 149 127 145 122 138 150 165 142 164 174 173 173 174 175 174 174 174 174 174 174 175 175 176 
146 151 153 155 162 163 159 159 155 164 161 126 133 156 160 171 165 168 161 169 165 168 89 19 10 57 129 131 137 142 142 141 142 144 145 145 143 142 140 139 139 140 140 142 142 142 142 141 142 142 137 145 137 138 74 11 2 5 7 8 7 6 6 5 4 4 4 5 6 6 5 5 23 106 127 137 133 134 139 139 137 136 136 137 139 139 137 138 140 142 144 145 145 145 145 146 146 147 148 148 152 152 153 153 154 155 155 152 153 153 155 154 153 152 149 151 153 157 158 158 157 160 154 149 158 159 149 155 160 156 157 158 160 162 163 160 154 157 160 161 160 159 157 157 158 159 159 160 161 161 164 165 165 166 166 166 167 165 165 165 164 164 164 164 165 160 169 173 163 162 157 84 55 52 17 77 65 70 72 33 27 32 30 27 32 35 34 29 43 104 124 150 129 109 142 153 151 130 134 125 114 137 147 145 131 141 132 108 145 154 150 141 143 136 117 138 112 52 62 125 163 171 173 174 196 170 146 127 97 110 90 97 109 133 135 166 171 171 172 173 174 175 175 177 177 177 177 177 177 177 
149 152 151 151 159 164 162 162 159 167 161 126 136 157 161 165 159 170 161 167 174 162 64 12 18 114 140 138 134 140 140 140 140 141 143 143 145 144 142 141 141 141 141 141 141 141 141 142 142 142 140 140 141 144 100 29 3 4 6 6 6 6 5 5 4 4 4 5 6 6 6 6 35 121 133 136 139 138 139 142 141 139 139 140 142 143 146 145 144 143 143 141 142 145 146 146 147 148 148 148 148 148 149 150 151 151 151 152 153 155 155 155 154 153 151 152 153 156 157 157 157 166 165 160 164 162 152 156 161 159 160 162 162 164 164 163 159 160 162 163 163 162 161 160 160 160 161 161 162 163 163 162 163 164 165 166 167 166 166 166 166 166 166 166 165 161 173 178 166 162 153 134 119 113 69 85 93 54 62 38 27 33 32 27 34 38 34 34 45 98 102 131 124 99 124 135 131 114 115 113 97 117 124 124 119 133 120 95 122 123 121 113 116 112 98 125 105 50 65 127 149 154 181 178 193 152 131 151 126 127 108 97 92 96 105 142 171 171 172 172 174 174 175 176 176 176 176 176 176 176 
152 153 150 149 157 164 163 163 163 169 160 126 138 159 161 160 154 171 160 163 175 138 56 31 57 132 130 134 141 139 139 139 139 140 141 143 144 143 142 140 140 141 141 141 141 141 141 142 141 141 146 136 139 139 126 56 6 4 4 5 4 5 5 5 4 4 4 5 6 7 6 7 49 129 135 133 143 140 141 144 143 142 142 142 144 146 148 148 147 146 146 144 144 146 146 147 148 148 149 149 149 149 150 150 151 151 152 152 153 155 156 156 155 153 153 153 153 155 156 156 156 159 157 155 159 160 156 160 163 162 162 163 163 165 165 164 161 161 162 163 164 164 164 161 161 161 162 163 163 164 163 163 163 164 165 166 166 167 167 168 168 168 167 167 173 165 168 169 162 171 174 176 169 177 155 153 163 116 82 29 19 23 24 21 27 30 28 30 37 79 87 105 92 97 103 106 102 97 99 101 84 101 106 103 96 106 96 89 109 105 104 99 103 100 94 102 90 57 52 81 120 135 159 152 165 146 138 161 125 125 128 133 148 153 163 181 171 171 172 173 174 175 175 176 176 176 176 176 176 176 
154 154 150 148 156 163 162 160 163 168 158 124 140 160 164 162 158 173 165 163 169 101 43 48 103 134 139 142 151 140 139 139 139 141 142 143 143 142 140 139 139 140 140 141 141 141 142 141 141 141 145 139 147 142 144 81 13 3 4 4 4 4 5 4 4 4 5 6 6 6 6 10 65 131 137 133 144 142 144 145 144 143 143 143 145 145 146 146 146 147 148 148 148 147 147 148 148 149 149 150 152 152 152 153 153 154 155 154 155 156 156 157 155 154 155 154 154 154 154 156 157 157 156 155 157 158 158 160 162 162 163 163 163 164 164 164 163 163 162 162 164 165 166 163 163 164 165 165 166 166 164 164 165 165 166 167 167 169 168 168 168 169 168 168 171 164 168 170 163 171 173 165 163 169 169 172 168 157 80 24 17 22 23 22 28 29 27 38 74 120 127 131 126 132 130 134 132 131 122 125 118 126 131 134 122 130 126 119 135 127 129 128 132 129 133 125 127 118 70 52 96 135 160 159 157 137 130 150 151 164 166 162 180 170 166 170 171 171 172 173 174 175 175 177 177 177 176 176 176 176 
153 154 150 149 156 162 159 155 161 165 154 123 142 162 163 164 162 172 166 163 154 62 15 32 104 134 149 132 137 141 141 140 141 142 143 143 144 143 141 140 140 141 141 141 141 141 142 141 141 141 141 145 154 147 149 107 26 3 4 4 4 4 4 4 5 5 5 6 6 6 6 15 83 133 141 137 142 139 146 145 144 143 142 143 145 145 145 146 146 146 148 148 148 148 148 148 149 149 150 151 153 153 153 154 154 155 156 155 156 156 157 157 156 155 156 156 155 153 153 154 156 158 158 158 157 157 158 159 160 162 163 162 162 162 162 162 163 161 160 160 162 165 166 164 164 165 166 166 168 168 166 166 168 168 169 169 169 171 171 171 170 170 171 171 170 164 172 178 167 168 164 161 171 164 162 165 150 133 43 8 5 7 8 9 10 11 21 67 121 106 94 100 114 104 104 114 111 112 103 113 127 111 108 120 111 118 120 117 128 119 125 126 130 127 123 115 129 136 74 38 65 118 126 107 86 60 60 122 182 165 166 153 176 166 170 171 171 171 172 173 174 175 175 177 177 177 176 176 176 176 
152 153 151 150 158 162 158 152 158 164 152 123 143 163 158 161 159 164 160 157 139 45 13 55 149 155 141 138 144 143 142 141 143 143 144 146 147 145 143 143 142 144 143 141 141 141 141 142 141 141 141 145 149 140 144 135 48 5 3 5 4 4 4 4 5 5 5 6 6 6 6 20 100 136 146 142 141 136 146 144 143 142 141 143 144 145 146 146 146 146 146 145 145 148 148 149 150 151 151 151 152 152 153 153 154 155 155 154 156 156 158 157 156 155 157 157 155 151 152 153 156 153 152 153 152 154 158 158 159 161 161 161 162 161 161 161 162 161 159 159 161 164 167 165 165 166 167 168 169 168 168 168 170 170 171 172 171 171 171 172 171 171 171 171 175 170 174 178 169 173 171 162 173 165 170 165 152 95 22 5 4 4 3 4 4 5 29 110 123 42 26 27 26 22 23 29 27 30 31 46 69 40 31 36 31 31 31 34 38 34 38 39 40 39 39 36 37 37 21 17 41 75 50 23 13 9 13 67 154 166 173 156 176 161 172 172 171 171 172 173 174 175 175 176 177 177 176 176 176 176 
146 153 152 149 154 162 164 155 158 164 152 124 149 163 164 163 157 174 171 159 115 25 16 89 136 148 132 139 148 144 143 143 143 143 143 144 148 148 147 146 146 144 145 146 145 143 141 141 141 142 140 140 149 136 152 144 87 15 2 4 6 3 4 4 4 5 5 5 6 7 5 29 114 142 141 150 134 147 143 144 144 143 144 144 144 145 148 148 147 147 147 147 147 145 145 146 147 148 149 149 153 152 151 150 151 152 153 153 153 153 153 153 153 153 154 155 154 154 154 154 154 153 152 153 155 155 158 159 158 158 158 159 159 161 161 160 159 159 160 161 162 162 163 164 164 164 164 164 165 165 165 165 165 166 168 169 168 171 170 170 168 169 170 171 172 172 172 172 171 172 171 165 174 170 154 171 142 50 8 4 4 4 5 3 5 6 57 142 96 24 9 12 9 11 12 12 12 12 13 38 66 14 11 12 10 6 7 10 11 10 10 11 11 11 11 11 11 6 6 11 27 61 41 10 4 6 6 32 117 172 171 181 159 173 163 164 169 170 172 173 174 176 176 176 176 176 176 176 176 176 
145 152 151 148 152 160 163 156 158 162 152 126 151 163 161 168 157 173 169 151 83 17 35 115 146 157 141 151 152 146 146 146 146 146 146 146 147 147 146 145 145 145 145 146 144 143 142 142 142 142 144 144 146 129 136 144 118 33 3 3 4 4 4 4 5 5 6 6 6 6 8 40 124 147 143 145 131 142 139 143 143 143 143 143 143 144 147 147 147 147 147 147 147 146 146 147 147 148 149 149 152 151 150 150 150 151 152 152 152 152 152 152 152 152 153 154 154 154 154 154 153 153 153 154 156 156 158 159 159 158 158 159 159 161 161 161 159 159 160 161 163 163 163 165 165 165 165 165 165 165 164 164 164 166 167 167 167 172 171 171 170 171 172 173 172 172 171 171 172 171 171 167 170 166 168 173 100 22 4 4 4 3 5 3 5 12 76 137 71 20 10 9 10 11 12 11 11 11 11 37 71 14 11 12 10 6 7 10 11 10 10 10 11 11 11 11 12 7 6 8 18 59 63 19 6 5 5 13 81 164 164 172 164 168 163 166 169 170 171 173 174 176 176 176 176 176 176 176 176 176 
147 152 151 147 150 157 159 158 158 159 150 125 149 160 154 169 153 169 167 143 54 14 62 131 144 153 139 149 147 148 148 148 148 148 148 147 146 146 145 144 143 143 143 144 144 142 141 142 142 143 138 143 148 137 129 139 136 75 11 4 3 4 5 4 5 5 6 7 6 6 11 53 129 148 143 143 134 145 140 142 142 142 142 142 142 143 145 145 145 145 145 145 146 148 147 148 149 149 150 151 151 150 149 149 149 150 151 152 153 152 152 152 152 152 153 154 154 154 154 154 154 153 153 154 156 156 158 159 159 158 158 159 159 161 161 161 159 159 160 161 163 163 163 165 165 165 165 165 165 164 164 164 164 166 167 167 167 173 172 171 171 171 172 174 172 171 171 171 172 172 172 173 174 168 181 159 58 9 4 4 3 3 4 3 5 24 105 127 46 16 9 5 10 10 11 11 11 11 11 35 68 13 10 11 10 6 7 10 10 10 10 10 10 10 11 11 13 8 6 7 13 38 63 24 5 5 5 5 49 140 163 163 171 165 170 167 170 170 172 172 174 176 176 175 176 175 175 175 175 175 
148 154 151 146 147 153 155 158 156 155 148 127 152 160 155 168 155 168 164 122 32 19 92 144 142 146 142 151 146 148 148 148 148 148 148 147 146 146 145 144 143 143 143 145 145 143 143 143 144 146 140 148 157 158 142 142 142 130 38 5 4 6 7 8 12 13 18 27 32 36 50 84 134 147 142 143 142 149 144 143 143 143 143 143 143 144 145 145 145 145 145 145 146 149 149 149 150 151 151 152 151 150 149 149 149 150 151 154 154 154 154 154 154 154 154 154 154 154 154 154 154 153 153 154 156 156 158 159 159 158 158 159 159 161 161 161 159 159 160 161 163 163 163 165 165 165 165 165 165 164 164 164 165 166 167 167 167 171 169 169 168 169 170 171 170 169 170 171 172 173 173 173 172 171 174 114 26 4 4 4 4 4 4 3 5 42 131 109 28 12 7 3 10 10 11 11 10 11 10 35 69 13 11 12 10 6 7 10 11 10 10 10 11 11 10 10 11 8 7 6 10 26 63 37 6 5 4 5 23 102 165 163 171 169 178 166 171 171 172 173 173 174 174 175 174 174 174 174 174 174 
149 155 152 145 145 150 151 142 136 137 137 125 153 161 162 157 157 171 156 85 19 39 116 151 147 143 152 153 150 148 148 148 148 148 148 148 147 147 146 146 145 144 144 147 147 146 146 147 148 150 151 150 151 154 147 149 143 161 89 25 33 41 55 67 80 84 90 109 118 121 135 137 144 152 147 143 146 147 143 146 146 146 146 146 146 146 146 146 146 146 146 146 147 150 151 151 152 153 153 153 153 151 151 150 151 151 153 155 155 155 155 155 155 155 154 154 154 154 154 154 154 153 153 154 156 156 158 159 159 158 157 159 159 161 161 161 159 159 160 161 163 163 163 164 165 164 164 165 164 164 164 164 165 166 167 167 167 168 167 166 165 166 167 168 168 168 169 171 172 173 174 170 169 179 159 65 10 3 4 4 4 5 3 3 9 65 139 79 17 10 5 2 9 10 11 11 10 10 10 35 69 13 11 12 10 6 7 10 10 10 10 10 10 10 11 9 10 7 6 5 7 21 61 62 11 5 3 6 9 59 151 165 169 174 177 166 172 172 172 173 173 173 173 174 174 173 173 173 173 173 
151 156 152 143 143 147 147 133 126 127 131 124 153 158 161 129 148 167 147 51 18 72 131 148 151 138 159 148 153 151 151 151 150 150 150 150 149 149 149 147 147 145 146 150 149 149 149 150 151 154 150 146 142 140 142 152 141 161 142 92 114 131 148 166 162 161 159 158 153 147 146 150 149 153 150 145 150 146 144 148 148 148 148 148 148 148 148 148 148 148 148 148 149 152 152 153 153 154 155 155 155 154 153 153 153 154 155 155 155 155 155 155 155 155 154 153 153 153 153 153 153 153 152 153 155 156 158 159 158 157 157 158 159 161 161 160 159 159 160 161 162 162 163 164 164 164 164 164 164 164 164 164 164 165 166 167 168 169 168 167 166 166 168 169 168 168 169 171 172 174 175 174 172 180 127 29 5 3 3 3 3 4 2 4 17 95 129 45 11 10 6 5 9 9 10 10 9 10 9 33 65 11 9 10 9 5 6 8 9 8 8 8 9 9 11 9 10 8 7 4 5 14 46 73 19 4 4 6 5 26 117 159 171 173 165 173 173 173 173 173 173 172 172 172 172 172 172 172 173 173 
151 155 151 143 142 145 146 152 145 143 146 138 162 164 155 101 134 161 139 33 26 110 147 150 161 139 167 147 156 152 152 152 153 153 153 152 151 151 150 149 149 148 149 152 151 151 152 153 155 157 147 152 155 150 155 164 148 150 159 156 157 158 143 138 139 147 151 145 144 149 154 156 146 148 151 148 158 152 149 151 151 151 151 151 151 151 151 150 150 150 150 150 151 152 152 153 154 155 156 156 157 157 155 154 155 157 157 156 155 155 155 155 155 155 154 154 154 154 154 154 154 153 153 154 156 156 158 159 158 157 157 158 159 160 160 160 159 159 160 161 162 162 163 164 164 164 164 164 164 164 164 164 164 165 166 168 168 171 169 169 168 169 170 171 170 167 170 172 172 173 174 176 167 157 82 8 3 4 2 2 3 3 2 5 29 126 116 25 8 11 8 10 9 8 9 9 8 9 8 32 66 12 9 10 9 5 6 10 10 10 10 10 10 10 11 9 11 10 8 5 5 12 36 77 33 3 5 5 4 10 84 149 177 169 153 180 173 173 173 173 172 172 172 172 172 172 172 172 173 173 
157 154 149 146 146 151 158 149 152 147 154 160 158 163 165 98 122 170 101 24 51 125 153 149 146 147 150 156 154 150 152 153 154 154 153 152 154 154 154 154 154 154 154 154 154 154 154 154 154 154 148 149 151 152 153 155 156 147 146 148 150 152 154 155 156 157 159 159 159 158 156 155 155 153 153 154 154 155 155 155 155 155 155 155 155 155 155 154 153 152 153 154 155 153 154 155 156 157 157 157 159 157 157 156 156 157 159 159 159 159 157 157 156 156 156 156 156 157 158 159 159 159 158 157 157 158 159 161 160 157 157 157 157 157 157 157 159 159 160 160 162 162 162 164 164 164 164 164 164 164 162 163 163 165 167 168 170 170 169 170 171 172 173 173 177 167 169 177 173 174 173 168 160 134 36 3 3 2 2 3 3 2 3 5 51 147 91 16 6 6 5 4 6 6 6 6 6 7 5 33 63 7 8 6 5 2 4 6 7 7 7 7 7 7 7 7 7 7 6 5 4 8 21 71 64 5 5 5 4 6 31 120 186 176 173 178 175 175 175 175 175 175 174 175 174 175 176 176 178 178 
157 156 153 147 145 147 151 146 150 145 152 159 156 162 165 104 134 145 64 24 85 147 151 149 148 148 148 151 150 149 151 154 154 154 153 153 154 154 154 154 154 154 154 154 154 154 154 154 154 154 149 150 151 153 154 155 156 154 155 155 156 157 157 157 152 151 153 153 153 152 151 158 163 162 161 161 162 163 160 155 155 155 155 155 155 155 155 154 153 153 153 154 155 154 155 156 156 157 157 157 159 158 157 156 157 158 159 159 159 159 158 157 157 156 156 156 157 158 158 159 160 160 159 158 158 159 160 162 161 158 158 158 158 158 158 158 159 160 161 161 162 163 163 165 165 165 165 165 165 165 166 165 166 167 168 169 169 169 169 170 171 171 172 172 174 179 173 164 173 179 171 169 164 84 14 3 3 2 2 2 2 2 2 10 76 133 50 5 2 1 1 1 1 1 1 2 1 2 2 23 51 2 3 2 2 1 2 2 2 2 2 2 2 2 2 2 2 3 3 2 2 4 13 58 77 11 5 4 5 5 14 74 167 184 170 176 178 177 178 178 178 178 177 177 177 178 179 180 180 181 
155 156 154 148 143 142 143 141 146 141 149 158 154 162 158 97 130 121 46 32 106 146 134 137 139 143 144 145 147 149 152 154 154 154 154 153 154 154 154 154 154 154 154 154 154 154 154 154 154 154 151 151 152 153 154 155 156 156 156 156 155 155 154 154 155 157 158 159 159 158 157 158 158 157 156 156 157 158 158 156 156 156 156 156 156 156 156 154 154 154 154 155 156 155 156 156 157 158 158 158 160 159 158 158 158 159 160 160 160 159 159 158 158 157 158 158 158 159 160 160 161 161 160 160 160 160 162 164 162 160 160 160 160 160 160 160 162 162 162 163 163 164 165 167 167 167 167 167 167 166 169 169 168 168 169 169 170 169 169 170 170 171 172 172 169 183 178 169 181 176 164 158 122 39 4 3 2 1 2 2 1 2 1 17 110 118 30 3 2 1 2 1 1 2 1 1 1 1 2 18 51 1 1 1 1 1 1 1 1 1 1 1 1 1 1 1 1 1 1 1 1 2 7 41 88 21 5 4 5 4 7 42 135 181 172 181 180 180 180 180 180 180 180 180 180 182 183 183 184 184 
152 154 153 148 142 139 138 137 142 139 148 157 154 164 161 100 135 140 90 81 130 143 134 139 145 150 152 152 150 149 151 153 153 153 153 152 153 153 153 153 153 153 153 153 153 153 153 153 153 153 152 153 153 154 155 156 156 154 154 153 152 151 150 150 154 156 157 158 157 157 156 157 157 156 155 155 156 157 158 157 157 157 157 157 157 157 157 156 154 154 155 156 157 155 156 157 158 158 159 159 161 160 158 158 158 160 161 160 160 159 159 158 157 157 158 159 160 160 161 161 162 162 162 161 160 162 164 165 163 160 160 160 160 160 160 161 163 163 163 165 165 165 166 167 167 167 167 167 167 167 172 172 171 171 171 171 171 171 172 172 172 173 174 174 168 170 169 173 178 168 165 129 52 13 5 5 5 3 4 3 2 3 2 22 120 87 15 3 3 1 2 1 1 1 1 1 1 1 2 16 49 2 2 2 2 1 1 1 1 1 1 1 1 1 1 1 1 2 2 1 1 2 4 27 97 40 7 4 8 14 24 44 105 154 163 176 180 180 180 180 180 180 180 183 183 183 185 185 185 187 
150 152 152 149 144 141 142 140 144 141 149 159 156 165 163 108 139 162 162 154 154 149 151 153 156 156 155 153 150 149 151 153 153 153 153 152 153 153 153 153 153 153 153 153 153 153 153 153 153 154 153 154 154 155 155 155 155 156 156 155 155 153 152 151 152 152 154 154 154 153 152 156 159 158 157 157 158 159 159 158 158 158 158 158 158 158 157 156 155 155 155 157 157 157 157 158 158 159 159 161 161 161 159 159 159 160 161 161 160 160 159 158 158 158 159 160 161 161 162 163 163 163 164 162 162 164 164 166 165 162 162 162 162 162 162 162 164 165 165 165 167 167 167 169 169 169 169 169 169 169 172 173 174 174 174 174 175 174 174 176 176 177 177 177 183 170 170 178 176 182 178 103 20 8 12 8 9 5 7 6 5 5 6 18 99 64 13 8 8 5 6 6 5 6 5 6 6 5 7 17 34 5 4 4 4 3 2 3 3 3 3 3 3 3 3 2 2 3 2 2 2 3 3 12 77 59 27 29 50 83 108 110 124 154 176 184 180 180 180 181 180 180 180 184 183 184 185 186 187 187 
152 154 155 152 151 151 154 153 156 149 154 160 153 160 155 120 136 133 158 161 151 149 155 154 153 150 148 145 146 149 151 153 153 153 153 152 153 153 153 153 153 153 153 153 153 153 153 153 153 154 155 155 155 155 155 155 155 156 156 156 157 156 155 155 155 156 156 158 158 156 155 156 157 155 154 155 155 157 158 159 159 159 159 159 159 159 158 157 156 155 157 157 158 157 157 157 158 158 160 160 162 160 159 158 159 160 161 162 162 160 160 159 158 158 161 162 162 163 164 164 165 165 165 164 164 164 166 168 167 164 164 164 164 164 164 164 166 166 167 167 168 169 169 171 171 171 171 171 171 171 172 173 174 175 177 178 178 178 178 180 180 181 182 182 192 176 187 185 176 196 143 53 12 9 11 8 8 7 7 8 8 8 11 12 77 75 60 63 55 53 47 53 50 49 46 51 50 41 42 50 72 54 50 49 52 45 48 45 45 44 44 44 44 44 48 46 45 46 44 41 42 31 14 11 74 108 102 127 145 141 149 147 127 133 163 179 185 184 184 184 184 184 183 182 182 183 183 184 185 185 
156 157 156 156 156 158 161 159 161 154 155 157 150 154 158 142 145 124 137 145 150 152 153 152 151 150 149 149 149 150 151 152 153 153 152 152 153 153 153 153 153 153 153 153 153 154 154 154 154 153 154 155 155 156 156 156 155 155 156 156 156 155 155 155 155 155 156 157 156 155 155 157 158 158 157 157 158 158 158 158 158 158 158 158 158 158 157 156 156 156 157 157 158 157 157 158 158 159 160 160 162 160 159 158 159 161 163 162 162 161 160 160 159 159 161 162 162 163 163 164 164 165 165 164 164 164 166 168 167 163 163 163 163 164 164 165 166 166 167 168 169 169 169 170 170 171 171 171 171 171 172 174 175 177 178 179 179 178 179 181 181 182 183 182 183 169 194 184 170 182 101 24 12 8 7 7 8 9 8 8 9 9 12 9 68 82 63 73 61 65 54 62 61 67 63 71 72 64 65 67 65 66 65 64 66 62 66 70 69 70 69 68 69 69 70 70 67 70 65 64 63 43 17 12 69 122 126 136 147 138 129 136 130 120 154 176 185 185 186 186 186 187 186 183 183 183 184 185 186 186 
158 157 156 155 156 157 158 155 154 154 154 154 154 154 154 153 153 153 153 153 153 152 151 151 151 151 150 151 151 151 151 151 151 151 151 151 151 151 151 151 151 151 151 152 154 156 157 157 157 156 151 153 155 156 156 156 155 156 156 157 157 157 157 157 157 157 157 157 157 157 157 156 155 155 155 155 155 155 156 156 156 156 156 156 156 156 154 156 158 158 158 158 157 159 159 159 159 159 159 159 163 161 158 158 160 164 166 162 162 162 162 162 162 162 162 162 162 162 162 162 162 163 164 165 165 166 167 167 166 163 162 162 163 164 166 168 169 169 169 169 169 169 169 169 169 170 170 172 172 173 175 176 177 178 177 176 175 175 176 178 179 180 180 178 182 171 189 188 174 181 125 73 56 31 24 15 10 7 9 9 7 10 9 16 65 72 64 68 63 68 63 65 70 67 61 64 62 61 66 63 64 63 66 65 62 65 67 70 64 69 69 64 67 69 68 75 69 75 61 64 51 32 14 12 45 97 117 126 135 138 131 124 142 117 142 166 183 185 187 188 188 187 186 187 187 187 187 187 187 187 
158 157 156 155 156 157 158 154 154 154 154 154 154 154 155 156 155 156 155 156 156 154 152 152 152 152 152 152 152 151 151 151 151 151 151 151 151 151 151 151 151 151 152 154 156 158 159 159 159 158 152 153 155 156 156 156 156 156 156 156 156 156 156 156 157 157 157 157 157 157 157 156 155 155 155 155 155 155 156 156 156 156 156 156 156 156 154 156 157 158 158 158 158 160 160 160 160 160 160 160 163 161 159 158 160 164 166 162 162 162 162 162 162 162 162 162 162 162 162 162 162 162 163 163 164 165 166 166 166 164 163 162 164 165 167 168 169 169 169 169 169 169 169 169 170 171 171 172 172 172 175 176 177 178 177 176 175 175 175 177 179 180 179 178 181 169 174 184 179 185 177 155 143 105 104 99 60 31 35 20 9 10 10 37 81 64 60 54 59 58 60 55 61 60 53 57 56 55 58 56 53 60 59 60 63 62 60 65 58 63 67 63 65 65 66 69 62 71 62 59 39 23 14 23 56 95 106 116 119 120 126 107 131 150 177 177 182 184 185 187 188 186 186 187 187 187 187 187 187 188 
158 157 156 155 156 157 158 155 155 155 155 155 155 155 155 156 156 156 156 156 156 155 154 154 154 154 154 154 153 153 153 153 153 153 153 153 153 153 153 153 153 153 153 155 156 158 159 160 159 158 153 155 156 157 158 157 156 157 158 158 158 158 158 158 158 158 158 158 158 158 158 157 156 156 156 156 156 156 156 156 156 156 156 156 156 156 155 157 158 159 159 158 159 161 161 161 161 161 161 161 162 161 160 159 161 163 165 163 163 163 163 163 163 163 163 163 163 163 163 163 163 163 162 162 163 164 165 166 166 165 164 164 164 166 168 169 170 170 170 170 170 170 170 170 171 171 172 172 173 174 174 176 177 178 177 176 175 173 175 177 178 179 178 177 178 179 175 179 179 164 175 184 184 132 131 162 119 90 99 41 22 42 46 75 62 59 40 44 78 80 86 63 66 68 59 65 68 67 70 69 59 52 36 37 54 64 64 70 68 65 60 60 67 58 56 52 39 40 38 39 29 32 34 34 42 62 80 101 114 131 164 136 146 175 190 182 181 182 184 185 186 185 184 186 186 186 186 186 186 186 
159 157 157 155 156 157 158 156 155 155 155 155 155 155 155 155 155 155 155 155 155 155 155 155 155 155 155 155 154 153 153 153 153 153 153 153 153 153 153 153 153 153 153 152 154 156 157 157 157 157 153 155 157 158 158 158 157 158 158 158 158 158 158 158 158 158 158 158 158 158 158 157 157 157 157 157 157 157 157 157 157 157 157 157 157 156 156 157 159 160 160 160 159 162 162 162 162 162 162 162 160 160 160 161 162 163 165 164 164 164 164 164 164 164 164 164 164 164 164 164 164 163 162 162 163 164 165 165 165 165 164 163 165 165 167 169 171 171 171 171 171 171 171 171 172 173 173 174 175 174 174 176 177 178 177 176 175 173 174 176 177 178 177 176 166 183 178 172 185 169 168 174 167 100 87 121 86 72 120 76 39 98 69 123 99 112 36 62 139 152 165 119 121 138 124 136 148 148 152 152 154 93 45 47 90 136 152 152 162 141 107 122 149 119 115 111 93 87 84 82 75 97 94 64 45 57 70 77 91 109 138 121 142 172 172 173 180 182 184 185 185 184 184 186 186 186 186 186 186 186 
159 157 157 156 156 157 158 157 157 157 157 157 157 157 154 154 154 154 154 154 154 155 155 155 155 155 155 155 155 155 155 155 155 155 155 155 155 155 155 155 155 155 155 152 154 155 156 157 156 155 155 156 157 159 160 159 158 160 160 160 160 160 160 160 160 160 160 160 160 160 160 159 158 158 158 158 158 158 158 157 157 157 157 157 157 157 157 158 160 161 162 160 160 160 160 160 160 160 160 160 160 160 161 162 163 164 164 165 165 165 165 165 165 165 165 165 165 165 165 165 166 165 164 165 165 166 167 167 167 165 165 165 165 167 169 170 172 173 172 173 172 173 172 173 172 173 174 174 175 176 175 176 177 178 177 176 175 173 173 175 176 176 176 176 169 185 172 157 176 177 171 185 174 90 70 87 61 64 104 54 40 120 65 156 146 123 43 73 152 169 184 142 143 154 136 153 170 170 174 173 168 108 89 101 137 179 176 166 176 147 109 136 176 138 156 172 182 189 187 159 131 178 188 144 116 136 119 89 81 71 78 73 124 188 181 183 179 181 183 183 184 184 183 183 184 184 184 184 184 184 
159 157 157 156 156 157 158 157 157 157 157 157 157 157 157 157 157 157 157 157 157 155 154 154 154 154 154 154 155 156 156 156 156 156 156 156 156 156 156 156 156 156 155 155 157 158 159 159 159 158 156 158 159 160 161 160 159 160 161 161 161 161 161 161 160 160 160 160 160 160 160 159 158 158 159 158 159 158 158 157 157 157 157 157 157 157 158 160 161 162 162 161 161 160 160 160 160 160 160 160 159 161 163 163 164 164 164 166 166 166 166 166 166 166 166 166 166 166 166 166 166 166 166 168 168 169 170 170 169 167 166 166 166 168 170 172 173 173 173 173 173 172 173 173 173 173 174 175 176 176 175 176 177 178 177 176 175 171 173 175 176 176 176 175 177 182 171 164 171 172 172 168 161 120 140 158 94 69 99 61 31 40 41 97 93 103 47 61 107 116 121 89 87 129 111 125 142 139 139 139 112 84 110 121 115 138 136 141 137 114 95 119 147 118 135 140 142 144 143 109 76 132 160 128 110 140 124 102 110 108 125 103 131 189 171 173 178 180 182 183 183 183 182 183 183 183 183 183 183 183 
158 158 157 157 157 158 158 157 157 158 158 158 157 157 158 158 159 159 158 158 158 157 156 156 155 155 154 154 155 155 155 155 155 155 155 155 155 155 155 155 155 155 155 157 158 159 160 161 161 160 158 159 160 160 160 160 160 161 161 161 161 161 161 161 161 161 161 161 161 161 161 160 159 159 160 159 159 159 159 158 158 158 158 158 158 158 159 160 161 161 161 161 160 160 160 160 160 160 160 160 161 162 163 164 164 164 163 164 165 165 165 165 165 165 165 165 165 166 166 166 166 167 167 169 170 170 171 171 170 168 167 168 168 170 171 172 172 172 172 172 172 172 173 173 173 174 174 175 175 176 175 176 177 178 177 176 175 173 174 175 176 177 177 176 177 176 174 177 177 176 177 169 144 103 158 180 117 87 110 75 49 40 82 96 57 87 83 86 100 102 97 52 47 87 77 90 104 100 99 108 93 63 88 89 71 93 99 104 91 68 75 85 95 79 93 97 91 89 96 83 73 107 115 77 63 93 98 110 127 131 167 134 135 189 174 186 181 182 183 183 183 183 182 182 182 182 183 183 183 183 
158 158 158 158 158 158 159 158 159 158 158 159 158 158 158 158 159 159 158 158 158 159 158 158 157 156 156 155 155 155 155 155 155 155 155 155 155 155 155 155 155 155 155 158 159 160 160 161 162 162 160 160 160 160 160 160 160 161 162 162 162 162 162 162 162 162 162 162 162 162 162 161 160 160 160 160 160 160 160 160 160 160 160 160 160 160 160 160 160 160 160 160 160 162 162 162 162 162 162 162 163 163 163 163 163 163 163 163 163 163 163 163 163 163 163 163 164 165 166 167 167 167 167 169 171 171 171 171 170 170 170 171 171 173 173 172 172 172 172 172 172 172 172 174 174 174 174 174 174 174 175 177 177 178 177 176 175 174 175 176 177 177 178 178 176 176 176 176 176 176 176 179 145 75 106 118 98 92 132 109 86 83 90 126 103 138 169 160 157 150 136 54 43 105 116 137 154 153 151 158 157 110 136 140 124 150 153 158 146 109 136 140 145 126 130 152 150 141 142 136 143 145 131 81 64 87 77 81 95 104 121 101 111 179 166 185 182 182 182 182 182 182 182 181 181 181 182 182 182 182 
158 158 158 158 158 158 159 158 159 158 158 159 158 158 158 158 159 159 158 158 158 159 160 159 158 158 157 157 157 157 157 157 157 157 157 157 157 157 157 157 157 157 157 159 160 161 161 162 162 162 161 161 161 161 161 161 161 162 162 162 162 162 162 162 162 162 162 162 162 162 162 161 160 160 160 160 160 160 160 161 161 161 161 161 161 161 161 161 161 161 161 161 161 162 162 162 162 162 162 162 164 164 164 164 164 164 164 164 164 164 164 164 164 164 164 165 166 166 167 168 168 167 167 169 170 171 171 171 170 170 171 171 172 172 172 172 172 173 173 173 173 173 173 174 174 174 174 174 174 174 174 176 177 178 177 176 175 174 176 176 177 178 178 178 176 176 176 176 176 176 176 175 168 115 106 93 91 78 116 117 90 109 77 139 117 161 180 166 179 170 172 70 39 109 138 163 176 184 182 172 168 122 148 148 134 164 177 179 164 133 163 169 170 145 143 176 186 175 173 170 173 156 148 111 105 150 121 108 102 80 88 82 114 188 169 178 181 181 181 181 181 181 181 181 181 182 182 182 182 182 
160 160 160 160 160 160 160 160 160 160 160 160 160 160 160 160 160 160 160 160 160 161 161 161 161 159 159 159 159 159 159 159 159 159 159 159 159 159 159 159 159 159 159 161 161 162 162 163 164 164 162 162 162 162 162 162 162 164 164 164 164 164 164 164 162 161 161 161 161 161 161 161 161 161 161 161 161 161 162 162 162 162 162 162 162 162 162 162 162 162 162 162 163 164 164 164 164 164 164 164 166 166 166 166 166 166 166 166 166 166 166 166 166 166 166 166 166 168 168 168 169 168 168 170 171 172 172 171 170 170 171 172 172 172 174 174 173 173 173 173 173 173 173 175 175 175 175 175 175 175 175 176 177 178 177 176 175 176 176 177 178 178 179 180 178 178 177 177 178 178 178 166 181 172 172 156 154 120 116 103 65 56 47 81 66 140 149 141 161 142 162 80 46 111 122 134 148 159 161 153 174 129 148 144 131 152 166 158 142 128 156 163 162 135 130 163 173 161 164 157 148 139 145 105 95 141 120 117 125 117 142 142 157 190 169 179 180 180 179 179 179 179 180 182 183 183 183 183 183 183 
161 161 161 161 161 161 161 161 161 161 160 160 160 160 160 160 160 160 161 161 161 162 163 163 163 161 161 160 159 159 159 159 159 159 159 159 159 159 159 159 159 159 160 161 162 162 163 164 164 165 163 163 163 163 163 163 163 164 165 165 165 165 165 164 162 162 162 162 162 162 162 162 162 162 162 162 162 162 162 163 163 163 163 163 163 163 163 163 163 163 163 163 163 165 165 165 165 165 165 165 166 166 166 166 166 166 166 166 166 166 166 166 166 166 166 166 168 168 168 170 170 168 168 170 172 173 173 172 171 171 172 172 173 174 174 174 172 172 172 172 172 172 172 174 174 174 174 174 174 174 174 176 176 178 177 176 174 176 176 178 178 178 179 180 178 178 178 178 178 178 179 175 175 165 172 176 190 185 178 170 161 102 73 97 98 135 116 118 131 110 133 103 90 118 101 107 126 128 119 121 123 86 99 103 101 109 114 122 111 108 123 125 122 103 108 125 123 118 124 111 92 89 101 83 91 143 143 162 173 168 189 184 182 181 166 176 180 180 180 180 180 180 181 183 183 183 184 184 184 183 
162 162 162 162 162 162 162 162 162 162 162 161 162 162 162 162 161 161 162 162 162 164 165 164 163 163 162 161 161 161 161 161 161 161 161 161 161 161 161 161 161 161 161 162 162 162 163 164 164 166 164 164 164 164 164 164 164 165 166 166 166 166 166 165 163 162 162 162 162 162 162 163 164 164 164 164 164 164 164 164 164 164 164 164 164 164 164 164 164 164 164 164 164 166 166 166 166 166 166 166 167 167 167 167 167 167 167 167 167 167 167 167 167 167 167 167 167 168 169 169 170 169 169 171 172 174 174 172 172 172 172 173 174 174 175 175 172 172 172 172 172 172 172 174 174 174 174 174 174 174 174 176 176 178 177 176 174 177 178 178 179 179 180 181 180 180 180 180 180 180 180 177 169 171 190 189 181 175 185 187 166 81 51 138 185 168 173 177 180 169 182 171 183 182 162 169 190 184 169 170 157 109 122 143 165 175 174 173 158 163 167 163 161 147 160 167 157 162 169 146 126 144 164 151 170 191 172 173 176 181 171 164 179 183 175 180 181 181 181 181 181 182 182 185 185 185 185 185 185 185 
