UP
14 14 14 14 14 14 13 12 11 10 9 8 7 5 5 9 11 19 24 21 13 20 15 19 17 17 18 16 21 15 15 17 16 18 16 18 15 18 17 18 18 18 17 15 19 13 18 15 16 15 14 15 16 17 16 17 16 18 16 17 14 17 13 15 14 15 15 15 14 13 15 14 14 15 14 16 14 14 15 14 15 15 14 14 14 15 13 12 13 13 13 15 13 15 13 15 14 15 14 14 13 15 13 14 12 13 14 14 15 12 15 13 14 14 12 13 12 14 12 12 10 12 12 12 12 12 12 12 12 12 13 11 13 11 12 10 11 12 11 12 12 11 11 12 12 11 10 11 11 9 10 10 10 10 10 10 9 9 9 8 9 9 8 9 9 9 9 9 9 8 8 8 8 9 8 7 8 8 8 8 8 8 7 7 7 7 7 7 7 7 8 8 8 8 8 8 8 7 7 6 6 5 5 5 4 3 3 7 5 3 3 4 4 4 5 5 5 4 4 5 5 5 5 5 5 5 6 6 6 6 6 6 6 5 6 5 5 5 5 5 4 4 2 2 4 3 3 4 2 4 
17 17 16 15 14 14 13 10 9 8 7 6 5 4 5 9 11 19 24 21 13 20 15 19 17 17 18 16 21 15 15 17 16 18 16 18 15 18 18 19 19 19 18 15 20 13 18 16 16 15 14 15 16 17 16 17 16 18 16 17 14 17 14 15 14 15 15 16 14 13 16 14 15 15 15 16 14 15 15 15 15 15 14 14 13 15 13 12 14 14 14 15 13 15 13 15 15 15 15 15 13 15 13 14 12 13 14 13 15 12 15 13 13 13 11 13 12 14 12 12 11 13 13 13 13 13 13 12 12 11 12 10 12 11 12 9 11 11 11 11 11 11 11 12 12 11 11 11 11 9 10 11 10 10 10 10 10 10 9 9 10 10 9 9 9 9 9 9 9 9 9 8 9 9 8 7 8 9 8 8 8 8 8 7 7 7 7 7 7 8 8 8 9 9 8 8 8 8 7 6 6 6 6 6 4 3 3 7 5 3 3 4 4 4 5 5 5 5 5 5 5 5 5 5 5 6 6 6 6 6 7 7 7 7 6 6 5 5 5 5 4 4 2 2 4 3 3 4 2 4 
14 14 15 15 16 16 16 15 13 12 10 9 7 5 5 9 11 19 24 21 13 20 15 19 17 17 18 16 20 14 15 17 16 18 16 18 15 18 17 18 17 17 17 15 20 13 19 16 17 15 14 15 16 17 16 17 16 17 16 17 15 18 15 16 14 15 15 16 14 14 16 15 15 15 15 16 14 15 15 15 15 15 14 14 13 15 14 12 14 14 14 16 13 15 13 16 15 15 15 14 13 15 12 14 12 12 13 12 14 11 14 12 13 13 12 13 12 14 12 13 11 13 13 13 13 13 13 12 12 12 13 10 13 11 12 9 11 11 11 12 12 11 11 12 12 11 11 11 11 9 10 11 10 10 10 10 10 10 10 9 10 10 9 9 10 10 10 10 9 9 9 8 9 9 8 8 8 9 8 9 9 9 8 8 8 7 7 7 7 8 8 9 9 9 8 8 8 8 7 6 6 6 6 6 5 3 3 8 5 3 4 5 4 4 5 5 5 5 5 5 5 5 5 5 5 5 6 6 6 6 6 7 8 8 7 6 5 5 5 5 4 3 2 1 4 3 3 4 2 4 
15 15 14 13 12 11 11 11 10 9 8 7 6 5 5 10 12 20 24 22 14 20 15 19 17 18 18 17 21 14 15 17 17 18 17 19 16 19 17 17 16 16 17 16 19 13 19 16 17 15 15 15 17 17 16 17 16 17 15 17 14 19 15 16 14 15 15 16 14 14 16 15 15 15 14 16 14 15 16 15 15 15 14 14 14 15 14 12 14 14 14 15 14 15 13 16 15 15 15 14 13 14 13 14 12 13 13 13 14 12 14 13 13 14 12 13 12 14 12 12 11 13 12 13 12 13 12 12 12 12 13 11 13 12 12 10 11 12 12 12 12 12 11 12 12 11 11 11 11 10 10 11 11 10 10 10 11 11 10 10 11 11 9 9 10 10 10 10 9 9 9 9 9 10 9 8 9 9 8 9 9 9 9 9 8 7 7 7 8 8 8 9 9 9 8 8 8 8 7 6 6 6 6 6 5 3 4 8 5 3 4 5 5 5 5 5 5 5 5 6 5 5 5 5 5 5 6 6 6 6 6 6 7 7 7 6 5 5 5 5 4 3 2 2 4 2 4 4 2 4 
16 16 16 16 16 15 15 13 12 11 9 8 6 4 5 10 12 20 24 22 15 20 16 19 18 18 18 17 21 13 16 17 17 17 18 19 17 20 17 17 18 18 17 16 18 14 19 15 18 15 15 16 17 17 15 17 16 17 16 18 13 19 15 16 15 15 15 17 13 15 15 15 15 15 14 16 14 15 15 15 15 15 14 15 14 16 13 13 14 14 14 15 15 16 14 16 14 15 14 13 15 13 14 13 12 13 13 13 13 13 13 13 13 14 13 12 12 13 13 11 11 13 12 14 11 14 12 13 12 12 12 12 12 12 11 9 11 12 12 12 12 12 11 11 11 11 11 11 11 10 10 11 11 11 11 11 11 12 11 10 11 11 9 9 10 10 10 10 10 9 10 9 10 10 9 8 9 9 9 9 9 9 9 9 8 8 8 8 8 8 9 9 9 8 8 9 9 8 7 6 7 6 6 6 4 3 4 8 5 3 4 4 5 5 5 5 5 5 5 5 5 5 5 5 5 6 6 5 6 7 6 6 6 5 6 6 6 5 5 5 4 3 2 2 5 2 4 4 2 4 
13 13 13 13 13 13 12 9 9 9 9 8 7 6 5 11 13 21 25 21 14 20 16 19 18 18 18 17 21 13 16 17 17 17 18 18 17 20 17 17 18 18 17 17 19 14 19 15 18 15 16 16 18 17 15 17 16 17 16 18 13 19 14 15 14 15 15 16 12 14 14 15 15 15 14 16 14 15 15 15 15 15 14 15 14 15 13 13 14 14 14 15 15 16 14 16 14 15 14 13 15 13 15 13 13 13 13 13 13 13 13 13 13 14 13 12 12 14 13 12 12 14 13 15 12 15 12 13 12 12 12 12 12 12 11 10 11 12 12 12 12 13 11 11 11 11 11 11 11 10 10 11 11 11 11 11 11 11 11 10 11 11 9 9 10 10 10 10 10 9 10 9 10 10 9 8 9 9 9 9 9 9 9 9 9 8 8 8 8 8 9 9 9 9 9 9 9 8 8 7 7 7 6 6 5 3 4 8 5 3 5 4 5 5 5 5 5 5 5 5 5 5 5 5 5 6 6 6 7 7 6 6 6 5 5 5 6 5 5 4 4 3 2 2 5 2 4 4 2 4 
20 20 19 18 17 16 15 13 12 10 9 7 5 4 5 11 14 22 25 21 13 20 16 19 18 18 18 17 21 13 16 17 17 17 18 18 16 19 17 17 18 18 17 17 19 14 20 16 18 16 16 16 18 17 16 17 17 18 17 19 13 19 14 15 14 15 15 16 12 14 14 15 15 15 14 16 14 15 15 15 15 15 14 15 14 15 13 13 14 14 15 16 15 16 14 16 14 15 14 13 15 13 15 14 13 14 13 13 13 13 13 13 13 14 13 12 12 13 13 12 12 14 13 15 12 15 13 13 12 12 12 12 12 12 11 11 11 11 11 12 13 13 11 11 11 11 11 11 11 10 11 11 11 11 11 11 11 11 11 10 10 10 9 9 10 10 10 10 10 9 10 9 9 10 9 8 9 9 9 9 9 9 9 9 8 8 8 7 7 8 8 9 9 9 9 9 9 9 8 7 7 7 7 6 5 3 4 8 5 3 5 5 5 5 5 5 5 5 6 6 5 5 5 5 5 5 6 6 7 7 6 6 7 6 4 4 5 6 5 4 3 3 1 2 5 2 4 3 2 4 
13 13 13 13 12 12 12 14 13 12 11 9 7 5 5 11 13 21 25 21 13 20 16 19 18 18 18 17 21 13 16 17 17 17 18 18 15 19 16 17 18 18 18 17 19 14 20 16 18 16 16 17 18 18 16 17 17 18 17 19 13 19 14 15 14 15 15 17 12 14 15 15 15 15 14 16 14 15 15 15 15 15 14 15 14 15 13 13 14 15 15 16 15 16 14 16 14 15 14 13 15 13 15 13 13 14 13 13 13 13 13 13 13 14 13 12 12 13 13 11 12 14 13 15 12 15 12 13 12 12 12 12 12 11 11 11 11 11 11 12 13 13 11 11 11 11 11 11 11 10 11 11 11 11 11 11 10 11 10 10 10 10 9 9 10 10 10 10 10 9 9 9 9 9 9 8 8 9 9 9 9 9 9 9 8 8 8 7 7 7 8 9 9 9 9 9 9 9 8 7 8 8 7 7 5 3 5 9 5 3 5 5 5 5 5 6 6 6 6 6 5 5 5 5 5 5 5 6 7 7 7 7 7 6 5 4 5 6 5 4 4 3 1 2 5 2 4 3 2 4 
19 19 18 17 16 15 13 12 11 10 8 7 5 4 5 10 13 21 24 21 14 20 16 19 18 18 18 17 21 13 16 17 17 17 18 17 15 19 16 17 18 18 18 17 19 14 20 16 18 16 16 17 18 18 16 18 17 18 16 19 14 20 15 16 15 16 16 17 13 15 15 15 15 15 14 16 14 15 15 15 15 15 14 15 14 15 13 13 14 15 15 17 15 16 14 16 14 15 14 13 15 13 15 13 13 13 13 13 13 13 13 13 13 14 13 12 12 14 13 12 11 13 12 14 11 14 12 13 13 12 12 12 12 11 11 10 11 12 12 12 12 12 11 11 11 11 11 11 11 11 11 11 11 12 11 11 10 11 10 10 10 10 9 9 10 10 10 10 10 9 9 9 9 9 8 8 8 9 9 9 9 9 9 9 9 9 8 8 7 8 8 9 9 9 8 9 9 8 7 7 8 8 8 7 5 3 5 8 5 4 6 5 5 6 6 6 6 6 6 6 5 5 5 5 5 5 5 6 7 7 7 7 7 6 5 4 3 5 6 4 4 3 1 2 5 2 4 3 2 4 
12 13 13 13 13 14 13 13 13 12 11 10 8 6 5 10 12 20 24 22 15 20 17 19 18 18 19 17 21 13 16 17 17 17 18 17 15 19 16 17 18 18 18 17 19 14 20 16 19 16 16 17 18 18 17 18 17 17 16 19 14 20 15 17 16 16 16 18 14 16 15 15 15 15 14 16 14 15 15 15 15 15 14 15 14 16 13 13 15 15 16 17 15 16 14 16 14 15 14 13 15 13 14 13 12 13 13 13 13 13 13 13 13 14 14 13 13 14 14 12 12 13 12 14 11 14 12 13 13 12 12 12 12 11 11 9 11 12 12 11 11 12 11 12 11 11 11 11 11 11 11 12 12 12 12 11 10 11 10 10 10 10 9 9 10 10 10 10 10 9 9 9 9 9 8 7 8 9 9 9 9 9 9 9 9 9 9 8 8 8 8 9 9 8 8 8 9 8 7 7 8 8 8 7 5 3 5 8 5 4 6 5 5 6 6 6 6 6 6 6 5 5 5 5 5 5 5 5 7 8 8 8 7 6 6 4 3 5 6 5 4 3 1 2 5 2 4 3 2 4 
18 17 16 15 13 12 11 10 9 9 8 6 5 4 6 10 14 21 26 20 15 21 18 20 18 20 19 18 20 14 16 17 18 17 17 17 18 20 16 19 16 18 16 18 18 14 19 16 19 15 16 16 18 18 18 20 18 18 18 17 16 17 15 17 16 17 16 17 14 16 14 15 15 15 15 16 15 15 14 16 15 15 14 16 13 17 13 13 15 16 15 16 14 16 14 16 14 15 15 13 14 15 14 13 13 13 13 13 13 14 14 13 13 13 14 14 13 13 14 12 11 13 12 14 12 15 13 13 12 12 12 12 12 11 11 10 11 12 12 11 12 12 12 13 12 12 12 12 11 11 12 12 12 12 12 12 10 10 10 10 10 10 9 9 10 10 10 10 10 10 10 9 9 9 8 7 8 9 9 9 9 9 9 9 9 9 8 8 8 8 8 8 8 8 8 8 8 8 7 7 8 8 7 8 5 3 5 8 4 4 5 6 5 6 6 6 7 6 6 6 6 6 5 5 5 5 5 5 7 7 7 7 6 6 5 7 4 3 6 6 4 3 1 2 3 2 4 3 2 4 
17 16 16 15 14 14 13 13 12 11 11 9 8 6 6 10 15 22 27 21 15 19 17 19 17 19 18 17 20 14 16 17 18 17 17 17 18 20 15 20 16 18 16 18 18 15 20 16 18 15 17 18 19 18 17 18 17 17 17 17 16 17 15 17 15 17 16 17 13 15 14 15 15 15 15 16 15 15 14 16 15 15 14 16 13 16 13 12 15 15 15 16 14 16 14 16 14 15 15 14 14 14 14 13 13 13 13 13 13 14 14 13 13 13 13 14 13 13 13 11 11 13 12 14 12 15 13 13 12 12 12 12 12 11 11 10 11 12 12 11 12 12 12 13 12 11 12 12 11 10 11 11 11 11 11 11 10 10 10 10 10 10 9 9 10 10 10 10 10 10 10 9 9 9 8 8 9 9 9 9 9 8 8 8 8 9 8 8 8 8 8 8 8 8 8 8 8 8 7 7 8 7 7 8 6 3 5 9 4 4 5 5 5 6 6 6 6 6 6 6 6 5 5 5 5 5 5 5 7 7 7 7 6 6 6 7 4 3 6 6 4 3 1 2 3 2 4 3 2 4 
15 14 14 13 12 12 12 10 10 9 8 6 5 4 5 10 15 23 27 20 14 19 17 19 17 19 17 17 19 14 17 17 18 16 18 17 17 19 15 20 16 18 15 17 18 15 21 15 18 15 17 17 18 17 16 17 16 16 16 16 16 17 15 17 15 16 15 16 13 15 14 15 15 15 15 16 15 15 14 16 15 15 14 16 13 16 12 12 15 15 14 16 14 16 14 16 14 15 15 14 14 14 14 13 13 13 13 13 13 14 14 13 13 13 14 14 13 14 14 12 11 13 12 14 12 15 13 13 12 12 12 12 12 11 11 10 11 12 12 11 12 12 11 12 12 11 12 12 10 10 10 11 11 11 11 11 10 10 10 10 10 10 9 9 10 10 10 10 9 10 10 9 9 9 9 8 8 9 9 9 9 8 8 8 8 9 8 8 8 8 8 8 8 8 8 8 8 8 7 6 8 7 7 8 6 3 5 9 4 4 4 5 5 6 6 6 6 6 6 6 6 6 6 6 6 6 6 5 7 7 7 8 7 7 7 7 5 4 5 6 4 3 1 2 3 2 4 3 2 4 
21 20 19 18 17 17 16 14 13 12 11 9 7 5 6 11 16 23 27 20 14 20 17 19 17 19 18 18 19 14 18 17 17 16 18 17 17 19 15 20 16 18 15 17 18 15 20 15 18 14 15 16 17 16 16 17 16 16 16 16 16 17 15 17 15 16 15 16 13 15 14 15 15 15 15 16 15 15 14 16 15 15 14 16 13 16 12 12 15 15 14 16 14 16 14 16 14 15 15 14 14 14 14 13 13 13 13 13 13 14 14 13 13 13 14 14 13 14 14 12 12 13 12 14 12 15 13 13 12 12 12 12 12 11 11 10 11 12 12 11 12 12 11 12 12 11 12 11 10 10 11 11 11 11 11 11 10 10 10 10 10 10 9 9 10 11 10 10 9 9 9 8 9 9 8 7 8 8 9 9 9 9 9 9 9 9 8 8 8 8 8 8 8 8 8 8 8 8 7 6 8 7 7 8 6 3 5 9 5 4 5 5 5 6 6 6 6 6 6 6 6 6 6 6 6 6 6 5 7 7 7 7 6 6 6 6 6 5 4 5 5 3 1 2 3 3 4 3 2 4 
13 13 12 12 12 11 11 11 11 10 9 7 6 5 6 11 15 23 27 20 15 20 18 20 18 20 19 18 19 14 18 17 17 16 19 17 17 19 15 20 17 19 16 17 18 14 19 15 18 14 15 15 17 17 16 18 17 17 17 17 16 17 15 17 15 17 16 17 13 15 14 15 15 15 15 16 15 15 14 16 15 15 14 16 13 16 13 12 15 15 15 16 14 16 14 16 14 15 15 14 14 14 13 13 13 13 13 13 13 14 14 13 13 13 13 13 12 13 14 12 11 13 12 14 12 15 13 13 12 12 12 12 12 11 11 10 11 12 12 11 12 12 11 12 12 11 11 11 10 10 11 11 11 11 11 11 10 10 10 10 10 10 9 10 10 11 10 10 9 9 9 8 9 9 8 7 7 8 9 8 9 9 9 9 9 9 8 8 8 8 8 8 8 8 8 8 8 8 7 7 8 7 7 8 6 3 5 9 4 4 5 6 5 6 6 6 6 6 6 6 6 6 6 6 6 6 6 6 8 7 7 7 5 5 6 5 6 7 5 5 5 3 2 2 3 3 4 3 2 4 
17 18 18 18 18 19 18 14 13 11 10 8 6 5 7 11 15 22 27 21 15 20 18 20 18 20 18 18 18 15 18 18 17 16 19 17 17 19 15 20 17 19 16 18 17 14 18 15 18 15 16 17 18 18 17 19 17 18 18 17 16 17 15 17 16 17 16 17 14 16 15 15 15 15 15 16 15 15 14 16 15 15 14 16 13 17 13 13 15 16 15 16 14 16 14 16 14 15 15 14 14 14 13 12 13 14 13 13 13 14 14 13 13 13 13 14 13 14 14 13 12 13 12 14 12 15 13 13 12 12 12 12 12 11 11 10 11 12 12 11 12 12 11 12 11 11 11 11 10 10 11 11 11 11 11 11 10 10 10 10 10 10 9 10 10 11 10 10 9 9 9 8 9 10 9 7 8 9 9 9 9 8 8 8 8 9 8 8 8 8 8 8 8 8 8 8 8 8 7 7 8 8 7 8 5 3 5 8 4 4 5 6 6 6 6 6 6 6 6 6 6 6 6 6 6 6 6 5 7 7 7 7 6 7 7 4 5 7 6 7 5 3 2 2 3 3 4 3 2 4 
13 13 13 12 12 12 12 13 12 11 10 8 6 5 6 11 15 22 26 20 15 20 18 20 18 19 18 19 18 15 18 17 18 17 18 17 17 19 15 20 16 18 16 17 16 16 17 17 19 15 17 15 19 16 18 17 17 17 17 17 17 18 16 18 15 16 16 18 13 17 14 15 14 16 15 17 14 18 14 16 15 15 14 16 13 16 11 14 14 15 15 15 14 15 14 15 13 14 14 13 15 13 15 12 13 13 13 13 14 14 14 14 14 13 13 11 14 11 13 11 11 13 12 14 11 14 12 13 12 12 12 12 12 11 10 10 11 11 11 11 12 12 11 11 10 11 10 11 10 11 11 11 11 11 11 11 11 10 10 10 10 10 9 9 10 10 10 9 9 9 9 8 9 9 8 7 8 8 9 9 8 8 8 8 8 7 8 8 7 7 9 9 8 8 8 8 8 7 7 7 7 7 7 7 5 3 5 8 3 3 5 6 5 6 5 6 7 6 6 7 4 6 5 6 11 7 5 5 8 11 12 8 8 6 6 6 5 7 8 7 4 3 2 3 3 2 4 3 2 4 
18 18 17 16 15 15 14 12 12 11 9 8 6 5 6 10 14 21 25 20 14 20 18 20 17 19 18 18 18 14 17 16 17 17 18 17 17 19 15 20 16 18 16 17 15 16 16 16 18 14 17 15 19 15 18 17 17 17 17 17 16 18 15 17 15 16 15 18 12 17 14 17 15 17 15 18 14 18 14 16 14 15 14 16 13 16 11 14 14 15 15 14 13 15 14 15 13 14 14 13 15 13 15 12 13 13 13 13 14 14 14 14 14 14 14 12 15 12 14 11 12 13 12 14 11 14 12 13 13 13 12 12 13 12 10 11 11 11 11 12 12 12 11 11 10 11 10 11 10 11 11 11 11 11 11 11 11 11 10 11 11 10 10 9 10 10 10 9 9 9 9 8 8 9 8 7 8 8 9 8 8 8 8 8 8 8 8 8 8 8 8 8 8 7 7 8 8 7 7 7 7 7 7 7 5 3 6 9 4 4 5 6 5 5 5 6 7 6 6 5 5 6 6 11 20 12 6 3 4 12 14 13 15 11 7 6 6 7 8 7 5 3 2 3 3 2 4 3 3 4 
14 14 14 14 14 14 14 14 13 12 10 8 6 5 5 10 14 21 25 19 14 20 18 20 17 19 18 18 18 14 17 16 17 17 18 17 17 19 15 20 16 18 16 17 15 16 16 16 17 14 17 15 19 15 18 17 17 17 17 17 16 17 15 17 15 16 15 17 12 17 14 16 15 16 14 17 13 17 14 16 14 15 13 16 13 16 11 14 14 15 14 14 13 15 13 15 13 14 14 13 15 13 15 12 13 13 13 13 14 14 14 14 14 14 15 12 15 12 15 12 12 13 12 14 11 14 12 13 13 13 12 12 13 12 10 11 11 11 12 12 12 12 11 11 10 11 10 11 10 11 11 11 11 11 11 11 11 10 10 11 11 11 10 9 10 10 9 9 9 9 9 8 8 8 8 7 8 9 8 8 8 8 8 8 8 8 8 7 8 9 8 8 8 7 7 8 8 7 6 6 7 7 7 7 5 4 7 10 4 4 5 5 5 5 6 7 5 5 5 5 6 9 11 13 15 9 5 4 6 13 14 6 11 14 8 6 5 6 7 6 5 3 2 3 3 2 4 3 3 4 
16 15 15 14 13 13 12 12 11 10 8 7 5 4 6 10 14 21 25 20 14 19 17 19 17 18 17 18 18 14 17 16 17 17 18 17 17 19 15 20 16 18 16 18 16 16 16 16 18 14 17 15 18 15 17 17 16 17 17 17 16 17 14 17 14 16 15 17 12 17 14 16 14 15 14 16 12 16 14 15 14 15 13 16 13 16 11 14 13 14 14 13 13 15 13 15 13 14 14 13 15 13 15 12 13 13 13 13 14 14 14 14 14 14 14 12 15 12 14 11 12 13 12 14 11 14 12 13 12 12 12 11 12 11 10 11 11 11 11 12 12 12 11 11 10 11 9 11 10 11 11 11 11 11 11 11 10 9 10 10 10 10 10 9 9 10 9 9 9 9 9 8 8 8 7 7 8 8 8 8 8 8 8 8 7 8 9 8 7 8 8 8 8 8 8 8 8 8 7 6 7 7 7 7 5 3 7 9 4 4 4 5 5 4 6 7 5 4 5 7 6 8 16 29 53 56 51 31 20 11 20 12 15 15 7 6 6 6 7 7 6 4 2 3 3 2 4 3 3 4 
17 16 16 15 15 14 14 13 12 11 11 9 8 6 6 10 14 21 25 20 14 19 17 19 17 18 17 18 17 14 17 16 17 17 18 17 17 19 15 20 16 18 17 18 16 17 17 17 18 14 17 15 18 15 17 16 16 17 17 17 16 17 14 16 14 15 15 17 12 16 14 16 15 16 14 17 13 17 13 15 14 15 13 16 12 17 11 14 13 14 13 13 13 15 13 15 13 13 14 13 15 13 15 12 13 13 13 13 14 14 14 14 14 14 13 11 14 11 13 11 11 13 12 14 11 14 12 13 12 12 11 11 12 11 10 10 10 11 11 11 12 11 10 11 10 11 9 11 10 11 11 11 11 10 10 10 10 9 9 10 10 10 9 8 9 9 9 9 9 9 9 8 8 8 7 7 7 8 8 8 8 8 8 8 8 9 9 8 8 10 9 7 8 8 8 9 9 8 7 7 7 7 7 6 4 3 6 8 3 4 5 6 7 4 4 5 6 5 5 7 5 5 12 27 70 118 156 113 66 21 40 57 44 16 5 5 5 5 5 6 7 6 3 4 3 2 4 3 3 4 
15 15 14 13 12 12 11 11 10 9 8 6 4 3 5 10 13 20 24 19 14 19 17 19 17 18 17 18 17 14 17 16 17 16 17 17 17 19 15 20 16 18 16 18 16 16 16 16 17 14 17 14 18 15 17 16 16 17 17 16 16 16 14 16 14 15 15 17 12 16 13 15 14 15 14 17 13 17 13 15 14 14 13 16 12 17 11 14 13 14 13 13 13 14 13 14 13 13 14 13 15 13 15 12 13 13 13 13 14 14 14 14 14 14 14 12 14 11 14 11 12 13 12 14 11 14 12 13 13 13 12 12 13 12 10 10 10 10 10 11 11 11 10 11 10 11 9 11 9 11 11 11 10 10 10 10 10 10 10 10 10 9 9 8 9 9 9 9 9 10 9 8 8 9 8 7 7 8 8 8 8 8 7 7 8 8 7 7 11 16 12 8 8 8 8 8 8 8 7 7 7 7 6 6 4 3 8 9 3 4 5 6 9 14 5 4 6 6 5 7 7 5 9 16 35 51 57 60 53 26 22 42 34 8 3 4 4 4 4 5 7 6 3 5 4 2 4 3 2 4 
17 17 16 16 15 15 14 14 13 12 11 9 7 6 5 10 14 21 25 18 13 18 15 19 15 18 16 17 17 13 18 15 17 16 17 17 17 19 15 19 16 17 15 16 14 15 15 15 16 14 17 15 18 14 18 15 16 16 16 16 15 16 14 16 14 15 15 17 12 16 13 15 13 15 14 16 12 17 13 15 14 14 13 15 12 17 10 14 13 14 13 13 13 14 13 15 13 13 14 12 14 12 14 11 12 13 13 13 12 14 12 14 13 13 14 12 14 12 13 11 12 12 12 13 12 13 12 13 13 12 12 12 12 11 10 10 10 11 11 11 11 11 10 11 10 11 10 12 10 10 10 10 10 10 10 10 11 10 9 9 9 9 9 8 8 9 9 9 9 9 10 7 8 10 9 7 8 8 8 8 7 7 7 8 8 7 5 6 9 18 17 6 7 8 8 8 9 8 7 6 7 7 7 7 7 6 10 9 5 4 5 6 8 43 32 8 9 6 10 22 15 4 2 4 9 10 6 7 19 18 4 7 6 2 4 5 5 5 4 5 7 8 6 5 4 3 4 3 2 4 
12 12 12 12 12 12 12 10 10 9 7 6 4 3 6 10 14 21 25 18 13 18 15 20 15 18 16 17 18 13 19 15 18 16 18 17 17 19 15 19 15 17 15 17 15 16 16 15 16 14 17 16 17 14 18 15 16 16 16 16 15 16 14 16 12 14 13 16 11 15 12 15 13 15 14 16 12 16 13 15 13 14 13 15 12 17 10 14 13 14 13 14 14 14 12 15 13 13 14 12 14 12 14 11 12 13 12 13 12 15 11 13 13 12 14 12 13 12 13 11 12 11 12 12 12 12 12 12 12 12 12 12 12 11 10 11 11 11 11 11 11 11 10 11 10 11 10 11 10 10 10 10 10 10 10 10 9 8 8 8 9 9 9 9 9 10 9 9 9 9 8 8 10 8 7 7 7 8 8 8 8 8 8 9 9 9 8 8 7 13 17 6 8 8 8 8 8 7 7 9 9 8 7 7 6 5 9 7 6 6 7 7 7 32 52 33 21 18 29 38 11 4 2 2 2 3 2 2 6 6 2 2 1 4 5 5 5 5 5 5 7 10 10 7 4 4 4 3 2 4 
20 19 17 16 14 14 13 14 13 11 10 8 6 5 6 10 14 21 25 18 13 19 15 20 15 18 17 18 18 13 19 16 18 17 18 17 17 19 15 19 15 17 16 18 16 17 17 16 17 15 17 16 17 14 18 15 16 16 16 16 16 17 14 16 12 14 13 15 11 15 12 14 13 15 13 16 12 16 13 15 13 14 13 15 12 17 10 14 13 14 13 14 14 14 12 15 13 13 14 12 14 12 14 11 12 13 12 13 11 15 11 13 13 12 13 11 13 12 13 10 12 11 12 12 12 12 12 12 12 12 12 12 12 11 10 10 11 11 11 11 11 11 11 12 11 11 9 10 9 11 11 10 10 10 10 10 10 10 10 10 10 10 9 10 10 9 9 9 9 9 8 11 11 8 7 8 7 8 8 8 7 7 7 7 7 7 8 9 7 12 16 10 8 8 7 7 7 7 7 6 8 8 9 10 10 11 17 15 13 14 16 14 11 22 42 43 25 21 20 19 17 12 10 9 8 8 7 7 5 3 3 2 2 5 7 6 6 7 7 8 9 13 15 9 4 4 4 2 3 4 
12 12 12 12 13 13 13 11 10 10 9 7 6 5 5 10 14 20 25 18 13 20 15 20 15 18 17 18 18 13 18 15 18 16 17 17 17 19 15 19 15 17 16 17 16 17 16 16 17 15 17 16 17 14 18 15 16 15 15 15 15 16 13 15 13 15 14 17 12 16 13 14 13 14 13 16 12 16 13 15 13 14 13 15 12 17 10 14 13 14 13 13 13 14 12 15 13 13 13 12 14 12 14 11 12 13 12 13 11 14 11 13 12 12 13 11 13 11 13 10 12 11 12 12 12 12 12 12 12 11 11 11 11 10 10 10 10 11 11 11 11 11 11 11 10 11 9 10 9 11 10 10 10 10 10 10 10 10 10 10 10 9 8 10 9 8 9 9 8 9 6 6 4 6 8 9 9 8 8 8 8 8 8 8 8 8 9 8 6 8 9 6 5 6 8 9 10 12 14 16 17 17 17 17 16 16 17 16 15 15 15 13 11 13 8 11 13 20 23 32 33 29 28 26 23 24 25 25 20 15 11 10 9 10 12 11 10 11 10 10 10 14 17 12 5 5 4 2 3 4 
20 19 18 16 14 13 13 11 10 9 8 6 5 3 5 10 13 20 24 18 13 20 15 19 15 18 17 19 17 12 17 15 17 15 17 16 17 19 15 19 15 17 15 17 15 16 16 15 16 14 17 16 17 14 18 15 16 15 15 15 14 15 13 15 13 14 14 16 11 16 13 14 13 14 13 16 12 16 13 15 13 14 13 15 12 17 9 14 13 14 13 13 13 13 12 15 13 13 13 12 14 12 14 11 12 13 12 13 11 14 11 13 12 12 13 11 12 11 12 10 11 11 11 12 12 12 12 12 11 11 11 11 11 10 9 10 10 10 10 11 11 10 10 11 10 11 10 11 9 10 10 10 10 10 10 10 10 11 12 13 14 14 13 13 10 8 10 10 9 9 7 3 1 6 9 7 8 8 8 8 7 7 7 7 7 6 6 6 8 10 7 10 14 15 17 19 19 17 16 15 14 14 14 12 11 11 10 11 11 10 10 10 9 11 8 11 11 21 27 37 43 39 37 34 32 37 42 41 39 37 29 28 29 26 26 23 21 20 18 15 14 16 18 14 8 6 4 3 3 4 
13 13 13 13 13 13 13 13 12 11 9 7 6 4 5 10 13 20 24 18 13 19 15 19 14 17 16 18 17 12 18 15 17 16 17 16 17 19 15 19 15 17 15 17 15 16 16 15 16 14 17 16 17 14 18 15 16 15 15 15 15 16 13 15 13 14 13 16 11 15 13 14 12 14 13 16 12 16 13 15 13 14 13 15 12 17 9 13 13 14 13 13 13 13 12 14 13 13 13 12 14 12 14 11 12 13 12 13 11 14 11 13 12 11 12 10 12 11 12 9 11 11 11 12 12 12 12 11 11 10 10 11 10 9 9 10 10 10 10 11 11 10 10 10 10 11 9 11 9 10 10 9 9 9 9 9 8 8 9 11 12 13 13 15 11 9 10 9 8 8 9 6 1 7 8 5 6 7 8 8 8 7 8 8 9 9 10 11 17 20 14 17 17 15 14 14 13 10 9 11 11 13 15 15 16 18 17 15 13 13 14 14 12 12 12 14 14 20 29 29 38 38 39 34 27 29 33 40 42 49 43 43 48 48 44 36 34 34 32 28 25 23 21 18 11 5 4 3 3 4 
15 15 15 14 13 13 12 10 10 9 7 6 5 4 5 10 14 20 25 18 12 19 14 19 16 18 17 21 18 12 18 15 18 16 17 16 17 18 15 18 15 17 15 17 15 16 16 16 16 14 16 15 17 14 17 14 16 15 15 15 15 16 14 15 13 14 14 16 12 15 13 14 13 14 13 15 12 16 13 15 13 14 13 14 12 16 10 13 13 13 13 12 12 13 12 14 12 12 12 12 14 13 14 11 12 13 12 13 11 13 11 13 12 12 13 11 12 11 12 9 11 11 11 11 11 11 11 11 11 11 10 12 10 11 10 10 10 10 11 10 10 10 9 11 10 11 9 11 9 10 9 9 9 9 9 9 9 9 10 11 17 17 15 14 13 14 13 9 7 9 7 5 1 5 9 6 7 7 8 9 11 12 13 14 17 18 18 16 18 18 13 14 13 12 12 14 14 13 13 16 18 19 19 21 24 26 23 22 21 18 16 16 18 31 14 16 15 18 32 28 23 29 41 30 12 11 16 29 38 35 37 42 48 51 48 41 39 39 39 37 35 30 25 21 13 6 4 3 3 5 
14 14 14 14 13 12 12 13 13 11 9 7 6 5 5 11 14 20 26 19 12 18 15 19 17 18 15 17 18 13 18 15 18 16 17 15 17 16 14 17 14 16 14 17 15 16 16 16 16 14 16 15 17 14 16 14 16 15 15 15 15 16 14 15 14 14 14 15 13 14 12 14 13 14 13 15 13 16 12 14 13 14 13 14 11 16 11 13 13 13 13 12 12 13 11 13 12 12 12 11 13 13 14 10 12 13 12 14 11 13 12 13 11 12 13 10 12 11 12 9 11 10 11 11 11 11 11 11 11 11 10 12 10 11 10 10 10 10 11 10 10 10 9 10 9 10 9 11 9 9 10 10 9 9 9 9 9 9 11 12 22 23 20 20 12 10 17 25 20 11 8 6 2 3 10 11 12 14 15 18 19 19 17 16 16 16 14 12 11 11 11 12 15 14 13 15 17 17 17 17 22 25 27 36 47 56 67 60 54 52 54 58 61 49 54 55 36 34 39 23 14 11 16 12 5 4 5 14 50 56 30 31 43 47 48 47 45 43 42 41 39 33 29 25 15 8 5 4 4 5 
13 13 13 12 11 10 10 10 10 9 7 6 5 3 6 11 14 20 25 18 12 18 20 20 18 21 20 20 18 13 18 15 17 16 17 15 17 16 14 17 14 16 14 16 14 15 16 16 16 13 15 14 17 14 17 14 16 15 15 15 15 15 13 15 13 14 14 15 12 14 12 13 12 13 13 15 13 16 12 14 13 13 12 14 11 15 10 13 13 13 13 12 12 13 11 13 12 12 12 10 13 12 13 10 11 12 11 13 10 12 11 12 11 11 12 10 11 10 11 9 10 10 10 11 11 11 11 11 10 10 9 11 9 10 9 10 9 10 10 9 10 11 9 10 9 9 9 11 9 9 9 9 9 9 9 9 10 7 9 10 19 20 21 20 16 14 12 11 14 19 18 15 6 4 11 16 16 15 14 13 12 12 12 12 11 12 15 17 17 17 19 19 19 24 23 28 34 24 42 63 79 100 121 147 173 189 205 195 188 185 176 160 142 104 171 145 87 60 37 23 16 17 15 13 9 6 5 3 30 157 140 65 28 37 45 48 47 47 46 43 40 35 33 29 19 11 7 5 7 8 
15 16 16 15 15 15 14 12 12 10 9 10 9 6 6 11 14 20 24 17 12 16 24 22 20 20 18 23 19 13 18 15 17 16 17 15 17 16 14 17 14 16 14 16 14 15 15 15 16 14 15 14 17 14 17 14 15 15 15 15 14 15 13 15 13 14 14 15 12 14 12 13 12 13 12 14 12 15 12 14 12 13 12 14 11 15 10 12 13 12 13 11 12 13 11 13 11 12 11 10 12 11 13 10 11 11 11 13 10 12 11 12 11 11 12 11 12 10 11 9 10 10 10 11 11 11 11 11 10 10 9 11 9 10 9 10 9 9 9 9 9 11 9 10 8 9 8 10 9 9 9 9 9 9 9 9 11 8 9 10 18 19 21 27 16 8 9 15 18 15 16 17 12 11 13 12 11 13 13 13 14 15 14 13 14 17 19 21 22 27 38 51 53 61 67 85 108 101 164 179 189 201 209 213 212 211 207 190 165 135 103 78 64 74 98 86 52 26 16 21 24 24 12 6 4 3 3 3 5 62 130 103 35 33 41 46 45 45 45 44 42 38 36 32 22 13 9 7 12 16 
12 12 12 11 11 10 10 10 9 7 7 9 8 4 5 10 15 22 26 17 12 29 63 63 57 40 22 22 19 13 18 15 17 15 17 15 17 16 14 17 14 16 15 16 14 14 15 15 16 15 17 15 17 14 18 14 15 15 15 15 14 15 13 15 13 13 14 15 12 14 12 15 13 14 13 13 11 14 12 14 12 12 12 13 11 14 10 12 12 12 12 11 11 13 11 12 11 11 11 10 12 10 12 10 11 11 11 13 10 12 11 12 10 11 13 12 12 10 10 9 10 10 10 11 11 11 11 11 10 10 9 12 10 11 9 10 9 9 9 9 9 10 9 10 8 8 8 10 8 9 9 9 9 9 9 9 10 8 9 10 20 23 22 17 15 14 14 16 16 14 14 13 13 16 14 11 14 15 14 15 17 19 21 23 28 35 46 64 77 86 107 121 104 107 118 123 126 100 128 120 112 108 111 117 125 134 131 105 80 66 61 58 54 45 45 51 39 26 31 35 34 29 12 6 3 4 5 6 11 14 39 92 66 27 37 44 43 42 42 42 41 39 37 34 24 16 12 9 12 18 
18 17 17 16 15 14 13 12 12 11 11 15 11 5 6 10 15 22 22 12 8 30 102 111 102 81 47 29 20 13 18 15 17 15 17 15 17 16 14 17 14 16 15 17 14 15 15 16 17 17 20 16 17 14 18 14 15 15 15 15 14 15 13 15 13 13 14 15 12 13 12 15 13 14 13 14 12 15 12 14 12 12 11 13 11 14 10 12 12 12 12 11 11 13 11 12 11 11 11 11 12 10 12 10 11 11 10 12 10 11 10 11 10 11 13 11 12 9 10 8 10 10 10 11 11 11 11 11 10 11 10 12 9 11 9 9 9 9 10 9 9 9 8 9 8 9 8 10 8 8 8 8 9 9 9 9 8 8 9 10 23 26 20 15 18 21 18 16 15 14 17 15 15 18 16 17 19 23 25 26 27 33 48 70 82 86 97 113 111 94 92 100 93 90 93 92 107 79 49 57 48 45 48 52 59 66 73 60 53 54 56 52 46 43 43 47 40 36 42 37 44 33 17 13 8 29 53 43 28 7 18 87 79 21 33 41 41 41 41 40 39 36 36 34 27 19 14 11 11 17 
11 11 11 11 11 10 10 10 11 12 15 17 12 5 7 10 14 17 12 5 2 16 101 122 116 121 98 64 27 14 19 16 17 15 17 15 18 16 15 17 14 16 16 18 15 15 17 18 20 20 22 16 17 14 17 14 15 14 15 14 14 14 13 14 13 13 13 14 12 14 12 14 13 14 14 15 13 17 12 14 11 12 11 13 11 14 9 11 12 11 12 10 12 12 11 12 11 11 11 10 12 11 12 10 11 11 10 12 9 11 10 11 10 10 12 11 11 9 9 8 9 10 10 10 10 10 11 11 10 10 9 12 9 10 8 9 9 9 9 8 8 9 7 9 9 9 8 9 8 8 8 9 9 9 9 9 9 10 10 11 25 26 22 19 37 41 34 31 26 21 20 17 19 24 30 35 38 43 51 59 63 68 76 89 101 95 77 70 67 73 93 111 126 162 206 220 225 129 33 44 43 45 48 48 47 44 40 45 55 53 46 47 47 41 40 42 42 42 40 37 32 19 23 30 13 15 12 12 20 15 12 33 23 14 25 34 40 44 44 41 37 32 32 35 33 25 17 10 10 15 
13 13 13 13 12 11 11 11 12 15 17 15 9 6 8 10 15 13 4 2 3 12 88 127 117 123 119 107 52 22 19 20 17 13 18 14 19 15 16 17 16 17 17 19 16 18 21 25 29 25 22 16 17 13 15 12 14 14 16 14 15 13 13 14 12 13 13 14 11 14 12 13 13 14 14 16 14 18 12 14 12 12 11 13 11 13 9 11 11 11 12 11 11 11 11 12 11 10 12 10 12 11 13 9 11 11 9 12 10 11 10 11 10 10 11 9 11 12 14 11 10 9 10 8 8 9 9 10 9 10 9 12 9 9 7 8 8 9 8 7 9 9 6 7 7 8 9 9 8 9 9 9 9 9 8 7 9 6 10 10 17 33 51 53 72 49 26 9 28 47 51 47 43 45 58 55 56 70 75 66 51 51 55 62 79 89 104 137 158 181 207 219 223 223 230 220 204 110 34 40 46 49 49 48 48 49 52 59 83 73 49 45 44 43 40 42 40 44 39 29 18 5 12 16 2 3 2 1 13 11 23 38 11 10 19 28 39 44 45 41 33 28 28 34 38 32 20 10 9 12 
13 13 12 12 12 12 12 14 15 18 18 15 10 6 6 10 11 7 3 2 3 10 67 119 122 124 120 125 99 48 21 18 20 13 16 14 19 15 16 17 16 17 16 20 18 20 21 22 23 20 19 15 17 13 15 13 15 14 16 14 15 13 13 14 13 13 13 14 11 13 12 14 13 14 14 16 13 17 13 14 12 12 11 13 11 13 9 11 11 11 11 11 10 11 11 11 11 11 11 12 10 9 12 9 11 11 10 12 10 11 10 11 10 11 10 8 14 17 19 15 15 12 8 5 7 8 7 8 9 9 8 10 8 8 7 8 7 9 11 12 12 7 2 1 1 4 8 8 6 9 8 8 9 10 9 9 8 10 26 17 26 76 77 61 56 59 20 23 84 132 117 131 119 61 56 53 47 49 59 73 85 115 149 181 203 207 219 239 238 228 221 212 215 210 201 185 185 108 31 39 48 52 51 49 50 51 53 57 73 63 46 43 39 43 43 44 45 43 39 25 9 6 2 2 2 1 3 3 3 6 10 12 4 7 15 24 35 42 43 37 29 23 24 31 35 31 20 12 9 11 
12 12 11 11 11 12 12 14 16 16 15 13 9 6 6 16 12 4 4 4 3 6 58 121 111 121 124 118 131 94 40 19 22 16 17 14 19 15 16 16 15 16 16 19 16 17 17 15 15 14 16 13 16 13 15 14 16 14 16 14 15 13 13 15 13 13 14 14 11 13 11 13 13 14 14 15 12 15 13 14 12 12 11 13 11 13 9 11 11 11 11 10 11 12 12 11 11 12 10 11 10 10 11 9 12 11 10 12 10 11 10 11 10 11 10 7 14 19 19 15 20 20 13 8 11 13 9 8 6 6 6 9 8 9 9 12 12 16 18 18 14 7 0 0 0 1 2 4 8 9 10 9 8 8 9 10 19 30 30 25 47 60 49 52 112 146 115 144 202 179 117 124 164 118 91 116 140 163 200 225 234 239 234 223 231 227 220 219 202 202 206 198 207 203 185 172 181 122 33 40 46 45 43 44 46 46 49 54 56 42 34 38 41 43 44 43 47 42 41 26 12 4 3 2 3 6 6 4 3 2 1 1 3 7 13 21 31 36 37 31 23 18 18 23 28 25 18 11 8 8 
15 14 14 14 14 15 16 20 22 21 19 17 14 10 7 14 13 6 3 4 4 5 42 117 118 125 124 123 118 123 74 28 22 18 18 15 19 15 16 16 15 16 15 17 14 15 16 16 17 14 15 13 16 12 15 14 16 13 15 13 15 12 13 14 13 13 14 14 11 13 12 13 13 14 14 15 12 14 13 14 12 12 11 13 11 13 9 11 11 11 11 10 11 11 11 10 10 10 10 10 9 13 10 9 13 11 10 12 10 11 10 11 10 11 9 7 14 19 20 15 19 19 14 10 13 13 9 7 6 8 9 14 13 16 15 18 17 19 18 17 19 14 1 1 1 0 0 1 3 6 9 10 10 10 13 18 24 38 38 38 45 35 51 147 152 181 192 217 229 169 102 56 93 145 158 223 234 221 234 227 214 228 226 216 210 203 211 217 202 200 194 181 198 196 188 183 190 143 38 34 39 44 57 79 94 101 120 126 109 69 42 40 45 48 46 45 46 39 39 28 13 5 4 3 3 5 3 1 2 1 2 3 4 7 11 18 25 29 29 24 17 13 13 16 19 17 13 8 6 6 
10 10 10 10 11 12 12 13 15 13 11 10 9 7 8 17 30 22 5 3 3 6 32 110 123 126 116 123 113 125 105 47 26 18 18 15 19 15 15 16 15 15 15 17 14 14 14 14 14 12 14 13 16 12 14 13 15 13 14 12 14 12 12 13 12 12 12 13 10 12 11 13 13 14 14 15 12 14 13 15 12 12 11 12 10 12 9 11 11 10 11 10 12 11 11 11 9 8 11 14 7 9 10 9 12 11 10 12 10 11 10 11 10 11 11 10 15 18 19 14 18 18 11 5 6 8 8 10 12 14 14 19 17 20 18 18 18 19 16 16 23 23 9 2 1 1 1 1 0 2 5 10 15 20 25 31 25 27 35 30 32 55 112 174 188 162 167 159 162 144 104 70 91 114 135 200 210 197 208 203 194 207 204 193 192 189 195 199 191 204 209 196 210 202 204 207 204 164 52 38 43 46 56 75 86 86 94 102 93 68 46 41 49 52 48 50 44 37 35 29 15 9 6 6 6 3 3 4 3 2 4 5 5 7 10 14 20 22 21 17 12 9 9 11 12 11 9 6 5 5 
15 15 14 14 15 17 17 16 17 14 11 10 10 8 23 108 173 92 7 4 3 3 25 97 107 127 128 126 128 125 124 75 37 19 19 15 19 15 15 16 14 15 14 15 13 14 14 14 13 12 14 13 16 12 13 12 14 12 14 12 13 11 11 12 10 11 11 12 9 12 11 13 12 15 15 16 12 15 13 15 12 12 10 12 10 12 9 11 11 10 11 10 9 8 10 13 11 13 24 26 6 4 8 10 10 10 11 12 10 11 10 11 10 9 9 10 15 17 22 17 16 12 8 8 15 22 19 19 20 19 17 19 16 18 16 17 20 24 21 19 24 26 33 10 2 1 1 1 2 4 7 13 22 28 30 30 42 64 85 110 164 178 184 201 103 113 148 64 79 85 52 73 109 99 145 199 189 179 191 194 186 194 192 190 193 192 201 204 197 210 212 201 217 199 206 212 200 171 59 36 43 42 42 46 48 43 45 48 48 48 45 45 54 52 48 54 44 37 32 30 22 13 11 11 10 8 6 5 4 5 6 5 8 7 8 11 15 15 14 12 8 6 6 7 8 8 6 5 5 4 
10 9 9 9 9 10 10 10 9 8 6 6 5 6 48 197 225 124 10 5 3 5 22 87 120 123 123 122 123 142 115 125 69 22 23 18 17 14 16 16 15 15 13 14 12 15 13 14 13 11 12 12 13 10 15 11 14 12 13 11 13 11 11 12 11 11 11 11 9 11 10 13 12 14 13 14 12 16 10 12 10 11 10 11 11 12 9 10 9 9 11 9 10 14 13 11 25 67 131 111 25 1 3 8 9 9 9 11 8 11 10 11 9 8 8 9 21 17 23 19 11 12 15 18 27 28 24 23 20 20 20 21 23 25 25 26 26 26 24 25 30 36 26 24 18 11 10 15 24 30 29 39 57 81 114 149 171 173 167 162 155 127 93 88 77 215 182 46 60 63 43 65 88 118 195 180 179 197 185 191 199 205 203 197 202 207 203 204 210 210 204 195 191 189 191 174 174 157 71 35 41 43 43 44 44 42 39 40 42 45 48 51 53 53 53 52 45 43 34 26 24 19 16 16 16 14 9 8 8 8 8 8 8 8 8 9 11 11 10 8 6 5 5 5 6 6 5 4 4 4 
13 13 13 13 13 13 13 13 12 11 9 9 9 11 74 217 224 133 18 3 3 3 21 83 118 122 124 123 130 128 140 124 90 42 22 17 17 14 16 15 14 15 14 14 12 15 13 14 13 12 13 13 14 11 16 12 14 12 13 11 13 11 11 12 11 11 11 12 9 12 11 12 12 13 12 13 11 14 11 12 10 12 11 11 11 12 8 11 11 10 11 10 11 13 26 60 113 159 174 135 45 2 1 3 7 11 9 12 10 12 10 11 9 9 9 10 27 26 30 28 22 21 20 18 22 23 23 24 22 24 25 25 25 28 29 29 32 30 27 27 29 31 37 33 40 52 59 57 51 88 105 116 123 140 148 137 131 120 121 120 109 109 130 132 173 222 146 51 46 73 75 85 129 176 194 193 197 205 208 208 208 205 199 193 188 184 177 168 161 159 163 167 163 150 155 150 154 149 82 38 43 44 44 45 45 43 42 42 42 44 46 48 50 53 46 43 42 46 34 21 24 21 18 17 17 15 12 10 10 10 10 10 9 8 8 8 8 8 7 6 5 5 4 4 4 4 4 3 3 3 
10 10 10 10 10 10 10 10 9 8 7 6 6 9 93 151 110 64 13 3 4 1 15 69 113 119 128 126 131 124 148 122 117 75 26 17 18 15 17 15 14 16 14 14 12 14 13 14 14 12 13 13 14 11 16 12 14 12 13 11 13 11 11 12 11 11 12 12 9 12 11 12 11 13 12 12 10 13 11 12 10 11 10 11 11 13 7 10 12 11 10 9 22 56 112 152 170 178 181 92 24 1 1 1 4 7 8 12 11 12 9 10 9 11 11 14 36 47 42 39 29 24 23 22 26 25 24 25 25 28 29 27 25 27 29 30 34 31 30 40 50 55 100 128 159 168 153 130 116 122 120 120 118 111 108 114 131 150 163 168 171 165 152 134 170 235 154 24 15 61 117 141 162 215 205 213 223 214 217 208 196 181 171 165 161 158 154 151 150 155 161 160 148 145 161 154 140 127 84 34 39 41 42 41 41 41 38 37 36 37 38 41 42 43 41 40 34 34 24 16 20 20 19 18 16 15 13 11 11 12 11 10 9 8 7 7 6 6 6 5 5 5 4 4 3 3 3 3 3 3 
12 12 12 13 12 12 13 14 11 9 9 7 8 11 27 30 19 13 5 3 2 3 15 61 115 119 124 120 123 131 133 122 128 104 46 20 18 15 16 15 15 16 15 15 12 14 13 14 14 11 13 12 14 10 15 11 14 11 12 11 13 11 11 12 11 11 11 12 9 12 10 11 10 12 11 11 9 12 10 11 10 11 10 10 10 12 9 12 11 11 27 56 111 147 172 171 164 169 182 75 9 0 0 1 1 2 4 8 9 12 10 9 9 10 9 12 29 51 38 31 26 30 31 30 32 30 28 32 34 32 29 27 31 43 52 66 84 98 114 146 165 157 153 136 121 114 114 114 114 125 128 146 166 171 177 193 191 194 191 194 213 222 205 198 211 231 129 31 36 72 177 231 171 180 198 192 191 182 178 175 167 156 152 153 155 155 158 169 174 157 130 116 109 96 82 59 44 44 46 33 35 36 35 33 31 31 29 28 28 29 30 33 35 34 37 37 30 27 19 13 13 16 18 17 14 12 11 9 9 10 10 9 7 6 6 6 5 5 5 5 5 5 4 3 3 3 3 2 3 4 
11 11 10 10 11 11 12 12 9 9 9 8 9 13 20 22 21 18 8 3 3 5 10 44 107 116 122 121 120 132 123 126 128 123 77 29 20 14 15 15 15 14 14 15 12 14 12 14 14 11 12 12 13 10 14 10 13 11 12 11 12 11 11 11 11 11 11 11 9 11 10 10 10 11 10 11 9 12 10 11 9 11 10 10 10 10 8 13 26 56 108 157 169 167 154 138 130 127 121 57 8 1 1 1 1 1 1 3 5 10 10 10 10 14 15 11 12 29 26 31 30 32 30 26 28 29 32 41 51 65 85 104 121 138 150 160 160 147 132 124 114 103 105 119 137 151 160 169 179 174 192 189 181 194 208 203 209 197 198 202 190 190 217 217 236 212 112 66 35 53 153 210 171 144 187 163 158 161 160 165 163 157 157 164 159 147 139 134 122 91 60 43 39 49 56 57 57 55 64 35 33 32 30 24 22 21 19 19 18 19 20 22 24 25 25 26 24 25 18 11 8 11 15 14 12 9 8 7 7 9 9 8 6 5 5 5 5 5 5 5 5 5 5 3 2 2 2 2 3 3 
12 11 10 10 11 12 13 13 10 9 9 7 8 13 27 46 68 95 55 7 4 9 8 34 100 114 120 121 122 123 129 131 130 136 104 44 26 16 17 17 16 14 14 15 12 14 12 14 14 11 12 12 13 10 14 10 13 11 12 11 12 10 11 11 10 10 10 10 8 11 9 10 10 11 10 11 9 13 10 11 10 11 10 10 10 13 16 39 82 134 161 141 123 116 103 92 98 115 129 65 17 1 1 1 1 1 0 1 1 4 7 12 17 17 17 18 16 32 25 30 29 33 40 48 71 98 125 148 150 147 146 144 136 121 112 104 107 119 129 131 128 133 170 178 184 187 188 190 196 212 206 202 198 194 196 206 203 214 221 216 210 209 210 200 232 222 117 94 47 48 106 159 184 165 168 151 133 134 128 129 122 109 102 103 101 90 73 62 58 59 61 62 66 91 104 104 89 57 55 32 29 28 25 19 16 15 13 13 13 13 13 14 14 16 17 18 17 19 15 10 6 9 11 11 9 7 6 6 6 7 7 6 5 4 3 4 4 4 4 5 5 5 4 3 2 2 2 2 2 3 
10 10 10 10 10 10 11 15 10 10 13 13 11 72 154 175 190 207 107 11 7 12 5 25 96 122 117 122 115 124 132 132 135 142 137 79 34 17 21 18 16 14 14 16 13 15 13 13 13 11 12 12 13 10 14 10 13 11 12 11 13 10 13 10 9 9 10 9 8 9 9 10 10 11 11 10 9 11 12 10 8 8 10 11 14 34 56 88 111 118 107 88 77 86 97 109 129 149 155 89 35 7 1 0 1 1 0 1 1 1 5 12 11 10 16 27 36 45 58 84 111 135 155 166 157 124 102 93 86 81 85 101 126 144 153 161 156 157 164 176 192 203 196 192 190 191 196 205 211 197 203 201 200 210 223 223 219 200 210 189 170 183 168 190 238 194 104 133 78 48 72 114 135 115 100 76 71 65 56 54 52 51 57 71 81 80 80 84 89 109 117 114 111 98 78 60 47 39 39 32 26 25 22 17 14 12 10 10 10 10 10 10 10 11 10 10 10 11 9 7 6 7 8 8 7 6 6 7 5 6 5 3 2 2 2 3 3 3 3 4 4 4 4 3 2 3 2 2 2 3 
10 9 9 9 9 8 8 6 8 9 7 6 17 152 235 236 229 218 111 17 14 7 3 19 79 113 115 124 121 126 130 129 132 136 131 108 56 18 17 18 15 15 16 16 14 15 13 13 13 11 12 12 13 10 14 10 12 11 12 10 12 10 12 10 9 9 10 9 9 9 9 11 11 11 10 9 9 12 9 11 12 13 22 38 60 80 84 80 75 80 94 105 118 128 141 161 183 187 170 153 80 24 8 3 2 3 3 4 7 10 14 28 51 81 99 109 125 138 136 127 113 93 73 63 68 83 95 111 136 150 174 194 201 191 179 168 176 187 193 195 191 190 204 205 209 215 216 211 205 214 214 210 203 198 192 187 185 172 173 172 175 187 185 208 244 165 89 91 52 51 52 57 55 48 49 51 48 56 68 77 91 113 133 141 142 142 148 150 132 114 89 68 61 48 35 28 26 28 31 30 23 23 21 17 15 12 10 10 10 10 9 9 8 8 7 7 7 7 7 6 5 5 6 6 6 6 6 5 3 2 3 2 2 2 1 1 1 2 2 3 3 3 3 2 2 3 2 1 2 2 
13 12 12 11 11 10 10 10 10 11 9 9 30 182 231 219 207 188 107 25 9 4 2 14 63 110 122 127 126 126 126 125 128 128 121 123 85 28 17 18 14 14 15 15 13 15 13 13 13 10 12 11 12 9 14 10 12 10 11 10 12 9 12 10 10 10 12 10 9 9 9 10 9 11 11 11 11 13 9 10 18 39 67 79 82 82 92 98 103 115 131 141 145 145 154 181 213 223 210 225 176 91 30 10 10 13 15 24 38 58 89 117 132 127 112 98 84 74 71 74 90 113 132 147 153 161 172 180 187 192 194 190 182 173 174 186 190 195 202 208 213 215 209 207 208 211 213 210 204 195 184 182 184 178 174 184 161 168 158 158 153 131 129 199 237 114 59 59 51 49 45 46 63 88 95 112 120 116 131 154 160 162 159 144 139 134 114 92 67 54 42 29 24 22 22 21 19 16 16 18 17 21 21 18 15 12 11 11 10 10 10 9 8 8 7 7 7 7 7 6 5 5 6 6 6 5 5 4 3 2 2 1 1 1 1 1 1 1 2 2 2 2 2 2 2 2 1 1 1 2 
8 8 8 7 7 6 7 8 7 7 7 9 36 164 154 117 88 66 44 15 5 3 2 10 51 109 126 124 126 123 120 124 127 126 120 120 116 52 21 17 15 14 14 14 13 15 13 13 13 10 11 11 12 9 14 10 12 10 11 10 12 9 11 9 11 11 12 11 10 10 10 11 12 13 9 8 9 14 13 33 56 64 69 78 101 121 133 141 144 150 155 153 178 177 181 201 225 236 233 231 238 195 105 64 70 75 86 97 90 73 76 79 63 66 89 110 124 131 148 178 187 182 191 190 182 188 208 215 199 191 178 168 171 189 201 201 205 209 209 203 196 191 186 186 188 193 196 196 192 188 180 183 181 156 130 125 103 112 89 81 77 66 92 207 228 90 67 80 90 69 52 47 76 141 151 151 161 167 174 168 150 143 143 134 115 92 68 46 28 23 18 12 9 7 6 7 6 5 6 8 12 18 20 18 16 12 12 12 12 11 11 10 9 9 8 8 8 8 7 6 6 5 5 5 5 5 4 3 3 2 2 3 2 1 1 1 1 1 1 2 2 1 2 2 1 2 1 0 1 1 
14 14 13 13 13 12 11 8 8 9 10 9 15 36 31 32 31 24 23 9 2 3 2 6 39 100 118 118 124 122 121 125 126 125 127 124 140 91 37 17 16 16 13 14 12 14 13 13 13 10 11 11 12 9 13 10 12 10 12 10 13 10 11 9 11 11 12 10 10 10 11 11 8 9 16 26 33 42 65 61 66 84 113 127 133 147 155 158 161 172 182 183 183 181 193 216 230 226 218 216 196 188 164 112 81 69 67 66 73 98 120 139 171 178 177 193 208 210 197 184 185 195 198 208 218 208 184 170 174 186 196 199 204 211 215 212 205 196 191 190 192 195 194 193 192 188 176 161 148 109 93 78 68 62 62 67 59 75 76 83 82 79 128 224 199 106 129 125 130 120 87 51 50 105 146 151 160 171 156 135 135 140 117 77 49 31 21 14 7 7 6 4 3 2 2 2 2 2 3 6 9 13 14 15 16 14 12 12 12 12 11 11 10 10 9 9 9 8 8 7 7 5 4 4 4 4 3 30 23 5 1 2 1 1 1 1 1 1 1 1 1 1 1 1 1 1 0 0 0 1 
7 7 7 7 7 7 7 8 6 5 6 9 15 19 27 32 32 36 48 19 2 3 2 5 34 90 108 121 125 123 125 127 125 124 131 131 141 122 72 25 15 14 12 13 12 14 13 13 12 10 11 11 12 9 13 10 12 10 12 11 13 10 11 10 12 11 11 9 9 10 12 18 24 35 50 63 73 85 90 111 133 146 151 153 163 166 174 179 182 189 191 183 200 174 160 164 160 140 122 103 75 70 80 89 112 137 149 156 171 198 212 210 208 211 208 199 192 192 192 192 193 198 204 202 193 188 192 198 205 214 222 223 219 212 209 205 194 181 176 182 194 200 175 154 129 106 88 74 67 59 64 64 64 69 73 71 87 95 101 115 116 125 190 229 174 121 153 140 152 145 125 85 49 55 87 102 116 124 115 114 128 110 58 23 12 9 6 4 2 3 3 2 2 2 2 2 1 1 2 3 6 10 11 13 15 13 12 11 11 11 11 10 10 9 9 9 8 8 7 7 5 4 4 6 11 15 17 31 43 29 15 7 2 1 2 2 2 2 1 1 1 1 1 1 1 1 0 1 1 2 
11 11 11 11 11 10 10 7 10 11 12 14 24 27 46 61 98 135 156 69 8 3 2 4 27 82 110 122 126 125 125 126 126 128 132 134 137 136 107 46 17 13 14 14 12 15 12 13 10 9 10 11 11 10 13 10 12 10 11 10 12 9 11 10 11 11 11 11 16 32 46 48 63 75 78 85 101 120 150 154 159 168 177 180 183 185 191 199 203 197 175 152 120 78 55 56 70 87 107 116 129 159 181 188 193 191 202 208 209 216 217 208 194 194 195 193 196 202 209 222 219 205 207 199 189 197 207 212 217 218 207 198 199 189 175 166 156 139 123 114 108 100 78 68 57 51 51 53 55 67 72 73 77 92 109 116 134 144 153 166 165 166 204 222 156 138 160 136 154 140 126 106 61 43 44 52 64 72 83 104 104 56 19 7 5 4 3 2 2 2 2 1 1 1 1 1 1 1 1 2 3 7 8 10 13 12 11 10 10 10 10 9 9 9 9 9 8 8 7 6 6 5 13 11 15 16 15 18 35 38 39 33 15 3 2 3 2 2 1 1 1 1 1 1 1 1 1 1 2 4 
8 7 7 7 7 7 7 9 8 9 11 22 82 132 172 191 219 237 244 112 12 3 3 4 20 74 112 119 125 126 125 125 126 129 132 133 133 136 123 77 36 17 13 11 10 16 12 16 12 13 13 14 13 12 14 12 13 12 14 12 13 10 14 14 13 21 33 45 56 67 74 80 86 92 108 136 161 167 169 173 176 176 176 179 182 173 192 205 189 151 113 90 91 89 86 98 136 172 178 194 200 200 201 206 218 228 219 202 194 197 196 191 194 211 221 222 223 220 212 204 196 191 190 183 172 166 164 150 134 159 154 126 106 92 79 69 71 68 61 58 63 68 49 46 46 49 56 68 79 104 114 121 132 150 165 170 173 169 171 167 162 180 212 222 135 136 156 126 119 96 77 70 46 28 24 28 39 54 86 104 66 20 5 3 3 2 1 1 1 1 1 1 1 1 1 1 1 1 1 2 3 5 6 8 10 10 10 10 9 9 9 8 8 8 8 8 7 7 6 5 5 18 19 4 3 3 14 29 40 43 39 17 5 5 2 2 1 2 1 1 1 1 1 1 1 1 1 2 3 13 
11 11 10 10 10 10 9 7 7 11 12 36 161 237 236 243 229 218 234 125 17 3 4 4 14 66 113 119 124 126 126 124 124 124 125 127 130 127 122 110 72 27 16 16 14 18 13 15 12 12 12 15 16 19 24 24 26 27 34 32 33 29 39 52 71 70 76 85 92 88 85 98 131 159 167 171 183 193 186 190 191 191 189 191 194 200 204 203 193 182 176 175 176 186 190 192 201 211 207 206 210 213 209 203 198 196 194 198 207 210 207 210 228 226 220 215 197 195 203 194 196 177 122 103 109 106 96 74 44 54 55 50 52 58 58 49 54 56 44 31 35 51 57 69 85 102 119 140 157 171 176 174 170 172 173 168 165 162 185 173 156 188 215 214 100 100 107 93 81 58 54 57 47 18 17 22 37 58 100 91 29 5 3 2 2 1 1 1 1 1 1 0 1 1 1 1 1 1 1 1 2 3 4 6 8 8 9 9 8 8 8 7 7 7 7 6 6 6 5 5 8 42 15 2 2 8 40 48 28 9 8 3 0 1 1 1 1 2 2 1 1 1 1 1 1 2 1 2 2 11 
10 10 9 9 9 9 8 9 9 10 9 41 185 227 228 226 201 175 158 85 15 3 4 3 9 57 113 122 123 125 124 123 122 122 122 125 132 124 118 127 106 52 24 19 17 23 21 30 31 42 51 60 65 75 89 91 97 95 107 104 109 103 122 129 130 119 111 111 114 115 119 136 144 154 158 157 156 154 156 161 165 167 169 174 179 187 177 173 180 188 187 178 184 176 190 209 206 197 205 207 210 218 220 216 212 210 208 212 219 215 201 192 190 178 166 146 115 112 129 130 117 91 63 60 65 60 55 53 46 44 45 49 51 41 36 47 52 58 53 42 46 70 97 120 145 160 166 170 175 170 174 171 167 169 170 165 167 147 151 128 121 181 222 182 74 74 75 77 80 78 75 79 78 34 32 41 66 74 95 65 15 3 2 2 1 1 1 1 1 1 1 1 1 1 1 1 1 1 0 1 1 1 3 5 6 7 7 8 7 7 7 6 6 6 6 6 5 5 5 4 9 27 7 2 2 2 3 2 2 1 1 2 1 1 2 3 1 1 1 1 1 1 1 1 1 2 1 1 3 7 
8 8 8 8 8 7 7 8 8 7 8 49 173 173 131 108 75 55 38 22 6 2 4 3 6 46 107 122 123 124 122 121 120 121 122 120 125 121 117 133 133 98 70 63 61 75 73 97 105 120 126 133 132 134 143 138 140 129 131 123 133 124 136 130 125 129 132 134 132 130 132 140 123 117 126 132 131 128 123 127 131 132 133 137 141 144 148 151 146 139 133 130 132 143 155 164 174 174 161 166 168 165 162 164 172 182 188 186 176 161 155 151 143 135 127 107 83 76 80 74 67 63 59 62 61 52 51 55 55 48 42 42 45 49 55 69 74 87 94 91 97 117 135 149 162 165 163 164 166 166 173 172 163 153 140 126 119 104 98 84 104 177 223 169 93 106 112 120 132 143 122 123 122 69 57 56 76 85 90 44 8 3 2 1 1 1 1 1 1 1 1 1 1 1 1 1 1 0 0 1 1 1 4 4 4 6 6 7 7 6 6 6 6 6 5 5 5 4 4 4 4 4 3 3 2 2 1 2 4 1 1 2 1 1 4 5 2 1 1 1 1 1 1 1 1 2 1 1 6 7 
11 11 10 10 10 10 9 6 8 9 10 21 43 31 37 36 32 33 26 20 8 3 3 4 5 35 96 115 122 123 120 118 119 123 126 126 128 128 130 133 133 129 135 136 125 133 110 121 118 120 114 114 104 95 93 84 87 83 83 75 81 73 79 77 81 80 78 76 73 70 68 68 73 80 80 73 73 81 81 83 85 85 85 86 88 98 100 101 98 98 105 116 110 117 115 111 119 127 123 121 124 129 128 126 122 122 128 131 130 126 133 143 141 136 128 118 115 119 117 108 107 104 88 79 79 83 85 83 84 90 93 89 82 81 85 93 103 115 128 138 146 151 161 163 163 162 161 159 158 140 139 127 110 97 85 75 74 88 94 101 133 169 174 146 123 135 147 142 145 145 116 113 101 72 54 50 63 81 98 47 6 2 2 1 1 1 1 1 1 1 1 1 1 1 1 1 1 1 1 1 1 3 10 7 3 6 5 6 6 6 5 5 5 5 4 4 4 4 4 4 3 4 4 3 2 2 2 1 16 13 4 4 6 12 7 4 2 1 1 1 1 1 1 1 1 2 1 2 18 19 
7 7 7 6 6 6 6 7 6 7 10 14 23 24 36 34 34 38 51 66 29 4 3 4 4 27 84 113 121 123 122 124 126 129 130 136 133 128 124 115 105 105 91 78 72 73 58 60 57 53 49 51 48 44 43 41 43 40 41 38 40 37 41 39 36 36 36 37 37 35 35 39 36 37 39 39 39 41 40 41 42 42 43 44 46 47 46 47 51 54 52 49 54 54 61 68 68 66 72 78 81 84 86 87 89 92 90 93 99 101 104 110 108 113 115 110 114 124 124 121 117 117 120 116 113 120 130 133 129 125 123 124 125 130 133 134 143 147 149 155 159 158 165 166 166 162 153 141 130 102 96 88 82 83 89 91 108 126 128 131 146 144 124 117 109 103 109 106 104 97 82 72 59 47 34 36 46 61 86 50 7 2 1 1 1 1 1 1 1 1 1 1 0 0 0 0 1 0 1 1 1 4 13 11 4 6 5 5 5 5 5 5 4 4 4 3 3 3 3 3 4 4 3 4 3 3 2 1 29 30 10 8 7 4 2 1 1 1 1 1 1 1 1 1 1 2 1 5 21 16 
9 9 9 8 8 9 9 10 8 8 9 15 34 49 67 89 131 148 168 186 87 7 5 5 10 35 86 121 135 138 139 138 130 116 104 94 86 75 65 56 49 43 37 34 32 31 30 30 31 29 29 31 32 30 29 30 31 30 29 28 27 27 28 27 26 26 25 25 25 25 25 27 27 27 27 27 27 27 30 29 29 29 30 30 30 31 31 32 33 34 35 35 35 35 36 37 37 37 36 40 41 40 40 39 40 40 43 44 44 45 47 48 49 53 57 57 59 62 63 63 64 65 65 65 67 71 74 76 76 78 81 86 91 96 102 113 113 112 112 116 125 133 138 144 153 159 161 160 156 167 164 159 155 153 155 157 146 152 155 155 153 137 115 98 83 78 95 116 127 128 103 84 80 72 57 54 50 44 45 24 4 2 2 1 1 1 1 0 0 0 0 0 0 0 0 0 0 0 0 1 1 2 7 15 7 3 5 4 4 4 4 4 4 3 3 3 3 3 3 3 4 3 3 3 2 2 3 3 9 8 3 1 1 1 1 1 1 1 2 1 1 1 1 1 1 2 1 9 51 46 
6 6 5 5 6 6 4 4 4 5 11 88 158 185 204 211 221 222 226 230 154 74 68 68 78 101 121 122 114 105 91 80 69 59 52 51 50 46 43 41 38 35 32 31 30 30 28 26 24 24 25 24 25 27 27 24 23 25 25 24 23 22 21 21 20 21 21 21 20 19 19 19 19 19 18 18 18 18 18 17 16 17 18 18 17 18 18 18 18 18 17 17 19 20 21 22 22 22 22 19 18 19 19 19 20 20 21 22 22 23 25 25 25 27 28 28 29 29 31 32 32 33 32 32 32 33 33 33 34 34 35 38 40 42 44 47 50 51 52 53 54 56 56 58 62 66 71 74 76 83 89 95 99 104 111 118 129 133 132 132 133 128 115 115 105 98 104 110 109 108 93 87 81 72 69 63 62 73 60 20 3 2 2 1 1 1 0 0 0 0 0 0 0 0 0 0 0 0 0 0 1 1 2 11 8 2 3 3 3 3 3 3 3 3 3 2 2 2 2 2 3 2 3 2 4 3 3 3 2 1 1 2 2 2 2 2 2 2 2 1 1 1 1 1 1 3 2 11 47 48 
9 8 8 8 8 8 8 10 11 10 18 151 216 218 216 226 226 229 214 197 158 148 123 102 89 78 66 58 58 54 48 45 44 44 43 41 41 41 42 43 43 41 41 41 41 40 38 36 33 33 31 28 28 29 30 28 27 27 28 29 30 29 29 29 29 30 31 30 29 27 26 25 25 24 23 23 22 22 20 19 19 20 21 21 21 18 17 17 16 16 15 15 16 17 17 16 16 15 15 16 15 14 14 14 14 15 13 12 13 13 12 12 12 13 14 14 14 15 15 17 16 15 15 16 16 16 16 16 15 14 14 14 15 15 16 19 20 20 20 19 18 19 23 23 23 23 24 25 25 23 25 26 25 24 26 29 30 29 30 32 35 38 38 38 37 39 44 46 47 50 55 63 57 53 60 57 62 70 67 33 5 1 1 1 1 0 0 0 0 0 0 0 0 0 0 0 0 0 0 1 1 0 1 2 2 1 2 2 2 2 2 2 2 2 2 2 2 2 2 2 2 2 3 3 10 8 3 2 2 2 2 2 1 1 2 2 2 1 1 1 1 1 1 1 1 2 1 10 42 38 
6 5 6 7 6 6 7 5 5 6 18 154 223 215 205 197 170 153 119 95 77 70 61 56 55 51 49 52 50 50 50 49 48 43 38 40 41 40 41 41 40 37 39 40 40 40 40 41 42 43 42 39 35 32 32 34 35 34 34 35 36 36 36 35 35 36 38 39 39 38 38 39 39 38 37 37 36 36 37 35 34 34 34 34 33 32 31 31 31 30 30 30 30 30 29 28 27 25 24 26 25 23 22 21 21 21 18 17 16 14 12 10 10 12 14 15 15 14 13 13 13 12 11 11 10 9 8 8 8 8 8 8 8 9 9 11 11 11 11 10 11 11 10 10 10 10 10 11 11 11 11 10 10 10 11 13 14 13 13 14 14 15 16 17 16 17 18 18 17 18 16 19 19 18 20 17 16 20 23 17 6 2 1 1 0 0 0 0 0 0 0 0 0 0 0 0 0 0 0 0 1 1 1 1 1 1 1 1 2 2 2 2 2 2 2 2 2 2 2 2 2 2 4 5 18 17 5 3 1 1 2 1 1 2 2 1 1 1 1 1 1 1 1 1 1 2 2 10 34 37 
9 8 8 10 14 13 10 10 10 14 38 132 173 133 105 95 78 69 56 57 51 55 55 55 55 53 53 55 55 50 45 42 41 41 40 40 39 40 42 43 42 40 41 42 40 39 38 39 39 39 39 40 38 37 38 41 41 39 39 38 37 36 36 36 36 37 38 40 41 41 40 37 37 36 36 36 36 36 38 36 34 33 33 32 31 35 35 35 34 33 33 33 32 33 33 33 33 32 31 28 27 28 29 28 27 25 19 17 16 13 11 11 12 14 17 21 23 21 18 16 16 16 14 13 11 10 9 9 9 8 7 6 6 5 6 7 9 10 10 8 6 6 11 10 9 8 8 9 9 9 8 7 7 7 7 6 9 8 8 9 7 6 6 8 7 6 7 6 5 6 8 9 8 6 6 6 7 11 11 7 4 1 0 1 0 0 0 0 0 0 0 0 1 1 1 1 1 1 1 1 2 1 2 1 3 2 1 1 1 2 2 2 1 1 1 2 2 2 1 1 1 1 3 5 17 26 10 4 1 1 2 1 1 1 1 1 1 1 1 1 1 1 1 1 1 2 2 9 33 41 
7 10 13 22 44 48 29 33 56 78 81 76 76 57 60 53 50 49 46 57 52 56 55 53 53 54 54 52 47 46 45 45 45 43 40 45 47 45 45 44 41 38 38 39 40 41 41 42 42 41 40 41 41 41 40 39 40 43 42 40 39 39 39 40 43 42 40 40 40 40 40 37 37 37 37 37 37 37 35 35 35 36 37 37 36 38 37 35 34 33 33 33 35 34 33 30 27 26 24 25 26 28 26 23 19 15 16 17 16 12 9 9 10 11 14 19 23 22 19 18 16 14 13 12 12 13 13 11 8 8 7 6 6 6 7 11 10 9 9 10 13 15 12 11 10 10 12 13 14 10 9 9 10 10 9 7 5 4 5 5 5 4 4 3 2 2 2 2 2 2 3 2 3 3 2 3 3 3 4 4 2 1 1 1 0 0 0 0 0 0 0 1 1 1 1 1 1 1 1 2 2 2 2 1 1 1 1 1 1 2 2 1 1 1 1 1 1 1 1 1 1 1 2 3 10 29 15 3 2 2 1 1 2 1 1 1 1 1 1 1 0 1 1 1 1 1 1 6 32 40 
16 29 47 65 87 86 60 74 71 66 59 54 51 50 50 50 51 53 53 52 51 52 52 53 52 51 49 47 48 48 48 48 48 48 47 50 50 47 45 44 44 44 43 43 43 44 45 45 46 45 44 44 43 43 44 45 45 45 45 45 44 43 43 42 41 40 38 38 37 38 38 37 38 38 37 36 36 36 35 37 38 37 35 34 34 31 30 31 31 31 31 31 26 25 25 23 22 22 23 25 26 22 19 19 20 18 16 18 18 15 12 11 9 9 11 13 12 11 13 12 12 13 13 14 14 13 12 11 10 9 8 7 7 8 8 7 12 16 15 15 13 11 11 12 14 16 18 17 14 16 15 14 12 11 10 10 10 7 5 5 7 6 4 3 3 2 1 2 1 2 2 1 1 1 2 2 2 1 1 1 1 1 0 1 1 1 1 1 1 1 1 1 1 1 1 1 1 1 1 1 1 1 1 1 1 1 1 1 1 1 1 1 1 1 1 1 1 1 1 1 1 1 2 2 5 14 12 3 2 1 1 1 1 1 1 1 1 1 1 1 1 1 1 1 0 1 1 4 36 63 
50 59 65 77 95 88 66 59 56 53 52 52 51 49 51 50 49 50 51 50 49 50 50 50 50 49 48 47 48 49 48 48 48 48 47 47 47 48 49 49 48 47 48 48 48 48 48 47 47 47 47 46 46 46 46 46 45 42 43 44 44 43 42 41 39 41 42 42 40 39 38 38 39 39 39 38 37 36 36 36 34 32 29 28 28 30 30 29 28 25 21 18 19 20 21 22 22 20 18 16 16 17 18 17 13 10 8 10 14 16 16 16 14 10 6 5 6 11 14 15 13 14 17 18 16 14 15 16 15 14 13 9 5 6 11 16 17 18 18 17 18 20 21 21 20 20 22 23 22 24 21 17 15 15 17 20 17 16 16 14 9 5 3 4 4 2 1 1 1 1 1 1 1 1 1 1 1 1 3 3 1 1 1 1 1 1 1 1 1 1 2 2 1 2 2 1 1 1 1 1 1 1 1 1 1 1 1 1 1 1 1 1 1 1 1 1 1 1 1 0 1 0 2 2 3 6 4 2 1 1 1 1 1 1 1 1 1 1 1 1 1 1 1 0 0 1 1 5 44 69 
54 55 58 74 73 60 62 52 54 54 50 47 49 53 51 50 49 51 53 55 55 51 50 50 50 49 48 48 46 46 46 46 47 47 47 47 48 49 51 51 51 51 52 52 51 49 48 47 46 46 45 45 46 45 44 43 44 45 43 41 39 38 37 35 31 31 30 30 32 34 35 37 37 36 35 33 30 27 24 23 22 21 20 22 24 24 20 16 13 13 15 16 15 15 15 18 20 21 21 27 25 22 22 18 12 11 12 14 15 13 13 13 12 16 17 13 11 9 10 16 22 22 21 21 22 23 25 24 21 19 13 7 5 9 14 20 20 25 29 27 26 28 22 23 23 22 23 22 20 19 21 25 27 26 23 20 21 16 13 11 7 4 3 5 12 12 6 2 1 1 1 1 1 1 1 1 2 3 6 7 3 2 3 2 1 2 2 1 2 3 2 1 1 1 1 1 1 1 1 1 1 1 1 1 1 1 1 1 1 1 1 1 1 1 1 0 0 0 0 0 1 0 1 1 1 2 1 1 1 1 1 0 0 0 0 0 0 0 0 0 1 0 1 0 0 0 1 6 33 41 
41 44 35 42 62 70 72 67 58 54 57 61 56 49 56 55 53 54 57 58 57 50 49 48 48 48 48 48 50 50 51 52 53 53 54 54 53 52 51 51 52 54 51 50 48 47 45 44 43 43 43 45 45 44 42 40 39 39 37 34 33 33 35 33 27 26 24 24 23 24 23 19 20 21 24 25 24 22 17 16 15 14 14 16 18 17 17 17 17 16 16 15 18 18 19 21 24 24 24 17 12 10 12 11 10 10 9 10 12 15 21 29 34 35 33 28 21 12 8 10 16 23 27 28 26 25 26 25 19 13 7 5 11 19 23 25 21 21 23 21 19 20 21 22 21 21 24 28 30 33 30 26 22 19 17 16 11 12 14 12 8 5 4 7 13 12 5 2 1 1 1 2 1 1 1 1 1 1 2 2 2 2 2 2 1 1 1 1 1 2 2 2 2 1 1 2 1 1 1 1 1 1 1 1 1 1 1 1 1 1 1 1 1 1 1 0 0 0 0 0 1 0 0 1 0 0 1 0 0 0 0 0 0 0 1 1 1 1 1 1 1 1 1 1 1 1 1 12 37 44 
36 28 28 34 43 59 74 65 63 62 62 61 61 62 60 58 57 57 56 55 52 50 48 48 47 47 48 49 51 52 52 51 52 51 52 50 49 47 46 46 47 48 48 47 46 46 45 44 44 43 44 46 46 45 42 38 34 30 29 29 30 31 32 31 28 28 27 26 23 21 20 19 19 20 22 22 20 17 15 14 13 11 11 12 14 15 15 15 15 16 16 17 16 17 19 20 20 19 18 19 21 22 24 24 23 21 20 22 23 24 28 31 30 31 31 28 26 21 14 9 7 11 18 25 28 27 28 27 18 9 5 7 12 19 21 22 18 17 21 26 28 27 22 26 26 23 21 19 16 12 12 12 14 15 14 14 15 17 16 11 7 5 4 2 2 1 0 1 1 1 1 1 1 1 1 3 7 6 4 2 2 2 3 2 2 2 2 2 1 1 2 3 2 1 0 1 1 1 2 1 1 1 1 1 1 1 1 1 1 1 1 1 1 1 1 0 0 0 1 1 1 1 1 1 1 0 0 0 0 0 0 0 0 0 0 0 0 0 0 0 0 1 1 0 1 1 1 16 46 47 
42 38 40 39 45 57 52 47 44 45 51 57 58 55 56 56 55 56 55 53 49 54 52 51 51 51 52 53 54 53 52 49 48 46 45 45 47 48 49 50 49 49 47 46 46 46 46 46 46 44 43 44 46 44 40 36 36 38 38 38 37 34 31 30 31 29 27 26 25 26 25 23 22 21 23 22 19 14 9 9 9 8 9 11 13 14 15 17 19 20 22 23 22 23 24 23 23 25 28 29 33 35 33 34 33 27 25 27 26 25 27 30 30 26 26 29 29 29 29 23 15 11 10 16 27 35 30 23 13 5 5 10 10 12 18 20 23 25 27 27 19 12 12 14 15 14 14 15 16 13 12 11 10 8 7 6 4 3 2 1 2 3 3 2 5 5 1 0 0 0 1 1 1 1 1 2 6 7 5 4 5 14 27 34 23 8 5 12 21 17 12 7 1 2 5 5 2 2 2 2 1 1 1 1 1 0 1 1 1 0 0 0 0 1 1 1 1 2 2 3 2 3 1 0 1 1 1 1 1 0 0 0 0 1 1 1 1 1 2 2 3 4 5 4 8 10 10 29 53 42 
37 36 37 38 37 36 35 41 43 47 50 52 53 52 56 50 50 56 57 54 54 49 50 50 49 48 46 44 48 49 48 48 48 47 45 43 38 33 35 41 44 43 41 38 38 42 44 41 41 42 40 39 38 38 39 40 41 37 33 38 35 23 24 32 37 35 34 35 33 30 30 31 28 27 27 27 26 24 20 22 20 14 8 6 6 11 13 16 17 17 17 18 23 23 23 22 23 25 28 28 29 28 25 23 23 21 21 25 28 28 28 30 30 35 35 27 28 31 29 26 23 14 7 5 9 13 14 11 6 3 2 6 14 16 15 11 11 9 9 10 12 15 17 15 14 12 10 7 6 3 3 2 2 1 1 1 2 1 1 1 2 3 2 1 3 16 3 0 1 1 1 1 1 0 1 1 1 1 1 1 1 2 3 3 3 3 4 10 8 9 10 3 4 5 17 19 24 27 31 27 26 17 18 22 11 13 12 11 8 6 4 4 5 4 5 6 6 5 4 4 2 1 3 6 7 8 10 9 10 14 17 16 16 19 21 22 23 26 30 32 32 31 39 38 34 37 36 44 53 43 
43 42 41 41 38 35 34 39 44 49 52 52 52 52 52 50 51 51 51 51 51 52 55 52 47 48 49 46 53 54 53 52 51 48 44 43 42 41 40 40 40 42 42 40 40 40 38 37 39 42 41 40 38 38 38 39 40 41 39 36 36 37 37 37 38 36 35 35 34 32 31 27 27 27 27 26 25 24 26 25 24 22 20 17 16 11 12 12 12 14 18 22 22 23 24 24 24 23 24 24 25 26 25 26 27 27 26 29 32 31 31 34 38 36 32 31 35 39 34 27 24 22 20 14 7 4 6 9 9 5 3 2 2 3 8 11 12 13 12 10 8 7 3 2 2 2 2 2 1 2 2 2 2 1 1 1 1 1 1 0 3 5 3 1 2 7 13 2 0 0 1 1 1 1 1 1 1 1 0 1 1 1 1 1 1 5 3 0 1 1 2 1 3 4 2 3 4 6 6 8 8 8 5 8 16 16 19 17 15 12 10 10 11 10 11 14 18 21 18 17 6 10 18 27 34 36 35 35 32 30 30 29 31 35 29 29 33 33 31 31 33 30 35 35 31 35 39 56 63 42 
45 44 42 40 38 35 32 32 34 36 37 39 44 50 49 51 51 49 48 47 42 45 47 47 48 48 49 51 52 51 49 49 48 45 40 39 40 43 42 41 42 44 45 44 43 42 40 39 41 42 42 41 39 38 38 38 37 38 41 36 35 40 38 34 37 36 34 33 34 34 32 32 34 35 32 29 27 27 30 26 24 25 25 23 20 21 20 19 17 15 14 14 15 17 19 22 24 26 28 24 24 25 24 25 26 26 24 27 30 29 30 31 31 31 31 30 27 22 22 29 37 40 36 28 16 7 5 5 10 13 7 3 2 3 5 5 4 3 2 1 1 1 1 1 1 1 1 2 2 2 2 1 1 1 1 1 1 1 1 0 3 5 2 1 1 3 13 6 0 1 1 0 0 1 1 1 1 1 1 1 1 1 3 6 4 3 4 9 13 10 8 4 4 6 10 25 31 34 33 32 27 21 6 5 34 36 31 29 27 25 24 25 26 25 35 41 35 26 17 9 13 27 36 33 31 35 36 37 31 29 34 37 37 37 34 39 46 44 37 36 40 39 42 44 41 41 44 54 58 34 
43 43 39 38 38 36 32 34 32 29 26 25 28 32 24 24 27 38 60 79 84 89 50 38 44 45 40 42 45 45 45 45 45 44 42 41 41 41 40 39 37 36 34 32 32 32 33 33 30 29 31 30 29 28 28 27 28 31 34 34 32 32 36 38 36 35 32 31 33 33 30 29 30 30 28 26 25 26 27 26 25 25 25 24 22 22 23 25 27 27 25 24 18 17 16 16 18 21 25 26 28 27 25 25 25 23 23 23 20 19 19 19 15 12 11 10 6 5 10 24 35 31 21 17 15 10 4 2 3 3 2 2 1 1 2 1 1 1 1 1 1 1 2 1 1 1 1 1 1 1 1 1 2 2 2 2 2 1 2 3 3 4 4 4 5 5 9 11 2 2 2 2 4 11 16 17 20 22 15 7 5 4 13 25 13 3 11 10 22 39 19 13 17 10 10 25 48 47 52 52 41 20 4 3 26 47 48 46 43 41 41 41 41 47 36 25 15 11 15 24 40 37 37 38 40 39 39 40 36 38 45 49 43 38 42 48 52 53 50 50 52 49 45 46 49 52 57 58 45 21 
41 42 38 36 38 38 32 32 31 30 29 27 25 23 27 25 37 65 99 125 139 112 37 10 10 17 24 32 34 32 28 20 14 12 11 10 8 7 8 9 8 7 6 6 6 6 6 6 5 4 4 4 4 3 3 3 3 3 3 4 3 4 8 20 33 34 30 29 31 30 26 28 28 29 29 30 30 30 31 31 31 28 26 24 23 22 21 21 22 24 25 25 25 22 17 12 10 10 11 13 14 14 12 12 12 11 10 7 4 3 3 3 2 2 2 1 1 2 6 8 8 4 2 1 1 1 1 1 1 1 1 1 1 2 4 2 1 1 1 2 2 2 2 3 4 5 6 7 9 9 11 14 17 18 16 15 22 16 21 22 10 7 16 25 38 22 19 11 7 2 3 4 11 32 44 42 45 52 48 22 11 7 18 37 20 4 11 10 40 27 8 19 32 23 8 11 37 38 39 40 35 15 4 4 17 39 30 30 31 33 37 40 39 25 16 11 17 30 44 51 49 43 44 50 47 45 52 51 49 51 55 55 52 52 53 55 56 57 59 60 61 59 48 44 48 49 56 54 37 21 
40 41 36 33 36 35 29 29 26 24 25 25 23 21 23 24 39 60 60 46 38 29 15 7 4 6 12 21 24 23 17 8 2 1 1 1 1 1 1 1 1 1 1 2 3 2 1 1 1 1 1 1 1 1 1 1 1 1 1 1 1 1 3 9 22 23 20 18 20 18 15 16 16 17 18 18 16 14 13 14 13 13 12 10 9 8 7 6 6 6 6 5 6 6 5 4 3 2 2 3 3 3 3 3 3 3 2 2 3 3 3 3 3 3 3 2 1 1 2 3 2 2 2 3 3 2 3 3 3 6 6 3 2 4 10 12 6 2 2 8 16 16 14 17 22 25 28 31 34 38 41 44 46 47 47 45 45 37 42 34 12 9 26 34 45 36 32 13 16 11 2 2 10 39 57 52 54 53 56 29 12 7 15 36 24 7 15 23 51 14 17 27 39 35 14 11 18 31 43 38 39 33 19 21 28 34 33 31 31 32 34 34 32 13 8 17 39 50 49 55 44 41 42 43 41 42 50 48 48 50 50 46 45 51 46 45 45 43 42 43 45 53 49 51 58 52 55 51 30 17 
42 44 38 32 33 32 29 30 27 25 25 25 22 20 19 27 22 23 26 29 29 20 15 10 4 2 6 14 17 22 20 11 2 1 0 0 0 1 1 1 1 1 1 1 2 1 0 1 1 1 0 0 0 0 0 1 1 0 1 1 1 2 1 2 4 6 5 4 4 4 3 3 2 3 3 2 2 1 2 2 2 3 3 3 3 4 4 3 3 3 4 3 2 2 3 3 4 4 4 4 4 3 4 5 5 3 3 4 3 3 3 4 5 4 5 8 10 10 12 13 14 17 18 19 20 18 17 16 21 31 29 20 15 12 13 21 24 14 4 6 24 50 47 44 47 53 55 55 57 68 65 60 56 55 57 59 57 57 55 38 12 14 36 43 49 50 52 30 15 16 5 5 3 24 60 56 60 60 61 49 15 10 9 27 17 8 11 30 23 8 27 34 37 43 28 12 11 26 50 46 49 53 48 50 51 43 48 46 44 42 40 38 36 24 24 28 31 34 37 35 39 37 35 34 35 35 36 38 38 41 43 43 41 43 42 39 37 38 38 37 39 43 38 39 40 35 48 61 32 6 
23 21 19 20 22 21 18 16 16 16 15 14 13 12 14 25 22 22 23 25 24 24 21 19 18 18 19 22 21 19 14 5 2 1 1 5 6 8 12 13 10 7 4 2 3 4 2 2 1 0 1 1 1 0 0 0 1 1 1 1 1 3 4 7 13 21 27 24 19 16 14 8 5 3 2 2 2 2 3 2 2 3 3 4 5 4 6 7 7 8 8 8 12 13 14 16 17 16 14 15 17 17 17 19 21 19 13 11 12 14 16 19 22 29 31 26 24 30 38 39 38 40 41 42 44 46 51 53 54 56 59 66 63 38 20 12 25 35 21 6 6 27 57 59 50 44 49 53 47 48 49 50 50 48 47 46 47 44 38 25 8 10 22 32 50 58 50 34 13 14 16 20 12 4 12 36 50 54 60 58 21 10 7 25 17 3 13 26 13 22 45 48 47 48 44 22 11 13 37 49 44 41 40 43 45 38 39 39 38 38 39 40 41 42 42 43 38 37 40 37 41 41 41 41 41 42 41 43 39 37 38 37 37 39 44 43 41 43 43 42 42 44 43 50 56 55 69 66 30 6 
65 50 41 38 34 33 35 36 40 44 45 44 44 45 46 57 53 52 42 38 37 39 44 48 49 49 52 55 57 44 25 5 4 3 9 30 35 41 58 65 54 42 32 25 23 23 20 14 5 1 2 2 1 1 1 1 2 3 8 13 17 25 28 34 33 44 56 56 47 47 53 49 37 26 20 17 16 18 18 17 19 22 25 28 31 32 37 41 40 39 40 41 47 48 48 49 50 49 47 49 51 50 45 43 43 44 44 40 32 25 20 17 18 20 26 36 40 40 41 41 42 45 50 52 50 46 46 50 59 60 60 56 52 55 53 25 14 17 23 19 9 5 18 33 42 42 44 44 37 37 38 40 41 42 42 42 39 36 35 25 8 9 14 20 56 43 41 27 13 7 21 21 33 26 6 7 26 45 58 61 30 7 4 16 15 2 16 14 9 35 51 50 44 46 40 44 10 10 19 35 42 41 37 36 41 45 41 40 38 38 38 39 39 39 39 40 36 34 38 35 42 42 43 42 42 41 41 40 39 42 46 46 43 44 49 47 46 49 51 50 52 51 47 48 48 50 58 38 14 5 
142 120 97 70 48 45 53 49 57 65 69 71 73 78 75 84 91 100 86 81 76 46 50 51 44 37 36 41 36 34 28 7 5 4 14 29 30 36 52 58 53 49 62 60 46 45 52 42 21 14 19 22 20 22 28 29 27 28 37 46 52 57 48 51 51 52 60 63 58 60 68 69 62 59 58 54 52 52 49 49 49 50 49 46 43 60 67 73 71 65 61 63 63 60 56 55 55 55 55 61 61 56 55 55 57 59 59 54 49 46 43 36 28 21 17 16 18 26 36 39 38 37 39 40 38 38 40 42 41 40 40 35 28 33 42 39 28 14 10 16 16 11 4 10 29 47 41 36 48 46 45 44 46 49 51 52 49 48 47 27 6 6 5 12 45 34 27 14 12 12 13 17 30 45 27 7 6 16 31 45 33 6 1 5 6 3 11 8 19 39 47 45 43 40 40 42 22 11 13 23 38 41 39 35 35 42 36 36 36 36 37 39 41 37 37 40 38 38 44 42 43 43 45 46 46 46 46 45 42 40 40 38 39 43 43 38 38 41 43 43 44 48 48 51 50 52 50 21 7 6 
107 111 102 75 51 44 49 56 60 64 66 69 70 73 87 76 72 76 71 81 75 79 71 61 54 46 37 30 28 30 28 9 4 4 14 36 38 39 45 42 38 43 44 52 57 46 40 35 37 40 44 52 54 59 69 71 72 74 79 85 89 94 78 81 87 84 86 90 86 78 75 70 68 71 73 68 61 58 58 59 57 55 51 43 34 30 39 55 68 70 67 67 74 75 77 79 76 70 64 66 59 51 51 52 49 46 50 47 41 43 48 49 43 40 42 38 26 17 16 18 24 30 33 37 42 44 44 49 50 34 28 28 31 38 44 42 47 39 24 15 13 14 14 7 7 22 56 74 59 54 53 54 58 60 58 55 50 50 51 27 6 14 16 26 36 51 12 8 17 33 18 19 20 24 38 35 16 5 7 20 25 11 2 1 2 5 7 9 30 28 26 24 26 23 21 18 16 6 7 13 15 12 14 14 10 11 10 10 10 10 11 11 11 9 10 11 10 11 14 13 19 20 22 24 27 30 33 33 35 38 41 39 38 41 46 44 42 45 45 43 44 44 42 44 46 52 58 30 9 5 
47 57 64 67 70 69 62 54 51 49 49 50 49 48 59 52 52 55 50 50 35 21 17 16 17 19 18 15 19 19 16 9 4 5 10 14 12 11 11 8 5 6 5 4 3 2 3 2 2 3 5 9 17 33 55 78 92 95 105 111 118 132 125 131 131 129 118 106 99 85 70 50 49 54 63 70 77 85 84 82 75 68 62 51 39 35 38 50 64 68 67 68 70 72 75 77 74 67 60 59 53 52 59 63 61 60 61 59 54 51 51 52 53 55 58 58 59 61 55 43 33 26 23 24 33 44 49 50 48 48 47 46 45 46 46 48 46 49 51 42 24 12 8 9 6 5 15 39 53 51 47 46 50 53 53 50 49 48 48 24 6 16 15 36 42 33 8 21 36 51 36 15 20 21 26 35 28 16 5 5 8 10 4 1 1 3 3 6 8 6 4 2 2 2 1 2 1 0 2 7 5 1 1 1 0 1 1 1 1 1 1 1 0 1 1 1 1 1 1 1 1 1 1 1 2 2 3 5 7 13 19 22 25 31 36 34 33 36 37 36 37 40 36 36 39 49 69 57 25 10 
61 61 57 56 60 56 48 46 45 43 43 44 44 43 38 44 52 54 39 19 5 2 2 1 1 1 1 2 1 1 2 2 1 1 1 2 2 1 1 1 0 0 0 1 1 0 1 1 1 1 1 1 1 2 6 12 24 34 39 39 38 39 35 35 31 34 31 29 31 32 28 22 21 24 28 34 43 53 65 70 80 88 83 75 73 77 72 74 80 82 82 86 82 79 77 76 75 72 68 70 70 73 76 75 71 69 68 64 63 65 62 60 69 73 68 65 62 60 59 61 60 53 45 34 27 26 28 34 41 41 43 47 49 45 42 45 46 45 45 45 41 36 18 7 4 5 4 7 19 39 39 37 36 41 45 45 39 34 44 21 7 13 12 35 31 9 10 31 48 50 49 27 14 21 19 25 20 24 23 12 3 3 2 1 1 1 1 1 0 1 1 0 1 0 1 0 1 0 1 5 8 3 0 0 1 1 1 1 1 2 1 1 1 1 0 1 0 0 1 0 1 1 0 1 1 1 1 1 1 1 2 2 8 23 40 42 41 44 48 52 55 54 45 51 57 61 82 71 36 15 
57 57 54 53 56 58 56 53 57 61 64 63 57 50 49 46 44 42 40 38 37 26 20 14 8 4 2 1 1 2 1 1 1 2 4 22 9 1 1 1 0 0 0 0 0 1 1 1 0 0 0 0 1 1 1 2 2 1 1 1 1 2 2 2 3 3 3 2 2 2 2 1 2 2 3 4 6 8 13 35 70 85 77 75 84 88 83 83 87 88 86 87 81 78 75 75 76 75 73 74 78 82 83 81 78 76 79 73 72 83 76 62 64 70 64 56 55 54 49 48 49 51 51 48 46 44 37 28 19 19 21 27 36 48 52 42 45 46 45 44 43 44 39 25 11 5 5 5 4 16 29 43 42 37 37 40 49 40 51 19 5 8 10 23 11 10 25 36 42 49 46 48 13 15 24 27 40 28 21 10 2 1 1 0 1 1 1 0 0 0 0 0 0 0 0 0 0 0 0 2 7 6 1 0 1 0 0 0 1 1 1 1 1 0 0 0 0 0 0 1 1 1 1 1 1 0 0 1 1 1 1 5 20 49 61 57 53 53 57 58 57 59 52 57 61 64 78 56 23 15 
81 77 70 66 72 78 80 75 69 69 73 76 74 69 60 64 72 75 68 66 77 75 72 68 60 50 38 30 21 15 9 6 2 1 3 24 11 1 0 1 0 0 0 0 0 0 0 0 0 1 1 0 0 1 1 1 1 0 0 0 1 1 1 1 1 1 1 1 1 1 1 1 1 1 1 1 2 3 13 45 77 76 73 78 77 75 73 75 78 74 68 64 71 71 71 73 76 77 76 74 75 78 77 74 72 71 70 63 63 77 78 68 62 66 66 63 64 61 56 51 49 49 51 50 50 53 51 49 50 42 32 23 19 20 25 35 37 39 40 42 44 47 46 42 40 28 11 4 6 6 12 27 45 54 55 55 52 50 56 18 7 12 23 22 8 16 49 59 42 37 34 49 27 10 26 17 14 5 3 1 1 1 0 1 1 1 0 0 0 0 0 0 0 0 0 0 0 1 0 0 3 6 4 1 0 1 0 0 0 0 1 1 1 0 0 0 0 0 0 1 0 1 1 1 1 1 1 1 1 3 12 35 62 76 74 69 64 63 62 58 52 47 44 45 57 77 77 39 15 27 
114 106 92 83 85 89 88 80 74 77 86 87 79 73 78 63 60 55 38 25 23 26 29 35 41 45 43 40 51 47 38 31 17 4 1 3 2 1 0 0 0 0 0 0 0 0 0 0 0 1 2 1 1 1 0 0 0 1 0 0 0 0 0 0 1 1 1 0 0 1 1 1 1 2 2 4 16 37 60 78 83 78 84 89 83 82 78 80 83 81 75 72 72 72 71 73 74 73 71 72 75 76 74 72 70 69 68 63 59 62 64 62 63 63 62 62 61 61 59 58 51 48 58 58 51 50 54 57 56 56 54 48 40 34 29 24 23 25 30 37 47 56 61 52 48 49 41 26 13 5 4 10 27 46 55 59 58 58 51 14 7 9 15 9 11 31 50 45 40 43 44 35 18 3 10 20 4 1 1 1 1 1 1 1 2 2 2 1 1 1 0 0 0 0 0 0 0 0 0 0 1 4 3 1 0 1 0 0 0 0 0 1 0 0 0 0 0 0 0 1 1 1 1 0 1 1 1 1 5 20 40 48 49 56 55 55 56 56 55 54 55 51 54 47 63 89 68 30 31 59 
92 95 92 88 84 78 71 70 66 72 83 82 75 70 53 27 12 7 3 2 2 1 2 3 4 6 6 6 11 14 15 16 13 5 1 1 0 0 1 1 0 0 0 0 0 0 0 0 0 0 0 0 1 1 0 0 0 0 0 0 0 0 0 0 1 1 1 1 0 0 1 2 8 23 41 55 66 78 80 81 82 83 84 85 87 93 86 83 83 79 74 73 79 79 78 78 78 75 71 70 71 73 72 69 67 67 65 65 64 61 58 57 56 57 60 61 57 57 60 63 58 55 60 64 68 72 70 65 63 60 59 61 62 60 55 47 39 30 23 21 26 34 46 61 59 50 53 50 35 15 6 4 8 18 33 49 42 45 34 9 7 6 8 8 20 41 40 36 36 26 14 6 3 1 4 16 10 2 1 1 0 1 2 1 1 2 4 6 5 3 1 1 1 1 1 0 0 0 0 1 0 1 1 1 1 0 0 0 0 0 0 0 0 0 0 0 0 0 0 1 0 0 1 1 1 1 1 8 25 47 49 45 46 49 48 51 56 58 59 62 68 67 75 59 80 94 46 23 48 79 
83 89 89 87 85 78 73 87 83 85 73 43 20 13 7 4 2 2 2 1 0 1 1 1 1 1 1 1 1 1 0 1 1 1 1 1 1 0 0 1 0 0 0 0 0 0 0 0 0 1 1 0 0 0 0 0 0 0 0 0 0 0 0 0 0 0 0 1 1 1 4 14 18 27 40 50 54 55 56 64 74 76 72 73 80 84 78 77 79 77 74 75 78 78 78 81 82 80 77 66 66 71 71 69 66 65 62 62 63 60 61 61 53 43 42 46 45 49 59 65 66 63 58 56 61 64 54 48 51 51 51 52 52 52 49 47 47 45 41 36 34 32 21 21 27 37 46 49 51 42 23 8 3 5 15 26 33 47 31 5 4 3 5 21 34 41 24 10 7 4 2 1 0 0 1 9 21 9 1 1 0 1 1 1 2 2 3 5 5 3 2 2 1 1 1 1 1 1 2 1 0 1 1 1 1 0 0 0 0 0 0 0 0 0 0 0 0 0 0 1 1 0 1 1 1 5 17 39 54 53 44 51 59 50 50 53 58 65 71 74 73 66 76 61 99 97 29 30 55 67 
110 106 96 91 94 92 81 55 32 16 7 2 1 1 1 1 1 1 1 1 1 1 1 0 1 1 1 1 1 1 1 2 1 1 1 1 2 2 0 0 1 1 0 0 0 0 0 1 1 1 1 0 1 1 1 0 0 1 1 1 1 1 0 1 1 0 1 1 1 1 1 1 1 2 2 2 3 4 4 6 7 8 11 14 15 31 31 34 39 42 43 45 51 53 56 61 64 66 66 62 64 69 73 73 71 70 73 74 70 63 65 67 60 57 63 64 59 53 54 54 54 55 54 51 49 52 53 53 54 57 59 58 57 61 59 50 52 55 55 52 50 48 52 45 34 24 21 23 25 35 42 33 18 7 2 5 15 31 23 4 2 2 7 31 20 8 4 1 1 1 0 1 1 1 0 1 9 10 3 1 1 2 1 1 1 1 1 0 0 0 1 1 1 1 1 2 2 3 3 2 1 2 2 2 1 1 1 1 0 0 0 0 0 1 0 0 0 0 1 1 1 1 1 2 6 20 53 51 54 55 47 39 40 46 43 42 45 52 58 57 51 52 63 52 100 87 20 35 60 63 
105 104 91 86 88 67 39 10 4 1 1 1 1 1 1 1 1 1 1 1 1 3 2 2 2 3 2 2 2 2 2 2 1 1 0 1 1 1 1 1 1 1 1 1 1 1 1 1 1 1 1 2 3 6 9 11 17 26 30 32 28 21 15 11 7 6 4 3 2 1 1 1 1 1 1 1 1 1 1 1 1 1 1 1 2 1 1 2 3 3 3 4 6 6 8 11 13 15 18 21 23 26 30 33 34 35 33 36 41 39 40 46 50 54 57 58 58 55 55 58 58 57 57 54 52 53 58 59 55 58 60 61 60 59 56 51 51 51 50 47 45 44 50 55 58 56 46 34 26 20 17 18 22 15 5 2 2 5 9 3 1 1 3 4 2 1 1 1 1 1 1 1 0 0 1 0 4 7 4 3 3 2 1 1 1 0 0 0 0 0 0 0 0 0 0 0 1 1 1 2 1 2 2 2 1 1 2 1 0 0 0 0 0 1 0 0 1 1 1 1 1 1 5 17 35 47 50 46 45 44 42 42 44 48 50 52 53 50 44 39 35 33 24 18 48 40 13 25 33 34 
97 86 88 79 46 17 5 2 1 1 2 2 1 1 1 2 2 2 2 2 2 3 3 2 2 1 1 1 1 1 1 1 1 1 1 1 1 1 1 1 1 2 2 2 3 6 9 12 16 32 47 49 53 59 63 66 68 70 70 67 61 55 52 54 59 61 59 51 44 42 39 19 16 12 10 7 5 3 3 2 1 1 1 1 1 1 1 1 1 1 1 1 1 1 1 1 1 1 1 1 1 1 1 1 2 2 2 3 4 4 5 6 8 11 13 14 15 16 17 19 22 25 26 27 26 25 26 29 34 37 42 45 46 46 44 43 48 52 51 51 56 60 47 47 49 54 56 53 49 38 34 25 12 4 2 2 1 1 1 1 2 1 0 0 0 1 1 0 0 0 0 1 0 0 1 4 25 36 18 5 3 5 4 2 1 1 0 0 0 0 0 0 0 0 0 0 0 0 0 0 1 1 1 1 1 1 1 1 0 0 0 0 0 0 1 1 1 0 0 1 3 12 30 46 55 59 63 54 47 41 42 44 44 41 45 45 43 43 41 35 29 19 11 5 9 8 5 17 30 34 
102 85 89 81 43 20 14 9 9 8 7 5 4 4 4 4 5 6 6 6 5 4 5 6 6 5 4 4 5 6 6 7 8 9 10 15 17 19 24 32 39 43 55 64 67 70 70 73 77 76 72 74 75 74 73 71 74 77 74 70 68 70 73 70 60 67 75 75 73 77 83 83 79 74 69 63 56 51 43 37 31 26 23 20 17 14 11 9 8 6 4 3 2 1 1 1 2 1 1 1 1 1 1 1 1 0 1 1 2 1 1 1 1 1 1 1 1 1 1 1 1 1 2 2 2 2 2 2 2 2 3 4 4 5 5 4 5 7 7 8 11 14 23 28 30 26 25 30 38 46 32 37 42 35 22 8 1 0 1 1 0 0 1 1 1 0 0 0 1 1 0 1 1 0 0 2 13 24 20 12 6 3 2 3 3 1 1 0 0 0 0 0 0 0 1 1 1 1 0 0 0 1 1 0 0 1 0 0 0 0 0 0 0 0 0 1 1 2 3 5 23 37 49 47 39 39 46 45 38 33 32 32 29 25 28 29 32 35 31 24 18 18 14 7 3 1 3 18 36 30 
92 94 78 64 68 72 65 58 57 53 48 45 43 41 37 38 39 40 40 40 40 38 42 47 48 44 41 40 43 44 47 50 54 57 59 64 66 70 78 87 93 92 88 84 81 79 75 73 71 69 69 71 72 73 71 70 68 69 71 75 73 65 57 55 61 59 63 65 60 57 59 60 59 60 63 64 63 62 74 71 69 68 66 62 58 63 57 54 52 45 37 33 29 23 19 17 12 8 6 4 3 2 2 1 1 1 1 1 1 1 1 1 1 1 1 1 1 1 1 1 1 1 1 1 1 1 1 1 1 1 1 1 1 1 1 1 1 1 1 1 1 1 1 1 1 1 1 2 4 3 5 6 5 7 9 3 1 1 1 2 2 2 2 2 1 0 0 0 0 0 0 0 0 1 1 1 0 1 2 3 4 4 3 2 2 1 1 1 0 0 0 0 0 0 0 0 0 0 0 0 0 0 0 0 0 0 0 0 0 0 0 0 0 1 1 1 0 2 11 33 53 48 44 45 45 40 33 40 41 41 41 40 39 37 33 32 33 29 17 7 4 5 3 1 1 1 1 7 16 17 
75 78 81 76 68 69 77 81 76 69 65 71 78 77 71 71 70 68 65 61 59 61 66 72 75 75 73 72 75 77 78 80 82 84 85 84 82 80 84 90 91 87 87 84 79 80 82 81 76 70 68 70 72 72 69 67 69 70 66 63 63 61 60 59 55 50 54 59 56 54 57 56 54 54 55 56 55 55 63 64 64 65 65 64 65 63 62 65 67 64 60 60 59 56 56 58 55 51 50 50 45 36 28 23 21 20 14 9 7 5 3 2 1 1 1 1 1 1 1 1 1 1 1 1 1 1 1 1 1 1 1 1 1 1 1 0 0 0 0 0 0 0 1 0 0 0 1 1 0 1 1 0 1 1 1 1 1 2 1 4 6 6 4 5 6 4 2 0 0 1 1 0 0 0 0 1 1 1 1 1 1 2 2 1 1 1 1 1 0 0 0 0 0 0 0 0 0 1 1 0 0 0 0 0 0 0 0 0 0 0 0 0 0 0 0 2 9 20 24 29 39 35 31 29 30 32 33 32 33 34 34 32 30 29 31 30 29 27 17 9 6 5 7 14 13 12 13 20 25 22 
75 76 71 65 66 67 65 71 73 74 77 81 78 69 67 69 72 73 72 70 68 70 70 69 70 70 71 71 79 80 79 77 77 78 79 83 80 74 75 80 83 81 87 85 78 80 87 87 79 71 69 72 74 73 70 68 66 63 58 55 55 55 53 51 50 45 49 51 46 46 52 54 54 55 59 63 66 67 64 65 64 62 61 65 69 66 65 68 68 64 64 69 61 60 67 73 72 70 73 69 67 68 69 70 72 73 74 68 61 57 51 44 42 35 27 21 16 12 9 7 5 4 3 3 2 2 1 1 1 1 1 1 1 0 0 1 1 1 1 0 0 0 0 0 0 0 0 0 1 0 1 0 0 1 0 0 1 2 1 2 3 5 3 7 14 19 11 3 0 0 0 0 0 1 1 1 1 1 1 1 1 1 1 1 1 1 1 0 0 0 0 0 0 0 0 0 0 0 0 0 0 0 0 0 0 0 0 0 0 0 0 0 0 1 2 7 17 27 29 29 21 19 18 19 20 20 19 17 18 22 28 34 37 38 36 31 31 37 38 33 33 39 49 61 47 55 66 60 60 58 
81 75 71 73 77 78 78 82 74 83 92 85 78 85 82 82 81 80 80 82 84 76 70 68 71 76 79 81 70 78 91 91 83 79 82 78 79 81 78 78 79 75 75 75 74 72 69 68 67 63 61 64 64 61 63 71 71 64 65 66 67 65 62 59 57 58 60 59 55 57 61 60 63 66 66 63 61 59 64 61 59 59 62 63 64 64 64 66 67 66 66 71 71 66 70 77 76 73 77 83 86 86 81 83 89 93 95 90 81 73 69 63 58 63 69 66 60 58 60 58 52 46 40 35 32 29 26 23 18 17 16 13 11 10 9 6 3 1 0 0 0 0 0 0 0 0 0 0 0 0 0 0 0 0 0 0 1 1 0 1 1 1 1 1 1 3 2 1 1 0 0 0 1 1 3 3 3 6 15 8 1 0 1 2 1 1 1 0 0 0 0 0 0 0 0 0 0 0 0 0 0 1 0 0 0 1 0 0 0 0 0 1 1 0 1 3 6 5 6 21 30 30 32 33 34 35 36 44 42 40 40 42 41 40 41 42 40 35 37 42 43 37 38 42 44 50 56 55 58 61 
76 82 84 80 76 78 81 80 85 80 74 78 85 85 79 79 80 83 85 84 81 81 79 77 79 82 83 82 73 72 76 78 78 74 70 72 79 85 82 78 77 73 69 70 73 75 73 69 65 68 69 62 59 61 66 69 69 70 72 70 65 63 68 71 69 68 69 66 61 60 64 63 65 66 66 65 64 62 63 64 66 69 70 66 62 64 64 67 69 67 65 69 73 72 71 68 66 68 72 72 74 76 73 73 74 72 68 65 62 59 56 53 52 54 59 62 60 59 62 63 61 60 60 61 60 60 59 59 57 53 48 48 51 47 44 49 36 18 6 1 0 0 0 0 0 0 0 0 0 0 0 0 0 0 0 0 0 0 0 0 0 0 0 0 0 0 0 1 0 0 0 0 1 2 3 3 3 3 29 48 6 1 1 1 1 1 1 0 0 0 0 0 0 0 0 0 0 0 0 0 0 0 0 0 0 1 1 0 0 0 0 1 1 1 1 0 0 0 1 6 12 13 14 16 18 20 21 22 21 22 25 29 32 34 32 34 37 38 42 47 48 54 55 51 48 53 59 57 53 49 
79 85 83 76 73 81 89 82 90 78 68 78 90 85 83 80 81 85 87 81 73 79 80 80 78 78 78 74 71 69 69 75 82 83 79 74 78 84 81 77 76 75 82 87 85 82 80 79 79 83 81 70 65 68 71 68 70 77 76 70 64 65 73 81 83 79 79 76 71 68 70 63 64 65 67 69 70 69 61 65 69 73 73 67 61 62 63 67 70 67 65 67 60 65 64 57 57 64 67 59 60 63 63 66 68 65 60 60 62 61 58 57 59 53 52 58 57 55 57 59 59 60 63 61 56 51 50 53 60 62 60 69 86 81 62 44 39 23 8 1 0 1 0 0 0 0 0 0 0 0 0 0 0 0 0 0 0 0 0 0 0 0 0 0 1 1 0 0 0 1 0 1 1 3 3 2 1 1 10 55 27 1 1 1 1 1 0 0 0 0 0 0 0 0 0 0 0 0 0 0 1 0 0 0 0 0 0 0 0 0 0 0 0 0 1 1 1 1 0 1 1 1 1 1 1 1 1 2 2 2 3 5 7 7 9 10 11 13 16 21 23 28 28 26 27 33 42 46 46 45 
91 92 90 88 89 93 98 93 87 84 85 88 89 89 98 92 89 90 88 80 71 71 78 80 77 80 81 78 77 79 82 86 90 95 101 94 94 91 81 77 79 80 84 87 85 85 84 85 86 82 77 76 75 74 74 73 75 75 70 67 69 76 83 86 83 80 81 81 77 75 77 73 68 65 64 64 62 58 55 56 59 61 62 59 55 56 57 60 62 59 56 58 57 65 67 64 66 71 70 64 62 59 56 59 62 59 61 65 67 65 62 62 64 62 63 68 64 58 58 59 61 64 64 62 59 63 72 72 67 69 59 48 39 22 10 4 2 1 0 0 1 1 0 0 0 0 0 0 0 0 0 0 0 0 0 0 0 0 0 0 0 0 0 1 1 0 0 0 0 0 0 1 2 4 4 2 1 2 2 16 47 1 1 1 0 1 0 0 0 0 0 0 0 0 0 0 0 0 0 0 1 1 1 1 1 1 1 1 0 1 1 1 1 0 1 0 0 1 1 1 0 1 1 1 1 1 1 1 1 1 1 1 1 1 1 1 1 1 1 1 2 1 1 1 2 2 2 4 5 5 
83 86 90 93 93 89 87 89 81 83 88 85 82 85 94 90 85 82 80 77 74 81 91 89 80 79 80 74 79 85 89 88 87 90 97 103 103 93 81 79 80 77 76 79 83 88 88 86 83 80 79 79 76 69 64 64 64 63 62 64 68 74 77 76 68 65 67 70 68 67 69 68 64 62 64 66 63 60 60 59 59 60 62 62 60 62 62 64 65 62 61 63 65 66 68 71 73 72 68 71 69 63 60 65 71 70 71 72 69 66 65 66 67 71 77 78 73 70 71 71 70 72 77 79 75 65 56 49 40 32 19 9 4 1 1 1 1 1 1 0 0 0 0 0 0 0 0 0 0 0 0 0 0 0 0 0 0 0 0 0 0 0 0 0 0 0 0 0 0 0 0 1 2 4 5 4 1 1 5 15 45 2 1 1 1 0 0 0 0 0 0 0 0 0 0 0 0 0 1 1 1 0 1 1 2 1 1 1 0 0 0 1 0 1 1 1 1 1 1 1 1 1 1 1 1 1 1 1 1 1 1 1 1 1 1 1 1 1 1 1 1 1 1 1 1 1 1 1 1 1 
76 77 78 79 79 81 84 87 88 88 85 83 83 87 91 88 84 81 81 86 90 89 101 99 90 92 97 93 93 96 99 99 98 99 103 110 108 98 92 95 96 88 86 87 86 84 82 81 79 77 74 72 68 66 67 68 67 67 72 74 71 67 68 71 71 67 69 73 72 71 71 72 68 67 70 72 68 63 66 65 64 65 67 67 66 70 68 69 70 67 67 70 74 65 65 74 77 72 70 88 90 80 75 79 82 77 78 75 68 65 67 69 70 70 71 72 70 74 82 83 84 82 69 53 38 22 13 8 4 2 1 1 1 1 1 1 1 1 1 0 0 1 0 0 0 0 0 0 0 0 0 0 0 0 0 0 0 0 1 0 0 0 0 1 0 0 0 0 0 0 0 1 1 4 7 6 3 5 6 11 20 1 1 1 0 0 0 0 0 0 1 0 0 0 0 0 0 0 1 1 1 1 7 23 35 31 19 14 10 8 7 6 5 3 3 2 2 1 1 1 1 1 1 1 1 1 0 0 1 1 1 1 1 1 1 1 1 1 1 0 1 1 1 0 1 1 0 0 1 0 
79 85 81 78 84 87 84 95 98 101 103 103 102 101 94 96 97 97 97 97 96 88 97 99 96 100 102 97 95 97 95 89 89 94 96 94 87 78 75 78 81 82 78 81 85 82 73 71 74 74 62 58 76 80 64 69 77 75 80 76 65 60 68 78 78 72 70 70 69 71 76 75 74 69 73 77 74 79 76 67 62 63 64 66 68 64 64 66 65 64 65 68 68 71 74 72 66 62 62 61 60 61 62 63 64 64 69 71 68 66 64 62 60 60 63 69 76 76 63 48 34 22 14 7 3 1 1 1 1 1 1 1 1 1 1 0 0 0 0 0 0 0 0 0 0 0 0 0 0 0 0 0 0 0 0 0 0 0 0 0 0 0 0 1 0 0 0 0 0 0 0 0 1 2 5 6 5 8 8 5 3 1 0 1 0 0 0 0 0 0 0 0 1 0 1 1 0 1 2 6 15 31 53 70 67 56 54 51 48 45 42 41 42 46 46 44 41 37 33 31 25 18 14 12 12 10 10 9 7 5 3 3 2 2 2 2 1 1 1 1 1 1 1 0 1 1 1 1 1 1 
98 98 96 93 94 97 97 101 102 103 104 105 105 104 99 100 101 99 94 89 85 79 81 80 77 80 83 82 84 85 80 76 77 79 77 82 83 76 72 69 68 68 66 69 73 70 62 60 63 74 80 77 77 75 72 73 74 74 75 75 72 71 72 74 74 74 78 80 75 74 76 77 76 69 71 73 71 79 83 74 69 67 63 63 66 64 65 65 64 62 62 63 63 66 68 65 58 55 55 65 67 67 66 67 68 71 75 75 74 75 75 71 64 65 58 42 27 16 9 4 2 1 1 1 1 1 1 1 1 1 1 0 0 1 1 0 0 0 0 0 0 0 0 0 0 0 0 0 0 0 0 0 0 0 0 0 0 0 0 0 0 0 0 0 0 0 0 0 0 0 0 0 0 1 2 2 2 2 2 1 1 1 1 1 1 1 1 1 0 1 1 1 1 1 0 1 4 11 24 40 59 70 66 58 51 47 45 50 55 57 59 62 65 53 54 55 55 55 54 53 51 49 47 47 49 48 43 46 46 38 30 30 30 24 27 25 20 17 13 9 9 8 6 4 3 3 2 2 1 1 
105 96 95 95 89 89 96 92 90 88 88 89 90 90 76 80 84 86 83 78 75 76 75 72 70 72 77 78 81 79 74 72 76 76 70 70 74 77 76 73 72 73 71 72 76 73 68 67 71 81 90 88 77 74 80 79 75 74 73 75 77 78 74 72 70 68 69 70 68 69 74 79 79 70 69 67 61 68 74 71 70 66 61 59 64 67 68 68 67 65 64 66 69 68 65 60 60 65 72 78 76 71 68 67 68 68 72 72 69 67 59 45 32 20 12 6 3 1 1 1 1 1 1 1 1 0 0 0 0 0 0 0 0 0 0 0 0 0 0 0 0 0 0 0 0 0 0 0 0 0 0 0 0 0 0 0 0 0 0 0 0 0 0 0 0 0 0 0 0 0 0 0 0 0 1 1 1 0 0 0 0 1 1 1 1 1 1 1 1 1 1 1 1 2 7 19 33 45 55 52 58 62 65 66 63 59 49 55 57 53 49 50 54 50 50 51 52 53 54 55 51 52 45 38 40 41 35 42 52 51 47 53 58 50 49 44 41 42 37 32 33 34 32 28 23 19 17 17 20 18 
85 73 76 80 74 74 85 84 81 78 76 76 78 79 69 73 80 84 84 81 77 75 75 76 78 79 80 82 83 81 77 77 83 85 78 73 78 86 88 87 86 88 85 83 86 84 82 83 88 87 82 80 81 79 75 74 73 68 69 68 66 66 67 71 74 69 68 67 64 67 71 72 76 71 69 64 56 61 72 70 68 64 56 54 58 72 73 75 74 73 74 76 67 68 70 70 70 71 72 71 71 72 74 75 72 67 55 40 27 17 12 6 3 1 1 1 1 1 1 1 0 0 0 0 1 1 1 0 0 0 0 0 0 0 0 0 0 0 0 0 0 0 0 0 0 0 0 0 0 0 0 0 0 0 0 0 0 0 0 0 0 0 0 0 0 0 1 0 0 0 0 0 0 0 0 0 0 0 0 0 0 1 1 1 1 1 1 1 1 1 1 3 11 26 42 60 66 60 58 59 66 68 60 55 59 67 67 70 67 57 51 52 57 57 56 55 54 53 53 53 55 59 51 42 47 52 47 52 55 56 52 48 47 48 44 40 42 48 47 44 46 46 45 46 41 35 35 40 37 26 
74 66 72 82 82 83 91 87 84 82 80 81 83 84 82 85 87 88 85 81 78 74 75 79 84 83 79 79 82 82 80 79 84 87 85 84 86 87 86 84 82 81 83 85 85 83 82 84 87 87 76 72 83 81 63 62 69 71 76 75 69 67 73 76 71 72 75 75 68 63 62 62 69 68 70 66 62 68 67 64 66 68 67 68 73 77 79 81 81 80 81 83 84 81 77 75 77 80 82 80 74 65 53 38 22 11 6 3 1 1 1 1 1 1 1 1 1 0 0 0 0 1 1 0 0 0 0 0 0 0 0 0 0 0 0 0 0 0 0 0 0 0 0 0 0 0 0 0 0 0 0 0 0 0 0 0 0 0 0 0 0 0 0 0 0 1 1 1 0 0 0 0 0 0 0 0 0 0 1 1 1 3 7 9 9 8 7 5 4 3 3 10 34 57 59 54 55 61 68 67 65 66 66 64 66 71 69 68 63 56 52 53 58 51 51 51 50 49 48 47 44 49 51 51 54 55 51 48 45 45 45 41 39 43 40 40 42 43 43 42 40 38 41 45 41 36 37 43 43 40 
79 73 76 83 85 84 83 82 81 79 79 79 80 81 76 78 81 83 84 82 80 83 80 84 88 83 77 78 82 84 81 76 78 82 83 88 87 83 83 85 87 87 90 91 88 83 80 80 81 82 76 73 79 77 63 60 63 64 71 73 71 69 72 74 71 69 72 72 67 64 65 67 72 69 68 66 65 76 74 68 68 73 75 77 80 80 82 83 81 79 79 81 78 78 79 76 69 61 56 45 31 14 6 3 2 1 1 1 1 1 1 1 1 1 1 0 0 0 0 1 0 0 0 0 0 1 1 1 0 0 0 0 0 0 0 0 0 0 0 0 0 0 0 0 0 0 0 0 0 0 0 0 0 0 0 0 0 0 0 0 0 0 1 0 1 1 1 1 0 0 0 0 0 0 0 0 0 0 0 1 2 12 26 32 30 25 18 10 5 2 2 2 8 19 25 36 53 53 54 60 50 48 52 52 49 50 56 55 53 49 48 47 48 42 43 44 44 43 41 40 46 46 48 49 48 48 50 55 55 50 46 49 49 41 32 36 42 40 45 50 46 46 48 48 47 46 45 46 45 47 
80 78 76 74 72 70 70 72 71 70 71 69 70 74 75 65 71 82 79 80 95 96 93 92 92 90 87 86 81 79 77 75 78 82 84 90 84 77 82 88 90 92 87 84 82 79 78 80 79 76 70 65 67 69 65 63 65 70 77 81 79 75 75 75 73 72 74 74 70 72 77 75 74 73 74 74 77 87 78 75 77 80 79 78 82 75 74 76 82 86 83 78 82 70 53 38 24 13 7 3 2 2 1 1 1 1 1 1 1 1 1 0 0 1 1 1 0 0 0 0 0 0 0 0 0 0 0 0 0 0 0 0 0 0 0 0 0 0 0 0 0 0 0 0 0 0 0 0 0 0 0 0 0 0 0 0 1 1 1 1 1 1 1 1 1 1 1 1 0 0 0 1 1 1 0 0 0 1 1 1 2 10 24 28 25 17 8 5 3 2 2 5 6 8 11 28 49 51 49 54 60 61 58 56 55 53 52 52 53 53 53 52 51 43 46 47 44 40 41 45 49 50 51 51 50 50 52 54 54 49 46 52 56 51 35 34 40 45 47 47 45 43 44 46 46 47 47 48 47 45 
82 86 87 82 75 71 69 66 63 63 63 60 59 62 64 58 59 64 67 71 82 92 89 87 87 91 96 99 88 81 75 73 78 83 87 88 80 74 77 81 83 86 89 87 81 74 76 79 76 75 72 66 68 72 70 69 70 71 71 69 66 64 66 67 65 67 72 76 77 85 91 83 88 89 85 80 79 82 85 79 76 73 72 80 94 103 93 81 71 60 45 33 18 11 6 3 2 2 2 2 1 1 1 1 1 0 1 1 1 0 0 0 0 0 0 0 0 0 0 0 0 0 0 0 0 0 0 0 0 0 0 0 0 0 0 0 0 0 0 0 0 0 0 0 0 0 0 0 0 0 0 0 0 0 0 0 1 1 0 0 0 0 0 1 1 1 0 1 1 1 2 1 0 0 1 1 1 1 1 1 4 14 26 30 23 13 8 8 17 31 39 42 48 57 54 50 48 47 52 52 57 57 54 54 50 44 49 50 51 52 52 51 50 48 49 48 43 40 43 48 49 50 51 50 49 50 51 57 57 50 47 49 53 51 56 54 52 52 48 45 47 52 55 52 47 42 44 50 51 46 
84 84 82 79 75 74 73 67 65 67 68 65 62 63 62 69 66 63 71 78 72 77 80 82 85 87 89 91 94 92 89 87 85 81 78 84 85 83 85 86 87 92 94 91 83 76 80 86 82 77 72 66 68 70 67 66 62 57 58 59 59 60 61 64 65 64 66 67 66 69 73 72 84 83 76 77 79 74 74 77 79 75 66 60 62 45 35 24 16 10 6 3 4 3 2 1 1 1 1 1 1 1 1 0 0 0 0 0 0 0 0 0 0 0 0 0 0 0 0 0 0 0 0 0 0 0 0 0 0 0 0 0 0 0 0 0 0 0 0 0 0 0 0 0 0 0 0 0 0 0 0 0 0 0 0 0 1 1 0 0 0 1 1 1 1 1 1 1 0 0 1 1 1 1 1 1 2 5 10 23 36 47 52 52 51 55 55 51 61 78 71 61 68 67 58 59 58 55 58 57 47 38 36 42 50 53 49 50 51 52 52 52 52 52 49 45 42 42 44 48 46 47 48 48 48 51 54 52 53 52 51 54 56 54 52 51 55 62 65 65 66 56 49 49 46 45 47 52 53 49 
91 85 78 75 77 82 84 79 76 80 84 84 81 80 76 82 85 86 88 87 81 84 90 94 95 93 91 91 91 94 100 104 100 91 81 85 90 95 95 93 91 90 86 82 77 75 80 84 78 74 71 67 68 68 63 62 58 56 65 67 62 57 59 60 56 54 56 58 57 59 62 66 75 72 71 81 80 67 73 63 51 39 28 19 14 6 4 2 1 1 1 1 2 2 1 1 1 1 1 1 1 0 0 0 0 0 0 0 0 0 0 0 0 0 0 0 0 0 0 0 0 0 0 0 0 0 0 0 0 0 0 0 0 0 0 0 0 0 0 0 0 0 0 0 0 0 0 0 0 0 0 0 0 0 0 0 1 1 1 1 1 1 1 1 1 1 1 1 1 1 1 1 1 1 3 11 23 36 49 66 73 65 58 59 65 74 79 71 64 66 64 64 70 66 58 58 58 58 63 58 57 56 55 53 59 67 55 56 59 60 60 59 58 51 49 47 47 49 49 48 47 50 54 55 55 56 58 55 60 65 66 66 64 58 67 65 57 54 60 68 75 72 66 62 60 57 50 42 36 31 
90 88 86 87 88 88 89 91 86 88 92 91 87 87 83 80 90 99 91 82 85 89 91 90 87 87 92 98 92 93 99 106 111 112 110 95 94 98 96 90 82 73 72 75 74 69 68 66 60 58 58 57 59 59 55 54 57 64 71 71 63 60 69 78 78 75 76 77 72 68 68 64 67 66 69 72 59 40 30 20 11 6 3 2 1 2 1 1 1 1 1 1 1 1 1 1 1 1 0 0 0 0 0 0 0 0 0 0 0 0 0 0 0 0 0 0 0 0 0 0 0 0 0 0 0 0 0 0 0 0 0 0 0 0 0 1 1 0 0 0 1 1 0 0 0 0 0 0 0 0 0 0 0 0 0 1 1 1 1 1 1 1 1 1 1 1 1 1 1 1 1 2 5 17 38 57 65 65 59 55 60 67 68 65 64 62 57 58 62 64 67 60 49 51 53 61 59 55 59 57 63 72 67 53 52 60 52 55 59 61 60 58 56 54 54 55 56 57 56 54 57 61 66 67 64 61 59 52 59 68 69 67 63 56 57 61 65 67 67 61 52 50 47 39 35 33 28 20 18 18 
88 87 87 90 92 91 89 95 87 86 92 92 90 90 96 90 94 100 96 92 98 91 96 100 97 94 97 104 114 113 111 112 114 114 112 117 121 118 110 106 100 86 75 77 79 74 69 70 69 70 73 76 82 85 83 85 86 81 81 80 79 78 81 81 74 70 72 72 64 56 51 40 33 25 19 12 6 2 1 2 2 1 1 1 1 0 0 0 1 0 0 0 0 0 0 0 0 0 0 0 0 0 0 0 0 0 0 0 0 0 0 0 0 0 0 0 0 0 0 0 0 0 0 0 0 0 0 0 0 0 0 0 0 0 0 1 1 0 0 0 1 1 0 0 0 0 0 0 0 0 0 0 0 0 1 1 0 1 1 1 1 1 1 1 1 1 2 1 2 8 16 25 46 70 76 71 67 67 59 50 57 69 62 49 50 56 56 53 50 47 46 49 53 49 52 63 60 52 59 65 59 60 55 41 41 53 50 55 61 65 63 59 55 61 60 59 57 56 55 56 60 63 67 67 65 63 62 55 60 62 58 53 50 47 47 45 38 31 30 28 23 20 20 19 18 19 20 21 21 20 
93 89 88 90 94 94 94 100 93 93 94 93 94 100 100 106 108 109 114 118 118 113 123 131 127 118 112 112 115 113 112 112 110 104 96 92 98 96 86 86 89 83 78 83 89 91 88 87 91 88 83 84 90 97 95 88 87 91 91 91 88 78 65 58 53 42 33 25 16 9 6 4 2 2 1 1 1 1 2 3 3 2 1 1 1 1 1 0 0 0 0 1 1 0 0 0 0 0 1 0 0 0 0 0 0 0 0 0 0 0 0 0 0 0 0 0 0 0 0 0 0 0 0 0 0 0 0 0 0 0 0 0 0 0 0 1 1 1 1 1 1 1 0 0 0 0 0 0 1 0 1 1 1 0 0 1 1 1 1 1 1 1 1 2 2 2 5 17 31 46 60 66 64 59 56 59 62 62 55 50 53 57 58 58 53 51 54 49 45 51 61 59 48 51 51 52 52 62 75 70 64 67 64 59 59 56 61 63 66 68 67 64 62 63 62 60 58 57 59 61 65 68 69 64 60 61 63 52 44 36 28 23 20 19 18 18 18 19 21 22 20 19 20 22 22 21 21 22 22 21 
94 92 92 94 96 96 97 108 105 104 98 90 93 104 106 118 118 112 117 121 113 115 117 114 106 100 101 106 98 93 93 96 96 91 84 84 94 102 99 97 97 92 91 90 89 95 92 85 85 89 92 90 79 74 79 84 81 71 69 62 50 34 22 16 9 5 2 1 1 1 1 1 1 1 1 1 1 1 2 2 2 1 1 1 1 1 1 1 1 1 1 0 0 0 0 0 0 0 0 0 0 0 0 0 0 0 0 0 0 0 0 0 0 0 0 0 0 0 0 0 0 0 0 0 0 0 0 0 0 0 0 0 0 0 0 1 1 1 1 1 1 1 1 1 1 1 1 1 1 1 1 1 0 1 1 1 1 1 1 2 1 1 1 1 7 25 40 56 65 69 65 64 60 57 61 64 60 58 55 52 52 54 54 55 57 58 57 54 51 51 55 54 49 48 46 45 49 56 60 54 51 66 69 68 71 63 67 64 62 63 68 76 82 68 69 70 71 71 71 70 71 69 63 52 44 41 41 36 27 22 21 19 18 19 19 18 19 20 20 21 20 20 21 22 23 23 23 22 23 23 
96 92 91 93 97 101 101 93 93 96 95 92 94 103 111 113 102 88 85 86 81 89 95 101 106 107 106 104 98 95 96 99 99 93 84 81 79 85 98 97 85 78 82 78 72 75 79 76 71 70 72 74 76 79 75 64 47 29 21 13 7 3 1 1 1 1 1 1 1 1 1 1 1 1 1 1 1 1 1 1 1 1 1 1 1 1 1 1 1 1 1 1 0 0 0 0 0 0 0 0 0 0 0 0 0 0 0 0 0 0 0 0 0 0 0 0 0 0 0 0 0 0 0 0 0 0 0 0 0 0 0 0 0 0 0 0 0 0 0 0 0 1 1 1 1 1 1 1 1 1 1 1 1 1 1 0 1 1 1 1 3 9 17 34 55 61 56 59 60 59 64 67 66 63 66 70 70 68 69 70 67 62 57 54 56 58 57 50 43 41 45 48 47 43 41 42 46 51 54 54 53 69 72 61 58 56 50 55 63 68 69 67 65 73 71 66 61 56 52 49 45 38 32 29 27 24 21 19 19 20 22 20 19 20 20 20 20 21 21 20 20 21 22 22 22 22 21 20 20 20 
99 97 96 98 100 101 98 84 87 90 89 87 88 91 100 102 95 86 84 86 84 91 92 93 96 95 91 85 78 75 75 79 83 83 79 75 76 77 75 74 74 74 71 71 72 72 72 69 68 70 71 65 61 55 35 13 5 3 2 1 1 1 1 1 1 1 1 1 0 1 1 1 1 1 1 1 1 1 1 1 1 1 1 1 1 1 1 1 1 1 1 1 0 0 0 0 0 0 0 0 0 0 0 0 0 0 0 0 0 0 0 0 0 0 0 0 0 0 0 0 0 0 0 0 0 0 0 0 0 0 0 0 0 0 0 0 0 0 0 0 1 1 0 1 1 1 1 1 1 1 0 0 1 1 1 2 1 3 7 15 32 54 64 72 69 56 58 67 66 66 71 70 68 70 74 72 66 69 77 79 73 66 64 62 55 50 49 45 38 37 41 48 52 50 51 57 67 73 70 58 65 66 65 70 73 66 58 61 64 62 55 46 41 45 39 31 26 24 25 26 26 23 21 21 23 23 21 23 22 20 20 20 21 22 20 20 21 21 20 19 19 20 20 20 20 20 19 18 16 15 
116 113 110 108 104 98 93 91 94 93 92 92 92 89 81 85 85 83 82 83 83 107 101 92 86 84 84 85 77 72 69 71 74 75 72 65 75 80 66 64 71 70 70 75 77 71 66 65 64 57 44 32 17 5 2 1 1 1 1 1 1 1 1 0 1 1 1 1 1 1 1 1 1 1 1 1 1 1 1 1 1 1 1 1 1 1 1 1 1 1 1 1 0 0 0 0 0 0 0 0 0 0 0 0 0 0 0 0 0 0 0 0 0 0 0 0 0 0 0 0 0 0 0 0 0 0 0 0 0 0 0 0 0 0 0 1 1 1 1 1 1 1 1 1 1 1 1 1 1 1 2 2 1 1 2 4 9 22 42 58 72 77 69 73 72 65 65 62 56 70 72 64 62 68 72 66 57 60 69 71 64 62 67 67 62 57 55 50 43 39 39 42 45 45 48 55 63 67 67 66 62 57 55 46 40 40 35 31 26 22 21 21 22 21 20 18 18 18 20 22 22 22 22 22 22 23 24 25 24 22 22 25 26 24 20 20 21 21 19 18 19 19 19 19 20 20 19 18 18 18 
