UP
9 9 16 17 16 13 10 9 10 11 10 10 11 11 10 9 9 9 9 9 9 9 7 14 15 12 10 9 11 12 12 12 11 12 13 14 15 12 10 11 9 10 10 10 10 11 12 12 12 13 13 12 11 12 13 13 11 10 10 10 10 10 10 10 9 7 6 7 7 9 10 10 10 12 12 11 12 12 11 9 9 11 13 13 12 12 14 15 14 13 12 14 18 16 13 13 11 11 11 11 11 10 11 12 10 8 7 7 9 10 9 8 8 8 9 9 8 8 9 10 9 8 9 11 12 11 11 12 13 12 12 12 13 19 31 29 16 9 11 11 9 6 11 9 11 11 8 17 18 8 9 12 8 6 7 9 10 10 9 8 8 9 9 9 9 9 8 7 7 6 5 6 6 7 7 7 8 9 9 9 8 8 14 16 9 11 12 11 28 16 10 8 10 10 11 13 16 15 14 14 13 12 12 8 12 19 11 11 10 31 29 11 10 12 10 10 10 12 11 7 6 8 8 7 8 10 10 12 10 6 7 9 10 5 7 11 11 9 8 9 10 9 8 7 7 10 13 12 12 9 
8 9 16 18 17 14 11 10 10 10 9 9 10 11 10 9 9 9 9 8 8 9 7 14 14 10 9 8 10 12 12 12 11 11 12 12 13 11 10 10 8 9 9 9 9 10 11 12 12 13 13 12 12 12 13 13 12 10 10 11 10 9 10 10 9 7 7 6 7 8 11 10 9 11 12 12 13 12 11 10 10 11 12 12 11 10 12 15 14 12 12 14 18 16 13 12 11 10 10 11 10 9 10 12 11 9 7 7 8 9 9 8 8 8 8 9 8 8 9 9 8 8 8 10 10 10 10 12 13 11 11 11 12 17 27 26 13 8 10 10 8 6 11 8 10 13 10 22 20 9 10 14 9 5 6 8 10 9 9 8 8 8 6 6 8 9 9 8 8 7 6 7 8 8 7 7 7 9 10 9 9 9 14 15 9 10 12 14 31 18 12 10 11 12 12 12 12 11 13 15 16 15 16 10 13 19 13 14 12 37 28 11 10 13 11 10 10 10 10 8 7 8 8 6 7 10 11 12 10 7 8 10 11 5 7 10 10 9 8 9 9 10 9 7 8 13 14 14 15 9 
9 9 14 15 15 14 11 9 9 9 8 9 10 11 11 10 10 10 9 8 7 9 7 14 14 10 8 8 10 12 12 11 11 10 11 12 13 10 8 9 8 8 9 9 10 10 11 11 13 13 12 11 11 11 12 11 10 10 10 11 10 9 10 9 8 8 8 7 7 8 12 11 9 10 11 11 12 12 11 9 9 9 10 11 10 9 12 15 14 12 11 14 20 18 13 12 10 10 10 10 10 9 10 13 14 10 8 7 7 7 8 8 8 8 9 9 8 7 8 7 7 8 8 9 10 9 10 12 12 10 10 11 11 15 23 21 11 8 11 10 9 6 12 8 9 14 9 23 19 8 10 13 8 5 6 8 10 9 8 8 8 7 5 5 6 8 8 8 7 7 6 7 8 8 7 8 8 8 9 9 9 9 11 12 10 9 11 16 33 18 15 12 11 13 11 11 11 10 12 14 15 17 18 10 14 19 12 13 12 39 24 10 10 12 10 11 10 9 8 8 7 9 8 6 8 10 10 11 10 9 11 13 14 7 9 10 10 10 9 9 9 10 10 9 9 14 13 16 18 12 
10 9 13 13 14 13 11 10 10 10 10 11 13 12 11 11 10 10 9 8 8 10 9 16 16 11 8 8 10 12 12 11 10 10 11 12 14 10 7 8 8 9 9 10 11 11 11 12 13 13 11 10 10 10 11 11 10 10 11 12 11 9 9 8 8 8 9 8 7 7 12 13 10 10 10 10 11 11 10 8 7 7 8 10 9 9 11 16 15 11 9 13 20 19 14 11 10 11 10 10 9 8 9 11 13 10 8 8 8 9 9 9 8 8 9 9 7 8 9 8 8 8 9 10 10 10 10 12 12 10 10 11 11 14 21 19 10 8 11 10 11 8 14 8 9 13 8 19 16 7 9 12 8 6 7 9 10 8 8 7 8 8 7 6 6 7 7 7 6 6 5 6 7 7 7 9 9 8 8 9 10 9 9 11 11 9 10 15 28 15 14 11 9 10 9 11 13 12 12 12 12 15 16 7 13 18 11 11 9 32 18 8 9 12 10 12 11 8 7 6 7 8 7 6 10 12 11 11 11 9 10 12 14 7 8 9 9 10 10 10 10 9 8 9 8 10 10 13 17 13 
10 9 14 14 14 14 12 12 11 11 11 12 13 13 12 11 15 14 15 10 11 11 10 13 14 13 11 11 11 11 11 11 10 10 10 10 12 10 8 9 8 7 8 9 10 11 11 11 12 12 12 10 10 11 12 10 11 11 10 11 12 12 9 8 7 9 9 9 7 7 14 14 10 11 10 10 11 10 10 7 6 7 8 11 11 11 12 15 15 12 10 13 18 18 14 11 9 10 10 9 8 8 8 10 12 11 8 7 8 8 7 7 8 8 8 7 7 8 8 9 8 8 10 11 11 11 10 14 12 12 9 10 11 17 21 17 10 9 11 11 10 9 12 13 10 12 8 17 12 7 9 20 23 17 12 10 9 8 7 7 8 8 6 7 7 6 6 6 5 5 6 8 8 6 6 7 7 6 8 9 8 8 10 10 9 8 9 13 25 13 10 10 11 13 10 14 17 14 12 13 12 16 15 11 14 15 11 10 10 29 17 6 8 8 8 13 11 7 5 5 5 7 7 6 9 10 9 9 8 8 11 15 17 10 7 7 8 9 11 10 9 9 8 9 8 10 9 13 17 16 
10 11 16 15 14 13 12 12 11 11 12 13 13 13 13 13 15 14 18 12 16 16 13 12 14 17 18 14 13 13 14 15 14 14 12 11 11 10 11 11 8 8 8 9 10 11 11 11 11 12 12 10 9 11 11 10 11 11 9 9 12 12 9 8 8 8 8 8 8 7 13 13 10 12 9 10 10 9 9 7 6 7 8 10 11 12 12 14 15 13 11 14 16 17 14 10 8 9 9 7 6 7 8 9 11 11 8 7 9 7 6 6 7 8 7 7 7 8 8 9 9 8 9 10 10 11 9 14 12 13 9 10 12 18 20 16 11 9 11 10 9 8 9 14 10 11 9 18 12 9 9 23 30 23 16 11 9 8 7 6 7 7 6 7 6 6 6 6 6 5 6 8 8 7 6 6 8 6 8 8 6 7 10 10 8 7 8 11 20 11 8 11 14 17 14 18 22 17 14 15 14 17 16 14 15 14 12 11 12 26 17 6 9 7 8 15 13 8 7 6 6 8 7 7 8 9 8 7 7 7 10 16 17 12 7 7 8 9 9 9 9 8 8 8 7 10 8 12 16 15 
11 11 16 15 12 10 11 11 10 10 12 13 14 13 14 17 13 12 16 13 18 19 17 14 16 23 25 18 17 17 18 20 21 21 17 13 13 12 13 13 10 10 10 10 11 11 11 11 12 13 12 10 9 10 11 10 10 11 10 9 11 12 10 9 9 7 6 6 7 7 11 11 10 13 9 10 10 9 9 6 5 6 7 9 10 10 11 14 14 13 12 13 15 16 13 10 8 9 8 6 5 6 8 9 10 10 8 8 9 8 6 6 7 8 8 8 7 8 8 7 9 9 7 8 10 10 8 13 11 12 9 10 11 15 18 15 11 9 10 9 8 7 8 13 10 12 11 20 16 11 9 21 28 25 19 14 11 9 7 6 8 7 5 6 6 6 7 7 7 6 5 6 8 9 8 9 10 9 9 8 7 8 10 11 9 6 8 9 16 10 10 13 16 20 17 21 25 20 17 17 16 17 17 16 17 16 13 13 14 24 18 10 13 11 10 17 16 12 11 10 10 12 11 10 10 10 9 9 8 8 9 14 16 12 8 8 9 9 8 8 8 9 9 8 7 9 8 12 15 13 
12 9 11 11 11 11 11 10 9 9 10 12 14 15 16 17 20 16 11 18 14 16 17 17 21 27 29 24 22 20 20 21 22 22 19 14 13 14 15 16 12 13 12 12 11 11 12 12 14 15 14 12 12 13 13 12 10 11 12 10 10 11 11 11 10 7 5 6 8 8 10 9 10 14 10 9 9 10 9 6 5 6 7 7 9 9 10 12 13 12 12 11 11 13 12 9 7 8 7 5 4 6 8 8 9 10 8 8 10 8 6 6 7 8 9 8 8 8 7 5 9 11 8 9 11 9 8 12 11 12 9 9 9 11 13 13 10 9 9 9 8 8 8 13 11 16 16 22 18 12 9 16 25 28 25 20 14 10 7 6 8 9 7 7 6 7 8 8 8 7 5 6 9 12 11 12 15 14 13 10 8 9 11 13 10 7 8 10 18 14 15 16 17 21 17 19 23 20 17 17 15 16 17 17 18 18 16 16 20 27 23 18 19 17 15 21 21 19 19 18 18 19 20 19 17 15 15 14 14 11 11 15 18 15 12 11 12 10 9 9 10 12 12 10 8 11 9 14 16 13 
14 13 15 14 11 11 15 12 11 11 11 13 15 12 13 9 20 23 25 14 18 20 21 22 23 19 16 22 21 18 15 15 14 13 14 12 12 13 15 16 13 12 13 13 13 13 13 13 15 16 16 15 15 16 17 14 11 13 15 11 10 11 11 10 10 8 5 7 10 10 11 10 10 13 9 9 10 12 10 7 6 6 7 7 8 8 9 12 12 12 12 9 10 13 12 9 7 7 6 5 4 6 8 9 10 9 8 8 9 8 6 6 7 8 8 8 8 8 7 6 9 11 9 10 11 10 9 10 11 11 8 7 7 8 9 9 8 7 8 9 9 8 8 14 12 19 18 16 15 12 9 15 23 30 32 28 19 12 7 5 8 12 11 10 7 7 8 8 7 7 6 6 11 14 12 13 17 19 19 14 10 11 13 12 11 10 9 11 19 18 20 20 18 21 19 22 29 28 27 26 24 21 19 19 22 24 25 24 31 31 29 29 25 23 21 21 22 24 26 26 25 25 23 22 19 16 14 13 14 13 14 17 19 19 16 15 14 11 9 10 13 14 15 11 10 13 12 17 19 15 
15 12 13 14 11 13 15 12 11 12 12 14 18 17 18 16 19 36 123 20 18 20 19 20 22 22 19 17 17 16 15 15 14 12 12 12 14 13 13 15 13 11 12 13 13 13 13 12 13 14 14 14 14 15 15 14 10 12 14 10 9 10 11 9 9 8 6 7 10 10 12 11 10 12 9 10 13 15 10 7 5 5 7 7 8 8 9 11 12 13 14 10 10 13 12 8 6 7 7 6 6 7 9 10 11 10 8 7 8 8 7 7 7 7 7 8 9 9 9 8 8 8 8 8 8 9 8 8 10 10 8 7 8 10 10 8 7 7 8 8 8 8 8 13 11 17 14 10 14 13 10 15 20 25 31 29 20 13 7 5 8 12 11 10 7 7 9 9 7 7 7 7 10 12 10 10 14 16 17 13 9 11 13 10 10 11 9 8 14 16 17 19 19 23 22 24 31 32 31 29 27 32 32 30 33 38 39 35 32 25 24 26 21 20 20 18 19 22 23 22 21 20 18 19 19 16 12 11 13 12 13 15 16 16 14 12 11 9 8 9 11 13 12 10 10 14 12 16 18 14 
22 17 16 17 13 15 12 10 11 12 13 15 19 19 18 17 21 33 139 42 20 22 19 15 17 21 24 18 19 17 17 17 15 12 12 13 15 13 12 14 12 11 12 13 13 13 12 12 12 13 13 13 13 13 13 13 10 10 11 9 8 10 12 8 8 8 7 7 9 9 12 12 10 11 10 12 16 17 10 7 5 4 6 7 8 8 8 11 12 14 15 10 10 12 10 7 6 7 8 8 7 8 9 11 13 11 8 7 8 8 8 7 7 6 6 7 8 9 10 11 9 8 9 8 8 8 9 8 11 11 11 10 12 13 12 8 7 7 9 8 9 9 9 13 10 15 14 10 19 16 10 13 16 21 27 25 18 13 8 6 10 12 10 8 7 8 11 10 7 7 8 8 10 11 9 10 12 13 14 11 8 10 12 9 10 12 9 7 13 16 14 16 18 21 20 22 26 28 27 24 22 26 27 24 24 28 28 24 24 20 20 21 17 18 18 17 19 21 20 18 16 15 15 17 19 16 12 11 12 11 12 14 13 13 12 10 9 8 8 9 10 11 11 9 10 15 12 15 16 14 
24 20 21 22 16 19 24 22 26 30 31 33 40 44 39 38 54 53 129 106 50 48 38 26 22 24 25 22 23 20 18 19 16 12 14 14 16 13 12 14 12 10 11 11 12 12 13 13 12 12 12 12 12 11 12 12 10 10 10 8 8 10 13 8 8 9 7 7 8 8 12 12 10 11 10 13 18 19 10 8 6 5 7 8 8 7 8 10 12 14 15 9 8 10 8 6 6 7 8 8 8 9 9 11 14 11 8 8 8 8 8 8 7 6 6 6 7 9 10 11 10 8 9 10 9 7 10 9 12 12 13 12 14 14 13 9 8 8 10 9 9 9 10 14 9 14 15 11 24 16 8 11 14 19 23 20 15 12 8 7 11 12 8 8 8 10 12 11 8 7 8 9 9 10 10 11 13 11 11 10 9 10 11 9 10 11 9 8 16 18 11 13 17 17 18 19 23 24 23 20 18 20 22 20 18 19 18 15 17 18 18 17 15 16 17 17 19 21 17 15 13 13 13 14 15 14 11 10 11 10 12 13 12 11 10 8 8 8 8 9 10 10 10 9 10 16 13 13 14 13 
28 25 28 40 43 59 71 69 79 88 87 89 101 107 102 100 121 119 136 194 118 111 94 76 59 40 29 25 26 22 19 19 16 12 14 13 14 13 12 14 12 9 9 10 11 12 14 14 12 12 12 12 12 12 12 13 12 10 10 9 9 11 15 9 9 10 8 8 10 9 12 13 11 11 10 13 18 19 9 9 8 6 8 8 8 7 7 10 12 14 14 8 7 8 7 6 7 7 8 8 8 9 9 10 12 10 8 7 7 7 7 8 7 6 6 5 6 8 9 10 10 8 8 11 10 7 11 9 12 11 14 13 14 13 12 11 10 10 10 9 9 10 10 14 8 12 17 14 29 14 6 11 16 21 21 16 12 10 8 7 11 11 8 7 8 10 11 10 8 7 8 10 10 10 11 14 15 10 10 9 10 10 9 11 11 9 8 10 19 20 9 10 14 13 15 18 21 23 22 19 17 20 24 25 20 18 18 17 16 18 19 16 15 15 16 17 19 20 15 13 13 12 11 10 10 9 9 9 9 9 12 14 13 11 10 8 8 9 8 8 9 9 10 9 11 18 13 12 13 12 
67 43 50 98 155 227 190 189 208 226 220 220 232 218 230 230 211 242 204 245 222 213 206 202 168 100 51 24 25 20 17 18 16 13 13 11 11 11 12 14 11 8 8 8 10 13 17 17 10 10 11 12 12 12 12 15 15 12 11 11 11 13 16 10 11 12 9 10 12 11 13 14 13 12 10 12 18 18 9 10 11 9 11 8 8 6 6 9 12 14 15 8 7 9 9 10 9 7 8 8 7 8 8 9 10 9 8 7 6 6 7 8 8 7 6 5 5 7 8 7 9 7 4 7 9 6 10 7 10 9 12 11 11 10 10 11 12 11 10 8 8 9 9 13 6 10 15 13 28 12 5 14 23 26 22 14 9 9 7 6 9 10 7 7 7 7 8 9 9 7 8 11 11 10 11 16 17 10 9 9 11 8 6 11 11 6 6 10 18 19 6 7 12 10 12 15 17 20 19 18 17 17 22 26 21 17 17 18 16 21 21 16 15 14 14 15 17 17 13 11 12 12 11 9 8 8 10 10 9 9 13 15 14 12 11 9 8 8 8 8 8 8 9 9 12 18 12 10 10 11 
104 48 32 41 59 101 172 206 215 201 199 206 203 202 204 196 199 217 203 174 188 210 227 232 228 208 174 91 36 21 23 17 19 17 18 16 11 10 14 16 14 10 8 8 9 16 20 14 9 9 12 10 11 12 9 12 12 13 11 10 11 12 17 11 10 10 8 8 9 8 10 12 10 10 12 13 17 17 10 9 11 9 9 9 8 7 8 9 11 13 15 9 9 8 8 9 7 6 6 7 8 10 10 11 12 10 8 7 7 6 6 8 9 8 6 7 6 7 7 6 9 5 7 11 7 11 7 13 14 10 10 13 13 11 11 12 11 13 11 10 9 8 9 9 8 8 12 19 23 15 7 10 16 20 23 19 12 8 6 7 9 11 9 8 9 9 9 9 9 10 12 12 11 10 11 14 16 13 11 10 9 8 8 8 8 7 7 8 14 16 9 7 12 14 19 15 14 19 17 18 16 17 20 18 16 16 15 17 16 17 16 16 19 13 12 13 15 18 15 13 13 13 11 10 10 10 11 12 10 10 11 15 17 13 10 11 9 10 8 10 10 30 56 54 61 55 46 18 9 11 
61 41 34 34 38 57 95 132 171 193 203 201 193 200 196 201 207 204 212 223 210 213 208 201 205 227 228 170 101 41 17 16 18 12 15 14 11 10 11 12 11 10 8 8 9 15 18 13 9 9 12 11 11 13 10 11 11 12 10 11 12 13 16 10 9 10 9 9 9 8 10 11 10 9 11 12 16 16 10 9 11 8 8 8 8 8 8 10 12 15 16 11 10 9 9 9 7 6 6 7 8 8 8 10 11 10 8 8 7 6 5 6 7 7 7 6 6 7 8 7 9 9 10 8 9 10 11 16 10 11 15 11 14 11 11 13 14 16 13 11 9 9 9 9 8 8 13 20 23 15 6 9 14 15 18 15 10 8 6 6 8 9 8 7 8 9 10 10 9 9 10 11 11 10 10 12 13 11 10 9 8 8 7 7 7 7 7 7 16 10 9 15 7 15 15 16 15 25 17 13 14 16 17 15 14 14 12 13 13 16 15 15 16 11 12 14 15 15 14 13 13 11 9 8 8 8 9 9 8 8 9 12 14 12 9 9 8 10 8 8 9 29 63 63 60 57 60 20 7 8 
35 32 32 30 35 49 84 112 151 180 187 181 175 182 171 173 171 158 165 184 152 142 135 133 141 169 196 216 172 83 25 17 18 10 15 14 13 12 10 10 10 10 9 8 8 13 17 13 11 11 12 10 9 11 10 12 10 11 10 11 12 12 15 10 9 9 9 10 10 8 10 11 10 9 10 11 16 16 10 9 10 7 7 9 9 9 9 10 12 15 16 11 11 10 9 9 7 7 7 7 8 8 8 9 11 9 9 9 8 6 5 6 6 7 8 6 6 6 7 8 8 9 12 6 9 9 9 17 12 10 14 10 12 9 9 12 13 15 13 11 10 9 9 9 8 8 14 21 24 15 6 8 12 13 15 13 10 8 7 6 8 9 7 7 8 8 10 10 9 9 9 10 12 11 10 11 11 10 9 8 7 7 7 6 7 7 7 8 11 13 9 16 8 14 11 17 26 23 20 15 16 14 15 13 12 13 11 10 10 13 12 12 12 9 10 13 13 12 12 13 13 10 8 8 9 8 8 8 7 8 9 11 14 13 10 8 9 10 7 6 7 27 67 64 48 49 67 21 5 7 
33 33 34 43 64 76 101 112 134 149 145 139 138 130 120 115 110 101 101 106 82 72 73 78 85 109 151 221 219 142 52 23 18 14 15 14 15 14 11 9 10 10 10 9 8 12 16 13 12 12 13 9 8 8 9 13 10 10 10 11 12 12 15 9 8 9 9 10 10 9 10 10 9 8 9 11 17 17 10 9 10 7 8 10 11 11 10 10 11 15 16 11 11 10 9 8 7 7 6 7 8 8 8 9 11 9 9 9 8 7 6 6 5 8 9 7 6 7 8 8 8 27 17 15 27 15 21 31 18 10 13 10 11 8 9 10 11 13 11 11 10 9 9 9 8 8 14 22 24 15 6 8 12 14 14 12 11 10 8 7 9 9 7 6 7 8 9 10 9 9 9 11 13 13 11 10 9 9 9 8 7 6 6 6 6 7 8 8 7 15 12 15 21 25 15 29 51 18 31 33 23 13 14 13 11 12 10 8 9 10 10 10 9 8 9 13 13 12 12 16 16 13 10 10 11 10 9 9 9 10 11 13 15 14 10 8 8 10 6 5 6 24 67 63 35 41 68 27 6 8 
49 48 52 82 129 130 121 117 117 108 89 81 81 56 55 49 50 59 54 42 51 51 58 63 67 97 149 199 227 204 100 35 18 20 16 14 15 15 12 9 10 10 11 10 8 11 15 13 12 13 13 10 8 7 10 15 10 10 9 10 11 11 15 9 8 9 9 10 10 9 10 10 9 9 9 11 19 18 11 9 11 8 8 10 12 12 10 9 10 13 15 11 11 9 8 7 5 5 5 6 7 8 8 9 11 9 9 9 9 8 7 6 5 9 10 7 6 8 11 9 11 63 28 44 65 32 59 58 28 19 13 12 12 10 10 10 9 11 10 10 9 8 8 8 7 8 14 21 23 15 7 8 13 15 14 13 12 11 9 9 11 10 8 6 6 7 8 9 9 9 9 11 14 15 13 10 9 9 9 8 7 6 6 6 6 7 7 8 8 11 21 28 42 53 36 48 83 23 44 61 29 13 14 13 11 12 10 8 10 10 10 10 10 9 10 14 14 14 15 20 21 17 12 13 13 11 10 11 11 12 13 14 14 12 10 8 8 8 6 5 6 20 62 63 30 37 64 38 9 9 
73 83 99 162 213 173 183 174 156 114 64 38 37 50 50 46 48 57 53 41 46 51 58 56 62 121 204 208 221 243 160 60 19 18 14 10 10 11 10 8 9 10 11 10 8 10 15 11 10 13 14 13 10 9 12 15 10 9 9 10 10 11 16 9 7 9 9 9 10 9 10 10 10 9 10 12 20 18 10 8 11 9 10 10 12 12 10 8 9 12 14 10 10 9 7 6 4 4 4 5 6 7 7 9 10 8 7 8 8 8 8 7 6 9 10 7 7 9 10 11 17 55 44 102 70 62 123 45 62 72 10 10 11 11 11 9 7 9 8 8 7 7 8 8 7 8 11 16 18 14 7 7 13 14 12 11 11 10 8 9 11 10 8 6 6 7 7 8 9 9 9 10 12 14 12 9 7 8 8 7 7 7 6 6 6 6 7 5 11 8 27 112 31 79 83 34 74 87 29 52 19 11 14 12 9 11 10 9 9 7 7 9 9 9 9 9 10 11 12 14 15 14 11 11 11 8 7 9 10 10 11 12 10 7 7 7 6 7 7 5 6 15 51 67 35 47 64 62 20 8 
63 78 90 137 150 93 66 75 79 68 50 42 44 44 40 41 40 35 36 46 48 44 50 68 99 154 204 205 212 240 210 120 33 9 11 8 7 8 8 7 8 10 10 10 7 10 13 10 9 12 12 13 10 8 11 14 9 9 9 10 11 11 17 9 8 9 9 8 9 9 10 10 10 9 10 11 18 16 8 7 10 9 10 9 10 10 9 9 9 12 14 10 10 8 7 6 5 5 5 6 6 7 7 8 9 7 6 6 7 7 7 7 6 8 9 7 7 8 6 9 16 32 42 115 45 59 115 33 75 106 6 8 8 8 8 7 5 7 6 6 6 6 7 7 7 7 8 10 11 10 7 7 9 8 7 8 8 7 7 7 9 9 7 6 6 7 7 7 8 8 8 8 9 9 9 7 6 6 6 6 6 7 6 6 6 6 6 5 6 15 23 119 32 76 93 25 100 125 20 29 11 7 11 10 7 8 8 8 7 6 6 8 7 7 7 6 6 7 6 7 7 7 8 8 7 5 5 7 8 7 8 9 7 5 6 7 5 5 6 6 7 10 40 61 41 54 62 80 39 8 
46 52 55 80 84 54 39 45 47 42 39 41 43 38 36 42 45 41 46 59 59 54 68 110 164 199 206 193 206 227 233 187 74 12 10 9 8 7 7 8 8 9 10 9 7 10 13 9 9 11 10 11 9 6 9 13 10 9 8 10 10 11 16 9 8 9 9 8 8 9 9 10 9 9 9 10 16 14 8 7 10 10 10 9 9 9 9 9 9 12 13 9 10 8 7 7 6 7 6 6 6 7 6 7 8 6 5 6 6 6 6 6 6 7 7 7 7 7 7 5 14 62 28 75 63 34 89 56 33 47 8 8 10 8 8 8 7 8 6 6 6 6 6 6 6 7 8 8 8 9 7 6 7 6 6 7 7 7 7 7 8 8 7 6 6 6 6 6 7 7 8 8 7 8 8 7 6 5 5 5 6 6 6 6 5 5 5 5 10 10 12 65 34 81 54 46 105 49 32 32 10 6 9 10 7 8 8 8 9 8 12 14 9 9 9 7 7 8 7 7 8 7 7 7 6 5 6 7 7 6 7 7 6 5 6 7 5 5 6 5 7 8 33 56 47 52 55 76 57 16 
35 36 35 47 50 43 34 39 39 36 39 44 43 40 41 44 49 51 50 49 46 51 68 104 154 189 198 199 210 214 235 230 133 36 9 11 9 6 6 8 9 10 10 9 8 11 13 9 8 10 8 10 9 5 9 14 10 10 8 9 9 10 16 9 8 10 9 8 8 9 9 9 9 8 8 8 14 13 8 7 10 10 10 9 9 8 9 9 9 11 12 9 9 8 7 7 6 6 6 6 6 6 5 6 8 6 6 6 7 6 6 6 6 6 6 7 8 8 7 6 13 43 17 35 40 16 44 39 12 15 7 9 11 7 6 7 7 8 6 6 6 6 6 6 6 7 8 6 6 8 7 6 7 6 6 7 8 7 7 7 8 9 7 6 6 6 6 6 6 7 7 8 7 7 8 8 7 6 5 5 5 5 5 5 5 5 5 5 9 9 8 23 22 47 24 33 56 11 27 23 9 6 9 11 8 9 9 9 9 9 15 17 9 8 9 7 7 8 8 8 9 8 7 6 6 6 6 7 6 6 7 7 6 6 7 6 5 5 5 5 6 6 30 60 58 51 50 64 74 29 
28 33 34 39 41 43 39 45 42 41 46 46 45 47 49 46 46 49 42 30 27 40 57 75 99 132 159 185 201 208 220 243 194 82 16 12 11 6 5 8 8 9 10 9 9 11 13 9 8 9 8 10 9 7 11 15 11 10 9 9 9 10 16 9 8 10 10 8 9 9 10 9 9 8 7 8 14 14 8 8 11 10 10 10 9 8 9 9 9 11 13 9 9 8 7 7 6 6 5 5 5 5 5 6 8 6 6 7 7 6 5 5 6 6 6 7 8 8 8 7 10 9 10 10 9 9 9 11 7 9 6 9 10 6 5 6 6 6 5 6 6 6 6 5 5 7 7 6 5 8 7 6 7 6 7 8 8 7 7 8 9 9 7 6 6 6 6 6 6 7 8 8 7 7 8 8 7 6 6 6 6 5 5 6 6 5 5 6 6 10 8 5 9 9 9 11 6 7 14 9 8 7 9 12 9 9 9 9 9 8 15 18 7 7 7 7 7 7 7 7 8 7 6 6 6 6 7 7 6 7 7 7 6 6 6 5 6 5 5 5 6 5 26 67 64 56 50 58 86 47 
22 38 46 48 44 38 44 52 45 47 51 46 50 53 51 45 37 27 22 21 24 33 49 57 52 58 83 119 161 208 197 227 239 147 38 11 13 9 6 9 7 7 9 9 9 12 12 9 8 8 8 9 9 10 13 16 12 11 10 11 11 11 16 10 9 11 11 9 9 10 10 10 9 9 8 9 15 15 10 10 10 10 9 10 9 9 9 10 10 12 15 12 11 9 7 7 7 6 6 5 5 5 6 7 7 6 6 7 6 6 6 5 5 6 7 7 7 8 10 8 6 6 5 9 10 9 7 5 6 9 7 6 8 8 6 6 6 5 5 6 7 7 6 5 5 6 6 6 6 6 6 6 6 7 8 9 9 8 7 7 9 9 7 6 7 7 6 7 8 8 7 7 7 6 7 8 7 6 7 6 6 6 7 7 7 6 6 6 7 9 8 7 7 6 7 6 5 8 6 3 6 8 11 13 10 8 10 10 9 8 13 20 7 8 6 6 7 7 6 6 6 6 6 6 7 7 7 7 8 8 8 8 6 5 5 6 6 5 5 6 7 5 21 70 56 65 57 63 84 66 
18 40 59 57 49 49 52 53 50 51 50 49 56 54 43 34 25 18 17 25 49 55 63 64 54 49 54 61 85 161 208 223 238 207 101 19 6 13 15 10 7 6 7 6 7 10 11 8 8 7 7 7 8 8 11 14 9 8 7 8 8 10 15 9 8 9 9 9 9 8 8 7 7 8 8 9 14 13 8 7 7 8 7 7 6 6 7 8 8 10 14 10 8 7 5 5 6 6 6 5 4 4 5 5 6 5 6 8 8 9 8 6 7 7 7 7 7 7 7 8 9 7 5 8 8 8 7 5 6 8 7 6 8 8 6 6 6 5 5 6 7 7 6 5 5 6 6 7 7 6 6 6 6 6 6 7 7 7 7 8 10 9 7 6 6 6 5 5 5 6 6 5 5 7 10 9 7 5 4 3 4 5 5 6 7 7 7 5 5 7 7 6 7 7 6 5 4 7 6 4 7 6 7 9 8 9 11 12 10 9 15 23 8 8 6 6 7 7 6 6 6 6 6 5 6 6 7 8 8 7 7 7 6 5 4 5 5 6 6 6 7 5 19 68 66 53 43 54 67 78 
9 27 50 50 44 51 56 51 53 52 51 57 59 45 30 22 19 19 28 47 62 67 76 83 83 78 70 56 62 90 139 201 236 233 184 61 12 12 13 6 6 9 9 8 8 12 14 11 9 8 7 7 7 8 11 17 11 10 8 10 11 12 16 10 8 10 10 11 12 11 9 9 9 10 12 13 16 14 8 9 9 11 10 10 10 10 10 11 11 12 14 10 8 7 6 6 7 8 8 7 7 7 7 10 12 10 9 9 8 7 8 9 9 10 9 9 9 9 9 10 12 9 10 20 15 8 9 7 6 8 7 7 9 8 7 6 6 6 5 5 6 6 6 6 6 6 7 8 8 7 6 6 6 7 7 7 7 7 7 9 11 9 7 7 8 8 7 7 7 8 9 9 8 6 5 6 6 5 6 6 6 7 7 7 7 7 7 6 6 7 7 7 7 7 6 5 5 7 7 7 9 9 11 12 9 8 9 9 8 10 17 25 9 8 7 7 7 7 7 6 7 7 7 6 7 7 7 8 8 8 9 9 8 7 7 7 6 6 7 7 7 6 17 55 67 43 29 38 39 68 
13 26 47 52 49 56 54 48 52 51 54 61 51 33 20 16 21 31 56 87 89 93 97 101 103 94 82 74 71 66 90 144 202 238 214 126 42 15 13 10 10 10 11 9 9 12 13 11 11 10 9 8 8 9 11 15 11 10 9 10 12 12 17 12 11 12 13 14 15 14 13 12 12 13 15 16 18 17 12 13 13 17 17 17 16 15 16 16 15 18 21 17 15 16 15 15 15 14 13 13 13 14 14 16 17 15 14 15 14 14 16 17 17 17 17 17 15 16 16 15 20 14 19 33 24 16 18 16 16 17 16 15 17 17 14 13 14 14 13 13 14 14 14 14 14 14 14 15 15 14 13 13 14 15 15 15 15 14 14 14 15 14 12 11 13 15 14 12 12 13 15 15 12 12 13 15 14 13 14 14 14 14 14 14 13 13 12 12 13 14 14 12 13 13 13 13 12 13 14 16 16 16 18 20 17 18 20 21 17 17 24 33 17 15 14 13 14 14 14 13 13 14 14 14 14 14 13 14 14 14 14 14 13 12 12 14 13 13 14 12 14 12 18 50 72 51 36 41 39 67 
25 31 46 54 54 55 52 47 51 50 58 60 38 23 15 17 31 52 86 119 117 122 121 118 116 105 92 88 85 69 71 91 152 237 224 182 89 31 22 24 22 25 24 23 23 25 25 24 25 24 23 22 23 24 26 27 23 24 23 25 26 25 30 26 25 26 27 28 29 30 29 28 28 29 30 30 33 32 27 30 30 34 34 33 32 31 32 32 31 32 33 29 30 31 30 29 28 27 27 27 27 28 28 29 28 27 27 28 27 28 30 28 25 26 30 30 26 25 24 23 31 24 25 35 26 25 25 24 25 26 23 23 25 25 23 23 24 25 24 23 24 25 26 26 26 28 28 26 25 27 27 25 25 26 28 28 29 28 27 26 27 28 25 22 26 30 30 27 25 27 30 30 26 25 28 30 29 28 30 30 28 27 27 28 29 29 28 28 29 31 30 27 27 28 30 31 30 28 30 32 31 29 31 32 31 33 36 38 32 31 35 45 31 30 28 27 28 28 28 26 26 26 28 28 28 27 26 26 26 27 26 26 26 24 25 29 32 29 28 25 28 25 25 46 69 62 50 50 53 71 
34 33 41 54 56 50 52 50 52 52 60 53 25 17 16 26 50 79 111 136 138 144 142 133 125 114 105 99 96 81 71 61 107 215 224 218 147 62 35 39 34 40 39 38 39 41 40 38 39 38 37 37 38 40 41 40 37 40 39 41 42 39 42 39 39 40 40 41 42 44 44 43 43 43 42 42 46 45 42 46 45 48 46 44 43 43 45 45 44 43 42 40 41 42 40 38 38 39 38 38 39 39 39 40 39 38 39 38 36 37 37 32 28 30 37 39 33 31 30 29 39 32 28 30 24 28 27 27 29 30 27 26 29 29 28 29 31 31 31 31 31 32 34 35 35 37 36 31 30 33 34 32 31 32 34 36 37 36 35 34 37 40 35 30 34 41 41 38 37 38 42 40 36 33 36 39 39 39 43 43 39 37 38 40 41 42 42 42 43 44 44 40 39 41 46 48 46 40 41 43 41 39 41 42 41 42 44 45 43 43 41 51 42 42 40 40 40 41 41 39 38 38 40 41 40 39 39 39 39 41 40 39 40 37 37 44 49 41 38 36 41 38 33 43 61 70 63 58 71 75 
27 24 29 47 54 45 57 55 55 56 57 39 16 15 23 44 77 108 129 141 145 152 155 147 135 128 125 115 103 78 69 64 87 155 222 235 206 106 44 35 35 35 34 34 35 37 36 34 30 31 31 32 33 34 35 34 33 37 36 37 38 34 33 32 32 32 32 32 34 35 35 36 35 33 31 31 35 36 34 38 33 35 33 30 30 31 33 35 34 35 36 36 38 37 33 31 33 36 35 35 34 34 34 34 35 34 34 31 26 25 25 21 18 20 28 31 26 29 35 29 37 34 29 29 22 24 23 23 26 26 23 22 25 27 27 28 31 31 30 30 29 30 33 34 34 30 23 19 17 20 22 21 19 19 21 24 26 26 26 26 29 31 26 22 24 29 30 28 27 28 29 28 25 22 23 27 28 30 34 35 32 31 32 33 33 33 33 34 34 36 37 34 33 35 39 40 38 33 31 31 30 34 38 37 35 33 31 30 35 38 32 39 36 38 36 39 40 42 42 40 39 39 40 40 40 40 41 42 43 45 43 42 43 40 39 45 46 33 32 35 43 42 38 42 53 70 68 58 78 74 
17 17 22 42 61 59 59 57 58 62 46 22 15 24 44 69 92 116 136 149 173 164 160 147 120 104 111 133 112 72 62 79 78 89 187 233 240 168 65 21 21 20 18 17 18 19 20 20 19 20 21 21 21 21 21 19 18 20 19 19 20 19 22 22 21 20 21 22 23 23 24 24 23 22 20 20 24 23 23 26 22 23 22 22 22 23 24 24 23 21 20 21 22 20 16 17 17 14 14 15 16 16 16 15 14 16 20 20 19 20 29 40 38 40 45 46 42 38 35 26 27 30 29 34 30 28 28 28 29 28 28 28 30 33 33 35 37 36 35 34 33 34 37 38 37 38 38 37 35 35 36 37 38 37 39 41 43 45 45 42 39 39 35 33 36 37 32 29 29 29 29 26 24 22 22 22 19 17 16 15 16 18 17 17 16 15 15 16 17 18 19 17 15 16 18 17 16 14 12 10 11 15 17 19 22 23 24 23 21 22 16 21 19 20 20 23 25 27 28 28 27 28 27 27 27 28 28 29 30 27 24 24 25 21 17 20 21 12 13 16 21 22 23 32 45 59 69 61 77 80 
15 13 17 34 57 65 58 54 58 65 39 15 18 42 66 81 83 97 122 140 158 142 142 137 109 91 99 117 105 91 79 68 63 77 148 215 233 230 128 29 18 20 17 15 15 15 16 16 15 16 17 17 17 16 16 18 17 18 16 16 18 16 17 17 15 13 14 17 18 18 18 18 17 16 16 16 18 18 17 22 18 20 20 19 19 19 18 18 16 15 16 17 18 16 13 16 17 15 17 18 21 23 24 29 38 41 45 43 38 37 36 34 33 33 33 31 29 29 31 27 28 31 25 28 28 28 30 31 28 27 29 30 30 33 34 35 37 34 34 35 34 35 38 39 38 36 36 39 39 35 34 38 40 39 38 38 38 39 40 41 41 39 36 40 44 41 38 38 40 39 36 34 32 29 30 32 31 31 32 32 31 31 32 33 34 34 34 35 35 36 36 31 27 28 30 29 28 27 22 19 22 24 24 25 26 25 23 21 18 20 16 19 16 16 18 19 20 23 25 25 25 26 25 25 25 24 24 25 25 26 25 26 28 22 16 17 17 8 9 10 10 10 12 14 24 36 55 55 64 79 
13 13 14 26 52 65 58 56 60 58 33 17 29 54 66 72 73 84 106 124 136 132 125 112 108 80 64 83 98 95 68 61 61 70 117 195 235 235 187 69 21 19 20 16 17 18 16 18 16 15 15 16 17 17 16 18 18 18 16 16 16 15 15 15 14 14 14 15 15 15 15 16 16 16 16 16 18 19 18 17 16 18 17 16 16 16 15 15 16 17 19 21 23 23 25 29 30 28 30 33 37 39 39 39 41 42 42 39 34 34 33 30 30 32 32 29 28 28 31 31 32 31 28 29 29 30 31 33 35 36 36 36 36 35 37 42 44 41 41 43 41 39 39 39 38 36 35 36 36 35 37 41 43 42 42 41 41 41 41 41 41 41 40 39 40 40 39 40 41 42 41 40 40 39 39 40 39 38 38 37 37 37 39 38 36 35 36 37 38 39 40 38 36 36 37 37 37 38 36 33 32 32 32 32 32 32 30 28 28 31 31 34 35 35 36 34 33 33 32 32 31 31 31 30 29 29 29 31 32 33 33 32 32 32 30 27 23 19 19 16 13 11 10 9 11 19 29 28 35 46 
13 14 14 20 46 66 62 60 63 52 29 20 33 47 53 57 64 76 95 110 121 125 108 87 87 58 37 47 73 85 64 62 62 65 91 177 227 222 228 128 41 20 20 16 18 19 16 18 17 15 14 16 17 17 15 16 17 17 16 16 16 14 13 13 14 16 16 15 15 15 15 16 16 17 17 17 18 20 18 15 15 16 16 16 17 18 18 19 21 24 27 29 31 33 35 39 39 36 36 37 40 39 38 37 38 38 36 34 32 33 31 28 29 32 33 31 32 32 32 35 36 34 33 34 35 36 35 37 41 43 42 41 40 38 39 44 45 42 41 42 39 38 38 38 37 36 35 34 33 35 37 40 41 40 41 41 41 41 41 39 39 41 40 37 36 38 38 38 38 40 41 42 42 42 42 41 41 39 38 37 38 39 42 41 39 39 40 40 39 41 42 42 41 40 41 42 42 43 43 41 38 38 38 39 39 38 37 37 37 39 40 43 44 45 45 41 39 39 38 38 38 38 38 38 37 36 37 37 39 39 39 38 37 40 42 37 33 36 35 29 25 21 17 14 12 17 17 13 16 21 
14 15 14 17 37 66 69 64 65 48 27 23 29 27 34 44 55 70 86 96 107 110 88 66 53 32 27 21 36 61 66 66 61 61 71 158 210 212 247 189 85 30 17 16 16 15 16 15 16 14 14 15 16 14 13 14 16 15 15 16 16 14 12 13 15 17 17 16 15 16 16 16 16 16 17 16 16 19 18 15 16 18 20 23 24 25 25 27 29 33 36 37 38 37 38 40 39 35 33 31 30 29 28 30 35 36 35 34 35 37 35 29 31 34 33 32 38 40 37 40 41 39 39 41 43 43 41 40 42 43 43 43 41 39 38 39 39 36 35 35 32 33 35 37 36 35 35 34 33 33 35 37 36 35 36 37 38 39 39 37 36 38 37 36 36 38 37 36 37 38 39 40 40 41 41 40 39 38 38 38 38 40 42 43 44 45 46 44 43 43 43 43 41 40 41 41 40 40 42 41 40 41 43 44 44 42 41 41 41 41 41 41 41 41 41 40 39 40 40 42 44 45 45 45 45 44 44 43 43 43 44 44 42 45 46 41 43 48 48 42 38 34 30 28 27 29 25 17 15 17 
15 16 14 13 27 65 71 66 68 45 26 27 28 18 22 31 41 52 61 66 66 69 60 54 49 33 30 17 14 26 48 59 54 54 63 126 200 219 249 230 161 51 18 19 17 14 16 13 12 12 12 14 15 15 15 17 19 18 18 19 19 18 18 18 19 19 18 15 14 15 15 14 12 10 11 12 16 20 22 22 26 32 35 35 36 35 34 33 34 34 33 34 33 32 30 31 32 33 31 31 33 37 40 37 30 31 32 32 34 38 38 36 40 40 35 35 45 53 53 54 51 47 45 47 46 42 39 37 38 39 40 39 39 38 37 37 38 38 39 39 37 36 37 37 35 36 38 37 36 36 37 39 38 37 37 39 40 41 41 40 40 41 42 42 42 44 42 39 39 40 42 43 43 46 46 45 43 43 43 44 44 43 41 40 38 36 34 38 41 40 39 38 37 35 34 32 33 35 39 41 42 41 42 45 44 41 40 42 41 41 41 42 43 44 45 48 49 49 48 49 50 52 49 49 51 52 53 52 52 52 54 53 49 48 47 44 43 46 48 45 43 42 40 43 47 43 35 27 22 26 
19 18 17 14 22 57 63 69 76 48 27 33 27 17 18 22 27 32 35 39 44 42 34 28 45 48 24 19 20 19 25 44 59 66 59 103 195 216 215 232 222 105 37 21 21 20 19 16 17 16 17 20 22 21 20 18 19 18 18 19 19 18 17 15 13 13 13 14 14 16 20 24 25 27 31 38 46 47 45 41 40 41 41 39 37 35 32 29 28 28 30 31 32 31 30 31 34 36 32 30 29 30 29 31 35 37 38 38 38 40 46 55 56 53 45 41 49 52 46 45 41 35 33 34 35 35 35 35 36 37 38 38 39 40 40 38 40 43 41 38 43 48 48 48 49 50 51 51 51 51 52 53 54 55 55 55 55 55 55 50 45 46 47 47 48 48 47 45 45 46 46 48 48 50 50 48 46 46 48 49 52 53 52 56 61 63 61 56 53 53 53 53 52 52 50 48 47 47 44 39 34 35 38 41 40 37 37 39 41 41 41 42 43 45 47 43 40 38 36 36 37 37 39 40 42 43 44 44 45 46 48 48 46 44 43 42 39 40 41 42 43 44 46 55 59 39 27 25 21 26 
20 18 19 16 20 46 65 86 96 58 30 34 23 15 15 18 23 24 26 26 26 38 39 22 51 100 44 26 65 51 19 28 45 58 48 98 184 195 214 244 231 168 74 25 20 21 18 18 18 17 17 17 17 17 16 14 15 16 17 20 21 20 18 17 17 20 24 27 29 32 38 42 41 39 41 44 44 41 39 37 35 33 32 31 30 29 28 27 27 27 30 32 34 34 34 35 33 29 30 34 40 46 48 45 40 43 45 44 43 42 43 42 40 39 36 32 34 36 34 35 34 32 32 35 37 37 39 40 41 42 41 41 42 44 43 39 38 41 50 63 73 74 65 57 56 53 48 48 48 48 47 47 47 48 48 48 48 48 48 45 42 42 43 43 43 43 43 43 43 44 45 45 45 45 44 41 40 40 42 43 42 40 40 43 48 49 48 47 47 47 48 50 51 51 54 58 63 69 68 59 50 42 40 43 42 40 39 41 44 44 41 40 39 39 40 41 41 40 41 41 43 45 46 45 44 43 43 44 45 40 39 41 43 43 43 45 48 50 51 52 51 52 54 55 51 29 22 29 34 45 
18 17 18 17 18 35 75 115 119 68 31 32 20 13 13 17 21 20 19 20 27 66 73 26 35 81 32 29 81 58 14 24 33 43 43 88 181 196 207 235 233 215 122 39 21 19 15 18 15 14 14 14 14 14 15 17 19 21 24 30 34 33 30 31 33 37 40 41 40 40 44 46 42 37 36 36 35 32 32 34 33 32 32 30 29 29 29 30 31 31 33 36 37 37 37 37 39 40 41 43 46 46 45 41 37 40 42 41 39 38 38 37 35 36 37 34 34 33 32 34 35 34 36 40 39 38 41 43 43 41 40 39 40 43 42 39 38 40 55 75 86 84 68 56 54 51 47 47 47 46 43 42 40 40 40 41 42 43 43 43 42 41 41 42 42 42 41 41 42 42 43 43 44 43 42 40 39 39 40 40 43 45 44 45 46 45 43 43 43 44 45 47 49 50 53 58 67 78 80 72 63 48 42 43 44 43 43 43 44 43 42 40 39 39 39 39 39 38 39 40 41 42 41 39 38 37 38 40 42 45 45 46 49 48 47 48 53 54 54 54 51 50 52 49 42 24 21 35 50 65 
17 16 17 17 18 26 85 143 137 75 32 29 19 12 13 17 19 17 17 19 26 72 82 28 17 41 15 23 62 42 12 40 31 34 43 75 179 206 196 216 228 239 172 75 32 19 15 18 14 13 13 14 15 17 20 24 27 29 33 40 45 44 39 40 43 46 45 42 39 38 40 40 38 34 33 33 33 32 34 35 34 35 37 34 32 32 34 37 39 40 43 46 47 46 44 44 44 43 44 45 45 41 38 35 35 37 37 36 34 34 34 34 32 34 37 36 35 34 35 38 38 37 37 40 39 37 40 42 40 37 36 35 36 39 40 39 38 39 49 63 71 70 58 50 49 50 49 50 51 49 46 44 41 39 40 42 44 46 47 46 44 42 43 45 45 44 43 42 43 43 43 44 44 45 44 43 42 41 42 42 46 49 49 50 51 50 50 50 50 50 51 52 54 56 55 56 63 72 73 67 59 48 43 43 44 46 46 44 42 42 41 41 41 41 41 41 41 41 41 41 40 40 40 39 39 40 43 46 49 56 55 53 56 54 50 49 51 51 50 50 45 42 43 44 38 24 21 31 47 59 
19 19 18 20 21 22 89 162 145 76 32 29 23 14 13 15 17 16 19 23 15 38 47 21 10 16 9 12 22 15 17 74 38 33 46 66 174 211 190 200 216 238 215 137 57 22 16 18 16 16 17 18 20 25 28 31 33 33 35 40 44 41 35 35 36 37 34 30 28 27 29 31 33 36 38 39 42 42 43 39 34 37 40 36 34 34 39 46 50 53 57 60 61 58 56 54 47 35 37 39 42 42 40 40 42 42 41 38 37 38 37 34 31 33 35 34 33 35 39 42 41 38 35 36 36 36 38 39 36 34 33 33 34 37 39 39 38 37 35 33 38 41 41 42 45 48 52 54 56 55 54 52 48 46 47 49 51 53 54 50 45 44 45 48 49 48 46 45 46 46 46 47 47 48 49 49 48 47 46 45 45 46 50 53 55 57 59 63 64 63 62 62 63 64 59 56 56 55 53 47 42 43 43 42 44 47 47 44 40 40 41 42 44 44 44 46 48 49 49 49 47 45 49 52 53 54 57 59 61 64 58 54 55 53 47 44 44 42 42 44 40 36 37 44 38 28 20 18 23 24 
26 28 24 27 30 23 84 164 139 73 32 32 29 15 11 12 13 16 27 38 17 12 10 13 11 13 14 11 13 12 32 110 37 25 40 68 160 187 204 218 192 213 240 221 102 30 21 19 19 18 18 18 21 25 27 25 25 22 20 21 21 19 17 17 18 21 24 25 27 28 26 25 27 29 30 29 28 32 35 30 26 32 36 28 28 31 40 53 61 63 62 65 66 64 60 59 59 60 61 63 64 64 61 64 70 66 60 55 55 57 60 58 54 53 52 49 49 48 47 50 49 45 41 42 40 38 40 39 37 36 37 38 38 39 40 38 35 31 35 39 36 35 37 38 38 36 35 38 42 45 45 44 43 43 43 44 44 45 45 44 42 41 43 47 49 47 47 48 48 48 48 49 49 50 50 49 49 47 45 44 46 49 51 51 47 46 47 49 48 45 42 41 40 40 42 42 40 41 43 45 46 46 44 41 44 48 48 44 41 41 41 41 40 38 37 38 41 45 49 51 51 50 52 52 52 50 47 45 42 44 40 36 41 42 38 36 41 42 43 47 44 41 43 44 38 35 23 13 13 10 
27 27 31 33 31 28 49 135 170 73 33 34 31 20 10 9 12 17 63 143 27 13 9 9 13 12 17 11 11 10 19 39 18 15 26 78 178 203 186 212 196 195 223 241 196 81 22 23 25 25 24 24 25 23 21 22 19 18 19 21 21 19 17 18 16 16 18 17 15 16 17 17 17 20 21 19 18 19 20 19 20 20 19 16 15 16 17 17 18 19 17 21 24 24 24 26 29 32 34 38 40 42 42 44 49 54 56 55 55 58 63 68 67 70 70 65 64 65 65 64 61 59 56 54 52 53 56 56 53 50 51 50 53 57 53 52 48 49 53 47 39 38 41 40 41 40 38 41 44 44 42 40 38 38 38 37 37 37 37 35 35 36 36 35 34 34 36 39 41 43 43 43 42 42 42 40 38 37 39 40 41 41 40 39 39 40 41 41 40 41 42 42 42 42 41 41 43 44 44 42 41 41 43 41 39 40 42 43 44 45 46 54 61 61 56 53 54 56 57 56 52 50 45 43 43 43 42 41 40 38 40 41 40 41 40 35 34 33 39 54 58 43 28 24 22 19 18 16 17 17 
20 20 22 23 24 23 31 98 163 86 35 33 33 20 14 11 11 18 45 77 18 11 11 11 13 9 12 10 10 11 11 14 13 17 26 92 175 197 190 211 212 208 225 242 221 127 47 30 28 28 30 30 28 29 32 29 29 28 27 26 26 26 27 28 26 25 28 27 25 25 26 24 24 26 27 24 22 22 22 22 23 23 22 19 18 18 19 18 19 20 20 24 26 25 24 26 26 24 25 26 26 26 25 25 26 29 31 30 30 33 36 37 39 44 48 49 51 52 50 52 53 53 52 52 53 56 58 58 55 54 55 55 59 64 62 64 61 64 73 70 60 59 61 60 60 60 59 59 60 60 58 56 55 55 55 55 54 54 53 51 49 52 53 53 53 55 54 53 53 54 52 50 47 47 47 46 44 42 41 41 41 41 40 40 41 43 44 42 41 42 42 42 42 41 42 42 43 44 44 45 45 44 45 44 42 44 48 48 48 49 52 54 54 51 48 46 46 47 46 44 42 40 38 38 38 38 37 37 36 36 39 40 39 41 40 36 26 21 25 33 33 24 16 12 11 10 9 9 8 9 
17 17 17 18 19 20 21 64 150 104 38 31 35 27 15 10 10 15 25 28 14 10 11 12 13 9 11 12 11 12 11 10 28 26 28 113 180 193 193 198 213 213 217 230 231 183 92 41 25 29 30 28 27 28 30 31 33 32 30 28 27 28 30 31 29 28 30 30 28 29 30 29 28 30 30 29 29 28 28 28 29 30 29 27 25 26 27 26 27 28 27 30 30 29 27 29 30 28 28 27 26 25 24 24 25 27 28 27 27 30 31 29 29 32 35 35 37 38 38 40 42 44 45 45 48 52 54 54 52 52 53 53 56 61 61 63 62 65 64 54 47 46 47 46 45 45 44 43 43 42 41 41 41 41 41 40 40 39 39 40 41 43 45 45 46 47 49 50 50 51 49 47 45 45 46 47 48 47 46 44 43 43 43 43 45 47 48 47 46 47 47 48 47 47 48 48 48 47 48 50 52 54 57 55 50 51 53 53 48 49 54 53 47 44 44 42 41 40 39 38 37 37 38 38 38 39 39 38 38 36 37 38 37 39 39 35 26 24 28 33 33 29 27 25 24 21 18 14 11 9 
18 17 16 16 17 19 18 40 129 124 46 28 36 32 16 11 9 12 15 10 13 10 11 12 13 10 12 13 11 12 12 16 51 31 32 132 188 192 195 184 204 211 204 214 230 229 147 65 24 26 25 24 23 22 22 26 28 28 26 23 23 24 26 26 25 24 25 25 25 27 28 26 26 28 28 28 31 30 29 29 30 31 31 30 29 30 30 30 30 31 30 32 31 30 29 31 33 34 33 32 31 31 31 31 31 33 33 32 33 35 37 34 32 33 33 31 32 34 35 37 38 39 40 40 42 45 46 46 45 45 46 46 48 51 52 51 51 53 45 32 28 27 28 26 25 25 24 23 21 20 21 22 22 22 22 22 21 21 21 23 25 27 28 28 28 29 31 33 34 35 35 34 34 33 35 37 39 40 39 38 36 36 36 37 38 40 41 42 42 43 43 44 44 45 47 47 45 44 45 46 48 54 58 56 49 47 47 46 39 41 48 46 40 38 41 39 37 36 36 36 37 38 39 40 40 40 41 41 41 37 36 36 36 38 39 37 32 32 37 40 40 39 41 40 39 37 33 28 23 20 
19 19 18 18 17 18 21 27 98 141 61 25 33 31 20 15 9 19 29 14 13 11 11 12 12 11 12 11 10 9 10 21 66 26 37 143 193 196 198 179 194 205 192 204 221 248 205 109 34 21 19 22 20 16 16 16 17 17 17 16 16 17 18 19 18 17 17 17 17 19 20 19 19 22 22 22 23 23 22 22 22 24 23 22 22 23 23 23 23 24 25 26 26 26 26 28 30 31 30 30 31 32 35 34 32 33 33 31 31 34 38 38 36 37 38 37 39 41 41 41 41 40 39 38 37 37 37 37 37 37 37 38 38 40 41 35 35 37 34 32 29 29 30 29 27 26 26 24 23 23 24 24 25 25 25 25 24 24 24 22 21 22 22 20 19 20 17 16 16 17 18 17 17 16 16 17 18 19 19 18 16 15 16 16 17 17 18 20 22 22 23 24 25 26 29 30 28 27 26 26 26 32 36 34 29 27 26 25 23 26 32 32 28 28 31 33 33 33 34 36 38 39 37 36 36 36 37 38 38 38 38 37 37 39 41 40 38 38 40 38 36 36 38 37 38 41 42 40 37 35 
15 16 17 18 16 15 24 21 57 153 86 24 27 37 22 8 14 81 88 13 10 10 12 13 12 11 9 9 11 11 6 8 29 14 53 147 190 196 199 198 202 205 194 209 213 236 250 197 89 29 20 26 19 17 25 18 17 16 17 19 18 17 15 16 17 17 16 17 17 16 16 16 16 18 18 18 18 18 17 17 17 18 17 15 15 15 15 16 16 17 18 18 18 18 20 22 21 17 17 17 18 21 23 26 29 30 29 27 27 29 30 27 26 28 30 30 33 35 33 32 30 29 27 25 27 30 29 29 29 29 28 30 31 32 35 29 30 32 30 33 32 32 33 33 32 30 30 31 31 32 32 32 33 33 33 33 33 32 32 34 35 36 35 32 31 31 32 32 31 31 29 28 27 28 29 28 26 25 24 24 21 20 20 21 21 21 21 19 18 18 17 18 19 19 18 17 17 17 16 15 14 15 16 16 14 15 16 15 15 17 18 18 16 15 15 16 16 18 19 20 21 21 22 22 22 22 22 23 24 25 24 23 24 25 25 26 28 29 29 29 30 31 30 28 28 33 37 39 39 38 
15 16 19 20 18 15 20 17 31 137 110 36 20 24 28 19 14 41 50 14 12 12 11 11 10 13 12 11 12 12 9 6 11 22 98 173 190 187 187 202 200 200 199 210 205 210 247 241 182 88 33 20 19 20 21 22 19 18 19 21 20 18 15 17 19 19 17 18 19 18 18 17 16 18 18 18 21 20 20 20 20 20 19 17 18 18 18 19 19 17 17 17 17 17 18 19 19 18 17 16 16 17 18 18 18 19 18 16 16 17 20 21 19 18 17 15 15 17 19 18 17 16 16 17 19 22 22 22 23 23 21 22 21 23 28 24 28 31 26 26 27 26 27 28 28 27 27 29 30 31 31 31 31 32 32 32 31 31 31 31 33 34 34 33 32 33 32 31 31 31 31 31 32 34 34 32 30 29 30 31 30 29 29 30 30 29 29 33 36 34 32 32 32 32 28 26 28 29 29 28 27 26 26 27 25 25 27 26 23 22 22 22 22 21 20 17 17 18 18 18 18 17 19 20 19 19 20 20 21 17 14 13 14 14 14 14 13 13 14 16 20 22 21 19 20 21 22 21 20 19 
17 18 20 21 19 16 17 16 21 98 127 63 24 24 25 20 14 18 20 11 13 13 10 10 9 14 13 10 8 9 13 17 10 44 146 192 192 184 181 193 194 195 203 205 202 203 226 244 229 168 79 32 25 21 16 19 18 18 18 19 19 19 19 21 24 23 18 17 19 19 20 18 17 18 18 18 18 19 19 19 18 17 17 17 18 17 17 19 18 17 18 18 18 18 19 19 19 17 17 16 16 17 18 18 19 20 19 17 16 17 17 16 15 16 16 15 15 18 19 18 16 16 16 18 18 17 17 19 21 20 19 18 15 17 23 18 24 27 20 20 20 19 19 21 21 20 20 21 23 23 23 22 23 24 24 24 23 23 23 23 24 25 26 26 26 26 26 25 26 27 29 31 32 30 28 27 26 27 29 31 31 31 31 33 33 32 32 32 32 30 29 29 29 30 30 30 31 32 33 33 33 33 34 34 31 31 31 29 28 28 29 30 30 30 29 29 29 29 28 28 28 28 26 25 24 23 23 24 25 21 17 16 18 18 17 17 18 19 19 18 19 19 16 16 17 18 18 19 20 20 
19 20 19 18 17 16 18 17 18 63 141 97 33 23 25 20 13 9 11 14 11 12 10 10 8 12 11 9 8 7 17 37 20 74 171 194 192 187 185 187 192 194 209 201 206 209 207 227 243 224 159 82 37 23 22 23 25 27 27 27 28 29 31 33 35 30 22 19 20 19 20 19 18 20 20 18 18 19 19 19 18 17 16 17 18 18 18 19 18 17 17 17 17 18 19 19 18 17 16 17 18 19 20 20 20 22 22 20 18 18 18 15 15 17 18 17 18 21 23 20 17 16 16 18 17 15 16 18 21 21 19 17 13 15 20 15 20 23 17 18 18 16 15 18 18 16 16 16 17 17 17 17 18 19 18 18 18 18 18 17 17 19 19 19 19 20 20 19 20 21 23 24 26 24 22 21 20 22 23 25 25 25 26 27 28 28 28 27 26 25 24 25 27 28 28 28 28 28 29 29 30 31 33 33 31 31 32 30 29 30 31 31 30 30 30 32 32 30 29 29 30 31 29 27 26 24 24 25 26 26 23 22 25 24 22 22 23 26 26 22 21 20 17 18 18 17 16 16 17 17 
20 20 18 17 16 17 20 18 16 37 136 146 50 24 26 21 15 13 20 31 10 12 10 12 9 9 7 8 10 9 19 44 43 119 175 185 189 191 193 187 192 194 207 197 207 214 202 212 234 244 230 157 78 42 37 34 38 41 40 39 42 46 45 43 44 38 27 21 21 19 20 19 19 21 20 19 18 19 20 20 19 18 17 18 20 19 18 19 18 17 16 16 17 18 19 19 18 17 17 18 19 20 21 21 20 22 22 20 19 19 18 17 17 19 20 19 19 22 23 20 17 15 15 17 17 15 16 19 22 22 19 18 14 14 20 14 18 20 16 17 18 17 18 17 17 16 17 17 16 15 16 16 16 17 17 16 17 17 16 14 14 15 15 16 16 16 16 16 15 16 17 17 18 18 17 17 16 16 16 17 17 17 19 20 21 21 21 22 22 22 22 23 25 26 25 24 23 22 22 22 23 24 26 27 27 27 29 27 26 27 28 28 27 26 27 29 29 27 26 26 27 28 28 27 25 25 25 25 26 28 26 25 28 28 25 24 25 27 28 25 23 23 21 22 21 18 15 13 12 12 
20 20 19 20 20 20 19 18 14 18 93 211 84 34 22 21 23 23 39 60 17 14 9 13 14 5 8 7 10 13 14 13 85 183 171 175 183 192 196 191 189 189 187 187 192 203 216 221 218 232 245 231 169 92 58 48 50 51 48 45 51 59 55 44 43 42 30 21 20 20 19 19 20 20 18 17 18 18 18 19 21 20 18 19 22 22 18 16 17 18 18 18 18 19 20 21 21 20 20 20 20 19 19 19 19 20 19 19 19 18 17 19 18 17 17 17 17 19 20 17 16 15 15 19 21 19 18 20 22 19 18 19 14 12 19 14 17 17 16 16 15 19 27 17 17 18 22 23 20 15 17 18 17 17 17 16 18 18 15 14 14 14 14 16 17 16 16 16 14 14 15 16 16 15 15 16 15 14 13 13 13 14 16 17 18 18 19 18 18 18 20 21 22 21 21 20 18 18 18 18 17 18 20 22 23 24 23 23 22 22 24 26 27 28 29 31 31 29 29 28 28 27 27 25 25 27 26 25 27 28 26 23 24 25 24 21 21 23 24 25 24 23 23 23 23 19 15 12 11 10 
19 18 18 18 19 18 17 21 21 20 56 165 153 107 33 20 23 12 11 23 10 11 9 4 6 9 9 6 16 12 14 50 151 168 188 189 191 195 195 188 182 173 173 176 178 182 187 193 213 226 244 251 233 186 143 86 65 51 65 91 77 59 61 44 50 51 28 19 20 18 17 18 20 21 20 20 23 23 22 23 27 27 23 17 19 18 16 17 19 22 25 24 23 22 22 22 21 20 20 20 20 20 20 19 19 20 19 18 18 17 16 16 16 16 16 17 18 18 17 16 16 16 15 18 18 15 15 17 19 18 17 19 18 17 20 19 17 18 20 21 16 15 54 33 19 28 42 44 29 18 16 17 16 14 13 12 15 18 19 17 16 18 20 20 19 18 18 18 18 19 18 17 16 15 16 17 17 15 13 12 14 15 16 16 15 15 15 14 14 14 15 16 16 15 15 15 14 14 15 14 13 14 15 16 18 19 19 19 17 16 16 17 17 17 17 15 15 15 15 16 17 17 21 21 21 22 21 20 22 25 24 22 23 24 23 20 16 16 16 15 14 13 13 14 14 13 11 10 9 10 
17 18 18 17 17 17 16 20 22 22 32 111 206 151 85 42 24 16 17 21 11 27 37 14 11 14 9 22 26 23 59 140 214 174 195 192 191 192 193 189 183 178 180 182 182 181 179 183 197 203 216 233 246 242 221 168 135 84 68 87 74 51 47 34 51 59 30 19 25 22 21 20 20 21 20 23 32 38 42 42 37 28 20 16 16 15 14 16 18 20 19 19 19 19 20 20 21 21 21 21 22 22 22 21 20 21 19 19 19 18 17 18 18 19 19 20 19 19 17 18 19 19 17 18 18 15 15 17 17 16 16 18 21 20 22 36 33 25 34 40 33 29 45 39 31 31 46 44 28 25 25 23 27 30 28 23 17 15 13 13 15 15 16 17 19 22 20 18 18 18 17 16 16 15 16 17 17 16 16 16 18 19 19 19 20 21 21 18 17 17 18 19 19 17 18 18 18 19 19 19 17 15 15 16 16 17 17 18 17 16 16 17 17 17 17 16 15 16 18 18 19 20 20 18 17 18 17 17 18 20 19 18 18 19 18 16 15 15 16 16 16 16 17 19 20 19 18 18 19 20 
16 17 17 17 16 16 17 18 18 22 22 71 198 163 151 91 40 27 21 14 12 26 34 14 16 31 20 14 37 73 124 156 192 177 189 185 183 186 189 190 188 190 191 191 190 188 184 185 189 188 191 202 218 235 236 219 210 148 97 91 76 53 42 32 50 57 28 17 22 22 21 20 20 20 20 25 38 47 52 51 42 28 20 18 16 15 15 17 19 19 19 19 19 20 21 22 21 19 19 20 20 21 21 20 18 19 18 18 19 18 18 19 20 20 20 19 19 18 17 18 21 21 18 19 20 19 20 20 18 16 16 17 18 18 25 59 71 42 32 31 27 26 31 36 33 27 35 30 18 29 35 27 25 28 30 26 19 17 16 17 18 16 15 15 17 19 18 17 16 15 14 15 16 17 17 17 16 16 16 18 18 17 17 17 19 20 20 17 16 16 17 18 17 15 16 17 17 17 18 18 17 18 18 18 18 18 18 18 17 17 17 17 17 17 16 16 16 17 18 18 18 18 19 17 17 17 16 15 16 17 16 16 16 16 16 14 14 14 15 15 16 17 18 20 20 20 19 19 20 22 
16 16 17 16 16 15 17 16 14 20 17 43 162 169 179 140 93 62 34 18 16 22 25 12 18 32 26 31 84 142 173 164 182 184 182 178 176 181 187 189 191 195 194 194 193 191 190 191 191 188 184 184 192 208 216 222 236 200 154 133 106 79 56 45 54 53 28 17 20 22 21 21 21 22 24 26 32 37 40 38 33 23 19 20 17 16 17 19 19 19 19 19 18 19 19 20 19 18 18 19 19 20 20 19 19 20 18 18 20 19 19 20 21 21 21 20 19 18 18 19 22 22 19 20 21 22 23 22 19 17 17 16 15 18 29 72 108 66 34 38 32 27 39 39 26 23 32 25 16 36 45 33 30 33 37 29 20 17 18 19 18 16 16 18 19 17 17 18 17 15 15 16 18 20 20 19 17 16 17 18 19 18 17 17 18 19 19 17 16 16 17 17 17 15 16 17 17 17 17 17 18 19 20 19 18 17 17 17 17 18 18 18 17 16 16 15 16 17 17 16 16 16 18 17 16 17 16 15 16 16 16 15 15 16 15 14 14 15 15 15 15 15 16 17 17 17 16 16 17 19 
15 16 16 16 15 15 16 15 12 17 15 26 118 175 170 174 164 121 73 52 40 33 28 25 36 44 59 91 150 189 188 179 194 188 179 175 174 178 185 187 190 192 190 189 189 189 192 195 198 198 195 188 185 187 188 193 212 218 208 191 159 133 106 89 83 72 53 43 43 44 46 47 48 51 55 53 44 43 40 39 41 40 38 37 35 36 38 40 39 37 36 35 34 33 32 32 32 33 33 34 35 35 35 36 36 36 34 34 35 35 34 35 36 36 36 35 34 34 33 33 35 35 33 34 34 33 34 33 30 30 30 31 30 35 48 81 139 97 47 59 48 40 65 55 26 35 55 47 37 60 68 56 55 60 61 45 26 19 18 19 18 16 18 21 21 18 17 19 18 17 18 18 20 22 23 22 20 17 17 17 19 20 19 18 18 18 19 18 17 16 17 18 18 17 18 18 18 17 17 18 19 19 19 18 17 17 16 16 17 18 18 18 17 17 16 15 16 17 16 15 15 15 18 18 16 17 16 15 16 16 16 16 16 16 16 15 17 17 17 15 14 14 14 14 14 14 13 13 14 16 
15 15 15 15 15 14 15 16 15 15 13 18 80 176 157 179 209 191 159 147 111 82 64 75 110 133 183 197 182 157 159 182 186 169 185 180 177 180 184 184 185 186 186 185 185 187 192 195 200 207 211 207 200 194 186 172 174 188 203 208 208 216 215 192 168 152 141 137 134 130 133 136 137 141 147 146 135 131 123 121 126 127 116 102 102 106 112 116 112 106 101 99 98 96 96 96 93 89 90 91 91 92 93 93 93 93 89 86 89 87 85 87 88 89 91 91 91 88 82 82 85 83 79 82 80 76 78 77 77 81 81 85 84 93 102 109 167 141 67 58 54 60 84 90 64 84 120 115 100 120 125 120 117 116 115 91 56 38 27 28 27 20 17 19 20 18 15 14 15 16 17 16 15 15 16 17 16 15 14 15 17 19 19 18 17 16 17 16 15 14 15 17 17 18 17 17 17 16 16 16 17 19 20 20 20 20 20 20 16 14 15 16 17 18 18 18 19 20 19 17 18 20 19 17 17 17 17 16 17 17 17 17 17 16 16 16 18 19 19 18 16 16 16 16 16 16 15 16 17 19 
14 14 14 14 14 15 15 15 17 13 13 14 46 149 175 169 155 169 193 195 176 178 187 192 194 164 164 150 162 188 197 180 178 193 189 184 181 182 182 180 180 183 185 189 191 191 192 192 195 200 209 215 214 210 204 195 187 173 158 160 191 214 201 199 199 204 213 220 219 214 218 219 211 206 209 211 216 220 217 214 211 197 189 200 202 207 213 215 211 210 212 212 213 216 220 223 225 226 226 226 226 228 228 225 224 225 218 218 227 227 223 222 222 223 225 228 230 225 215 216 222 218 207 208 217 227 228 220 223 231 227 218 210 209 200 175 187 179 141 114 107 121 90 117 122 109 103 104 105 108 110 113 110 109 115 124 136 137 120 111 102 80 58 43 36 32 29 25 22 24 31 34 34 32 29 24 20 20 24 31 32 33 34 30 23 20 21 19 17 16 16 19 21 23 20 18 20 20 18 17 17 16 15 16 16 16 16 15 17 18 18 18 18 18 18 18 19 19 18 16 17 20 20 18 17 18 18 17 18 17 17 17 17 17 16 16 14 14 15 16 16 16 17 17 17 16 16 16 17 19 
14 13 13 13 14 15 17 13 15 12 15 14 30 115 163 181 168 169 173 165 165 171 183 163 166 167 167 167 169 173 173 176 174 177 183 181 179 181 183 181 177 178 183 189 193 192 187 187 196 197 202 209 213 213 210 207 208 200 186 177 173 170 168 177 195 206 197 186 186 192 199 202 198 195 197 200 201 196 187 187 197 199 194 195 197 197 198 197 196 195 194 191 188 187 186 185 185 186 186 186 186 186 184 183 185 190 188 191 205 210 203 194 191 189 187 188 190 194 197 201 207 202 189 187 192 196 190 177 174 177 167 161 160 153 154 154 135 132 126 112 91 92 101 106 91 105 102 95 106 112 112 108 122 125 99 92 115 137 133 132 145 159 162 143 123 109 103 93 80 81 101 123 134 133 115 86 62 58 73 96 124 139 136 114 84 69 65 63 60 57 58 64 71 77 66 62 68 70 66 61 58 58 60 61 61 60 57 55 52 49 44 37 31 26 22 21 22 21 19 16 18 21 20 18 17 19 18 18 19 19 19 20 19 19 18 18 17 17 19 19 18 18 17 17 17 17 16 15 16 17 
12 12 12 13 14 15 16 14 15 14 15 15 22 78 149 177 178 177 169 167 182 177 175 162 165 171 174 181 180 178 173 174 174 174 180 180 178 179 179 178 179 179 181 192 189 192 186 193 201 198 200 205 207 210 210 203 205 204 200 195 190 182 163 160 168 180 188 193 191 180 185 190 190 186 185 187 188 182 177 180 187 188 181 177 175 176 178 170 181 175 176 172 171 173 174 171 172 177 173 173 175 174 172 171 173 174 174 171 171 178 179 174 175 176 171 166 168 168 164 159 160 164 162 152 149 154 153 154 155 151 146 145 146 140 134 133 125 128 131 119 95 91 104 104 92 107 114 111 108 108 119 115 107 94 62 50 75 105 136 164 169 165 188 176 169 158 160 150 136 132 146 161 168 167 157 141 128 127 135 148 158 161 159 152 142 134 129 131 129 135 138 129 141 143 128 137 125 146 131 131 128 127 129 129 129 127 125 124 122 119 113 108 99 84 73 62 51 37 27 24 23 20 17 17 18 21 23 22 20 18 19 19 17 19 20 17 16 17 18 18 17 16 16 15 16 16 16 16 17 20 
13 12 13 14 14 14 16 16 16 16 16 18 20 51 136 174 179 179 173 176 188 179 172 169 168 166 166 181 182 180 176 174 176 178 180 180 180 180 181 182 185 186 182 190 182 191 193 202 201 197 197 199 200 204 205 196 194 197 199 199 198 196 182 164 147 144 159 185 194 179 178 180 181 177 176 178 179 175 173 176 178 175 170 173 167 168 172 159 177 167 170 167 169 174 176 173 173 178 172 172 176 176 173 172 176 174 174 171 164 165 171 172 167 165 159 151 153 155 150 144 143 155 162 152 149 155 155 161 157 145 146 150 145 136 122 117 125 130 127 115 101 98 100 101 104 109 109 110 115 121 124 107 77 55 34 29 45 67 123 188 187 158 187 189 193 187 194 185 173 166 169 173 173 175 176 173 171 172 174 175 173 169 166 169 175 176 173 177 174 185 187 168 184 183 167 185 160 193 172 177 175 172 174 173 173 173 173 173 174 171 168 170 164 149 137 125 114 99 84 71 51 32 23 20 19 21 22 21 19 18 19 17 16 18 20 19 18 18 19 19 19 19 19 19 21 22 22 23 25 30 
17 17 17 17 16 15 18 18 18 18 18 19 20 38 120 174 174 171 176 177 172 173 175 176 168 154 149 169 172 173 174 176 181 184 183 184 185 187 189 191 194 193 188 186 181 190 203 203 196 192 191 192 193 196 197 191 187 188 189 187 184 189 202 183 151 124 120 146 169 176 176 178 178 174 173 175 178 177 174 172 172 171 175 188 181 181 183 172 187 177 179 177 179 184 186 182 179 181 177 178 182 184 181 180 184 183 184 189 190 177 175 172 147 135 130 126 132 145 155 160 169 181 189 186 193 197 185 184 171 150 153 155 140 122 106 107 119 120 108 98 102 103 95 96 111 112 92 94 125 141 111 74 45 30 28 37 42 45 106 193 187 149 172 199 203 200 200 194 188 183 180 178 176 183 187 183 181 179 180 181 188 190 184 180 181 184 186 186 180 189 189 173 188 188 175 189 168 196 180 184 183 179 180 181 183 185 186 187 186 186 188 195 196 192 188 185 187 186 173 147 108 74 52 37 24 20 18 18 20 23 21 20 21 21 23 28 28 28 29 31 31 32 33 35 38 41 41 40 43 48 
22 22 23 21 18 16 18 18 19 18 18 19 19 25 85 160 172 158 164 167 156 164 176 183 180 165 156 166 169 173 175 179 187 191 190 191 192 194 195 195 192 185 193 198 200 193 194 181 192 190 188 186 188 189 189 190 187 186 188 186 182 175 171 177 181 172 146 117 109 133 160 191 209 205 186 177 188 203 199 178 173 195 205 190 187 188 192 187 202 193 188 189 193 196 196 191 194 203 201 201 204 206 204 198 193 192 191 202 209 182 146 104 65 50 51 56 70 95 120 142 172 193 188 174 190 189 149 160 184 169 149 136 117 99 88 97 108 104 98 98 97 101 104 105 113 125 128 133 143 105 49 23 21 25 32 53 66 73 136 181 117 67 91 180 203 190 182 189 195 198 196 194 193 197 198 195 190 188 186 186 188 190 190 188 187 190 197 195 189 195 191 180 193 195 184 193 178 200 189 192 192 190 190 190 192 194 195 196 193 195 199 200 201 205 210 205 200 192 181 181 183 178 141 93 54 35 29 31 40 43 42 43 42 41 44 51 57 60 61 63 65 66 68 70 73 78 78 76 79 83 
21 22 23 22 20 17 17 17 17 17 17 18 18 17 46 131 174 163 160 172 174 176 182 190 194 192 189 182 185 186 185 186 191 195 199 198 196 194 191 189 191 210 200 189 197 184 196 194 194 195 191 188 190 190 187 189 189 188 193 197 190 182 176 172 180 194 189 162 144 146 151 156 167 190 208 214 207 176 168 188 204 190 181 191 189 189 190 189 196 192 193 195 198 202 202 197 193 194 193 193 194 195 192 192 198 197 187 194 205 172 108 42 27 29 38 37 37 36 35 51 90 143 180 202 198 147 106 124 165 149 119 103 93 87 88 99 106 97 102 110 100 104 114 115 110 106 116 119 91 56 38 34 34 42 55 62 88 135 184 211 149 86 103 211 223 208 188 192 200 204 200 199 203 203 200 198 195 194 193 192 187 188 196 197 193 190 192 194 197 203 197 191 198 199 195 199 193 200 196 197 197 198 198 197 195 193 191 189 184 188 194 186 182 185 190 188 192 193 185 189 202 211 220 200 155 116 99 90 84 76 84 90 82 82 85 80 85 88 87 86 85 85 85 84 86 90 90 88 88 90 
17 18 19 20 19 18 17 17 17 17 17 17 18 15 43 128 171 177 181 189 197 193 192 194 196 194 192 193 194 194 191 190 193 198 201 201 197 195 192 190 190 202 199 196 213 197 189 196 194 197 192 188 192 191 185 186 187 184 188 195 187 180 194 192 188 183 184 191 191 176 169 155 149 160 169 180 198 186 184 196 201 187 186 203 200 195 190 188 186 188 192 195 198 200 199 197 196 197 196 195 193 191 189 191 200 202 189 188 198 176 122 62 38 34 40 40 40 46 49 48 58 74 96 134 165 149 120 126 132 110 98 95 92 93 95 102 107 102 104 111 111 117 117 115 118 127 122 87 53 41 34 32 40 59 78 77 97 154 193 196 157 136 150 212 201 206 206 211 213 206 195 192 197 200 201 201 201 200 200 200 203 209 212 207 198 195 199 196 201 206 200 199 200 198 199 198 200 196 197 196 195 199 200 199 196 194 191 189 181 189 199 194 193 197 197 198 210 219 210 201 200 199 185 190 187 162 145 123 90 84 87 87 89 90 88 87 91 91 88 85 84 82 83 85 87 90 89 88 87 88 
14 14 16 17 18 17 15 16 16 15 15 16 17 18 59 141 165 183 191 191 195 194 193 196 196 191 188 193 194 194 192 191 194 198 198 199 197 197 196 196 193 189 189 177 193 200 182 198 192 198 192 188 194 192 184 190 191 185 187 195 182 173 193 197 198 194 190 191 189 183 186 175 163 159 148 149 177 189 200 203 202 199 202 205 205 200 196 199 191 195 192 196 197 197 197 198 201 206 206 204 201 198 198 198 204 207 194 191 200 187 163 125 77 53 48 44 43 47 49 45 43 41 56 108 154 142 120 115 109 94 94 97 96 99 97 98 105 107 109 112 115 125 128 124 122 113 86 49 33 42 39 45 58 63 76 93 124 175 202 192 175 188 206 230 212 215 217 218 214 204 194 193 198 201 202 203 205 206 206 205 211 215 210 203 198 203 214 201 203 206 198 203 200 197 202 195 205 191 198 195 195 199 200 200 198 197 196 195 186 195 208 202 203 206 201 198 208 213 201 196 202 209 189 200 211 193 187 172 133 110 88 78 90 90 84 94 96 93 90 87 86 86 87 89 90 91 90 89 89 89 
12 13 14 16 17 16 14 14 14 14 14 14 15 22 75 154 161 180 183 183 180 183 188 194 195 189 185 187 189 190 189 188 193 196 193 194 195 197 198 200 197 191 182 140 139 190 182 208 190 198 192 188 196 194 186 197 197 189 189 197 181 170 193 190 195 204 202 185 174 185 196 190 181 178 161 151 162 169 183 196 206 205 204 202 205 203 200 212 201 206 196 199 198 196 197 202 205 207 209 209 205 202 205 206 207 209 202 200 205 198 197 184 137 102 83 66 52 45 43 40 40 38 53 113 151 123 105 98 97 96 99 100 100 102 96 94 102 110 115 114 114 127 135 124 108 80 45 27 31 50 46 67 87 65 66 109 156 189 203 197 200 220 236 238 225 212 211 212 206 199 195 198 202 203 202 204 206 207 206 204 207 206 198 193 196 207 219 202 205 204 192 202 197 197 203 189 207 185 199 196 198 202 201 202 201 202 202 202 193 202 213 206 207 210 199 191 200 205 195 194 205 215 204 209 211 199 203 201 177 146 107 85 93 88 82 98 97 92 89 87 87 89 90 90 89 88 87 87 87 87 
13 13 15 16 16 15 14 14 14 13 13 13 15 23 73 151 162 172 159 175 167 172 180 188 192 189 185 183 185 187 185 184 190 193 188 189 191 193 194 196 199 209 187 101 77 177 190 222 188 198 193 188 201 198 188 201 201 191 192 202 184 175 203 183 180 198 209 190 177 194 199 188 186 201 202 188 165 135 132 166 201 192 188 198 203 201 198 215 203 213 204 205 202 198 200 209 206 195 199 201 198 198 203 208 209 208 208 210 207 201 203 207 198 176 151 116 81 58 44 38 44 52 72 128 140 95 88 86 94 103 103 98 99 101 96 94 102 110 116 118 114 124 125 101 71 47 36 35 44 61 53 92 125 82 71 131 180 187 191 201 221 218 221 215 219 192 193 199 193 190 195 200 203 202 200 202 204 203 200 197 195 190 185 187 193 200 203 195 207 200 182 195 193 198 203 181 207 180 200 199 202 206 206 205 205 204 204 204 199 207 211 203 206 210 193 185 199 216 214 209 206 202 208 201 187 189 192 191 192 178 151 119 99 88 87 96 91 85 83 82 83 86 88 85 82 79 78 80 81 81 
16 15 16 16 15 14 15 15 15 14 14 15 15 16 43 124 171 169 138 185 179 176 176 179 184 184 185 185 186 185 183 182 184 187 187 187 187 185 185 185 182 187 208 119 80 207 170 182 189 201 196 192 206 203 190 194 195 187 191 205 187 173 196 203 208 205 197 187 182 190 210 212 210 217 204 188 192 182 150 119 126 180 221 208 209 199 189 198 177 198 211 212 208 203 205 216 213 199 206 209 208 211 219 222 211 203 210 214 202 191 190 200 206 195 193 196 178 135 77 46 49 74 100 141 128 85 104 103 92 91 94 93 95 101 103 107 112 113 109 114 128 126 87 50 32 35 56 66 65 75 76 120 177 152 142 194 184 164 177 184 205 201 194 175 223 234 220 197 188 185 189 189 185 191 197 198 199 196 191 186 189 191 191 195 193 180 162 177 209 196 172 189 191 201 203 175 206 176 202 202 207 213 213 209 206 202 198 197 197 206 209 202 214 225 208 194 202 209 205 203 209 209 226 212 211 243 232 196 194 190 208 173 99 83 91 76 82 86 83 82 83 84 86 90 87 83 82 84 86 87 
15 16 16 16 16 15 15 17 13 16 16 14 19 14 30 121 183 174 175 168 170 169 171 175 177 177 177 180 182 183 180 178 181 182 178 185 185 188 183 210 177 183 200 199 176 209 182 193 185 187 185 189 211 190 189 196 190 198 198 199 187 177 199 196 199 208 200 207 182 188 192 184 230 189 185 198 216 219 186 192 132 106 127 175 202 220 201 208 197 219 215 188 202 218 206 193 201 216 203 210 182 206 192 221 220 196 214 205 189 222 216 203 179 221 179 171 217 215 186 101 56 82 118 115 109 103 105 99 96 99 102 98 104 109 118 112 102 114 130 126 94 65 47 25 34 56 68 71 62 71 106 172 219 212 200 201 201 197 191 192 199 201 206 206 203 193 213 222 222 227 204 192 190 189 192 218 236 195 197 195 211 217 193 214 241 229 202 206 198 197 200 179 223 207 213 223 209 191 205 190 196 210 223 203 207 219 211 199 187 201 193 203 213 219 204 189 197 222 207 213 205 205 175 109 125 197 169 161 187 174 160 146 119 91 81 87 84 81 85 88 82 78 84 87 86 84 82 81 82 82 
15 16 16 15 15 14 14 16 13 15 15 13 17 17 34 121 173 158 175 175 163 162 163 167 171 173 173 176 179 179 177 175 177 183 186 169 182 193 161 199 180 185 193 201 191 206 188 205 196 196 184 181 193 178 199 195 188 195 194 195 189 182 201 196 196 204 193 199 176 187 183 123 129 110 94 90 122 183 195 191 194 185 162 133 107 133 122 84 82 120 183 219 221 199 210 215 222 206 138 102 75 92 107 147 191 213 204 185 212 213 147 103 118 191 202 116 111 129 166 116 70 87 112 108 108 107 102 105 105 97 104 103 106 110 114 116 119 124 118 86 53 37 32 43 57 68 98 104 71 81 139 189 203 200 198 197 201 204 206 208 209 207 207 195 170 144 141 157 192 212 192 198 215 217 201 181 140 167 222 201 206 200 150 131 161 187 205 209 222 199 214 213 174 120 130 152 183 212 210 216 192 187 214 205 210 209 208 204 187 202 196 208 218 219 202 188 196 221 205 213 203 202 112 44 58 108 84 65 88 118 88 60 65 83 90 89 84 80 81 84 80 78 85 84 82 80 78 76 75 74 
16 17 17 16 15 15 16 17 15 16 16 14 16 17 36 120 168 156 173 174 163 161 161 163 166 168 170 173 176 176 173 171 172 177 179 164 178 190 160 201 183 156 157 159 160 170 161 176 170 188 185 184 174 152 188 189 186 196 194 192 185 180 198 194 193 199 187 192 177 198 171 73 52 68 98 85 62 108 175 196 205 187 178 160 74 56 56 40 49 52 110 171 206 199 211 207 202 153 70 37 50 109 106 85 118 177 197 198 220 182 97 39 53 106 183 88 37 52 115 107 74 81 93 95 97 100 97 103 103 95 105 104 108 113 115 122 122 103 78 46 34 39 44 66 70 81 141 157 109 117 174 189 178 181 187 190 193 198 208 212 209 208 209 199 172 143 123 119 139 159 177 214 223 219 184 117 57 114 212 187 208 199 121 62 77 116 160 191 221 178 211 173 85 66 110 121 118 159 191 208 202 196 207 201 210 200 207 206 187 205 203 216 224 222 204 191 196 219 203 214 203 199 81 19 29 72 63 21 34 70 60 36 33 55 78 86 86 82 79 81 80 79 84 81 79 79 77 75 73 72 
18 18 18 18 17 17 19 19 17 18 18 15 16 16 32 106 158 159 170 166 165 164 162 160 161 163 167 169 171 170 166 163 164 165 163 168 170 180 164 185 176 109 108 105 115 125 126 133 124 165 181 188 155 114 158 170 178 197 197 190 179 172 192 190 190 195 183 191 176 197 163 55 26 58 156 150 56 44 137 197 191 131 138 181 83 31 29 57 85 30 41 89 164 204 208 181 162 94 23 29 88 175 154 79 56 112 172 214 212 143 72 21 15 33 125 79 15 17 79 96 73 69 66 72 78 91 99 98 94 96 106 103 113 120 117 114 99 64 38 29 37 55 65 75 77 106 179 204 162 166 197 182 166 175 183 185 185 189 200 202 199 201 208 210 198 181 164 140 124 124 158 210 215 197 140 60 17 63 168 144 199 204 120 33 35 81 145 183 196 139 187 104 15 48 118 145 84 84 145 168 206 214 203 198 207 187 203 204 187 210 210 223 229 228 210 196 200 219 203 215 205 199 78 21 25 70 79 18 26 40 59 54 24 25 51 74 85 84 79 80 81 80 81 78 77 79 78 77 74 72 
18 19 19 19 19 19 18 18 16 16 16 15 16 15 23 73 127 150 163 152 163 162 160 157 157 158 162 161 162 160 156 152 153 152 150 167 158 167 148 115 153 72 78 71 89 108 121 113 94 141 166 180 131 78 117 134 156 190 199 192 174 163 184 185 187 194 183 194 165 162 167 77 42 53 187 199 85 40 99 179 201 89 43 112 83 70 46 70 130 38 25 47 119 188 197 160 137 66 11 57 122 156 185 151 65 64 106 191 201 114 58 32 34 49 57 64 26 23 89 107 78 59 38 42 54 89 113 98 85 102 113 104 120 126 109 78 52 32 28 42 54 64 72 60 87 148 195 214 207 209 198 180 181 189 191 188 184 184 189 187 186 190 197 207 218 227 232 219 198 162 136 164 202 166 83 40 23 42 108 77 158 196 147 48 53 123 227 211 162 95 143 77 17 44 90 200 151 65 82 119 184 208 200 205 204 161 185 202 191 215 214 226 233 234 221 204 204 222 206 219 209 203 83 31 27 59 86 24 37 28 50 66 27 15 30 51 79 84 78 79 83 82 78 74 75 78 79 78 76 73 
16 16 16 17 18 19 19 18 17 16 16 17 18 20 15 31 54 79 106 113 119 128 134 138 142 147 151 146 147 147 144 141 141 146 153 148 148 161 98 32 120 66 80 72 96 130 159 136 122 147 147 154 116 72 106 109 131 170 189 190 175 164 184 185 188 193 181 194 175 202 189 86 41 35 176 175 69 40 105 206 181 93 51 125 120 128 55 76 186 70 37 53 71 87 113 110 74 21 24 76 60 113 203 213 105 46 30 113 225 118 47 70 129 188 67 46 40 35 109 100 68 48 25 28 31 48 96 115 112 122 121 110 114 96 67 36 28 41 56 66 63 51 54 61 122 181 180 180 185 194 186 202 221 213 206 201 201 198 193 190 191 192 182 168 173 189 193 203 240 229 159 156 205 187 82 45 19 13 45 63 147 203 193 76 53 100 190 206 139 51 117 105 29 48 63 172 238 138 73 97 175 191 194 219 202 137 163 208 199 214 211 219 228 237 232 211 209 230 211 223 215 213 94 33 15 47 116 51 28 14 28 80 102 77 61 72 91 89 76 72 78 80 77 70 70 72 73 71 69 67 
15 14 15 16 17 18 18 19 21 17 16 18 18 16 14 19 24 31 45 55 67 79 94 104 112 118 125 128 131 134 135 135 138 141 140 149 148 158 116 40 134 102 115 104 121 151 175 149 153 163 155 161 141 105 140 142 147 170 180 183 171 161 185 187 188 188 173 185 163 190 202 135 104 100 190 114 30 43 100 181 193 143 83 153 157 139 79 139 139 24 32 62 97 103 96 82 64 29 27 133 134 152 177 179 107 58 21 64 183 157 89 137 186 212 155 44 22 42 98 70 49 40 31 37 75 112 109 101 91 95 118 115 86 51 37 37 45 61 69 59 56 57 64 117 162 163 174 179 173 184 188 194 207 204 197 197 204 208 201 197 203 210 198 176 168 175 170 154 163 190 199 196 175 148 87 89 30 14 37 71 133 186 201 96 48 87 190 215 154 65 146 152 22 38 73 152 208 169 103 57 137 202 201 200 199 171 195 214 195 211 206 212 219 230 229 208 208 232 213 222 215 218 117 51 25 54 140 89 37 48 94 176 208 177 152 157 145 125 97 78 73 73 69 70 73 73 72 69 67 65 
19 19 19 20 20 19 17 21 26 20 16 18 17 16 18 20 20 19 23 28 39 52 67 77 82 85 90 98 103 109 113 117 124 126 121 140 140 142 144 87 148 142 146 140 151 159 173 153 155 165 162 168 165 138 166 170 162 173 178 180 163 153 179 182 182 181 165 177 160 181 200 170 156 171 154 68 19 42 132 201 180 164 149 186 185 180 141 145 74 16 40 99 178 189 155 122 85 25 24 102 130 188 205 193 160 109 31 31 115 190 155 188 215 193 194 43 16 58 96 57 41 36 43 48 83 106 104 129 159 148 138 102 62 39 32 37 43 47 54 51 50 58 76 141 172 153 167 175 168 186 190 179 184 190 188 189 196 200 199 196 201 212 212 202 194 194 193 186 184 189 198 191 135 134 141 145 47 15 36 105 165 191 202 102 32 62 168 199 191 135 176 200 73 37 45 142 224 169 127 44 75 175 204 186 198 204 215 208 187 205 201 206 208 217 215 197 203 230 208 213 209 218 177 141 128 108 156 141 138 172 194 191 170 176 199 195 182 168 138 108 92 82 71 73 75 75 74 73 72 71 
28 29 29 28 26 24 23 30 40 31 22 24 21 24 24 25 25 24 22 21 27 38 51 59 59 57 60 68 73 80 87 95 103 108 107 116 126 123 139 121 140 149 145 152 162 151 159 150 152 160 158 159 170 157 175 172 160 170 177 180 160 146 170 174 175 174 160 174 161 172 184 183 176 203 99 36 18 58 154 187 177 183 184 197 192 196 186 128 28 15 54 144 214 205 197 175 120 33 17 61 94 139 164 171 186 148 40 14 68 191 182 196 201 179 174 47 12 54 74 40 31 31 55 60 95 109 96 123 177 172 134 76 49 52 40 28 26 26 33 40 47 64 94 127 141 141 154 156 154 182 187 173 176 183 185 185 186 189 193 192 193 201 208 213 211 205 203 208 209 191 197 189 107 111 185 185 81 15 26 106 190 209 207 108 21 45 152 193 208 191 190 211 135 68 28 93 179 173 174 66 40 139 199 190 200 206 203 196 180 199 197 202 200 205 200 185 196 226 203 205 202 215 217 197 210 177 192 188 196 223 226 197 165 181 212 209 199 197 181 153 130 108 85 75 74 75 76 77 79 80 
35 37 37 35 32 30 34 47 63 52 34 32 29 33 31 30 31 32 30 26 25 32 40 44 43 42 42 45 50 55 62 70 79 87 94 87 104 102 109 126 119 126 124 140 148 132 141 144 147 149 145 143 159 157 164 158 151 160 171 178 157 140 162 169 168 168 163 172 161 168 171 176 174 181 46 17 24 97 160 161 188 192 187 188 185 187 194 87 8 16 82 176 199 169 201 203 155 55 12 35 88 65 75 106 148 141 44 9 46 163 178 183 171 176 117 51 11 32 41 25 24 30 58 65 97 111 90 86 122 133 97 47 41 62 47 17 9 10 15 26 39 63 109 109 103 125 138 129 135 160 177 167 176 184 190 187 183 182 186 188 186 186 188 200 208 199 186 187 211 186 206 201 106 90 199 201 119 13 13 71 186 221 207 128 18 33 141 196 200 211 191 192 185 126 50 39 87 146 191 93 30 97 180 199 204 185 178 190 176 191 193 195 195 198 190 177 190 220 201 200 198 210 224 205 232 221 225 215 203 206 203 208 206 204 210 210 203 208 209 193 172 146 120 89 78 75 76 80 84 85 
34 35 34 34 33 35 46 68 90 80 47 31 34 34 33 32 31 32 34 34 28 23 20 24 31 38 41 41 39 38 40 47 55 61 67 68 74 81 86 101 107 97 116 121 116 120 132 135 135 129 133 144 150 140 137 159 160 152 154 167 149 136 164 174 164 162 180 171 152 175 182 153 174 108 13 10 44 156 162 191 198 166 183 180 185 180 162 11 12 29 133 174 174 173 179 172 172 80 11 30 190 101 37 37 35 64 48 12 29 129 186 199 179 170 69 47 19 17 23 26 29 42 40 50 51 69 90 63 34 33 36 29 25 31 30 23 15 8 6 8 14 38 102 142 115 102 121 116 124 110 161 136 167 186 197 188 189 187 182 182 186 182 164 171 190 181 156 114 190 175 223 223 141 98 178 191 139 11 9 20 147 203 184 178 24 19 119 183 183 197 188 177 206 192 131 58 21 30 85 77 17 41 142 184 203 173 185 207 172 177 186 180 189 202 192 176 190 211 208 200 201 202 205 199 190 195 207 213 210 212 204 216 232 223 216 209 206 208 208 203 195 187 180 133 102 82 77 81 83 81 
27 28 28 27 27 28 27 29 39 47 40 29 27 31 31 31 31 31 31 31 28 25 25 29 36 40 41 38 37 37 39 41 45 46 45 49 53 54 55 67 79 84 97 102 100 107 118 119 114 119 125 133 137 138 138 141 145 141 145 158 142 132 157 164 159 164 180 161 142 164 177 199 183 41 8 16 96 215 201 154 174 172 176 188 180 184 60 15 10 83 184 196 193 203 201 194 180 127 14 20 98 188 194 166 81 40 24 9 14 74 140 177 167 109 54 57 34 31 38 41 46 53 45 44 42 45 49 40 29 29 32 32 34 38 38 37 33 25 14 7 6 9 22 57 109 143 135 60 12 69 169 173 200 187 197 193 202 214 211 196 194 199 190 193 208 209 175 87 152 219 211 225 211 150 184 186 152 21 12 33 61 182 197 167 28 11 78 175 182 195 197 199 180 163 207 212 161 109 77 57 14 21 120 182 207 187 185 185 151 172 201 203 202 196 178 166 181 199 198 196 202 209 216 210 201 204 213 218 214 215 213 195 182 183 195 212 216 217 217 214 208 200 194 192 166 119 90 79 78 80 
28 29 29 28 29 30 23 20 24 33 35 31 30 35 36 36 36 36 36 35 37 34 33 35 37 37 36 36 37 37 38 38 38 37 37 40 41 36 32 38 50 64 71 74 77 85 93 94 96 106 114 116 118 126 131 128 132 131 137 144 131 122 146 150 148 155 169 144 123 152 163 184 126 20 8 44 140 158 172 163 124 178 179 167 177 146 32 15 25 121 168 163 154 124 172 192 168 141 40 12 52 195 171 159 159 141 95 23 6 31 62 81 84 50 42 56 48 49 49 43 49 51 49 46 46 39 35 33 32 31 34 34 32 32 32 36 38 33 24 14 9 7 10 32 90 135 104 51 15 93 217 202 210 210 216 202 191 205 202 200 207 213 208 200 201 205 180 89 130 209 203 202 190 140 171 170 209 42 12 53 66 133 163 176 53 14 58 162 181 193 160 183 184 182 199 186 168 190 145 116 38 16 113 178 184 180 185 186 159 176 197 191 185 186 182 167 175 191 190 190 197 204 209 205 196 197 203 206 204 202 222 207 190 202 202 207 215 218 218 217 214 208 204 210 200 172 138 108 88 77 
35 36 35 34 35 35 28 25 27 32 34 35 38 39 40 40 41 40 40 40 42 40 38 38 38 36 35 37 38 39 38 37 36 35 37 38 37 31 25 28 37 50 53 55 59 65 72 74 80 91 98 98 99 108 115 116 120 121 127 132 119 115 142 147 144 151 161 139 121 156 160 175 89 15 12 69 167 174 170 140 73 180 173 172 184 116 20 12 56 148 170 176 144 70 154 181 163 164 86 14 21 153 167 162 172 176 122 25 9 31 46 35 34 20 28 36 41 51 49 39 46 43 43 37 40 37 32 32 32 32 33 35 33 31 30 35 39 38 34 25 15 9 8 21 58 81 54 40 28 94 173 127 138 172 203 214 193 205 203 197 198 204 208 202 200 207 195 124 135 180 209 182 131 114 162 136 224 62 9 46 83 93 142 208 84 14 41 154 187 196 160 175 174 173 173 175 176 211 172 163 69 15 105 176 168 172 178 180 163 175 187 180 177 183 184 169 174 188 187 187 191 194 198 194 188 189 194 197 195 190 223 207 191 217 210 201 209 212 214 215 213 211 208 204 204 202 185 152 116 90 
41 41 40 39 39 40 36 35 36 37 36 38 43 40 40 39 40 39 40 40 42 40 39 39 39 39 38 39 39 39 39 38 36 36 39 38 37 34 29 30 36 43 43 44 48 52 56 59 67 74 79 81 83 89 96 101 106 109 115 119 109 105 126 132 131 135 144 132 121 153 154 170 77 15 15 86 167 165 163 121 39 165 167 175 177 104 20 10 85 171 169 187 127 37 155 177 167 175 133 39 9 92 165 178 169 173 121 21 15 64 90 43 21 12 16 15 24 32 31 24 33 34 38 33 37 36 35 34 32 31 31 33 33 31 30 33 37 38 41 36 20 9 10 21 37 40 30 37 36 89 125 53 66 117 173 222 196 205 206 205 203 201 209 208 204 210 210 159 151 163 213 172 85 97 156 102 179 83 10 33 107 79 112 199 120 20 26 140 181 184 178 171 145 123 146 189 176 187 177 180 74 12 97 177 165 168 167 164 155 164 173 174 176 179 175 164 172 187 186 185 186 185 187 186 183 185 190 192 191 188 216 186 168 207 206 198 203 204 206 209 209 209 208 199 200 207 207 188 155 126 
41 41 39 38 39 39 40 41 42 41 38 39 42 37 36 34 34 35 36 37 36 35 35 37 40 42 42 41 40 39 39 38 38 39 41 38 38 39 38 38 41 41 39 40 43 45 47 49 54 57 61 65 69 72 76 84 89 94 101 106 100 93 97 105 106 108 118 119 118 140 142 164 90 21 13 86 145 133 145 104 26 137 162 161 157 114 30 11 93 181 165 178 92 24 163 177 169 167 161 90 24 39 138 180 166 153 102 15 22 106 149 76 33 19 13 6 10 7 4 4 15 24 33 32 33 32 37 35 30 28 28 29 30 29 29 29 31 34 41 40 22 9 12 27 35 32 36 41 35 85 115 26 36 87 146 220 188 192 200 210 212 201 204 209 207 208 214 167 159 165 202 167 70 96 153 84 94 92 14 22 128 99 73 133 136 27 16 118 163 161 192 168 117 57 110 189 163 163 171 152 46 10 95 179 171 169 157 148 139 145 155 166 175 171 157 154 169 183 185 184 183 178 180 182 182 185 190 193 193 193 204 153 132 177 194 197 197 196 198 202 204 205 207 203 197 196 203 207 195 175 
34 34 32 31 31 34 36 34 35 39 40 37 33 35 33 31 31 31 33 35 34 34 33 34 36 39 41 40 39 38 37 38 39 40 39 36 37 39 39 39 40 41 38 38 40 39 39 41 44 43 47 53 58 60 60 65 69 76 84 89 88 81 73 81 85 88 100 110 116 127 134 136 121 45 11 43 133 190 132 33 17 113 148 131 148 151 60 11 49 146 183 149 51 16 135 148 139 147 155 168 86 14 36 93 143 133 70 10 31 114 119 51 35 31 27 22 27 13 5 2 4 7 8 8 12 17 24 25 20 18 19 22 26 27 28 27 27 30 31 28 19 10 15 34 41 36 37 35 30 77 151 35 56 141 163 205 146 145 161 164 158 150 153 171 188 195 189 113 134 177 161 149 76 105 155 102 38 64 12 16 120 144 60 44 74 17 12 90 152 153 164 165 144 51 23 65 143 234 162 59 9 23 111 178 167 163 157 154 139 129 127 136 149 151 143 148 164 177 181 182 182 178 177 177 179 184 187 189 191 196 193 144 130 169 190 196 193 192 194 197 200 202 204 207 198 190 200 217 218 206 
31 31 30 30 31 34 35 32 32 36 39 36 32 36 35 35 35 35 35 37 38 38 37 36 35 35 36 39 39 38 38 38 38 38 38 36 36 37 34 33 36 39 38 40 40 37 37 39 39 39 40 43 46 47 48 51 53 57 63 66 67 69 75 80 83 90 103 112 117 131 131 119 140 113 59 28 37 43 39 22 29 93 156 142 171 161 125 32 29 46 51 39 20 13 110 141 146 153 128 147 163 56 38 46 54 37 12 18 84 110 67 41 46 44 41 35 30 20 10 3 3 6 5 6 5 4 6 9 9 7 7 8 7 6 7 7 7 8 8 9 8 7 10 19 23 22 20 27 34 79 201 98 69 118 83 95 62 67 75 77 80 85 92 120 164 193 158 71 117 166 144 130 63 115 155 150 55 34 7 14 91 192 123 48 17 6 19 102 170 178 146 172 197 126 65 27 19 41 25 9 16 78 149 165 150 151 159 169 156 138 125 124 132 145 154 157 164 169 166 170 174 172 168 171 173 175 177 178 180 185 182 172 175 188 191 185 183 183 185 187 192 195 197 194 191 195 207 215 212 199 
34 34 34 35 37 40 40 41 40 38 38 38 37 37 37 38 38 38 37 38 38 40 40 40 39 39 39 39 40 40 39 39 37 37 37 37 39 39 36 38 42 41 41 44 44 39 39 42 40 39 39 39 40 40 42 46 46 48 51 52 53 57 65 65 68 75 85 88 91 108 100 110 110 107 114 76 75 84 86 98 87 102 138 133 140 122 152 112 92 60 66 71 113 58 131 131 142 150 132 131 129 135 118 52 51 44 31 93 117 86 52 38 41 34 36 31 32 33 18 11 13 20 9 7 6 4 4 10 13 9 9 10 8 6 7 8 8 8 8 7 6 5 7 11 13 12 12 18 17 63 158 116 74 83 56 99 103 122 127 128 139 138 122 131 168 191 147 73 129 156 168 137 47 112 136 158 144 63 38 57 122 165 146 127 48 49 66 134 148 158 149 153 136 144 145 83 48 46 31 39 66 125 157 151 148 152 156 155 156 155 152 154 156 159 165 167 169 168 159 160 165 166 169 172 176 176 175 175 176 179 173 179 187 181 179 176 176 177 178 181 184 188 191 189 188 189 193 197 199 199 
34 35 35 36 37 39 39 40 39 37 36 36 36 37 37 38 39 39 38 37 39 40 41 41 41 41 41 41 41 40 40 39 39 38 37 39 42 43 42 43 45 44 43 44 44 43 44 46 42 42 42 44 43 41 39 41 41 42 44 46 47 51 56 56 60 62 68 72 75 90 86 95 94 97 110 93 93 98 101 114 110 110 119 117 123 112 136 130 115 93 107 107 134 119 132 122 137 128 123 123 121 139 130 92 93 89 90 123 103 60 40 36 35 30 32 31 33 34 24 21 22 23 14 11 10 9 6 16 20 16 18 20 16 15 17 17 16 18 26 24 16 5 9 13 18 16 15 14 12 50 126 136 107 101 101 135 149 161 164 165 167 164 155 154 168 182 136 66 113 140 149 108 43 108 137 136 151 118 106 112 134 144 140 144 108 112 115 140 138 143 142 139 128 146 149 119 110 109 103 106 112 136 146 142 142 145 146 144 145 146 149 154 155 156 158 159 159 158 155 156 159 160 166 169 171 173 168 164 166 171 174 172 178 170 169 166 166 168 169 172 175 178 181 179 174 166 169 176 184 187 
33 34 35 35 36 36 37 37 37 36 36 35 35 36 36 37 39 39 38 36 39 39 40 40 40 41 41 41 41 40 40 40 42 41 39 41 43 45 46 45 45 45 44 43 42 43 45 45 43 43 44 47 47 43 39 35 36 37 39 42 44 46 47 46 50 55 60 63 62 69 71 75 78 81 83 85 88 90 94 100 105 108 104 102 112 110 110 118 113 110 125 119 121 133 95 98 129 109 112 115 117 115 112 115 117 115 121 114 74 41 34 37 32 29 29 30 31 29 26 25 26 22 16 14 14 13 8 21 26 23 26 27 23 23 25 27 34 50 73 71 53 16 16 19 27 23 21 18 15 41 96 123 117 120 137 154 167 172 174 174 170 168 170 168 167 172 120 51 81 106 107 80 57 106 135 117 131 143 141 140 131 130 128 134 143 144 137 132 133 134 134 133 135 140 131 133 145 146 148 146 135 131 133 134 134 135 135 135 134 134 137 142 145 147 147 147 147 148 150 152 154 155 158 158 159 163 158 152 156 161 173 159 162 159 160 157 158 162 163 164 166 168 168 163 155 148 151 157 158 153 
34 34 35 36 36 37 38 38 38 38 37 37 37 35 35 36 37 38 37 36 38 38 38 39 40 40 40 40 40 40 41 41 43 43 41 42 43 44 44 44 43 44 43 42 41 41 39 40 43 42 42 43 43 42 39 33 33 34 35 38 40 42 39 33 38 61 73 58 48 48 49 52 56 59 63 66 70 75 79 81 85 90 93 93 100 96 95 104 100 96 102 102 106 84 32 58 116 106 105 104 102 99 98 96 94 96 96 81 51 34 34 38 33 29 28 26 25 25 25 23 24 22 17 15 14 13 7 22 30 27 29 29 26 26 24 35 68 107 142 141 117 39 25 23 29 26 26 25 22 36 64 72 84 106 117 132 148 156 158 158 158 160 161 163 163 161 100 37 53 63 71 76 84 106 118 116 124 115 113 127 122 120 122 125 127 127 124 122 124 128 131 129 129 130 127 128 129 123 125 129 127 124 124 125 125 126 127 127 130 131 133 136 138 139 139 139 139 141 143 145 147 148 145 142 145 151 148 144 149 153 161 144 148 146 148 150 153 157 156 156 156 154 153 139 135 137 140 136 119 101 
35 36 37 37 38 38 37 37 37 37 37 38 37 36 36 37 39 39 38 37 39 40 40 41 42 42 43 44 43 42 41 40 40 41 43 43 43 42 42 42 42 42 43 44 44 42 41 40 39 39 38 37 38 39 43 49 46 43 40 38 38 35 28 30 48 106 121 65 44 46 46 47 49 51 54 56 59 64 65 61 58 64 68 72 77 75 77 87 89 82 78 82 94 79 31 47 95 96 92 88 85 83 82 78 72 76 70 50 33 30 33 33 30 29 27 25 24 23 23 20 20 19 15 12 11 10 5 20 33 31 31 32 32 31 31 61 129 176 191 184 172 56 22 17 21 20 25 29 26 30 41 42 52 68 76 92 115 133 145 148 151 154 148 152 157 144 87 47 67 73 81 95 114 108 104 111 113 96 94 111 109 107 110 111 106 105 107 102 102 110 115 113 110 107 114 118 113 105 107 112 115 114 114 114 115 115 115 116 120 124 126 127 129 129 129 122 119 121 123 126 127 128 135 137 141 147 144 141 146 146 146 125 128 128 132 138 131 128 125 123 118 114 111 104 96 87 82 77 69 62 
33 34 34 35 35 35 33 33 34 34 34 35 35 37 37 37 39 39 38 38 38 39 40 41 41 42 43 44 43 41 40 39 39 40 44 43 43 42 42 42 43 42 42 43 42 42 41 41 45 46 46 44 43 46 46 38 39 40 43 49 54 55 58 65 85 147 132 51 34 42 40 40 41 42 45 45 43 48 51 50 52 58 58 54 57 57 60 68 70 66 65 71 74 80 69 65 74 72 71 69 68 66 66 62 57 58 50 35 26 28 29 26 25 25 24 23 21 20 18 16 16 16 13 10 10 10 5 22 38 35 36 34 31 37 57 118 183 178 169 180 189 61 21 17 20 19 21 23 20 22 30 34 34 38 46 57 73 91 109 118 123 122 109 112 119 103 63 53 75 81 78 79 79 81 89 87 89 87 86 88 88 91 92 91 88 87 88 84 83 89 92 91 89 87 93 98 100 100 102 101 99 100 101 102 102 103 104 104 107 109 112 114 115 116 116 117 116 118 120 122 124 125 122 119 121 123 119 114 118 124 126 112 121 114 109 113 114 114 108 100 90 82 77 66 58 55 59 73 91 106 
30 30 30 30 31 31 31 31 32 32 32 33 33 35 34 34 35 36 36 34 34 35 35 36 37 37 38 37 37 37 37 38 39 39 39 39 38 38 38 39 39 39 38 37 37 37 38 38 35 38 39 37 36 37 40 42 43 46 51 57 64 67 74 78 80 113 96 47 38 37 36 36 37 39 42 44 44 45 44 43 43 43 43 45 48 49 50 54 54 52 57 63 54 54 63 63 60 55 55 55 54 52 50 48 46 43 37 29 25 25 24 23 23 22 21 18 17 16 16 15 16 18 17 14 13 12 7 27 43 39 41 36 31 51 93 159 193 168 168 188 204 69 25 23 24 24 24 22 18 17 23 26 26 28 34 39 45 55 70 79 84 81 69 72 79 68 50 58 69 69 66 70 69 67 70 68 67 71 71 67 71 74 73 73 73 73 72 71 72 75 76 76 76 77 78 80 85 88 90 87 85 86 88 89 89 90 90 90 93 95 97 100 102 104 104 103 103 104 106 107 108 109 109 107 108 110 104 100 102 98 102 104 121 104 85 82 78 76 73 69 63 57 53 49 49 52 61 75 88 97 
29 29 29 29 29 30 31 31 31 31 32 32 32 33 32 32 32 34 34 33 32 32 32 33 34 34 34 34 34 34 34 34 35 35 32 33 33 32 33 33 33 32 32 32 34 37 41 43 41 44 45 45 44 45 46 47 47 48 49 51 54 55 58 61 56 68 60 42 42 34 33 32 32 33 35 35 35 35 37 40 44 44 41 38 40 42 44 45 45 44 49 53 45 42 49 52 48 45 46 46 44 40 37 36 36 33 28 25 24 22 21 21 21 20 18 17 16 17 18 18 18 20 20 16 15 15 9 29 44 39 41 39 42 79 130 170 177 163 172 183 202 69 28 27 27 29 29 24 19 17 19 21 21 23 27 28 28 33 42 50 54 51 44 47 53 48 41 50 52 49 48 53 54 52 53 54 52 54 54 52 57 58 56 56 58 59 58 59 61 62 61 61 62 65 65 64 67 71 73 72 72 74 75 75 76 76 76 77 79 81 84 86 89 90 90 88 87 87 88 88 89 89 90 90 90 93 88 84 87 79 86 101 125 99 69 63 57 57 60 64 66 66 66 64 65 69 74 79 82 84 
31 31 31 31 31 31 31 31 31 31 31 31 32 32 31 30 31 33 33 32 31 31 31 31 31 31 32 33 33 32 31 31 31 31 30 30 30 30 30 29 29 28 29 31 35 40 46 49 50 51 53 54 54 54 54 52 51 50 49 48 47 45 43 47 44 45 44 43 49 43 41 38 36 35 34 34 34 34 36 39 43 44 40 33 35 37 40 41 41 42 41 42 44 43 40 40 39 41 41 39 36 32 28 27 28 26 22 22 22 19 17 17 17 17 16 16 17 19 21 21 20 21 20 17 16 16 8 29 44 37 39 45 63 116 159 163 157 161 176 173 191 66 30 30 28 31 30 25 19 17 17 17 17 18 20 20 19 22 27 32 35 34 32 34 39 38 36 40 39 36 36 39 40 40 40 46 42 40 41 41 45 44 43 44 46 47 47 49 50 50 48 48 50 54 55 52 52 56 57 58 61 63 63 63 64 64 64 65 67 70 72 73 74 74 75 74 74 74 73 73 73 73 70 68 69 72 68 65 67 60 66 82 104 77 49 46 46 49 58 69 79 85 89 88 87 89 89 88 88 87 
33 33 33 33 33 32 31 31 31 31 31 30 31 31 30 29 30 31 32 32 32 31 31 31 31 30 31 32 32 31 31 31 31 32 35 36 36 36 34 33 32 31 33 35 38 43 47 49 46 45 45 46 48 49 50 54 55 57 58 59 59 58 58 62 62 59 56 57 61 65 62 59 55 52 50 51 56 53 47 40 33 30 31 33 34 35 36 37 39 39 36 35 45 47 40 36 35 38 36 33 29 25 21 20 20 21 18 16 16 16 14 13 13 12 12 13 16 17 20 21 19 18 18 15 16 14 6 25 43 38 39 52 88 151 173 153 152 160 175 167 183 65 31 31 28 29 24 20 16 13 12 14 14 13 13 14 16 18 20 23 25 26 28 29 31 32 35 37 39 38 36 35 34 34 31 38 33 32 34 33 36 35 36 37 37 39 42 42 42 41 41 40 42 46 48 46 45 49 50 49 52 55 55 56 56 57 57 57 59 61 62 62 61 60 60 65 68 67 65 64 64 63 53 47 47 48 45 42 43 35 35 39 46 28 18 25 35 42 52 63 73 81 85 91 93 94 94 98 105 111 
31 31 31 31 31 31 31 31 30 29 29 29 29 28 27 26 27 28 29 29 29 29 28 28 28 27 27 25 27 30 34 38 42 46 54 54 55 54 51 47 46 46 45 43 41 37 34 33 33 29 28 30 33 35 34 34 35 35 34 32 30 31 35 34 38 39 44 47 43 43 44 45 46 47 47 46 46 50 50 47 46 50 51 45 40 36 32 30 29 31 33 35 37 30 29 36 35 31 28 24 20 17 16 13 13 16 14 9 9 11 11 10 9 7 6 6 8 9 11 14 14 14 16 15 15 13 5 23 45 43 43 56 98 160 169 158 173 165 169 163 176 60 26 23 20 21 16 12 8 5 5 8 11 11 10 11 15 16 15 15 17 18 22 22 21 22 25 22 25 25 23 22 23 30 25 27 24 29 32 26 28 30 34 34 32 34 41 41 39 40 40 39 41 43 45 44 46 52 51 47 47 51 52 53 53 53 54 54 55 55 55 54 52 50 48 49 49 48 47 45 44 43 48 48 47 46 41 37 37 51 53 43 41 25 24 48 51 49 52 54 54 52 50 46 46 49 49 48 48 48 
14 16 18 20 21 21 23 24 26 28 31 33 34 33 32 31 30 29 29 28 31 31 32 31 31 30 30 33 35 38 43 48 52 55 57 56 56 58 59 58 58 59 61 62 62 61 59 60 63 63 63 63 63 62 62 63 58 53 49 47 49 48 43 42 40 38 37 36 35 33 33 33 32 32 31 32 34 34 34 33 33 33 32 30 29 27 26 24 23 22 23 24 25 27 29 25 20 16 12 11 11 12 11 9 8 8 7 7 7 8 8 7 6 6 7 7 6 6 7 8 9 10 10 10 10 9 6 21 44 33 39 44 59 74 83 99 126 140 146 158 182 68 20 17 13 11 9 7 6 6 7 9 11 12 13 13 13 15 18 20 20 20 21 22 23 24 25 25 26 27 26 26 26 29 29 28 27 28 28 26 26 30 33 28 28 31 30 30 32 33 34 35 36 36 35 35 37 40 40 38 36 36 38 39 40 38 36 35 35 35 36 36 36 35 34 34 34 32 30 30 31 32 35 41 43 47 63 76 71 65 76 49 46 25 42 76 85 86 81 86 92 83 82 74 73 80 84 87 87 87 
8 8 10 11 11 11 12 12 13 14 15 16 16 18 18 18 19 20 20 20 20 21 23 24 25 26 26 26 27 29 31 34 37 38 37 37 38 40 42 42 41 41 43 45 47 47 47 47 47 49 51 53 54 55 54 52 50 48 48 49 51 52 52 52 52 52 52 53 54 56 55 54 53 52 50 49 48 48 48 48 49 49 48 47 45 43 40 37 34 34 34 33 31 31 31 27 19 12 9 8 8 9 9 8 7 7 7 6 6 6 6 6 5 5 6 7 6 5 5 6 6 6 6 6 5 5 4 21 49 38 41 42 51 53 53 58 70 75 88 106 121 43 13 12 9 8 8 8 7 7 9 11 13 14 16 18 20 24 30 33 32 32 31 31 31 31 32 33 33 33 33 32 32 34 34 33 33 34 34 33 32 36 40 35 36 41 40 39 40 42 44 45 46 46 45 46 48 51 52 50 49 46 47 50 53 53 52 52 51 50 49 47 45 43 41 42 42 41 41 42 45 47 42 42 41 40 47 53 47 49 60 29 24 16 32 45 42 52 57 53 55 55 61 62 63 65 67 68 68 68 
7 6 7 7 7 6 7 7 7 8 8 9 10 12 12 12 12 13 13 13 13 13 14 15 16 16 17 16 16 17 18 19 20 20 20 19 20 22 23 23 23 23 24 25 26 27 27 26 25 26 28 30 31 32 31 30 30 31 32 33 34 34 35 36 37 38 40 41 42 45 44 44 43 42 42 40 39 39 40 40 41 41 41 40 39 38 36 34 31 31 30 29 27 25 25 22 18 14 11 9 9 10 10 9 8 8 7 7 6 6 6 6 6 6 6 7 6 6 6 5 5 5 5 5 4 4 4 17 43 39 42 40 45 46 43 43 45 45 53 61 65 23 8 9 6 7 7 7 7 7 8 9 10 11 13 15 18 22 28 31 30 30 30 30 29 29 29 29 29 29 28 28 27 29 29 29 29 30 31 30 30 35 37 32 31 34 32 32 34 35 37 38 39 39 39 41 44 47 48 47 45 44 44 47 50 51 51 51 51 51 51 50 50 51 51 52 53 53 54 57 61 65 59 56 54 52 54 54 50 54 54 17 11 9 18 17 12 33 55 45 44 50 55 56 55 54 53 52 53 53 
8 8 8 8 8 7 7 8 9 10 11 13 13 15 15 14 13 12 11 11 12 12 11 11 10 10 10 11 11 11 11 11 11 11 12 11 11 12 12 12 12 12 12 12 12 12 11 10 10 10 10 10 11 11 11 12 12 13 13 13 12 11 9 10 11 11 12 13 13 13 13 14 14 14 15 15 15 15 16 17 17 17 17 17 18 18 17 17 17 16 16 16 14 13 14 13 14 15 12 10 10 10 10 9 9 9 8 8 8 7 7 7 6 6 7 7 7 6 6 6 6 6 5 5 5 5 3 9 26 30 34 32 34 36 36 37 39 39 39 35 33 12 6 8 6 6 7 6 6 5 5 6 6 6 7 8 10 12 16 17 17 17 17 18 18 18 18 17 17 16 16 16 16 17 18 17 18 19 19 18 21 26 26 20 17 17 15 16 17 18 19 20 21 21 22 24 25 27 28 28 28 28 29 30 31 33 33 33 34 35 36 39 43 47 50 50 50 51 54 58 62 65 65 63 62 63 65 65 64 67 54 16 14 9 9 6 6 35 71 63 63 67 65 62 61 58 57 55 55 56 
13 13 12 12 12 11 11 11 13 14 15 17 17 18 18 18 17 17 17 17 17 17 16 16 17 18 18 16 16 15 15 14 14 14 15 15 15 15 15 15 14 11 11 11 10 9 9 9 9 9 9 9 8 8 8 8 8 8 7 6 5 5 6 6 6 6 6 6 5 5 5 5 5 6 6 6 5 5 6 6 6 6 6 5 5 5 6 6 6 5 6 7 6 6 7 7 7 7 7 6 6 7 7 7 9 9 10 10 9 9 8 7 6 6 7 7 6 6 7 7 7 7 7 7 6 6 3 2 6 9 12 13 14 15 16 17 17 16 21 23 20 10 8 10 7 7 7 7 6 6 5 6 6 5 6 5 5 6 7 6 5 5 5 5 6 6 7 8 8 8 8 9 9 9 9 9 9 9 9 8 10 13 14 12 11 11 10 10 11 11 12 12 12 12 10 9 10 10 11 11 10 12 13 12 13 14 15 15 17 18 19 19 21 22 24 24 25 26 28 30 32 34 35 34 34 37 37 36 39 52 39 20 32 18 9 6 9 35 71 72 78 79 66 72 76 75 74 74 74 75 
57 54 53 51 48 46 47 45 43 40 38 35 33 27 27 26 26 25 25 24 20 19 18 18 18 19 19 22 22 21 21 20 20 19 16 16 17 18 19 20 20 22 22 22 22 23 23 22 18 19 19 19 20 19 19 19 19 19 18 18 18 17 13 13 13 12 11 11 10 9 9 8 7 7 6 6 6 6 6 6 5 5 6 7 6 6 5 5 4 4 4 5 5 4 4 3 3 4 5 4 4 5 5 4 4 4 4 4 4 3 4 4 4 4 4 3 3 3 3 4 4 4 4 4 3 3 2 2 3 2 2 2 2 2 3 3 2 2 5 8 7 7 7 8 7 8 8 9 9 10 10 12 12 12 11 11 10 10 11 13 14 12 10 9 9 10 9 7 7 8 8 9 9 9 8 7 7 8 7 7 6 7 8 7 7 7 7 6 6 7 7 6 6 6 6 7 7 7 7 7 6 7 7 7 8 9 10 9 9 10 10 10 10 10 11 11 11 11 12 12 12 11 13 13 12 14 14 14 16 18 12 15 40 20 5 4 7 17 26 29 34 36 38 39 40 42 43 43 41 40 
70 70 72 73 73 72 73 72 71 71 70 69 70 77 75 73 70 67 65 63 61 58 53 48 45 42 41 41 41 41 41 40 40 39 35 33 32 32 32 31 29 27 26 26 26 26 26 27 27 27 27 27 27 26 26 26 25 24 23 23 24 25 24 25 25 25 26 26 29 37 37 36 36 35 35 33 28 27 26 25 23 22 20 17 17 17 17 16 15 15 16 17 16 15 15 14 12 12 13 9 6 6 5 5 5 5 5 4 4 4 3 3 3 3 3 3 3 3 2 3 3 3 2 2 2 2 2 3 4 3 2 2 2 2 2 3 3 4 4 4 4 5 4 4 4 5 5 5 6 6 6 7 7 7 8 8 9 10 11 12 12 12 11 11 12 12 14 15 14 14 14 15 15 15 15 14 15 16 17 16 15 14 14 13 11 10 9 11 12 12 12 12 11 11 11 11 11 11 10 10 10 10 10 9 9 9 8 7 6 7 7 8 9 9 9 10 10 10 10 9 8 8 11 12 11 11 12 12 12 12 8 8 17 8 4 2 8 17 26 29 29 28 36 42 42 44 45 44 41 38 
50 51 54 57 58 57 57 58 60 61 63 64 65 66 67 68 69 70 70 71 72 72 71 70 69 68 68 68 69 69 69 69 70 69 69 65 63 62 61 58 56 57 55 53 52 51 50 49 44 44 44 43 41 40 38 36 34 32 30 30 31 32 33 34 34 35 36 37 37 39 39 39 40 40 40 41 44 42 40 38 36 35 34 35 36 37 39 39 40 39 40 41 40 42 46 44 43 46 43 29 18 16 15 14 13 12 11 11 10 10 9 6 6 6 6 6 6 5 5 4 4 4 3 3 3 2 2 2 3 2 3 3 2 2 3 3 3 5 5 6 5 7 5 5 4 5 6 6 5 5 5 5 6 6 6 7 9 10 11 14 16 19 22 24 25 25 26 27 26 25 25 26 27 28 29 28 29 31 32 32 29 28 30 31 31 32 33 36 37 38 39 39 39 38 41 44 44 44 43 43 43 45 44 42 41 40 36 31 33 36 37 37 36 34 32 34 36 36 36 34 32 30 32 32 27 23 24 24 21 19 16 12 13 11 15 15 19 30 40 43 40 35 41 45 45 46 45 44 41 39 
60 59 60 60 59 58 57 57 57 57 57 57 56 53 54 55 57 58 59 61 64 64 66 67 67 66 67 67 68 68 68 69 69 70 71 69 68 69 69 68 67 69 68 66 64 64 65 64 61 62 62 63 62 62 61 58 57 56 55 54 54 55 56 56 56 55 55 55 54 51 51 50 48 47 46 47 49 48 46 44 41 40 40 41 43 44 46 47 47 47 47 46 45 48 55 53 52 57 51 33 20 18 18 17 16 15 14 14 14 14 13 12 12 11 11 10 10 10 10 9 7 7 7 7 7 6 5 5 5 3 3 4 3 2 3 4 6 9 10 13 11 14 11 13 11 12 13 13 12 11 11 12 13 12 13 14 15 16 17 17 20 25 31 35 35 33 33 32 31 30 31 32 34 36 37 36 37 38 39 38 37 37 39 41 42 41 43 46 48 49 51 51 52 51 54 56 56 57 57 57 57 61 60 58 60 61 57 51 53 57 61 64 65 64 62 61 62 63 64 61 58 55 54 55 50 45 52 58 51 47 47 46 41 32 39 38 39 47 52 52 51 45 46 47 47 46 45 44 42 42 
88 85 84 82 80 79 80 78 76 73 70 67 64 61 60 60 58 56 55 55 56 57 56 55 54 51 51 51 51 50 50 49 49 50 52 51 53 55 57 58 58 58 58 57 58 59 61 62 66 68 70 72 73 74 75 76 77 78 78 79 79 80 78 77 76 75 74 73 72 72 70 68 66 64 61 58 54 52 51 51 50 50 49 47 47 47 47 48 47 47 48 45 41 42 48 46 43 45 40 24 13 13 14 15 15 14 13 13 13 14 14 15 15 15 14 13 13 14 13 12 10 11 13 15 16 15 12 12 13 10 8 7 6 6 7 9 11 15 17 19 17 21 18 22 20 22 23 23 22 21 22 24 25 25 25 26 29 32 33 31 30 35 41 44 42 40 37 36 35 35 36 37 39 39 38 37 37 37 37 36 37 38 40 40 39 37 37 38 39 40 42 44 44 44 43 43 43 43 44 45 45 49 50 50 54 57 56 52 51 55 62 69 73 75 75 71 69 71 72 70 67 64 62 64 62 61 74 87 81 76 79 83 75 59 63 59 58 62 57 54 57 54 52 52 52 51 50 49 49 49 
62 64 68 72 77 82 91 93 98 103 106 106 103 100 99 98 97 96 96 95 91 91 89 88 86 84 84 82 78 74 69 67 66 66 68 66 64 60 56 52 50 50 50 49 48 47 47 46 45 47 46 42 39 39 41 42 45 49 53 56 57 57 56 56 58 59 60 61 63 65 67 72 78 82 82 81 79 76 77 84 91 95 95 93 91 88 87 85 84 86 89 86 77 72 74 69 63 61 54 35 21 19 19 18 18 16 15 14 13 12 11 10 9 8 7 7 8 7 6 6 8 14 21 26 30 30 27 29 34 33 25 19 17 17 18 18 17 16 16 16 17 18 19 20 21 23 25 25 24 22 24 27 31 34 36 40 49 60 69 69 65 63 60 59 60 62 62 60 59 57 55 54 53 48 45 44 44 42 40 39 36 35 36 38 39 38 37 33 32 33 35 35 35 35 35 34 32 33 35 37 38 39 39 38 37 36 35 35 36 37 38 37 35 36 37 39 40 40 39 38 39 42 41 42 44 44 43 45 49 52 54 54 53 55 58 58 57 59 62 65 66 65 63 67 70 72 72 70 69 70 
55 50 46 43 41 41 40 41 42 44 45 44 44 46 48 50 54 57 60 61 63 63 65 67 69 72 74 76 76 77 79 83 87 89 90 94 99 105 109 113 113 107 106 104 101 98 97 92 84 86 85 82 79 80 81 76 75 72 70 65 63 63 66 63 59 54 50 47 47 49 48 47 48 48 45 46 52 49 48 50 51 51 51 53 54 56 59 62 64 66 69 67 63 63 67 66 67 77 73 53 35 30 27 25 24 24 24 25 26 26 25 22 21 18 16 15 16 22 31 37 43 47 49 50 49 48 48 50 53 51 47 44 43 43 42 40 38 35 33 31 30 29 28 27 26 26 27 27 26 25 26 28 30 31 32 35 40 47 53 61 65 64 62 61 62 64 70 75 75 78 80 82 83 91 97 96 94 91 88 86 87 87 82 77 72 69 68 70 72 72 70 66 61 57 54 51 47 45 45 45 44 42 40 40 39 38 37 37 38 39 38 37 36 38 41 38 36 35 33 31 31 33 32 32 31 29 27 27 29 27 27 28 27 29 31 30 30 30 30 32 34 35 36 35 35 37 38 37 38 39 
82 80 79 78 78 77 70 71 72 71 71 70 69 66 65 64 62 61 60 59 56 54 51 49 48 48 50 56 55 54 53 53 53 54 57 59 61 64 65 66 66 67 68 69 70 72 72 75 81 83 83 81 80 82 84 86 88 90 93 96 100 99 94 93 93 91 90 90 87 80 79 78 79 79 75 71 65 64 64 67 69 69 68 69 67 64 59 54 50 49 48 47 44 44 47 46 44 49 49 37 26 21 18 17 19 18 18 18 18 18 17 17 17 17 18 22 26 31 39 50 59 64 65 67 64 61 65 66 63 62 64 65 65 66 67 67 65 64 59 56 55 55 53 53 52 50 49 50 50 48 49 51 52 50 48 45 42 42 41 42 42 42 42 42 43 44 46 47 47 48 48 49 49 51 52 54 55 57 58 58 58 58 55 53 54 57 60 59 60 66 72 76 77 77 79 78 74 72 74 75 74 67 64 66 68 70 73 74 72 69 64 57 53 53 55 54 53 53 51 48 48 49 45 42 40 37 35 36 38 33 33 34 32 33 33 31 35 35 31 29 29 29 30 30 30 32 32 31 32 33 
74 75 78 81 83 85 88 88 88 87 86 86 85 84 84 84 84 84 83 83 83 82 82 82 83 84 84 84 81 77 73 70 68 66 65 65 65 65 64 62 61 59 59 59 58 58 58 58 59 60 61 60 60 60 63 65 64 65 67 69 72 71 68 69 70 72 73 75 76 77 76 76 78 78 77 74 72 72 74 77 79 79 80 84 83 82 77 73 67 67 69 67 65 65 67 65 64 67 71 65 56 51 46 40 36 34 33 32 31 31 30 28 28 28 28 32 38 40 42 48 51 51 50 53 52 52 55 55 52 51 54 55 55 57 59 60 60 59 60 61 61 61 61 62 62 65 70 72 73 72 71 72 71 69 68 66 64 63 62 60 60 61 63 65 66 67 62 57 57 56 55 54 53 51 50 50 50 50 49 48 47 46 43 41 41 44 46 45 46 49 53 56 57 57 57 56 53 53 54 56 55 53 54 55 58 61 64 66 72 74 71 66 64 65 69 73 75 76 75 72 73 74 67 62 60 58 59 62 65 60 60 61 56 54 52 48 41 37 32 28 26 26 26 27 28 29 28 27 26 27 
58 60 63 66 68 70 76 78 77 76 75 75 76 76 77 78 80 81 83 84 87 89 92 95 97 98 97 94 92 90 87 85 84 83 84 85 86 86 86 85 83 79 79 77 76 75 74 72 68 68 68 68 68 68 67 63 60 57 55 54 54 55 57 57 58 59 60 61 61 62 61 61 63 64 63 63 65 66 68 69 69 68 69 73 75 77 76 74 71 71 74 72 72 73 74 73 72 77 82 79 73 70 65 62 60 59 58 57 57 57 57 56 54 52 51 54 59 63 62 59 55 52 52 52 51 51 52 52 50 51 53 53 53 54 56 56 56 55 56 58 58 58 58 58 58 62 66 68 69 69 67 66 66 66 67 69 71 71 71 71 72 74 76 77 78 78 74 70 70 68 68 66 66 65 65 64 63 61 59 57 57 56 54 52 51 51 52 54 55 53 52 51 49 49 46 43 42 41 41 41 40 42 43 43 45 46 48 48 55 58 59 58 57 58 61 66 69 70 69 68 68 69 66 63 61 60 62 67 71 67 67 67 61 58 55 50 38 33 29 25 24 24 23 25 26 26 25 23 22 22 
60 59 59 58 56 55 50 52 52 51 50 51 54 50 51 51 51 51 51 53 57 59 62 64 63 62 60 61 63 65 68 71 73 77 88 90 94 97 100 101 101 101 102 102 104 105 106 106 107 106 105 106 106 105 101 91 88 84 81 79 79 82 87 86 84 82 79 77 72 61 59 58 59 60 58 57 55 56 55 52 50 49 47 45 48 50 52 52 51 50 48 47 49 51 52 50 51 55 59 60 59 59 57 63 74 73 74 74 75 76 80 83 81 78 75 77 82 89 91 83 78 78 79 77 73 69 68 68 71 73 75 74 73 74 74 73 70 68 64 61 60 59 57 56 55 52 48 48 47 47 44 41 43 47 49 52 55 56 56 59 61 61 61 60 59 58 62 65 65 65 66 66 67 69 72 73 73 73 72 71 73 75 75 76 75 75 75 81 83 80 75 72 70 70 69 66 63 61 60 58 56 53 52 51 51 50 49 48 45 43 44 43 40 38 38 38 39 40 38 36 35 36 39 39 37 37 39 42 44 42 44 43 38 36 34 30 27 26 25 24 24 24 24 24 25 26 25 23 22 22 
104 104 104 103 100 98 85 88 89 86 85 90 94 86 84 80 76 72 69 67 63 64 63 60 54 49 45 39 40 42 43 44 45 44 43 43 44 43 43 42 43 48 50 52 55 59 61 63 66 64 64 66 66 65 66 76 79 83 88 93 98 99 97 97 97 96 96 95 99 108 106 105 108 112 112 104 92 93 92 89 87 88 87 83 82 80 76 71 67 63 59 56 56 57 53 50 49 49 50 51 51 52 52 50 45 44 44 45 45 46 47 49 50 50 50 52 57 60 60 60 63 71 74 71 74 79 76 78 86 91 89 89 92 93 93 93 91 89 90 91 91 90 90 90 90 93 96 93 91 88 84 78 74 72 72 71 71 69 68 67 66 65 61 59 57 55 51 48 48 47 47 46 46 47 48 49 53 55 57 57 47 42 46 51 54 55 56 60 63 64 65 69 74 77 80 81 78 77 78 77 75 75 77 77 78 78 79 79 78 80 80 76 69 63 60 68 73 72 68 64 60 59 48 41 38 37 37 37 36 34 36 36 33 32 32 29 30 31 31 31 30 30 29 28 29 30 30 30 30 31 
48 50 53 54 54 56 68 71 72 68 67 71 77 83 85 87 90 93 96 96 90 92 96 101 105 109 112 119 119 118 117 114 109 108 109 107 105 101 97 93 89 83 79 75 69 63 60 59 61 59 60 62 65 64 59 51 51 52 52 53 52 51 49 50 51 52 54 55 56 57 55 55 57 59 60 64 73 75 75 74 75 80 88 100 101 101 102 102 101 106 111 106 109 110 101 98 99 98 99 101 104 104 103 103 101 101 99 99 99 100 93 82 80 75 68 64 62 60 56 56 56 54 50 45 44 44 42 43 46 48 45 45 47 49 51 52 51 50 50 50 51 51 52 53 54 61 67 64 65 66 65 62 68 76 78 80 84 88 90 95 98 95 92 90 90 91 94 96 94 93 91 90 89 88 87 84 79 74 69 65 64 66 66 65 61 57 53 54 56 57 59 59 58 56 51 48 48 50 53 53 53 49 48 49 51 54 55 56 61 65 69 73 74 76 78 72 68 68 63 57 53 51 46 43 41 41 41 39 37 35 36 37 34 34 35 34 35 37 35 34 33 31 30 30 31 33 34 33 33 34 
61 61 59 56 54 52 51 54 54 51 49 52 56 56 56 56 56 56 56 56 56 56 56 59 63 68 71 73 76 79 83 85 85 86 89 91 95 98 101 103 103 100 99 99 98 98 98 97 92 90 92 97 101 101 99 100 101 101 101 99 97 95 94 91 86 81 77 73 72 70 65 62 61 60 58 57 58 58 57 54 54 58 61 63 63 62 62 63 64 65 62 61 67 72 71 70 73 71 72 76 79 79 78 77 75 77 79 82 86 90 90 90 92 91 88 86 86 85 84 86 85 81 78 79 79 76 73 72 71 69 65 63 63 64 63 62 59 57 57 59 58 56 54 53 52 50 48 47 49 55 57 56 56 57 56 55 54 54 54 57 58 57 56 58 60 63 65 66 67 68 70 72 73 73 73 75 76 77 78 78 78 79 79 79 77 75 72 73 77 82 86 86 82 78 76 74 73 74 75 74 72 70 69 68 67 66 65 65 61 58 58 54 51 50 50 52 54 54 50 46 42 41 40 40 39 42 44 43 41 40 41 41 37 37 38 37 36 37 35 35 35 36 36 36 37 39 39 37 37 38 
