UP
1 1 1 1 2 2 2 2 2 2 2 1 1 2 3 5 5 5 3 3 4 3 2 1 1 4 12 23 28 27 26 25 25 26 27 26 26 26 23 23 9 11 12 10 10 8 7 7 7 6 6 5 5 5 5 3 3 3 3 4 4 4 5 9 19 9 3 2 3 3 2 2 2 2 2 2 2 2 3 3 2 2 2 3 3 4 5 4 3 3 3 3 2 2 2 3 3 3 3 3 3 2 2 2 1 1 1 1 1 1 1 2 2 2 2 2 2 1 1 1 1 2 2 2 2 2 2 2 3 3 3 2 2 2 2 2 2 1 1 1 1 1 1 1 1 1 1 2 2 2 3 3 3 3 3 3 4 5 4 4 4 4 4 4 4 3 3 4 4 4 3 3 3 2 2 2 2 1 2 1 1 1 1 1 1 2 2 2 3 3 2 3 3 3 3 3 4 4 3 2 1 1 1 2 2 2 2 2 4 4 4 3 4 5 6 6 6 6 4 4 4 4 4 3 3 2 3 3 3 3 3 4 5 5 4 5 4 4 4 4 4 4 4 4 4 5 5 5 4 4 
1 1 1 1 2 2 2 2 2 2 2 1 1 2 4 4 3 3 3 4 5 3 2 1 1 3 10 23 34 37 33 28 29 35 37 35 34 32 29 34 24 33 36 31 28 25 24 23 23 24 22 20 18 18 21 16 7 2 2 2 3 3 5 9 23 10 2 1 1 1 1 2 2 2 2 1 1 2 3 3 2 2 2 2 3 3 4 4 3 2 2 2 2 2 3 3 3 3 3 3 3 3 2 2 1 1 1 1 1 1 1 1 1 2 2 2 2 1 1 1 1 1 1 2 2 2 2 3 3 3 3 2 2 2 1 1 1 1 1 1 1 1 1 1 1 1 1 1 1 2 2 3 3 3 2 3 3 4 4 4 4 4 4 4 3 3 4 4 4 4 3 2 2 2 1 1 1 1 1 1 1 1 1 1 1 1 1 2 3 2 2 3 3 3 3 3 3 3 2 2 1 1 1 1 1 1 1 2 3 3 3 4 4 5 6 6 7 6 4 4 4 4 3 3 2 2 2 3 3 3 3 4 4 4 4 4 4 4 4 4 3 3 4 4 4 4 5 4 4 4 
0 0 1 0 0 1 1 1 2 2 2 1 1 2 3 3 2 2 3 4 3 1 2 2 2 2 3 8 20 30 24 11 15 33 37 29 25 20 19 25 29 37 45 41 37 32 34 35 38 45 44 45 40 36 46 39 15 3 1 1 2 4 6 9 16 10 2 1 1 2 2 2 3 2 2 1 1 2 4 3 2 3 2 2 2 3 4 4 4 3 2 2 2 2 2 2 2 2 3 3 3 3 2 2 1 1 1 2 1 1 1 1 1 2 1 1 2 1 1 1 1 1 1 1 1 2 3 3 2 2 2 2 2 1 1 1 1 1 1 1 2 2 1 1 1 1 1 1 1 1 2 3 3 3 2 2 2 3 3 3 4 4 4 4 3 3 4 5 4 3 3 2 2 1 1 2 2 2 1 1 1 1 2 2 2 2 2 2 2 2 2 3 3 3 3 3 3 2 1 1 1 1 1 1 1 1 1 1 2 2 2 3 5 7 6 5 5 5 4 5 5 4 3 3 3 3 3 3 3 3 3 3 5 5 5 4 4 4 4 4 4 4 4 5 5 5 5 4 4 3 
0 0 0 0 0 1 1 1 1 1 1 1 1 1 2 2 1 1 2 3 2 2 2 2 2 1 1 2 4 9 9 3 3 8 9 5 5 5 4 6 7 11 15 12 12 11 13 14 17 25 27 22 22 24 30 29 17 8 6 7 7 5 4 7 19 11 4 4 3 3 2 3 4 2 2 2 3 3 4 3 2 2 2 2 3 2 3 3 3 3 3 2 1 1 1 1 2 2 2 2 2 2 3 2 2 1 1 1 1 1 1 1 1 2 1 1 1 1 1 1 1 1 1 1 1 2 2 2 2 2 2 2 2 1 1 1 1 1 1 1 2 2 1 1 1 1 1 1 1 1 2 2 3 3 2 2 2 3 3 3 4 4 4 4 3 3 3 3 3 3 3 2 2 1 1 1 1 2 1 1 1 2 2 3 2 2 2 2 2 2 2 2 3 3 3 3 3 2 1 1 1 1 1 1 1 1 1 1 1 1 2 4 5 6 6 5 5 5 4 4 4 4 4 4 4 4 3 3 3 2 3 3 4 5 5 4 4 5 5 5 5 5 5 5 5 5 5 5 4 3 
0 0 0 0 0 0 1 1 1 1 0 0 0 0 1 1 1 1 1 2 2 1 1 1 1 1 1 1 1 4 6 2 2 3 3 2 3 4 3 4 4 6 8 7 7 6 6 4 3 8 15 11 13 21 39 50 36 19 17 20 19 11 8 14 35 20 12 16 15 14 16 16 16 10 7 10 11 10 9 9 7 4 3 2 2 3 4 4 5 5 5 3 2 1 0 0 1 1 1 1 2 2 2 2 2 1 1 1 1 1 1 1 1 1 1 1 1 1 1 1 1 1 1 1 2 2 2 2 2 2 2 1 1 1 1 1 1 1 1 2 2 1 1 1 1 1 1 1 1 1 1 2 2 2 2 2 2 3 3 3 4 4 4 4 4 3 3 3 3 2 2 2 2 1 1 1 1 1 2 1 2 2 3 3 2 1 1 1 1 1 2 2 2 2 3 3 3 3 2 1 1 1 1 1 1 1 1 1 1 1 3 5 6 6 5 5 5 5 4 3 3 3 3 4 4 4 3 3 3 2 3 4 4 4 4 4 4 4 5 5 5 5 4 4 4 4 4 4 4 3 
0 0 0 0 0 0 1 1 1 1 1 0 0 0 0 0 0 0 1 1 1 1 1 1 1 1 1 1 1 2 3 2 2 3 2 2 3 3 3 4 4 3 4 4 3 4 5 4 2 3 3 4 4 9 34 53 31 7 5 6 7 4 3 10 38 20 11 14 10 12 19 53 56 34 19 19 19 18 17 29 41 31 19 16 17 15 13 15 20 21 15 11 8 5 2 1 1 2 2 2 2 2 2 2 2 1 1 2 1 1 1 2 1 0 1 1 1 1 1 1 1 1 1 1 2 2 2 2 2 2 1 1 1 1 1 1 1 1 1 2 2 1 1 1 0 0 1 1 1 1 1 1 2 2 2 2 2 3 3 3 3 4 3 3 3 3 3 3 3 2 2 2 2 1 1 1 2 2 2 2 2 2 2 2 1 1 1 1 1 1 1 2 1 1 2 2 2 2 2 2 1 1 1 1 1 1 1 1 1 1 2 4 4 5 5 4 5 5 3 3 3 3 3 3 3 3 3 3 3 2 3 4 5 4 4 3 4 4 4 4 4 4 4 4 3 3 3 3 3 3 
0 0 0 0 0 0 1 1 1 1 1 0 0 0 0 0 0 0 0 1 1 0 1 1 0 0 0 1 1 1 1 1 1 2 1 1 1 1 1 5 5 2 2 3 2 3 7 5 3 3 5 5 4 6 18 25 14 5 2 3 4 3 3 8 15 8 5 6 4 6 13 45 47 24 8 5 5 4 9 29 59 44 19 11 13 12 13 25 51 47 22 12 13 9 3 1 1 2 2 2 2 2 2 2 2 2 2 2 2 2 1 1 1 1 1 1 1 1 1 1 1 1 1 1 1 2 2 1 2 2 1 1 1 1 1 1 1 1 1 1 1 1 1 1 0 0 1 1 1 1 1 1 2 2 2 2 2 2 2 2 3 3 3 3 3 3 3 3 3 3 2 2 2 1 1 2 2 2 2 2 1 1 2 2 1 1 1 1 1 1 1 1 1 1 1 2 2 2 2 1 1 1 1 1 1 1 1 1 1 1 1 2 2 3 4 4 5 5 3 3 3 3 3 3 4 4 4 3 3 3 3 4 5 4 4 3 3 4 4 4 4 4 4 4 4 4 4 4 4 3 
0 0 0 0 0 0 1 1 1 1 0 0 0 0 0 0 0 0 0 0 0 0 0 1 0 0 0 1 1 1 1 1 1 2 1 1 1 1 2 8 10 5 6 10 6 8 16 14 8 7 5 2 2 2 2 3 3 3 1 2 2 1 1 2 4 5 5 7 6 9 13 21 24 15 7 6 6 7 9 25 47 35 13 5 5 4 5 19 52 49 18 6 6 5 1 1 1 0 0 0 1 1 3 4 4 3 2 5 9 7 2 0 0 1 1 1 1 1 1 1 0 1 0 1 1 1 2 1 2 1 1 1 1 1 1 1 1 0 1 1 1 1 1 1 0 0 1 1 1 1 1 1 2 2 1 1 1 2 2 2 2 3 3 3 2 3 3 3 3 3 2 2 2 2 2 2 2 2 2 1 1 1 2 2 2 1 1 1 1 1 1 1 2 2 2 2 1 1 1 1 1 1 1 1 1 2 1 1 1 1 1 1 1 2 3 3 4 4 3 3 3 3 3 3 3 3 3 3 3 3 3 4 5 4 4 4 4 4 4 5 5 4 4 4 4 4 4 4 4 3 
0 0 0 0 0 0 0 0 0 0 0 0 0 0 0 0 0 0 0 0 0 0 0 1 0 0 1 1 1 0 0 0 1 1 0 0 0 1 1 4 5 3 4 6 4 8 20 21 17 16 6 2 3 3 1 1 2 3 2 2 2 1 1 1 2 4 4 5 4 4 3 2 4 4 4 5 5 5 4 6 10 10 7 5 6 5 6 11 23 24 13 6 5 4 1 1 1 1 1 1 0 1 2 3 4 3 3 7 12 8 2 0 0 1 1 1 1 1 1 1 0 1 0 0 1 1 2 2 1 1 1 1 1 1 1 1 1 1 1 1 1 1 1 1 1 1 1 1 0 1 1 1 2 1 1 1 1 1 1 1 2 3 3 3 3 3 3 3 3 3 2 2 2 2 2 2 2 1 2 1 1 1 2 2 1 1 1 1 1 1 1 1 1 2 2 1 1 1 1 1 1 1 1 2 2 2 2 2 2 2 2 2 2 2 2 2 3 3 3 3 3 3 3 2 2 3 3 3 3 3 3 4 5 4 4 4 4 4 4 4 4 4 3 3 3 3 3 3 3 3 
0 0 0 0 0 0 0 1 1 0 0 0 0 0 0 0 0 0 0 0 0 0 0 0 0 0 0 0 0 0 0 1 1 1 1 0 1 1 0 1 1 1 2 3 1 3 9 9 6 7 3 1 2 1 0 1 1 1 1 1 0 0 0 1 1 3 4 5 7 8 3 1 1 3 7 10 6 5 5 2 1 2 4 5 5 7 6 3 3 4 5 5 4 3 1 0 0 0 0 1 0 0 1 1 3 3 3 3 5 3 1 0 1 1 1 1 1 1 1 1 1 1 1 1 1 2 2 2 1 1 1 1 1 1 0 1 1 1 1 1 1 1 1 1 1 1 1 1 0 1 1 2 2 1 1 1 1 1 1 1 2 3 3 3 4 3 2 2 2 2 2 3 2 2 2 2 1 1 1 1 1 1 2 1 1 0 1 1 1 1 1 1 1 1 1 1 1 1 1 2 2 2 2 2 1 1 1 2 2 3 3 3 2 2 1 1 2 3 3 3 4 4 3 3 3 3 3 4 3 3 3 4 4 4 4 4 4 4 4 4 4 3 3 3 4 4 3 3 3 3 
0 0 0 0 0 0 0 0 0 1 1 0 0 0 0 0 0 0 0 0 0 0 0 0 0 0 0 0 0 0 0 0 0 0 0 0 0 1 1 0 1 1 1 1 1 1 2 3 2 2 1 1 1 1 0 0 0 1 1 0 0 0 0 0 1 2 5 6 4 5 3 0 1 3 4 5 5 6 6 1 0 1 6 7 6 8 7 2 0 1 4 7 6 3 1 0 0 0 0 0 0 0 0 1 1 3 4 3 2 2 0 1 0 1 1 1 1 1 1 1 1 2 1 1 1 1 2 1 1 1 1 1 1 1 1 1 1 1 1 1 1 0 0 0 1 1 1 0 0 1 2 1 1 1 1 1 1 1 1 1 1 2 3 3 3 2 2 2 2 2 2 2 2 2 1 1 1 1 2 2 1 1 1 1 1 1 1 1 1 1 1 0 1 1 1 1 2 2 2 2 2 1 1 1 1 2 2 2 2 2 2 2 2 1 1 1 1 1 2 3 4 4 3 3 3 4 4 4 3 3 3 4 4 4 4 4 4 4 4 4 4 4 3 3 4 4 4 3 3 3 
0 0 0 0 0 0 0 0 0 0 0 0 0 0 0 0 0 0 0 0 0 0 0 0 0 0 0 0 0 0 0 0 0 0 0 0 0 0 0 0 0 0 0 1 0 0 1 1 1 1 1 1 0 0 0 0 0 0 0 0 0 0 0 0 0 1 4 6 5 6 8 9 9 7 4 4 4 4 5 3 4 3 4 4 5 6 6 4 2 3 4 6 5 3 1 0 0 0 0 0 0 0 0 0 1 2 3 3 2 2 1 1 0 1 1 1 1 1 1 1 1 2 2 2 2 2 2 2 1 1 1 1 1 1 1 2 2 2 2 1 1 1 1 1 1 1 1 1 1 1 1 1 1 1 1 1 1 1 1 1 1 1 2 2 2 2 1 1 2 2 2 2 2 2 1 1 1 1 2 2 1 1 0 0 1 1 1 1 1 1 1 1 1 1 1 1 2 2 2 2 2 1 1 1 1 2 2 2 2 2 2 2 2 1 1 1 1 1 1 2 3 3 3 3 3 3 3 4 3 3 3 3 4 4 4 3 3 4 4 4 4 4 3 3 3 3 3 3 3 3 
0 0 0 0 0 0 0 0 1 1 0 0 0 0 0 0 0 0 0 0 0 0 0 0 0 0 0 0 0 0 0 0 0 0 0 0 0 0 0 1 1 0 0 0 0 0 0 0 0 0 0 0 0 0 0 0 0 0 0 0 0 0 0 0 0 1 4 6 6 7 15 36 35 15 6 6 5 5 6 17 24 15 6 4 6 5 4 7 12 10 6 4 5 3 1 0 1 0 0 0 0 0 0 0 0 1 2 3 1 1 0 1 0 1 1 1 1 1 1 1 2 2 2 2 2 2 2 2 2 1 1 1 2 2 2 2 2 2 2 1 1 1 1 2 2 2 2 1 1 1 1 1 1 1 1 1 1 1 1 1 1 1 1 2 2 1 1 1 1 2 2 1 2 2 1 1 2 2 2 1 1 0 0 0 1 1 1 1 1 1 1 1 1 1 1 1 1 1 1 1 1 2 1 1 1 2 2 2 1 1 1 1 1 1 1 1 1 1 1 2 2 3 3 3 3 3 3 3 2 2 3 3 3 3 3 3 3 3 3 3 3 3 3 3 3 3 3 3 3 2 
0 0 0 0 0 0 0 0 1 1 1 1 0 0 0 0 0 0 0 0 0 0 0 0 0 0 0 0 0 0 0 0 0 0 0 0 0 0 1 2 1 1 1 1 0 0 0 0 0 0 0 0 0 0 0 0 0 0 0 0 0 0 0 0 0 2 4 6 5 6 19 51 49 17 5 6 5 5 9 34 45 28 9 6 6 6 8 20 43 34 13 7 6 3 1 0 1 1 0 0 0 0 0 0 0 1 1 2 1 1 0 1 0 1 1 1 1 1 1 2 2 2 2 2 2 2 2 2 2 2 1 2 2 2 2 3 3 2 2 2 2 2 2 3 3 2 2 2 2 2 2 1 1 1 1 1 1 1 1 1 1 1 1 2 2 2 1 1 1 1 1 1 2 2 2 2 2 1 1 1 1 0 0 1 1 1 1 1 1 1 1 1 1 1 1 1 1 1 1 1 1 1 1 1 1 2 2 1 1 1 1 1 1 1 1 1 1 1 1 2 2 3 3 3 2 2 2 2 2 2 2 2 3 3 3 2 2 2 2 2 2 3 3 3 3 3 3 3 3 2 
0 1 0 0 1 0 0 0 0 0 1 0 0 1 0 0 0 0 0 0 0 0 0 0 0 0 0 0 0 0 0 0 0 0 0 0 0 0 2 3 2 2 3 1 1 0 0 0 0 0 0 0 0 0 0 0 0 0 0 0 0 0 0 0 0 1 3 5 5 6 20 48 47 15 5 6 5 4 10 42 55 34 11 6 6 4 7 24 58 45 13 5 5 3 1 0 1 1 0 0 0 0 0 0 0 1 1 1 1 2 1 1 1 1 1 1 1 1 2 2 3 3 2 2 2 2 2 2 1 1 2 2 2 2 2 2 2 2 2 2 2 2 2 3 3 2 3 3 2 3 3 2 1 1 1 1 1 1 1 1 1 0 1 2 3 2 1 1 1 2 1 1 2 2 2 1 1 1 0 1 1 1 1 1 1 1 1 1 1 1 1 1 1 1 1 1 1 1 1 1 1 1 1 1 1 2 2 2 2 1 1 1 1 1 1 1 1 1 1 2 2 3 3 2 2 2 2 2 2 2 2 2 3 3 2 2 2 2 2 2 2 3 3 3 3 3 3 2 2 2 
7 9 9 8 9 10 8 4 2 1 1 0 1 1 0 0 0 0 0 0 0 0 0 0 0 0 0 0 0 0 0 0 0 0 0 0 0 0 1 1 1 1 2 1 0 0 0 0 0 0 0 0 0 0 0 0 0 0 0 0 0 0 0 0 0 1 2 5 5 5 14 30 30 12 6 7 5 5 9 33 46 29 9 5 6 5 7 23 55 44 14 4 4 3 1 0 1 1 0 0 0 0 0 0 1 1 1 1 2 2 1 1 1 1 1 1 1 1 2 2 3 2 2 2 2 2 2 1 1 1 1 2 2 2 2 2 2 2 2 2 2 3 2 3 3 2 3 3 2 3 3 2 2 2 2 2 1 1 1 1 0 0 1 2 2 2 1 1 2 2 2 1 1 2 2 1 1 1 0 1 1 1 1 1 1 1 1 1 1 1 1 1 1 1 1 2 2 2 2 2 2 1 1 1 2 2 2 2 2 1 1 1 1 1 1 1 1 1 1 2 3 2 2 2 2 2 2 2 1 2 2 3 3 2 2 1 1 2 2 2 3 3 3 3 2 2 2 2 2 2 
37 43 41 36 37 41 40 21 14 6 2 1 2 2 2 2 2 2 2 2 2 1 1 1 1 1 1 1 1 0 0 0 0 0 0 0 0 0 1 0 0 0 1 1 0 0 0 0 0 0 0 0 0 0 0 0 0 0 0 0 0 0 0 0 0 1 2 4 5 4 6 9 10 6 6 6 5 5 6 14 21 14 6 4 5 5 6 15 31 27 11 5 5 3 1 0 1 0 0 0 0 0 0 0 1 1 1 1 2 2 1 1 2 1 1 1 1 1 2 2 2 2 2 1 1 1 1 1 1 1 1 2 2 2 1 2 2 2 2 2 2 3 2 3 2 1 2 3 2 2 2 2 2 2 2 2 2 1 1 1 0 1 1 2 2 1 1 1 2 2 2 1 1 2 2 1 0 0 1 1 2 2 2 1 1 1 1 1 1 1 2 2 2 1 2 2 3 3 3 2 2 1 1 1 1 2 2 2 1 1 1 1 1 1 1 1 1 1 2 2 2 2 2 2 2 2 2 1 1 2 2 3 2 2 1 1 1 2 2 3 3 3 3 3 2 2 2 2 2 2 
57 64 58 48 48 54 56 41 36 17 5 4 5 3 5 5 5 4 4 4 4 3 3 3 3 3 2 2 2 2 2 2 2 2 2 2 2 2 1 1 1 1 1 1 1 1 1 1 0 0 0 1 1 1 1 1 1 1 1 0 0 0 0 1 1 0 2 4 5 4 2 1 1 3 6 6 5 5 3 2 3 3 4 5 5 6 5 5 6 6 5 5 5 3 1 0 1 0 0 1 0 0 0 0 1 1 1 1 1 2 1 1 2 1 1 1 1 1 2 2 2 2 1 1 1 1 1 1 2 1 1 2 2 2 1 2 2 2 2 2 2 2 2 2 2 1 2 2 2 1 1 2 2 2 2 2 1 1 1 1 1 1 2 2 2 1 1 1 2 2 2 2 1 2 2 1 0 1 1 1 2 2 2 2 1 1 1 1 1 2 2 2 2 2 2 3 3 3 3 2 2 2 2 1 1 1 2 2 1 1 1 1 1 1 1 1 1 2 2 2 2 2 2 2 2 2 1 1 1 2 2 3 2 1 1 1 1 2 3 3 3 3 3 3 2 2 2 2 2 1 
51 60 56 47 43 50 52 52 51 34 13 6 6 4 5 6 5 4 5 5 4 4 4 4 4 4 4 5 5 5 4 4 4 4 5 4 5 4 4 4 4 4 3 4 3 3 3 2 2 2 3 3 3 3 3 3 3 2 2 2 1 1 1 1 1 1 2 4 5 4 2 0 1 4 6 5 5 6 3 1 1 2 6 7 5 6 4 2 0 1 3 5 5 3 1 0 0 0 0 1 1 0 0 0 1 1 0 0 1 1 1 1 2 1 1 1 1 1 2 2 2 2 1 1 1 1 1 1 1 1 1 1 2 2 2 2 2 2 1 1 1 1 1 2 2 1 1 2 1 1 1 1 2 2 2 1 1 1 1 1 1 1 1 2 2 1 1 1 2 2 2 2 2 2 2 1 1 1 1 2 2 2 2 2 2 2 1 1 2 2 1 1 2 2 2 2 2 2 2 2 2 2 2 2 1 1 1 1 1 1 1 1 1 1 1 1 1 2 2 2 2 1 2 2 2 2 1 1 1 1 2 2 2 1 1 1 1 2 3 3 3 3 3 2 2 2 2 1 1 1 
47 60 60 56 48 54 56 58 54 48 25 7 4 5 4 5 5 5 5 5 5 4 5 5 4 4 5 5 5 5 4 4 3 5 6 5 6 6 6 6 6 5 6 7 6 5 5 5 4 4 5 5 5 5 4 5 5 4 5 4 4 4 5 4 5 4 4 4 4 4 4 2 2 4 4 3 3 4 3 1 1 2 5 6 5 5 4 2 1 1 3 5 5 3 1 0 1 1 0 0 0 0 0 1 1 0 0 0 1 1 1 1 1 2 1 1 1 1 1 1 2 2 1 1 1 1 1 1 1 0 0 1 1 2 2 2 2 2 1 1 2 2 1 1 2 1 1 1 1 1 1 1 2 2 1 1 1 1 1 1 2 1 1 2 2 2 1 1 2 2 2 1 1 2 1 1 1 1 1 2 2 1 1 2 2 3 2 2 2 1 1 1 1 1 1 1 1 1 2 2 2 2 2 2 1 1 1 1 1 1 1 1 1 1 1 1 2 2 2 2 2 1 2 2 2 2 1 1 1 1 1 2 1 1 1 2 2 2 2 3 2 2 2 2 2 2 1 1 1 1 
45 61 60 57 50 54 53 61 57 54 38 16 5 4 5 4 5 6 6 5 5 5 6 6 5 5 5 5 5 5 4 3 3 4 5 5 5 5 5 4 4 5 6 7 6 5 5 6 6 5 6 6 6 5 4 5 5 5 6 5 5 6 7 7 6 5 4 4 4 3 3 2 2 2 2 1 1 2 1 1 1 2 3 4 4 5 5 3 2 3 4 5 5 3 2 1 2 1 1 1 1 1 0 1 1 1 1 1 1 2 2 1 2 1 1 1 1 1 1 1 2 2 1 1 1 1 1 1 0 0 0 1 1 2 2 2 2 2 2 2 2 2 2 1 1 1 1 1 0 0 0 1 1 1 1 1 1 1 0 1 1 1 1 2 2 2 2 1 1 1 1 1 1 1 1 0 0 1 1 1 1 1 1 2 1 2 2 2 2 1 1 1 1 1 1 1 1 1 1 1 1 1 2 2 1 1 1 1 1 2 2 1 1 2 3 2 2 2 2 3 2 2 2 1 1 1 1 1 1 1 1 1 1 2 1 2 2 2 2 3 3 3 2 2 2 2 1 1 1 1 
39 62 63 62 57 57 53 60 60 58 53 31 10 4 6 5 5 6 5 4 5 5 6 6 6 6 6 5 5 5 6 4 4 5 5 5 5 6 6 5 5 5 5 6 5 4 4 5 6 6 6 6 5 5 4 4 4 4 4 3 2 2 3 2 3 2 2 1 1 1 1 1 1 0 0 0 0 0 0 1 1 1 1 2 2 4 5 5 5 6 7 8 7 6 4 4 4 3 2 2 2 2 2 2 3 3 2 2 3 3 2 2 1 1 1 1 0 0 0 1 1 1 1 1 1 1 1 1 1 1 1 1 1 1 1 2 2 2 1 1 1 1 2 2 1 0 1 1 0 0 0 1 1 1 1 0 0 0 0 1 1 1 1 1 2 2 2 1 1 1 1 1 1 1 1 0 0 0 1 1 1 1 1 1 1 1 2 2 1 1 1 1 1 1 1 1 1 1 0 1 1 1 1 1 1 1 2 2 2 3 2 2 2 3 3 3 2 2 2 2 2 2 2 2 1 1 1 1 1 1 1 0 1 2 1 2 2 2 2 3 3 3 2 2 2 1 1 1 1 1 
30 61 66 67 64 59 50 55 63 59 58 46 20 8 9 8 7 6 5 5 7 7 6 6 6 6 6 5 4 5 7 4 4 5 3 4 5 5 6 7 6 6 6 6 6 5 4 5 5 4 4 4 3 3 2 2 3 3 3 2 1 1 1 1 1 1 1 1 1 1 1 1 1 1 2 2 2 1 2 2 2 2 2 2 3 4 4 5 6 7 8 9 11 12 11 11 9 6 5 5 6 7 7 8 9 8 7 7 7 6 5 4 4 4 4 4 3 3 3 3 3 2 2 2 2 2 1 1 1 1 0 1 1 2 2 2 2 1 1 1 1 1 1 1 1 0 0 0 0 0 1 1 1 1 1 1 0 0 0 0 1 1 1 1 1 1 1 1 1 1 1 1 1 1 0 0 1 1 1 1 1 1 1 1 0 1 1 1 0 0 1 1 0 0 0 1 1 1 0 0 0 0 1 1 0 1 2 2 3 3 3 3 3 3 3 3 2 2 2 2 2 2 2 2 1 1 1 1 1 1 1 1 1 1 1 2 2 2 2 2 2 2 1 2 2 1 1 1 1 1 
21 58 67 70 66 55 44 51 66 59 56 57 36 17 11 15 16 13 13 13 12 14 12 10 9 9 9 9 7 8 9 4 6 8 6 8 6 4 4 5 6 6 7 7 7 6 5 5 3 2 1 1 1 1 1 1 1 1 1 2 2 2 2 2 2 2 2 2 3 3 4 3 3 4 4 4 4 3 5 6 6 5 5 5 5 4 4 4 5 6 6 6 10 14 16 19 17 13 10 10 13 16 18 20 22 22 20 21 20 18 16 15 16 17 18 17 16 15 13 12 12 9 9 9 10 10 9 9 7 5 3 2 2 2 2 2 2 1 1 1 1 1 1 1 1 1 0 0 1 1 1 1 1 1 2 2 1 1 1 0 0 1 1 2 2 1 1 1 2 2 1 1 1 1 0 1 1 2 1 1 1 1 1 1 1 1 1 0 0 0 1 0 0 0 0 1 1 1 0 0 0 1 1 1 1 1 1 1 1 1 1 2 2 2 2 2 3 3 2 2 2 2 2 2 1 1 1 1 1 1 1 1 0 0 1 1 1 2 2 2 1 1 1 2 2 1 1 1 1 2 
14 54 66 67 65 52 42 49 66 62 56 62 53 31 20 30 37 35 35 35 31 35 32 28 28 29 29 30 23 20 19 8 15 21 18 21 13 5 2 2 3 4 6 7 6 5 5 4 2 1 1 1 0 0 0 1 1 2 3 4 5 6 7 6 6 5 5 4 3 3 4 5 4 4 4 4 5 5 4 3 3 3 3 3 2 3 3 3 3 3 3 3 4 6 10 17 21 18 15 15 18 24 26 27 32 32 30 33 32 30 28 29 32 34 34 34 33 31 29 26 25 27 27 27 29 31 31 30 24 18 12 8 6 6 5 5 4 2 1 1 1 1 1 1 1 1 0 0 0 0 1 1 1 1 3 3 3 2 2 1 0 0 1 2 2 1 1 1 2 1 1 0 0 1 1 1 1 2 1 1 1 1 1 1 1 1 1 0 0 1 1 1 1 0 0 1 1 0 0 0 0 1 2 2 1 0 1 1 1 1 1 1 1 1 2 2 2 2 2 2 2 1 1 1 1 1 1 1 1 1 1 1 1 1 2 1 1 2 2 1 1 1 1 1 1 1 1 1 1 1 
11 50 63 65 66 57 49 50 60 65 59 60 60 42 18 22 30 33 31 30 30 35 32 29 32 36 36 36 35 34 33 15 27 36 28 29 16 6 2 1 1 2 5 7 5 4 5 5 1 0 1 1 0 0 1 1 1 2 3 3 3 3 3 3 4 4 3 2 2 2 2 5 5 4 4 4 5 6 5 4 4 4 4 4 4 4 3 3 4 3 3 4 3 3 4 8 13 14 13 14 17 20 19 17 20 20 18 19 19 19 18 19 21 23 21 22 22 21 20 19 18 17 16 15 16 17 18 18 21 19 16 15 15 16 16 12 10 8 5 4 3 2 2 1 1 1 1 1 0 0 1 1 1 1 2 2 2 2 3 1 0 0 1 2 2 1 1 1 2 3 3 4 4 5 6 3 1 1 2 1 1 1 1 1 1 1 1 1 1 1 1 2 3 1 0 0 0 0 0 0 0 1 1 1 1 1 2 3 2 2 4 6 5 4 4 3 2 1 1 1 1 1 1 1 1 1 1 1 1 1 1 1 1 1 2 2 2 2 2 2 2 2 1 1 1 1 1 1 1 1 
9 46 61 64 70 65 61 50 54 67 63 55 57 46 24 22 27 31 28 27 34 39 34 32 35 37 34 33 31 31 32 15 28 32 18 17 8 3 1 1 0 2 5 8 6 5 6 6 2 0 0 0 0 0 1 1 2 2 2 2 1 2 2 1 2 2 2 1 1 2 3 3 3 3 3 2 2 3 2 3 3 3 3 3 3 4 4 4 5 5 5 6 7 6 4 4 5 7 8 13 22 23 18 14 15 15 12 12 13 13 12 12 13 13 15 15 15 16 16 16 16 16 15 14 14 14 14 13 14 13 13 13 14 15 15 16 16 15 14 12 11 9 8 7 6 5 5 5 3 1 1 1 1 0 1 0 0 0 1 1 0 1 2 4 9 8 8 8 10 12 15 19 17 22 22 10 3 2 2 1 1 1 1 1 1 1 0 1 1 1 1 3 6 3 1 1 0 0 0 1 0 0 0 0 0 1 3 4 4 6 12 20 19 14 11 7 4 2 1 1 1 1 1 1 1 1 2 3 3 2 1 1 2 3 2 3 3 2 2 2 2 2 3 2 1 1 1 1 1 1 
5 36 65 57 71 67 72 46 49 68 69 60 66 63 45 28 22 26 29 28 25 30 37 37 38 42 39 39 46 44 39 14 31 31 20 3 1 1 1 0 0 2 8 16 14 6 3 2 1 1 1 0 0 0 1 2 3 2 2 1 1 1 1 2 2 2 2 2 2 2 2 2 3 2 1 1 1 1 1 1 1 1 1 1 1 1 1 1 1 2 2 2 3 3 3 4 3 3 3 3 5 8 6 2 1 2 1 2 2 2 2 2 2 2 2 2 2 2 2 2 2 3 4 4 5 5 4 4 5 6 8 9 9 8 8 8 8 8 9 11 12 14 14 13 12 12 11 9 6 3 1 1 1 0 0 0 0 0 1 1 1 1 3 4 10 16 22 23 22 21 22 23 21 16 10 5 3 3 2 1 1 0 0 0 1 0 0 0 0 0 1 1 3 3 2 1 0 0 0 0 0 0 0 0 0 1 1 1 9 20 16 19 21 12 7 4 3 3 2 1 2 2 3 2 2 6 18 29 20 17 11 6 5 3 1 2 2 2 1 2 2 2 2 1 0 0 0 1 1 0 
2 28 68 72 71 61 67 59 51 66 75 64 64 64 55 41 28 26 32 32 22 22 26 24 25 30 29 29 32 33 33 17 33 37 28 9 2 1 1 1 0 1 4 13 26 31 27 13 2 0 0 0 0 1 1 2 2 2 1 1 1 1 1 2 2 2 2 2 2 2 1 2 2 2 1 1 1 1 1 1 1 1 1 1 1 1 1 1 1 1 1 1 1 1 1 1 1 1 1 1 2 4 4 1 0 1 0 0 0 0 0 0 0 0 0 0 0 0 0 0 0 0 0 0 0 0 0 0 0 1 1 1 1 1 1 1 1 1 1 2 2 3 3 3 3 3 3 3 2 1 1 1 0 0 0 1 0 0 1 1 0 0 1 1 2 6 11 14 15 18 21 24 18 10 4 1 1 1 1 1 1 1 1 0 0 0 0 0 0 0 0 1 1 1 1 0 0 0 0 0 0 0 0 0 0 1 1 1 1 4 7 16 16 6 1 1 2 4 3 2 1 1 1 1 3 12 37 65 77 71 61 48 36 30 29 20 16 13 11 8 5 3 3 2 1 1 1 1 1 1 
4 21 58 66 61 64 85 68 49 58 70 64 59 60 63 55 37 27 32 34 23 24 22 12 7 8 6 6 7 9 10 6 9 12 9 4 2 1 1 1 1 0 1 2 11 22 23 18 9 2 0 0 0 1 1 2 2 2 1 1 1 1 1 1 2 1 1 1 2 2 1 1 2 1 1 1 1 1 1 1 1 1 1 1 1 1 1 1 1 1 1 1 1 1 1 1 1 1 1 1 1 3 3 1 0 0 0 0 0 0 0 0 0 0 0 0 0 0 0 0 0 0 0 0 0 0 0 0 0 0 1 1 0 0 0 0 0 0 0 0 0 0 1 0 0 0 1 1 1 1 0 0 0 0 0 0 0 0 1 1 0 0 0 0 0 1 3 4 5 6 8 10 9 6 3 1 1 0 1 1 1 1 1 1 0 0 0 0 0 0 0 0 0 0 0 0 0 1 1 1 1 0 0 1 1 1 1 0 0 5 19 41 39 18 7 5 7 11 8 3 1 1 1 1 2 9 29 49 48 51 60 61 49 51 70 58 48 45 45 35 22 14 14 15 15 13 8 4 2 1 
2 15 57 77 69 64 68 71 52 50 61 65 61 57 65 61 44 30 29 32 28 25 17 5 1 2 2 2 2 2 2 2 2 3 2 2 1 1 1 1 1 0 0 1 3 5 4 4 4 2 0 0 0 1 1 2 2 2 1 1 1 1 1 1 2 1 1 1 1 1 1 1 1 1 1 1 1 1 1 1 1 1 1 1 1 1 1 1 1 1 1 1 2 2 1 1 1 1 2 1 2 3 3 1 0 1 0 0 0 0 0 0 0 0 0 0 0 0 0 1 0 1 0 0 0 0 0 0 0 0 0 0 0 0 0 0 0 0 0 0 0 0 0 0 0 0 0 0 1 1 1 0 0 0 0 0 0 0 1 1 0 0 0 0 0 1 1 1 1 1 2 2 3 3 3 2 1 0 0 1 1 1 1 0 0 0 0 0 0 0 0 0 0 0 0 0 0 0 0 1 1 1 1 1 1 1 1 1 4 13 23 34 31 18 11 6 6 7 5 1 1 1 1 1 1 3 9 17 32 32 44 48 33 32 52 40 33 35 38 30 18 14 21 30 44 56 55 44 33 25 
8 17 52 70 70 68 60 71 61 49 54 70 72 61 67 64 53 39 29 27 32 30 21 7 2 2 1 2 2 3 2 3 2 3 1 1 1 1 1 1 1 1 0 1 1 1 0 1 1 0 1 0 0 0 1 2 2 1 1 1 1 1 1 1 1 1 1 1 1 1 1 1 1 1 1 1 1 2 1 1 1 1 1 1 1 1 1 1 1 1 1 1 1 1 1 1 1 1 1 2 2 3 2 1 0 1 0 0 0 0 0 0 0 0 0 0 0 0 0 0 0 0 0 0 0 0 0 0 0 0 0 0 0 0 0 0 0 0 0 0 0 0 0 0 0 0 0 0 0 0 1 0 0 0 0 0 0 0 1 1 1 0 0 0 0 0 1 0 1 1 1 1 1 1 1 1 1 1 0 0 1 1 1 0 0 0 0 0 1 1 0 0 0 0 0 0 0 0 0 0 0 0 0 1 1 1 0 0 1 3 4 6 6 5 3 2 1 2 2 1 1 1 1 1 1 1 2 5 14 13 20 22 12 10 19 13 11 12 13 9 5 4 6 11 21 32 38 36 30 24 
44 42 57 62 68 74 71 69 66 47 47 68 75 64 71 68 62 50 34 26 29 38 34 20 12 10 7 5 5 5 2 3 2 3 1 1 1 1 1 1 1 1 0 0 1 1 1 1 1 1 1 1 0 1 1 1 2 1 1 1 1 1 1 1 1 1 1 1 1 1 1 1 1 1 1 1 1 1 1 1 1 1 1 1 1 1 1 1 1 1 1 1 1 1 1 1 1 1 1 1 2 2 2 1 0 1 1 1 1 1 1 0 0 0 0 0 0 0 0 0 0 0 0 0 0 0 0 1 1 0 0 0 0 0 0 0 0 0 0 0 0 0 0 0 1 1 1 1 0 0 0 0 0 0 0 0 1 1 1 1 1 0 0 0 0 0 0 0 0 1 1 1 1 1 1 1 1 1 0 0 1 1 1 0 0 0 0 0 1 1 1 0 0 0 0 0 0 0 0 0 0 0 0 0 1 1 1 1 1 1 1 2 2 2 1 1 1 1 1 1 1 1 0 1 1 0 1 1 2 2 4 5 3 2 4 3 3 3 4 2 1 1 1 2 4 6 8 8 7 6 
47 51 66 77 76 71 70 68 66 45 43 62 69 67 71 68 63 57 45 30 21 22 24 19 17 19 16 15 18 18 12 11 10 11 6 2 1 1 1 1 1 1 0 1 2 1 1 1 1 1 1 1 1 1 1 1 1 2 1 1 1 1 1 1 1 1 1 1 1 1 1 1 0 0 1 1 1 1 1 1 1 1 1 1 1 1 1 1 1 1 1 1 1 1 1 2 2 1 1 1 1 2 2 1 0 1 0 0 0 0 0 0 0 0 0 0 0 0 0 0 0 0 0 0 0 0 0 1 1 0 0 0 0 0 0 0 0 0 0 0 1 1 0 1 1 1 1 1 1 0 0 0 0 0 1 1 1 0 1 1 0 0 0 0 0 0 0 0 0 0 1 1 1 2 2 2 1 0 0 0 0 1 1 0 0 1 1 0 1 1 0 0 0 0 0 0 0 0 0 0 0 1 1 1 1 1 1 1 1 0 1 1 1 1 1 1 1 1 1 1 0 1 1 1 0 0 0 1 1 1 2 2 1 1 1 1 1 1 1 1 1 1 2 1 1 1 1 1 1 1 
23 30 47 66 68 67 85 73 68 46 45 60 65 73 66 63 59 58 57 38 15 7 7 6 7 8 8 8 9 9 6 5 6 7 4 2 1 0 0 1 1 0 0 1 2 1 1 1 1 1 1 1 1 1 1 1 1 2 1 1 1 1 1 1 1 1 1 2 2 1 1 1 0 0 1 1 1 1 1 1 1 1 1 0 1 0 0 1 1 1 1 1 1 1 1 2 2 2 1 1 1 1 1 0 0 0 0 1 0 0 0 0 0 0 0 0 0 0 0 0 0 0 0 1 1 1 1 1 1 1 0 0 0 0 0 0 0 0 1 1 1 1 1 1 1 1 1 0 0 0 0 0 0 0 0 0 0 0 0 1 1 0 1 1 1 1 0 0 0 0 1 1 1 1 1 1 1 1 1 1 1 1 1 1 1 1 1 0 0 0 0 0 0 0 0 0 0 0 0 0 0 0 0 0 0 0 0 1 1 0 1 1 1 1 1 1 0 1 1 1 1 1 1 1 1 0 0 1 1 3 3 1 1 1 1 1 1 1 1 2 2 2 2 2 2 2 2 1 1 0 
16 18 36 59 65 67 82 70 73 63 54 58 69 74 66 57 70 66 57 49 24 6 2 2 2 1 2 2 2 2 2 3 3 2 2 2 1 0 0 0 1 1 1 5 4 1 1 1 1 1 1 1 2 3 2 1 1 1 1 1 1 2 1 1 2 1 1 2 2 1 1 1 0 0 1 1 1 1 1 1 1 1 1 0 0 0 0 0 1 1 1 1 1 1 1 1 1 1 1 1 1 1 1 1 0 0 0 1 0 0 0 0 0 0 0 0 0 0 1 0 0 0 1 1 1 1 1 1 1 1 0 0 0 0 0 0 0 0 0 1 1 1 1 1 1 1 1 0 0 0 0 0 0 0 0 0 0 0 1 1 1 0 1 1 1 1 1 0 0 0 0 1 1 1 1 1 1 1 1 1 1 0 0 0 1 1 1 1 1 0 0 0 0 0 0 0 0 0 0 0 0 0 0 0 0 0 0 0 0 0 0 1 1 1 1 0 0 1 1 1 1 1 1 1 1 1 1 1 2 3 3 2 1 1 1 1 1 1 2 2 2 2 2 2 2 2 2 2 1 1 
11 10 25 56 75 71 71 74 75 73 60 54 64 71 69 52 69 69 63 66 43 15 4 2 3 2 2 3 2 2 2 3 2 1 1 2 2 1 1 1 1 4 4 8 5 1 1 1 1 1 1 1 2 3 2 1 1 1 1 1 1 2 2 1 1 2 2 3 2 1 0 1 0 0 1 1 1 1 1 0 1 1 1 0 1 1 0 0 1 1 1 2 1 1 1 1 1 1 1 1 1 1 1 1 0 0 0 0 0 0 0 0 0 0 0 0 0 1 1 1 1 0 1 1 1 1 1 1 1 1 0 0 0 0 0 0 0 0 0 1 1 1 1 1 1 1 1 0 0 0 0 0 0 0 0 0 0 0 1 1 1 1 1 2 1 1 1 1 0 0 1 1 1 1 1 1 1 1 1 1 1 1 1 1 1 1 1 1 1 1 1 0 0 0 1 0 0 0 0 0 0 0 0 0 0 0 0 0 0 0 0 0 1 1 1 0 1 1 0 0 1 1 1 1 1 1 1 1 2 2 2 1 1 0 1 1 1 2 2 2 2 2 2 2 2 2 2 1 1 1 
4 3 11 47 78 70 63 74 71 73 66 53 54 65 75 55 62 64 61 66 50 33 13 5 6 6 6 5 5 5 4 4 2 2 2 3 4 3 4 3 3 7 6 7 4 2 2 1 2 3 3 2 2 3 2 1 1 1 1 1 2 2 2 1 1 3 2 2 1 1 1 1 1 1 1 1 1 1 1 0 0 1 1 1 1 1 1 1 1 2 2 2 2 2 1 2 2 1 1 1 1 1 1 1 0 0 0 0 0 0 0 0 0 0 0 0 0 1 1 1 1 1 1 1 1 1 1 1 1 0 0 0 0 0 0 0 0 0 1 1 1 1 1 1 1 1 0 0 0 0 0 0 0 0 1 1 1 1 1 1 1 2 1 1 1 1 1 1 1 1 1 1 1 1 1 1 1 1 1 1 1 1 1 1 1 1 1 1 1 1 1 1 1 1 0 0 0 0 0 0 0 0 0 0 0 0 0 1 1 0 0 0 1 1 1 1 1 1 0 0 1 0 1 1 2 1 2 2 2 2 2 1 1 1 1 2 2 2 2 2 2 1 1 1 1 1 1 1 1 1 
2 1 4 34 69 65 63 70 67 69 69 59 52 61 74 64 63 64 58 60 54 48 24 7 5 6 7 6 5 5 5 4 3 3 5 6 7 7 10 9 8 9 6 5 2 2 4 3 8 19 15 9 6 5 3 3 4 4 3 3 4 4 4 4 3 6 4 5 3 2 2 2 3 3 2 1 1 1 1 1 1 1 1 1 2 2 2 1 2 2 3 3 3 2 2 3 2 1 1 1 0 0 0 0 0 0 0 0 0 0 0 0 0 0 0 0 1 1 1 1 1 1 1 2 1 1 1 2 1 2 2 1 1 1 1 1 1 1 1 1 1 1 1 1 1 0 0 0 0 0 0 0 0 0 1 1 1 1 1 1 1 2 1 1 1 1 1 1 1 1 1 1 1 1 1 1 1 1 1 1 1 1 1 1 1 1 1 1 1 1 1 1 1 1 0 0 0 0 1 1 1 1 0 0 1 1 1 1 1 1 0 0 1 1 1 1 1 0 0 0 0 0 1 1 2 2 2 2 2 2 1 1 1 1 1 1 1 1 1 1 1 1 1 1 1 1 1 1 1 1 
1 1 2 25 62 66 70 71 71 66 68 65 55 55 65 75 66 65 63 65 60 53 36 12 3 3 4 3 3 3 3 3 2 3 4 5 5 6 11 15 15 11 4 3 2 2 5 5 18 50 39 19 11 5 3 3 4 4 3 3 4 4 4 4 5 17 23 21 9 4 3 4 5 5 3 2 3 2 2 2 1 1 1 2 3 3 2 2 2 3 3 3 3 3 3 3 3 1 1 1 0 0 0 0 0 0 0 0 0 0 0 0 0 0 0 1 2 4 3 2 3 3 3 3 3 3 3 4 3 4 5 4 3 2 1 1 1 2 2 2 1 1 1 1 1 0 0 0 0 0 0 0 0 0 0 1 1 1 1 1 1 1 1 1 1 1 1 1 1 1 1 1 1 1 1 1 1 1 1 1 1 1 1 1 1 1 1 1 1 1 1 1 0 0 0 0 0 0 1 1 1 1 1 1 1 1 1 1 1 1 0 0 0 1 1 1 0 0 0 0 0 0 1 1 2 1 1 2 1 1 1 1 1 1 1 1 1 1 1 1 1 1 1 1 1 1 1 1 1 1 
2 1 2 21 62 72 66 67 76 71 72 66 43 32 45 70 50 48 57 65 59 55 53 26 6 2 3 2 2 3 3 2 1 2 2 2 2 2 7 16 20 15 5 2 1 2 5 5 26 78 57 25 13 4 2 1 2 1 1 1 1 1 2 2 5 23 38 36 14 3 3 4 4 4 3 3 3 3 3 3 2 1 1 2 3 3 3 3 3 3 3 3 3 3 3 3 2 1 1 1 1 0 0 0 0 0 0 0 0 0 0 0 0 0 0 1 4 8 7 6 7 7 7 7 7 7 7 7 6 7 8 6 4 3 2 2 1 1 1 1 1 1 0 1 1 1 1 1 0 1 0 0 0 0 0 1 3 2 1 1 1 1 2 3 2 2 1 1 0 0 1 1 1 1 1 1 1 0 1 1 1 1 1 1 1 1 1 1 1 1 1 0 0 0 1 0 0 1 1 1 1 1 1 1 1 1 1 1 1 1 0 0 0 0 1 1 0 0 0 0 0 1 1 1 1 1 1 1 1 1 1 0 0 1 1 1 1 1 1 1 1 1 1 1 1 1 1 1 1 1 
4 3 2 18 59 71 54 51 71 74 76 57 21 7 16 46 21 16 31 56 60 59 66 40 13 5 3 2 2 2 2 2 1 1 2 2 2 1 4 11 18 16 5 2 1 2 4 4 31 92 57 23 12 3 2 2 2 2 2 2 2 2 2 2 3 12 25 30 13 3 2 2 2 2 2 2 1 2 3 3 2 1 2 3 3 3 3 2 2 2 3 2 2 2 2 2 1 1 1 1 1 0 0 0 0 0 0 0 0 0 0 0 0 0 0 1 5 12 13 11 13 13 13 12 13 13 13 13 11 12 12 11 8 6 5 2 1 1 1 1 0 0 0 1 2 5 4 2 1 1 1 1 1 1 1 4 8 8 3 2 2 1 3 6 3 2 1 1 1 1 1 2 2 1 1 1 1 0 1 1 1 1 1 1 1 1 0 0 0 0 0 0 0 0 1 1 1 1 1 1 1 1 1 1 1 1 1 1 1 1 0 0 0 0 1 1 0 0 1 1 1 1 1 1 1 1 1 1 1 1 1 0 0 1 1 1 1 1 1 1 1 1 1 1 1 0 0 0 0 0 
6 4 4 12 46 70 56 48 62 63 63 38 8 1 5 44 14 2 10 43 70 63 65 45 23 11 3 1 1 2 2 1 1 1 2 2 2 2 3 6 11 12 5 2 2 2 4 5 33 94 51 20 12 3 3 2 3 2 2 1 1 1 2 2 2 5 12 21 12 2 2 2 0 1 2 1 1 2 2 2 2 2 2 3 2 2 2 2 2 2 2 2 2 1 1 1 1 1 1 1 1 1 0 1 1 0 0 0 0 0 0 0 0 0 0 1 5 12 15 14 17 16 16 16 17 18 18 18 18 17 17 17 15 12 9 3 1 1 0 0 0 0 0 1 4 12 11 4 2 2 2 2 2 2 3 8 15 12 5 5 5 3 4 6 3 2 1 1 1 1 2 4 2 1 1 1 1 1 1 1 0 1 1 1 1 1 1 0 0 0 0 0 0 1 1 2 2 1 1 1 1 1 1 1 1 1 1 0 1 1 0 0 0 0 1 1 0 0 1 1 1 1 1 1 1 1 1 1 1 1 0 0 0 1 1 1 1 1 1 1 1 1 1 0 0 0 0 0 0 0 
4 5 6 8 36 70 64 57 46 38 33 18 3 2 13 70 36 1 2 23 54 57 57 50 39 22 7 2 2 3 4 3 2 2 2 2 2 2 3 4 6 7 4 3 2 2 4 5 33 93 50 19 11 3 3 2 2 2 2 1 1 1 2 2 2 6 15 23 12 2 2 2 1 1 2 2 1 2 2 2 2 2 2 2 2 2 2 2 1 2 2 2 1 1 1 1 1 1 1 2 2 2 2 2 2 1 1 1 1 1 1 1 1 1 1 1 4 10 13 13 15 13 13 14 17 18 19 19 20 18 16 17 17 15 10 3 1 1 0 0 1 1 0 1 4 14 12 4 2 2 2 2 3 2 3 9 15 10 4 6 7 4 5 8 3 1 1 0 1 1 2 4 2 1 0 1 1 1 1 1 0 0 1 1 1 1 1 0 0 0 0 0 0 1 1 2 2 1 1 1 1 0 0 0 0 0 0 0 0 0 0 0 0 1 1 1 0 1 1 1 1 1 1 2 1 1 1 1 1 0 0 1 1 1 1 1 1 1 1 0 0 1 0 0 0 0 0 0 0 0 
2 5 9 10 34 67 54 42 5 2 1 1 1 1 30 64 64 4 1 2 10 20 27 49 54 39 19 5 2 4 8 9 6 4 3 2 3 3 2 2 3 3 3 3 3 2 3 5 33 95 52 21 10 3 3 1 3 2 1 1 1 2 2 2 3 7 12 12 6 2 2 2 2 2 2 1 1 1 2 2 3 3 3 2 2 2 2 2 1 1 2 1 1 1 1 1 1 2 3 3 3 3 3 3 3 3 3 2 3 3 3 3 2 2 2 2 4 7 7 7 9 7 9 12 13 14 15 16 17 17 15 15 16 15 10 3 1 1 0 0 0 0 0 1 2 6 6 3 2 2 3 3 3 2 2 5 8 7 6 5 3 3 8 13 8 3 1 1 1 1 2 3 2 1 1 1 1 1 1 1 0 0 0 1 1 0 0 1 1 0 0 0 0 1 1 1 1 1 1 1 1 0 1 1 1 0 0 0 0 0 0 0 0 1 1 1 1 1 2 2 1 2 3 3 2 1 1 1 1 1 1 2 3 2 1 1 1 1 0 0 0 1 0 1 1 0 1 1 1 1 
4 7 8 10 32 70 54 19 8 5 12 9 4 4 38 64 45 4 2 3 4 1 5 25 53 58 34 13 5 5 6 8 8 6 3 3 4 4 3 3 4 4 4 4 4 3 4 6 29 74 40 19 10 3 3 2 2 2 2 1 1 2 2 2 2 3 4 4 3 2 2 2 2 2 2 1 1 2 2 2 2 3 3 2 2 2 2 2 1 1 1 1 1 1 1 2 3 3 3 3 3 3 3 3 3 3 3 3 4 4 4 4 4 3 3 2 4 5 4 4 5 4 5 6 6 7 7 8 9 9 9 10 11 11 8 3 1 1 1 1 0 0 1 1 2 4 5 3 3 3 3 3 5 5 4 4 5 4 4 3 3 4 7 10 6 3 2 3 3 3 4 4 3 1 1 1 1 1 1 1 1 0 0 0 0 0 0 1 1 0 0 0 0 1 1 1 1 1 1 1 1 1 1 1 1 0 0 0 0 0 0 0 0 1 1 1 1 2 3 2 2 3 4 3 2 2 1 2 3 3 3 4 4 3 2 2 2 1 1 0 0 0 1 1 1 1 1 1 1 1 
5 7 6 8 23 59 41 17 24 20 49 38 21 21 37 65 44 13 14 19 23 7 8 14 47 70 46 22 6 2 2 5 6 5 3 4 6 6 6 6 7 7 6 7 6 5 5 5 15 33 20 12 7 2 3 2 2 1 1 1 1 1 1 1 2 2 1 1 2 2 1 1 1 1 1 1 1 2 2 2 4 6 7 5 3 3 3 3 2 2 2 2 2 1 2 3 4 4 4 3 3 3 3 3 3 3 3 3 4 4 4 4 4 4 4 3 4 4 3 3 3 3 3 4 4 4 4 5 5 4 5 6 6 6 6 4 3 2 2 2 2 1 2 2 2 4 4 4 4 4 3 2 3 4 3 3 2 2 2 2 2 3 4 4 3 2 3 3 3 3 4 4 3 1 1 1 1 1 1 1 1 0 0 0 0 0 1 1 1 0 0 0 1 1 1 1 1 1 1 1 1 1 1 1 1 1 0 0 0 0 0 0 1 1 1 2 2 3 4 3 2 4 4 3 3 2 3 3 4 4 5 4 4 4 4 5 3 2 1 1 1 1 1 1 1 1 1 2 2 2 
4 6 4 6 14 45 35 4 9 6 17 16 16 12 17 33 22 17 23 34 46 25 30 15 42 78 63 41 13 3 2 4 4 3 4 5 5 5 5 5 6 7 7 8 9 8 7 6 6 9 8 7 5 2 3 3 2 1 1 2 2 1 1 1 2 2 2 2 2 3 2 2 2 2 2 2 2 3 3 3 6 12 15 11 7 6 6 7 5 4 4 4 3 2 3 4 4 3 3 2 3 3 3 3 3 3 3 3 3 3 3 3 3 3 4 3 3 4 3 3 3 4 4 4 3 3 4 4 4 3 3 4 4 4 5 4 4 4 4 3 3 3 3 3 3 3 3 3 3 3 2 1 1 2 2 2 2 2 3 2 1 2 1 1 1 1 2 2 2 2 2 3 2 1 1 1 1 0 1 1 0 0 0 1 1 1 1 1 1 0 0 0 1 1 1 1 1 1 1 1 0 1 1 1 1 1 1 0 0 0 1 1 1 2 2 2 3 3 4 3 2 3 3 3 3 3 4 5 3 4 4 3 3 3 4 5 4 3 2 1 1 1 1 1 1 1 1 2 2 2 
5 8 5 7 11 44 53 26 17 7 3 0 1 1 3 3 0 2 3 2 3 3 10 5 24 63 74 73 36 12 6 6 7 5 5 5 6 5 5 6 6 6 5 6 7 7 8 7 5 4 5 6 6 3 4 5 3 3 3 4 4 3 3 2 2 3 3 3 5 6 5 6 6 6 5 6 8 9 6 5 8 13 15 12 9 6 7 7 6 4 4 5 4 3 3 3 3 2 2 2 3 3 3 3 3 3 3 3 3 3 3 3 3 3 3 3 3 3 3 3 4 4 4 3 3 3 3 3 3 3 3 4 4 3 5 4 4 4 3 3 3 3 3 3 2 2 2 2 2 2 3 2 1 1 2 2 3 3 4 3 2 2 1 1 2 2 2 2 1 1 2 2 2 2 1 1 1 1 1 0 0 0 0 0 1 1 1 1 1 0 0 0 0 0 0 0 0 0 1 0 0 0 1 1 1 1 0 0 0 0 1 1 2 2 3 3 3 3 3 2 2 2 2 2 2 3 4 5 3 3 3 3 3 4 4 3 2 2 2 2 1 1 1 1 1 1 1 2 2 2 
7 8 6 6 9 43 87 44 16 9 3 0 1 2 1 1 0 1 1 0 1 11 32 36 56 69 61 58 49 28 10 7 10 10 6 8 9 8 8 8 7 7 6 6 6 6 6 6 6 5 6 6 7 5 5 6 4 5 6 6 6 6 5 5 4 6 5 5 5 7 8 9 9 9 8 8 9 9 8 7 6 7 7 6 6 5 5 6 5 4 4 4 4 3 3 3 3 3 3 3 3 3 3 3 3 3 3 3 3 3 3 3 3 3 3 3 3 3 3 3 3 3 3 3 2 2 2 3 3 2 3 3 3 4 5 4 3 3 3 2 2 2 2 2 2 3 3 2 2 2 2 2 2 2 2 2 2 2 3 2 2 2 2 2 2 2 2 2 2 2 2 2 3 3 2 3 2 1 1 1 1 1 0 1 1 1 1 1 1 1 0 0 0 0 0 0 0 0 1 1 1 1 1 1 0 0 0 0 0 1 1 2 3 3 3 3 3 3 3 2 1 2 2 2 2 2 2 3 2 2 2 2 3 3 3 2 1 1 2 2 1 1 1 1 1 1 1 1 1 2 
7 6 5 6 7 28 87 73 52 31 12 2 0 0 0 1 1 0 0 1 7 17 36 62 78 78 73 71 62 40 17 8 8 9 8 8 7 6 7 7 6 6 7 8 7 7 6 6 6 6 7 6 7 7 6 7 5 6 6 6 7 6 6 6 8 7 6 6 5 5 7 7 7 7 6 6 7 6 7 7 5 5 5 4 5 5 6 6 5 5 5 5 4 4 4 4 4 4 4 4 3 3 4 4 4 4 4 3 3 3 3 3 3 3 3 3 3 3 3 3 3 3 3 3 3 3 3 3 3 3 3 3 3 4 4 4 4 3 2 2 2 2 2 2 3 3 3 3 3 2 2 2 2 2 2 2 2 2 2 2 2 1 2 2 2 2 1 1 2 2 2 2 2 2 3 3 3 2 2 2 2 2 2 2 2 2 3 3 3 3 3 3 3 3 3 2 2 2 2 3 3 2 2 2 2 2 2 2 2 2 3 3 3 3 3 3 3 2 2 2 1 2 1 1 2 2 2 2 1 1 1 1 2 2 2 2 1 1 1 2 2 1 1 1 1 1 1 1 1 1 
6 4 6 6 6 16 69 57 94 68 40 23 12 7 12 10 5 1 5 9 22 54 63 83 81 75 76 70 68 57 33 12 5 6 9 9 8 7 8 10 9 9 9 7 7 9 8 7 8 8 8 6 8 8 7 8 7 6 7 7 7 7 7 7 6 5 6 8 7 6 6 5 6 6 5 5 6 5 5 6 6 7 7 6 6 6 6 6 5 6 6 5 5 5 5 6 6 5 5 4 4 4 4 4 4 4 5 5 4 4 4 3 3 3 3 3 3 3 4 3 3 3 3 3 3 3 3 3 4 5 4 3 4 4 3 3 3 2 2 2 2 2 2 2 2 2 2 2 2 3 2 2 2 2 3 2 2 2 2 2 2 1 2 3 2 1 1 1 2 2 2 1 2 2 2 2 3 2 3 3 4 4 4 4 4 5 6 7 8 8 8 8 8 8 9 8 7 6 6 6 6 5 5 5 6 6 6 5 4 4 4 4 3 3 3 3 2 2 2 2 1 1 1 1 2 2 2 2 1 1 1 1 1 1 1 2 1 0 1 1 1 1 2 2 2 1 2 2 1 1 
5 7 5 5 6 15 58 67 71 76 82 74 59 54 60 59 37 20 24 48 72 76 81 84 74 68 69 69 68 67 55 27 8 4 6 8 7 7 7 7 7 6 7 8 7 7 7 7 7 8 8 7 7 7 8 7 5 6 6 6 6 6 6 6 6 6 6 7 7 7 7 6 6 6 6 6 6 6 6 7 7 7 7 7 7 7 6 6 6 6 6 6 6 6 7 7 7 6 5 5 5 5 6 6 5 5 5 6 5 5 5 5 5 5 4 4 5 5 5 5 5 4 4 4 4 4 4 4 5 5 4 4 4 3 3 3 3 3 3 3 3 3 3 2 2 2 2 2 2 2 2 2 2 2 2 2 2 2 2 2 2 2 2 2 2 2 2 2 2 2 2 2 2 2 2 2 2 2 2 3 3 3 4 6 7 8 11 13 14 13 12 12 12 12 11 11 10 10 10 10 9 9 9 10 10 10 8 8 9 10 10 9 8 8 8 8 7 7 6 6 6 5 5 6 6 5 5 6 4 3 3 3 3 3 3 2 2 2 2 2 2 2 4 5 5 5 5 4 4 3 
5 7 6 6 6 12 52 83 75 79 89 86 78 78 75 86 79 59 53 67 85 78 79 82 75 73 77 78 69 67 62 42 20 10 7 7 6 5 5 5 5 6 6 4 4 5 6 6 6 5 5 5 4 5 5 5 5 6 6 5 5 5 5 5 6 6 6 7 7 7 7 6 6 6 6 6 6 6 6 6 6 6 6 6 6 6 6 6 6 6 6 7 6 5 6 6 6 6 6 6 6 6 6 6 6 6 6 6 5 5 5 6 6 6 6 6 6 6 6 6 6 6 5 5 5 5 6 5 6 5 5 5 4 4 4 4 4 4 4 4 4 4 4 4 4 3 3 3 3 3 3 3 3 3 3 3 3 3 3 3 3 3 3 3 2 2 2 2 2 2 2 3 2 2 2 3 3 3 2 3 3 3 3 5 6 9 12 15 16 15 15 15 13 12 12 12 12 12 11 11 11 10 10 11 11 10 10 10 11 11 11 10 9 9 11 10 10 9 9 9 9 9 8 9 9 8 8 8 8 7 7 7 7 7 7 7 8 9 9 8 8 7 9 9 9 9 9 8 8 7 
39 32 22 16 8 9 41 78 69 71 80 82 81 85 78 90 91 72 58 63 82 82 82 81 77 77 78 76 68 65 63 55 40 25 16 8 5 6 7 8 7 7 7 7 6 6 6 6 5 5 6 5 5 5 6 6 6 6 6 6 5 5 5 5 5 5 5 6 6 6 5 5 5 5 5 5 5 5 5 5 5 5 5 5 5 5 5 5 5 6 6 6 6 5 5 5 5 5 6 6 6 6 6 6 6 6 6 5 5 5 5 6 6 6 6 6 6 6 6 6 6 6 5 5 6 6 6 6 6 6 6 6 5 5 5 5 5 5 5 5 5 5 5 5 5 5 5 5 5 5 4 4 4 4 4 4 4 4 4 4 4 4 4 4 4 4 4 4 4 4 4 4 4 4 4 4 4 4 4 4 4 4 4 5 6 8 10 12 13 13 13 14 11 10 10 10 10 11 11 11 11 10 10 11 11 10 9 9 9 9 8 7 7 7 8 7 7 7 7 7 7 7 7 7 8 7 6 7 8 8 8 9 9 9 8 9 10 11 11 10 9 8 10 10 10 9 9 9 9 9 
79 80 76 68 43 30 49 73 67 71 82 87 88 91 86 89 88 72 56 59 81 89 87 81 79 80 78 72 69 67 62 60 56 47 37 26 17 11 7 5 5 6 7 6 6 6 6 7 7 6 6 6 6 6 5 6 6 6 6 6 6 6 6 5 5 5 5 5 5 5 5 5 5 5 5 5 5 5 5 5 5 5 5 5 5 5 5 5 5 5 5 5 5 5 5 5 5 5 5 5 5 5 5 4 5 5 5 5 5 5 5 5 5 5 5 5 5 5 5 5 5 5 5 5 5 6 6 6 6 6 6 6 6 6 6 6 6 6 6 6 6 6 6 6 5 5 5 6 6 6 6 6 6 6 6 6 6 6 6 6 6 6 6 6 6 6 6 6 6 6 6 6 6 6 6 6 5 5 5 5 5 5 5 6 7 6 7 8 8 8 9 9 8 8 8 8 8 8 8 9 9 9 9 9 9 9 9 9 9 9 8 8 8 8 8 8 7 7 8 8 8 8 7 8 8 7 6 7 7 7 8 8 9 8 8 7 7 8 8 8 7 6 8 8 8 7 7 7 7 7 
88 97 99 96 82 69 72 73 69 73 81 87 87 88 85 83 85 79 63 57 66 84 84 79 82 85 82 75 74 70 62 60 62 62 61 60 54 38 22 12 7 6 6 6 6 7 7 6 5 5 6 6 7 6 6 6 6 5 5 5 5 5 5 6 6 6 6 6 6 5 5 6 6 6 6 6 6 5 5 5 5 5 5 5 5 5 5 5 5 5 5 5 5 5 4 4 5 5 5 5 5 4 4 4 4 4 4 5 5 5 4 4 4 4 4 4 4 4 4 4 4 5 4 4 5 5 5 5 5 5 5 5 5 5 5 5 5 5 5 6 6 6 6 6 6 6 6 6 6 6 6 6 6 6 6 6 6 6 6 6 6 6 6 6 6 6 6 6 6 6 6 5 6 6 6 5 5 5 5 5 5 5 5 6 6 6 6 6 6 6 6 7 7 7 7 7 7 7 7 7 7 7 7 7 7 7 8 8 8 8 8 8 8 8 8 8 8 8 9 9 9 9 9 9 9 8 7 8 8 8 8 9 10 9 9 8 8 8 8 8 8 7 9 9 8 8 8 8 8 8 
78 86 87 88 95 97 90 83 76 73 76 80 83 85 82 77 77 77 65 54 53 80 82 79 83 85 81 74 73 70 64 61 63 66 70 72 74 72 67 52 33 20 12 7 6 6 6 6 6 6 5 6 6 6 6 6 6 5 5 5 5 6 6 6 6 6 6 6 5 5 5 6 6 6 6 6 6 5 5 5 5 5 5 5 5 5 5 5 5 5 5 5 4 4 4 5 7 7 6 5 5 4 4 4 4 4 4 5 5 4 4 4 3 4 4 4 4 4 4 4 4 4 4 3 4 4 4 4 4 4 4 4 4 4 4 4 4 5 5 5 5 5 5 5 5 5 5 5 5 6 6 6 6 6 6 6 6 6 6 6 6 6 6 5 5 5 5 5 5 5 5 5 5 5 5 5 5 5 5 5 5 5 5 5 6 6 6 6 6 6 6 6 6 6 6 6 6 6 6 6 6 6 6 6 5 6 6 6 6 5 6 6 6 6 6 6 6 7 7 7 8 8 7 8 8 7 6 7 8 8 8 9 10 10 9 10 9 9 8 8 9 9 10 10 9 9 9 9 9 9 
51 63 78 89 104 112 101 102 95 89 89 95 99 99 99 90 84 82 77 71 68 89 90 87 91 91 84 79 77 76 75 72 73 74 76 76 77 83 86 80 67 58 51 39 26 14 8 6 5 5 6 5 5 5 5 5 5 6 6 6 6 6 6 6 5 5 5 5 5 5 5 5 5 6 6 6 6 5 5 5 5 5 5 5 5 5 5 5 5 5 4 4 4 4 5 7 11 12 8 6 4 4 4 4 4 4 4 5 5 4 4 4 4 4 4 4 4 4 4 4 4 4 3 3 3 4 4 4 4 4 4 4 4 4 4 4 4 4 4 4 5 5 5 4 4 4 4 4 4 5 5 5 5 5 5 5 5 5 5 5 5 5 5 5 4 4 4 5 5 5 5 6 6 6 6 6 6 6 5 5 5 5 5 5 6 6 6 6 6 6 6 6 6 5 5 6 5 5 5 6 6 7 6 5 5 5 6 6 6 6 6 6 6 6 6 6 6 6 6 7 7 7 6 7 7 6 6 6 7 6 7 7 8 8 7 9 8 8 7 7 8 8 8 8 8 8 7 7 7 8 
31 37 51 62 75 95 104 106 106 106 111 119 120 115 116 112 106 104 105 104 101 106 103 104 112 112 105 103 99 96 95 96 97 97 97 98 100 98 97 96 95 94 93 85 72 57 44 33 23 19 15 11 8 8 8 8 7 7 7 7 6 6 6 6 6 6 6 6 6 6 6 5 6 6 7 6 6 6 5 5 5 5 5 5 5 5 5 5 5 5 5 5 5 4 5 8 13 14 8 5 4 4 4 4 4 4 4 5 5 4 4 4 4 4 4 4 4 4 4 4 4 4 4 4 4 4 4 4 5 5 5 5 4 4 4 4 4 4 4 4 5 5 5 4 4 4 4 4 4 4 4 4 4 4 4 4 4 4 4 4 4 4 4 4 4 4 5 5 5 6 6 6 6 6 6 6 6 7 5 5 6 5 5 5 6 6 6 6 6 7 6 6 6 6 6 6 6 7 7 7 7 7 7 6 5 6 6 7 7 7 7 7 6 6 6 6 6 6 6 7 7 6 6 6 7 6 6 6 6 6 6 6 6 7 7 7 7 7 6 6 6 6 6 6 7 6 6 6 5 6 
30 27 29 32 36 51 66 69 82 97 109 120 121 111 116 118 118 118 118 116 113 114 118 122 121 120 122 124 119 115 115 117 118 118 116 118 117 114 115 112 111 111 109 111 111 105 92 80 70 61 48 44 37 33 33 30 26 23 22 20 17 15 13 12 12 10 9 8 8 7 6 6 6 7 7 7 6 6 5 6 6 6 6 6 6 5 5 5 5 5 5 5 5 5 5 7 10 10 7 5 4 4 4 4 4 4 4 5 4 4 4 5 4 5 4 5 5 4 4 4 5 5 4 4 4 4 4 4 5 5 5 5 5 4 4 4 4 4 4 4 4 5 5 5 5 4 4 4 4 4 5 4 4 5 5 5 4 4 4 4 4 4 4 4 4 5 5 5 5 5 5 5 5 5 5 6 6 6 5 5 5 5 5 5 5 5 5 5 6 6 6 5 5 5 5 6 6 6 7 6 6 7 7 6 5 6 6 6 6 7 7 6 6 6 6 6 6 6 7 7 6 6 6 6 7 6 6 6 7 6 6 6 7 7 7 7 7 7 7 6 6 6 6 6 6 6 6 6 6 5 
35 31 29 29 28 28 29 31 42 56 66 77 89 100 106 105 101 95 87 80 75 78 95 117 121 116 116 119 117 117 120 121 122 121 120 121 115 115 121 116 117 118 112 114 118 118 112 108 104 100 96 94 85 80 81 78 71 64 63 61 58 55 52 51 48 42 37 36 35 33 31 22 21 21 20 18 15 13 12 13 13 10 10 9 8 7 7 7 5 5 4 4 5 4 5 5 5 5 5 5 5 4 4 4 5 5 5 5 4 5 5 5 3 4 4 4 4 4 4 4 4 4 4 4 5 5 5 5 4 5 5 5 5 4 4 4 4 4 4 4 4 4 4 4 5 5 5 4 4 4 4 4 4 4 5 4 4 4 4 4 4 4 4 4 5 5 5 5 4 4 4 4 4 5 5 5 5 5 4 5 5 5 4 5 5 5 5 5 5 5 5 5 4 4 4 4 4 5 5 5 5 6 6 5 5 6 5 5 6 6 6 6 5 5 6 6 7 7 7 7 7 7 7 7 7 7 7 7 6 7 7 7 7 7 7 7 7 6 6 6 6 6 6 7 7 6 6 6 6 6 
55 48 38 30 29 31 31 32 27 25 26 27 40 67 71 69 65 59 54 49 46 38 46 80 111 116 109 111 110 109 112 114 116 116 116 120 118 117 119 111 115 120 115 113 112 113 115 114 109 106 113 112 106 105 111 112 107 102 103 103 104 103 102 101 98 91 84 84 85 84 80 72 71 71 68 62 56 52 47 47 46 41 38 35 31 28 27 25 21 17 15 14 13 12 11 9 8 6 5 5 6 5 4 5 7 7 6 5 5 6 6 5 4 4 4 4 4 4 4 4 4 4 4 4 5 5 5 5 5 5 4 4 4 4 4 4 4 4 4 4 4 4 4 4 4 4 4 4 3 3 4 4 4 4 4 4 4 3 4 4 4 4 4 4 4 4 4 4 4 4 5 5 4 4 4 4 4 5 4 4 5 4 4 4 5 4 5 5 5 5 5 5 5 5 5 5 5 5 5 5 5 5 5 6 6 5 5 5 5 5 6 5 5 5 5 6 6 6 6 6 6 7 7 7 7 7 7 7 6 6 6 6 6 6 6 6 6 6 6 6 6 6 6 7 7 7 6 6 6 7 
82 81 65 48 40 34 27 31 32 33 30 25 22 23 25 28 34 42 52 63 72 63 49 52 79 102 107 108 106 106 107 110 111 111 111 115 115 116 116 105 111 116 114 114 109 110 114 114 108 104 102 102 100 102 109 112 110 110 111 111 111 111 109 109 110 105 102 103 107 108 106 109 111 113 112 108 102 98 92 94 94 90 85 82 76 74 73 69 61 54 49 48 47 46 42 37 31 26 22 21 20 18 16 15 15 12 10 10 10 9 9 7 7 7 8 7 6 5 5 5 5 4 4 4 4 4 4 4 5 4 4 4 4 4 4 4 4 4 4 4 4 4 4 4 4 4 4 3 3 3 4 4 4 4 4 5 4 4 3 4 3 3 3 3 3 3 4 4 5 4 4 4 4 4 4 4 4 4 4 4 4 4 4 4 4 4 4 4 5 5 5 5 6 6 5 5 5 5 6 6 5 5 5 6 6 5 4 4 5 5 5 5 5 5 5 5 5 6 6 6 6 6 5 5 5 5 5 6 5 5 5 5 5 6 6 6 6 6 6 6 6 6 6 6 6 6 7 7 6 6 
78 91 87 72 61 47 31 25 30 31 30 34 36 31 26 23 19 20 28 44 60 74 62 52 62 84 96 90 96 103 104 106 106 107 108 109 109 113 112 101 105 108 102 100 97 99 103 103 104 107 107 105 105 108 111 110 107 103 103 103 103 101 100 99 101 99 98 100 104 106 105 97 98 102 104 103 102 99 100 102 105 105 104 102 99 102 105 104 98 92 88 87 91 93 88 82 74 67 62 61 60 55 48 45 45 41 37 36 35 32 35 30 31 25 25 20 17 15 15 15 15 10 10 10 9 8 8 7 7 7 6 6 6 6 5 5 5 6 6 4 4 6 5 5 5 5 5 5 5 4 4 4 5 4 4 5 5 4 4 4 4 3 3 3 3 4 4 5 5 4 3 4 4 4 5 5 4 4 4 4 4 4 4 4 4 4 4 4 4 5 5 5 5 5 4 4 4 4 4 5 5 5 5 5 5 5 5 5 5 5 6 6 6 5 5 5 5 5 5 5 5 5 5 5 5 5 5 5 5 5 5 5 5 5 5 6 6 6 6 6 6 6 5 5 6 6 7 7 6 6 
34 54 70 74 75 65 49 40 35 27 23 26 28 26 30 28 25 22 18 15 13 25 36 44 53 74 94 91 90 93 94 97 100 103 106 105 103 109 109 99 103 99 87 83 83 87 88 87 97 106 99 98 100 103 101 96 95 99 101 103 104 105 106 105 102 101 101 104 105 107 106 105 107 108 109 108 105 102 103 102 103 104 103 101 101 98 98 101 100 99 98 99 101 101 101 101 100 99 98 98 99 95 87 84 89 90 87 86 83 79 85 80 79 67 68 59 52 49 50 51 51 37 36 34 32 30 28 27 21 19 19 19 18 15 12 14 12 11 11 12 11 10 8 8 7 7 7 7 7 7 7 7 7 6 5 6 6 6 6 6 5 5 5 5 5 5 4 4 4 4 3 4 4 4 4 4 5 5 4 5 5 5 4 4 5 4 4 4 5 5 5 5 5 5 5 4 4 4 5 4 5 5 5 4 4 4 5 6 6 6 6 6 6 6 5 5 5 5 5 5 5 5 5 5 5 5 5 5 5 5 5 5 5 5 5 5 5 5 5 5 5 5 6 6 6 6 7 6 5 6 
10 21 34 46 57 64 62 49 33 25 25 23 22 26 24 27 30 31 27 21 17 12 12 13 16 37 69 79 80 82 83 87 91 96 100 100 98 102 101 95 100 92 81 84 80 82 80 77 87 101 101 98 101 104 102 97 97 98 99 100 100 100 99 98 96 96 97 97 98 98 98 99 99 101 102 102 100 98 98 94 94 96 96 96 100 95 93 97 99 99 99 101 98 94 96 98 99 100 101 99 99 105 102 96 95 94 93 96 94 89 90 93 94 91 108 101 95 93 95 98 101 91 90 87 84 82 79 78 66 63 62 62 59 52 44 49 42 34 37 43 41 33 28 26 24 20 18 16 15 15 15 15 13 12 10 10 9 9 8 8 7 7 6 7 7 5 4 5 5 6 6 5 5 5 5 5 5 6 5 5 6 5 5 5 6 5 5 5 5 6 5 6 5 5 5 6 6 6 5 5 5 6 6 5 4 4 5 5 5 5 5 5 5 5 6 5 5 5 5 6 6 5 5 5 5 5 5 5 5 5 5 5 5 5 5 5 5 5 5 5 5 6 6 6 5 6 6 5 3 4 
5 8 12 17 24 34 43 54 39 30 26 22 22 28 27 26 24 24 26 29 33 34 28 16 13 27 55 76 80 79 79 81 83 87 90 93 92 91 88 84 93 83 74 80 72 74 76 74 83 96 97 90 90 93 91 90 95 103 101 100 98 95 92 90 92 94 95 95 94 94 95 92 92 95 97 97 97 97 100 95 91 95 96 97 104 95 90 94 96 95 95 96 97 98 98 99 97 96 94 94 97 96 82 64 56 56 60 80 93 100 96 97 90 88 94 96 97 95 94 96 98 96 96 96 97 97 98 98 100 97 96 99 99 93 85 97 93 84 87 95 94 84 76 72 66 59 54 49 47 44 41 38 36 35 33 31 28 25 23 21 19 16 15 14 13 11 11 11 12 11 9 7 8 9 9 8 7 6 6 6 7 6 6 6 7 7 8 7 7 7 7 7 5 5 6 7 7 6 6 7 7 7 7 7 6 6 6 6 5 5 5 5 5 5 6 6 6 6 6 6 6 5 5 5 5 5 5 5 5 5 5 5 5 5 5 6 6 6 6 6 6 6 6 5 5 6 6 5 3 4 
5 4 4 5 7 12 20 20 31 37 33 30 28 23 22 25 29 32 31 27 24 24 24 22 19 22 39 68 84 83 80 78 78 78 79 84 84 80 76 75 85 76 63 62 54 59 70 75 85 99 103 93 91 90 89 94 98 92 92 92 92 89 88 86 90 91 93 93 92 92 92 90 91 91 90 88 86 85 89 82 75 76 74 73 79 85 88 93 96 95 94 95 93 92 93 95 94 94 93 96 94 69 37 21 24 33 36 39 70 102 98 85 53 48 82 91 96 95 88 82 84 86 88 93 100 103 107 108 99 94 93 100 107 108 105 92 95 99 98 93 94 101 100 98 95 94 93 93 95 97 97 91 91 91 91 88 82 78 73 66 59 52 47 44 33 31 31 29 25 22 15 12 15 18 20 16 11 8 9 9 8 8 8 8 8 10 10 10 9 8 8 8 9 10 11 12 12 12 11 11 12 11 9 10 10 8 8 9 8 8 7 7 7 7 7 6 6 6 6 6 6 7 6 6 6 6 6 6 5 5 5 5 5 5 5 5 5 5 5 5 5 5 6 6 6 7 8 7 5 5 
7 7 7 7 7 8 8 8 14 23 30 31 31 32 25 24 23 22 23 23 24 25 23 26 32 31 34 54 78 79 68 60 58 56 53 56 61 61 67 74 73 65 64 66 59 65 66 60 77 75 77 82 79 54 52 95 87 80 82 85 85 84 82 80 85 87 88 88 87 85 83 83 86 88 88 86 85 86 87 79 63 73 66 70 75 83 85 90 92 92 91 93 92 91 90 90 89 88 88 89 86 42 7 26 80 88 63 58 77 87 102 72 9 16 52 84 94 94 50 21 41 29 32 59 92 91 100 83 56 46 35 44 54 74 93 93 104 90 86 79 80 93 90 100 89 103 100 98 107 101 99 89 99 85 93 108 92 108 102 93 97 86 85 106 94 83 90 76 67 97 66 54 57 61 67 54 48 39 36 38 24 23 29 26 18 25 18 17 14 9 9 9 10 15 10 8 11 10 11 18 45 33 8 11 12 10 13 13 12 12 12 12 12 11 9 10 12 13 12 9 8 8 8 8 7 6 6 6 6 8 8 8 8 7 5 5 6 6 6 6 5 4 4 4 4 5 6 6 6 6 
8 8 8 8 9 9 9 10 12 15 16 19 23 28 37 33 26 19 16 15 15 14 15 23 31 29 27 34 50 52 44 39 38 37 34 32 33 40 52 64 63 52 51 64 71 78 62 47 70 77 76 78 58 23 16 61 83 75 77 79 80 79 77 75 68 69 72 74 77 78 79 82 84 83 80 76 74 73 79 71 60 77 71 71 74 83 86 90 91 90 89 89 89 89 88 88 89 88 88 87 54 10 6 42 81 88 77 85 72 89 80 36 6 6 48 96 103 84 27 4 47 64 3 24 71 83 68 20 14 39 51 40 26 52 104 104 70 25 16 28 23 27 46 86 100 97 96 95 102 97 91 103 121 83 81 108 95 97 103 107 117 117 101 97 110 102 109 107 94 113 122 97 110 109 93 97 104 105 107 98 101 102 90 95 99 93 75 68 57 42 36 32 35 43 36 31 37 35 34 38 61 47 17 16 12 8 10 9 8 8 9 10 10 10 11 12 12 13 13 13 12 11 12 13 13 13 12 12 13 12 9 7 7 9 9 9 9 8 8 8 8 7 6 5 5 5 5 6 6 7 
7 7 6 6 6 6 6 4 4 4 3 4 6 10 17 21 23 26 26 24 22 21 24 28 29 30 32 35 40 38 34 31 32 32 31 29 27 32 42 51 49 38 39 54 62 68 50 37 63 74 70 70 47 16 9 46 73 68 69 71 72 71 69 68 73 72 72 71 72 72 73 73 76 78 77 75 75 76 75 64 56 81 76 70 72 78 81 84 86 85 84 85 83 82 82 82 81 83 83 90 56 5 24 77 77 83 89 91 89 92 50 29 34 4 34 85 80 64 20 9 87 52 3 31 82 77 32 4 32 76 101 85 58 75 104 61 8 11 49 101 85 31 7 30 78 86 91 87 82 90 85 91 80 27 26 70 91 101 95 70 52 77 98 80 85 97 74 70 95 80 62 105 89 94 97 104 93 98 96 95 109 108 83 99 104 110 99 105 107 100 102 101 96 104 96 93 103 100 94 92 105 97 69 63 56 46 49 50 40 32 27 21 16 13 11 9 7 6 5 6 8 12 10 8 7 8 10 11 11 11 11 10 11 12 11 9 9 9 9 9 9 9 10 10 10 10 9 10 10 10 
5 4 3 3 3 2 2 3 3 3 2 2 3 3 4 6 11 17 23 26 27 27 30 29 25 26 30 31 33 33 32 33 35 37 36 37 36 35 38 44 43 36 36 44 42 46 40 35 57 61 59 61 52 34 29 54 60 60 61 62 63 62 61 60 63 62 60 59 59 59 60 58 59 62 62 62 63 64 69 58 50 77 71 62 63 69 71 76 78 79 80 81 79 76 77 77 78 78 79 77 41 2 19 74 72 73 80 71 86 69 23 19 46 3 17 66 79 63 19 6 17 10 18 50 70 52 11 2 63 82 94 101 89 89 73 49 6 29 67 78 91 64 13 8 64 90 91 96 88 103 98 94 62 8 12 60 93 99 88 39 10 33 92 86 68 30 27 41 49 32 34 91 95 92 81 79 91 110 92 106 87 92 101 119 105 109 102 106 108 105 110 109 104 108 107 108 118 119 111 109 110 113 114 111 112 106 104 101 90 83 81 77 68 55 39 31 23 18 15 13 11 10 12 13 14 13 11 9 8 9 10 11 11 10 9 9 9 9 9 9 9 9 8 8 9 9 8 9 10 9 
9 8 7 6 6 6 6 4 5 5 4 4 3 3 4 4 4 6 9 13 17 22 27 29 27 28 30 27 27 29 28 30 32 34 34 37 37 33 34 39 38 31 32 40 37 41 39 33 49 49 47 51 54 54 51 59 50 53 53 54 54 54 53 53 51 50 50 51 54 56 59 56 58 60 60 59 59 60 64 54 46 68 61 54 55 63 67 71 74 74 73 75 74 73 74 74 75 76 77 83 60 11 7 55 80 66 65 73 69 44 14 15 25 4 8 48 80 54 12 5 2 5 38 77 75 53 10 13 71 77 79 74 63 78 76 26 2 40 77 80 73 60 18 3 48 81 72 89 89 94 88 96 66 8 13 66 89 88 86 33 4 26 92 61 17 16 52 89 82 35 7 35 85 74 28 15 52 103 80 85 33 57 98 105 93 114 106 105 102 99 103 99 98 100 102 104 108 112 106 107 102 105 116 112 116 116 110 107 102 103 110 115 112 107 97 83 74 70 63 51 39 25 21 18 16 14 13 12 15 12 11 10 11 11 11 9 10 10 9 8 7 6 9 10 11 11 11 12 14 15 
11 10 10 10 10 11 11 14 13 13 12 12 11 11 15 14 12 11 12 15 18 19 22 22 20 22 27 27 26 27 28 29 30 30 29 32 32 29 30 33 27 16 19 32 35 42 33 24 38 40 39 43 44 47 42 47 44 45 45 45 45 45 45 45 45 44 43 42 42 42 43 43 46 49 51 53 55 57 56 50 44 60 53 51 52 60 64 67 69 67 66 67 66 65 65 65 67 67 67 65 51 18 3 26 60 64 62 57 51 23 19 40 38 13 3 30 72 46 7 16 22 1 17 57 72 45 7 7 63 72 56 29 19 42 51 26 4 39 76 73 73 51 11 1 37 68 58 76 77 77 73 84 57 6 13 65 82 86 78 26 2 32 81 34 4 29 67 82 104 83 4 15 65 71 22 2 17 63 98 81 14 52 98 92 99 104 97 98 98 100 107 102 101 100 105 104 101 110 109 113 109 108 115 110 113 115 112 111 107 105 106 105 103 105 106 99 98 103 102 88 78 69 50 30 18 11 7 6 10 7 7 7 7 7 8 5 6 6 5 4 3 2 3 3 3 3 3 4 4 5 
7 7 7 7 8 8 8 9 9 8 8 8 8 8 8 8 8 8 8 8 8 12 13 11 10 11 15 19 22 23 25 27 27 27 27 29 28 27 29 29 19 8 8 16 20 23 16 11 26 33 34 37 36 37 32 37 39 38 38 38 38 38 38 38 36 35 32 29 26 23 22 21 23 25 27 28 30 31 33 35 34 45 41 43 44 50 53 57 59 59 59 61 60 59 59 59 59 59 58 59 60 36 10 8 16 20 22 36 36 11 28 62 67 25 1 20 62 45 7 14 33 3 5 36 72 54 12 3 53 79 55 14 8 32 32 10 1 32 80 66 83 57 9 5 39 48 47 63 71 80 76 82 48 4 15 71 83 86 66 17 1 33 67 19 2 31 80 96 81 69 6 7 44 62 21 5 5 18 81 70 13 52 92 88 96 102 96 97 94 93 95 83 84 82 90 87 81 95 101 102 104 104 103 103 105 107 105 104 105 104 104 105 107 106 100 99 101 105 107 104 99 93 90 81 62 35 12 4 4 3 3 3 3 3 2 3 3 3 3 2 1 1 2 2 2 2 2 2 2 2 
10 10 10 9 10 10 10 9 9 10 10 11 11 11 10 10 9 9 9 8 7 8 9 10 10 9 10 13 15 16 19 21 22 23 23 26 26 25 28 29 20 9 5 5 5 6 4 4 19 29 32 34 34 39 34 36 37 34 34 34 33 34 34 34 36 35 32 29 25 21 19 15 15 15 14 13 13 13 14 19 21 28 26 30 31 37 41 46 50 52 54 57 59 60 60 59 59 58 58 60 63 51 37 21 15 23 23 42 40 15 47 54 65 35 4 15 44 37 9 13 38 12 1 14 51 62 21 2 18 50 43 7 6 27 19 4 2 18 59 72 70 31 3 16 36 20 23 39 61 76 69 77 44 3 17 75 76 76 59 14 1 36 66 18 4 34 68 82 62 60 7 6 50 65 14 36 16 3 38 47 15 46 82 94 87 89 88 94 95 94 94 78 73 69 79 77 72 92 105 98 103 103 97 100 100 101 102 103 106 104 99 98 102 105 105 105 101 96 94 101 101 92 93 95 91 77 57 41 15 8 4 4 3 3 4 2 3 3 3 3 3 4 4 3 3 3 4 4 3 3 
12 12 11 10 10 10 10 10 10 10 10 10 10 10 11 11 10 9 8 8 8 8 9 10 10 8 7 9 9 9 11 14 14 15 17 19 20 22 24 25 22 17 14 11 9 8 6 7 18 29 29 32 33 35 33 33 33 32 33 33 33 33 33 33 35 34 33 34 34 32 30 26 25 23 20 15 12 10 10 12 13 15 15 17 17 19 21 22 25 27 30 34 36 44 48 45 49 52 50 53 53 51 48 42 38 40 40 47 45 39 54 45 49 41 28 30 44 38 23 22 47 26 14 17 43 65 43 18 6 18 16 3 8 23 19 17 7 7 28 45 33 9 5 34 36 8 12 28 51 63 60 72 36 3 16 65 73 71 46 9 1 41 67 18 3 30 62 64 74 41 2 9 55 65 16 53 42 8 9 19 11 48 78 78 84 79 90 85 92 92 89 72 66 84 81 87 70 77 98 93 95 97 97 99 99 98 98 99 100 100 98 98 99 102 104 100 95 89 88 92 93 91 92 88 79 84 82 53 22 20 17 7 5 9 7 6 6 6 6 7 8 8 6 6 6 7 7 7 7 8 
9 8 8 7 7 7 7 8 8 8 8 7 7 7 7 7 7 6 6 5 5 6 7 7 6 5 5 5 7 7 7 8 8 7 8 11 13 15 18 19 19 17 19 22 19 18 16 14 21 28 25 27 30 30 30 30 30 31 31 31 31 31 31 32 33 33 33 35 37 36 34 33 32 31 30 27 24 21 21 20 18 16 14 12 11 10 10 10 12 13 13 14 15 21 26 24 26 27 26 30 34 36 39 42 45 47 48 47 49 50 52 47 47 44 40 33 38 37 34 32 50 40 37 37 43 50 50 46 24 21 21 24 29 35 36 38 29 18 15 15 10 10 19 50 43 15 20 33 51 63 61 62 27 2 8 31 40 51 35 7 2 43 66 19 3 16 47 57 61 20 2 19 58 53 13 48 56 23 1 5 11 54 76 66 70 72 86 74 81 80 78 63 65 78 63 81 71 69 88 87 87 88 90 91 91 91 91 91 91 92 93 93 94 95 96 94 91 89 87 87 88 88 84 81 74 76 74 50 18 19 24 18 12 13 7 9 10 10 9 10 10 8 9 9 9 10 10 10 10 11 
7 7 6 6 5 5 5 5 5 5 5 5 5 5 5 5 5 5 5 5 5 5 5 5 5 5 4 5 6 6 6 6 5 4 5 6 8 10 12 13 13 12 14 18 17 20 20 17 20 23 21 23 25 26 26 27 28 30 29 28 28 29 30 32 32 31 32 34 35 35 33 33 33 34 36 37 36 33 33 32 29 25 21 18 17 16 15 16 16 15 12 10 8 8 11 12 10 9 10 11 13 14 17 20 23 25 26 29 33 33 34 38 39 36 39 35 37 35 35 34 46 36 41 44 41 39 44 52 49 40 41 46 41 34 35 29 33 45 40 26 21 29 36 49 40 22 26 34 45 54 53 52 27 6 5 11 17 37 31 8 4 39 59 28 9 5 22 35 29 7 7 36 56 39 9 37 57 41 8 1 11 49 62 62 62 68 78 66 69 69 69 58 65 61 43 68 68 64 79 82 83 83 83 83 84 84 84 84 85 86 88 89 89 89 88 90 92 91 89 85 82 74 68 74 80 67 50 40 19 12 18 17 11 9 6 8 8 8 7 7 8 8 7 7 8 8 8 8 8 9 
6 6 5 5 4 4 4 4 4 4 4 4 4 5 5 5 5 5 5 5 5 6 6 6 6 6 6 6 6 5 6 6 6 6 6 6 5 6 8 8 8 7 8 9 10 14 17 16 16 18 18 20 22 22 23 24 25 28 28 27 28 29 30 31 30 30 30 32 32 32 32 30 31 33 35 37 37 36 35 35 33 32 30 29 28 25 22 20 17 15 14 11 9 6 6 10 9 7 8 7 6 6 6 6 6 6 7 10 12 14 14 21 21 20 24 29 32 26 25 25 33 29 33 40 45 47 45 43 46 45 46 47 45 41 37 30 35 46 45 42 44 46 47 43 33 26 27 32 40 41 42 46 38 28 23 20 24 38 33 16 15 33 45 39 20 7 9 13 11 7 21 42 47 32 12 32 50 47 27 4 11 40 48 60 63 63 68 60 60 63 63 53 58 55 42 60 57 53 70 78 79 78 76 76 77 78 78 78 79 80 82 84 84 83 81 84 88 88 85 81 77 70 66 71 78 50 22 18 17 6 6 7 5 5 6 7 8 7 6 6 7 7 6 6 6 7 7 7 7 6 
6 6 6 5 5 4 4 5 5 5 5 5 5 5 4 5 5 5 4 4 5 6 6 5 6 7 7 6 6 6 6 6 6 6 6 6 5 6 6 6 5 5 5 6 7 10 12 12 11 12 14 16 17 18 19 20 22 24 25 26 27 28 29 29 28 28 29 30 30 30 30 28 31 33 33 32 32 33 32 32 32 32 32 33 33 33 31 26 21 22 22 19 14 7 4 10 12 13 12 9 9 8 7 6 5 4 4 4 4 5 5 7 7 7 8 12 14 11 13 12 14 19 22 27 33 37 34 29 34 45 45 39 43 48 41 41 43 40 38 44 48 41 44 41 35 32 30 36 41 37 37 39 39 40 35 33 35 38 35 29 34 33 31 39 33 25 19 17 19 22 39 35 37 33 22 34 41 41 36 16 19 37 45 55 55 52 55 53 52 57 55 45 48 55 51 56 47 46 61 70 70 69 67 66 66 67 67 68 69 70 72 73 75 74 72 74 76 76 74 71 70 72 71 69 69 38 8 4 13 3 1 1 1 3 5 6 7 8 8 8 8 7 8 8 9 9 9 9 9 8 
8 8 8 8 7 7 6 7 7 7 6 6 6 6 6 6 6 6 5 5 5 5 5 4 5 6 6 5 6 6 6 6 6 6 6 5 6 6 6 6 5 5 5 6 6 6 7 7 6 7 9 10 12 13 14 16 17 18 21 23 26 27 27 26 26 28 29 29 29 29 30 28 31 34 32 28 29 31 31 30 30 30 30 30 30 34 36 32 30 34 35 28 16 5 3 8 14 18 17 14 13 12 11 10 9 9 8 6 4 5 4 3 2 3 2 3 3 2 5 4 3 7 8 10 11 12 13 14 20 29 30 27 31 37 33 35 38 37 35 39 43 38 40 41 43 42 37 42 43 38 38 35 31 34 30 30 33 31 31 30 35 31 24 26 28 31 27 25 28 27 35 28 29 30 28 32 33 35 30 29 28 35 43 45 41 40 42 46 44 49 46 35 40 51 53 48 41 44 52 57 58 57 55 55 55 56 56 56 57 58 59 60 61 63 64 63 63 62 62 61 60 61 65 62 63 49 24 15 15 9 4 2 1 2 2 4 6 8 8 9 9 8 8 9 9 9 10 10 10 10 
8 8 8 8 8 7 7 8 7 7 6 6 6 5 6 7 7 6 5 5 5 5 5 5 5 6 6 5 6 6 6 6 6 7 7 6 5 5 5 6 6 5 6 6 5 5 5 5 5 5 5 6 7 8 9 11 12 13 16 19 22 23 24 23 24 26 27 27 26 27 28 25 27 29 28 27 27 29 29 29 29 29 30 30 30 31 32 33 33 37 35 23 11 4 3 6 12 16 18 18 18 17 16 15 14 14 14 12 9 9 8 7 7 8 9 13 13 6 4 3 4 2 2 3 3 4 4 4 3 4 7 11 14 17 19 19 21 20 20 24 32 36 35 36 41 44 42 44 43 41 42 41 39 39 36 33 33 32 30 24 22 26 23 18 16 18 20 23 23 20 19 23 23 22 24 25 26 29 25 31 29 27 33 35 31 32 33 40 36 41 37 27 34 41 43 37 35 38 42 46 47 47 46 46 46 46 46 46 46 47 48 49 49 51 54 54 53 53 53 54 53 53 55 55 59 61 51 37 36 33 25 22 22 20 21 21 19 15 9 7 7 7 7 7 8 8 8 8 8 9 
6 6 6 6 6 6 5 6 6 6 6 6 6 6 6 6 6 5 5 4 5 5 5 5 5 5 5 5 5 6 6 5 6 7 6 5 5 5 5 5 5 5 5 5 6 5 5 5 6 5 4 4 5 5 6 7 7 8 10 12 15 17 18 19 20 22 23 23 22 23 24 22 21 21 23 25 26 25 26 27 27 28 28 29 29 29 31 31 30 30 25 13 5 4 4 4 8 9 14 19 19 18 17 15 15 15 15 16 15 14 14 14 17 16 20 29 34 25 21 17 17 8 7 5 3 2 2 1 2 2 2 4 4 3 5 6 6 6 6 7 10 13 19 22 24 29 32 33 36 39 40 44 47 50 53 52 51 50 45 40 31 27 25 18 18 18 19 20 20 22 19 20 20 18 21 20 21 24 25 22 24 22 23 26 25 27 26 33 27 31 28 18 28 31 34 30 25 26 33 37 37 38 38 38 37 36 36 37 37 37 38 38 38 40 42 43 43 44 45 45 46 48 45 48 48 55 60 51 57 57 54 56 56 51 54 48 46 36 22 12 8 6 6 6 7 7 7 7 7 7 
5 6 6 6 6 6 5 5 5 6 6 6 6 6 6 6 6 5 5 5 5 4 4 4 4 4 4 4 4 5 5 4 4 5 4 4 4 4 4 4 4 4 4 4 5 5 4 4 4 4 4 4 4 4 4 4 5 5 5 6 8 10 11 12 14 16 17 18 18 19 20 19 16 16 19 22 22 23 23 23 23 24 24 24 25 26 28 27 22 18 13 6 3 5 5 4 4 5 8 15 17 18 18 17 17 17 16 15 16 15 15 16 21 20 23 32 44 51 55 47 42 34 30 24 18 12 8 6 4 3 2 1 2 2 3 3 3 2 2 1 1 2 6 7 6 8 13 14 19 24 23 26 31 36 47 51 54 58 56 63 53 40 30 22 22 21 20 17 17 23 20 20 21 20 22 21 21 22 25 18 23 24 21 23 22 24 22 26 23 25 19 11 20 24 29 23 15 15 27 31 29 30 30 30 29 28 29 29 29 30 30 30 30 31 32 33 34 36 37 37 37 37 34 38 39 43 52 47 48 52 56 62 61 55 59 55 57 53 42 31 19 10 7 5 6 7 7 6 7 7 
6 5 5 5 5 5 5 5 5 6 6 6 6 6 6 5 5 5 4 4 4 4 4 4 4 4 4 4 4 4 4 4 4 4 4 4 4 4 4 4 4 4 4 4 4 4 4 4 4 4 4 4 4 4 4 4 4 4 4 4 4 4 5 6 6 7 8 10 11 13 15 12 10 11 13 13 14 20 19 18 17 18 19 20 21 20 21 23 18 9 6 6 6 5 4 4 4 5 5 6 8 15 17 18 19 19 18 16 16 17 17 15 17 22 22 24 36 56 70 69 64 68 63 58 51 41 31 25 20 13 6 2 2 3 3 4 3 4 5 5 4 3 2 2 2 1 1 2 4 5 6 8 10 12 16 17 19 24 30 40 45 48 43 32 27 21 19 16 18 22 19 21 21 21 21 22 23 24 23 24 25 25 24 25 26 27 24 23 26 25 16 7 9 15 19 12 6 9 21 26 26 27 26 26 25 25 25 26 26 26 26 27 27 28 29 27 28 30 32 31 31 34 34 34 34 36 38 40 41 47 50 48 46 49 54 51 50 50 52 51 37 21 13 5 5 7 6 5 6 6 
5 4 4 4 4 4 4 4 4 4 5 5 5 5 5 4 4 4 4 4 4 4 4 5 5 5 4 4 4 4 4 4 4 4 4 4 4 4 4 4 4 4 4 4 3 3 4 4 3 3 4 4 4 3 3 3 4 4 4 4 3 3 3 4 3 4 4 4 5 5 6 6 5 6 10 11 9 9 12 13 13 13 14 15 15 15 15 14 11 7 6 5 5 5 5 5 5 5 5 4 5 7 9 11 13 14 14 13 12 13 14 13 13 14 16 17 22 33 46 60 72 78 76 74 72 69 66 64 59 43 24 13 12 15 18 20 19 19 23 25 22 19 14 7 7 5 3 3 1 1 1 1 1 1 2 2 3 4 4 6 9 22 37 33 17 14 14 13 14 17 15 18 18 18 18 19 20 21 22 23 24 24 24 24 25 27 24 23 25 25 19 12 8 9 10 8 7 10 18 24 25 25 26 26 27 27 26 25 25 25 25 25 25 26 25 24 25 26 27 25 24 24 24 25 27 29 30 31 34 38 40 39 38 38 40 43 42 39 39 43 42 36 25 12 7 6 4 4 5 5 
5 4 4 4 4 4 4 4 4 4 4 4 4 5 4 4 4 4 4 4 4 4 4 5 5 5 4 4 4 4 4 4 4 4 4 4 5 5 5 5 5 5 5 4 4 4 4 5 4 4 4 4 4 4 4 4 4 5 5 4 4 4 4 4 4 4 4 4 3 4 4 4 3 5 9 10 7 5 7 8 8 8 8 8 9 9 8 6 5 5 5 5 5 6 6 6 6 6 6 5 4 3 4 5 5 5 6 6 6 7 8 7 6 7 9 9 11 17 35 66 92 90 88 85 82 81 85 91 98 84 63 50 51 61 70 69 62 60 67 72 69 64 46 26 29 25 17 16 9 6 5 2 1 0 1 1 0 0 0 0 1 4 11 11 10 10 11 11 12 14 13 14 14 15 15 16 17 17 19 21 21 21 21 22 23 25 22 21 22 23 21 19 17 17 18 17 17 19 24 24 24 25 26 27 27 28 27 26 26 26 26 27 27 27 26 26 26 26 26 25 24 24 25 25 27 27 27 26 26 27 27 28 27 25 24 29 29 26 25 29 34 38 31 21 10 6 5 5 5 6 
5 5 5 5 4 4 4 4 4 4 4 4 4 5 5 5 5 4 4 4 4 4 4 4 4 4 4 4 4 3 4 4 4 4 3 4 4 4 5 5 5 4 4 4 4 4 4 4 4 4 4 4 4 5 5 5 5 5 5 4 4 4 4 5 6 6 5 5 4 4 5 4 3 5 9 10 7 4 4 5 5 5 4 4 4 5 5 4 3 4 4 4 5 7 6 6 5 6 7 7 4 2 3 4 3 2 1 1 2 2 2 2 2 3 3 3 5 13 40 83 114 110 108 102 94 90 95 103 101 100 98 99 105 116 123 118 105 99 105 110 106 102 65 35 55 59 46 49 33 29 26 15 6 3 2 1 1 1 1 1 1 3 6 5 6 6 9 9 10 12 11 11 12 12 13 13 14 15 16 17 18 18 18 19 20 21 20 19 19 20 21 22 25 25 24 23 23 23 24 23 23 24 25 26 26 26 26 26 26 27 27 27 28 28 28 28 28 28 28 28 28 29 30 30 31 29 27 27 28 27 27 28 28 25 22 21 21 21 21 21 22 24 25 23 12 6 6 7 6 6 
5 5 6 5 5 5 5 5 4 4 4 4 5 5 6 6 5 5 5 5 5 5 5 5 5 5 5 5 5 5 5 5 5 4 4 3 3 3 4 4 3 3 3 3 3 3 3 3 3 3 4 4 4 4 4 4 4 4 4 4 4 4 4 4 4 4 4 4 3 3 4 3 4 5 6 7 5 4 4 4 4 4 4 4 4 4 4 4 4 4 4 4 5 5 5 4 4 4 5 6 4 3 5 6 4 1 1 0 1 1 1 1 1 2 2 2 3 14 51 98 117 107 107 104 98 97 101 108 100 100 104 107 106 101 96 106 100 93 96 97 95 94 49 22 63 76 65 76 63 65 62 43 26 19 17 15 12 8 7 6 4 6 6 5 5 4 6 7 7 9 9 10 10 11 11 12 14 14 14 15 16 16 16 17 18 18 18 18 18 18 19 21 19 18 19 20 20 21 21 21 22 22 23 24 23 23 23 24 24 24 24 25 25 25 25 25 25 26 27 27 28 27 28 29 29 28 25 24 27 25 25 26 25 22 19 21 20 21 22 22 20 18 20 23 11 5 6 7 7 6 
5 6 7 7 6 6 7 6 6 6 6 6 6 7 6 6 6 6 6 6 7 7 7 7 7 7 7 7 6 7 7 7 6 5 5 4 4 4 4 4 4 4 4 4 4 4 4 4 4 4 5 5 5 4 4 4 3 4 4 4 4 4 4 4 3 4 4 3 3 3 4 4 4 5 5 5 5 5 5 5 5 5 5 5 4 4 4 5 5 4 4 4 4 4 5 4 4 3 3 4 6 6 7 7 4 2 1 1 2 2 1 1 2 3 2 2 3 14 51 95 105 88 88 86 83 82 85 88 94 88 87 92 91 85 79 89 87 82 81 78 76 79 39 20 80 95 86 101 92 96 90 80 71 73 82 84 81 73 63 55 45 42 35 21 6 3 4 5 5 7 7 8 8 9 10 11 12 13 12 13 13 14 14 15 16 15 16 17 17 17 17 17 16 17 20 20 20 20 21 20 20 20 20 20 20 19 21 23 23 23 23 23 24 23 23 23 22 22 23 26 26 21 22 23 24 24 23 21 19 18 17 18 18 16 15 21 18 18 21 21 20 18 20 23 9 3 5 6 7 6 
4 6 6 6 5 6 6 6 6 7 7 7 7 7 6 6 6 6 6 6 7 7 7 7 7 7 7 7 6 6 7 7 7 6 5 5 5 5 5 5 5 5 5 5 5 5 5 5 4 4 5 5 4 4 4 4 4 5 5 5 5 4 4 4 5 5 5 5 4 5 5 5 6 6 6 5 5 5 5 5 6 6 6 6 5 5 5 6 6 5 5 5 4 5 5 4 2 1 1 3 5 6 6 4 3 2 1 2 2 1 0 1 3 4 3 4 4 8 31 68 85 81 77 73 70 70 69 68 69 59 56 65 72 73 71 72 70 68 63 54 51 55 28 20 88 96 93 105 95 111 111 110 104 103 107 106 105 105 102 107 107 109 92 54 7 3 3 3 3 4 4 5 5 5 6 7 8 9 9 10 10 11 11 12 13 13 13 14 14 14 13 13 12 14 16 16 15 15 16 17 17 17 18 18 17 17 19 21 21 21 22 22 22 22 21 20 19 18 19 23 23 19 19 20 20 21 20 20 20 18 18 17 17 17 18 19 16 16 17 17 15 14 15 18 7 2 4 5 6 7 
2 3 4 4 3 3 4 4 5 5 5 5 5 5 6 6 6 6 5 5 6 6 6 6 5 5 6 6 5 5 5 6 6 5 4 4 4 4 5 5 4 4 4 4 3 3 3 3 3 2 3 3 3 3 3 4 4 4 4 5 5 5 5 5 5 5 5 5 5 5 6 6 6 6 6 6 6 5 5 5 6 6 6 6 5 6 6 5 5 5 5 5 5 5 4 2 1 0 1 1 2 4 3 2 2 3 2 2 1 0 0 1 3 4 2 3 2 2 14 43 66 59 54 50 50 52 52 52 45 34 32 39 44 43 39 46 49 47 39 29 25 28 16 20 89 91 94 103 93 104 97 103 103 102 103 101 99 94 85 86 92 103 97 60 7 2 1 1 2 2 2 3 3 3 4 4 5 6 7 7 8 8 8 9 10 11 11 11 11 12 11 10 9 10 12 14 15 15 16 15 15 16 16 16 16 16 17 17 17 18 18 18 18 19 19 17 15 14 15 18 20 19 19 18 18 18 17 17 16 16 14 14 14 15 16 18 16 17 17 14 10 9 8 13 5 3 6 5 6 7 
11 13 12 9 8 7 6 6 6 5 5 4 4 3 6 4 3 3 2 2 2 2 3 3 3 3 2 2 2 2 3 3 2 2 1 1 1 1 1 1 1 1 1 1 1 1 1 1 1 1 1 1 1 0 1 1 1 1 2 2 2 2 2 3 3 3 3 3 3 4 4 5 5 5 5 5 5 5 5 4 4 4 4 4 4 4 4 4 4 4 4 4 4 3 4 2 1 0 1 1 1 1 1 1 1 2 2 2 1 1 0 1 1 1 1 1 1 1 7 25 37 33 30 29 31 36 40 41 35 35 38 38 37 35 34 40 41 39 33 29 27 28 18 26 64 79 77 81 84 88 87 87 89 90 85 84 85 83 77 72 73 78 74 51 4 3 2 3 3 3 2 1 2 2 2 2 3 3 4 5 6 6 7 7 7 6 7 8 9 10 10 10 9 10 11 11 10 10 11 11 11 12 14 15 15 16 17 17 16 15 15 15 17 16 14 15 13 8 10 16 14 16 15 14 15 17 15 14 16 15 14 14 14 14 13 14 13 12 11 9 8 7 7 8 5 4 4 5 6 6 
19 21 20 19 21 23 22 22 23 22 21 19 19 19 20 17 15 16 15 13 14 11 10 10 10 9 8 8 7 7 7 7 5 3 3 2 1 1 1 1 1 1 1 1 1 1 1 1 1 0 1 0 0 0 0 0 0 0 1 1 0 1 1 1 1 1 1 1 1 2 2 3 3 3 4 4 5 5 6 6 6 6 6 6 6 6 5 5 5 5 6 6 6 6 6 4 2 1 1 1 1 1 1 1 1 1 1 1 1 1 1 2 1 1 0 0 0 0 5 18 26 20 19 18 20 23 26 28 29 30 32 32 31 30 30 34 34 30 28 28 29 30 17 22 50 65 62 62 62 62 59 55 57 60 59 59 67 72 65 58 49 40 40 33 4 3 3 4 5 4 3 2 3 3 3 3 3 4 3 3 4 4 4 4 4 5 5 5 5 6 6 7 7 8 8 7 6 6 6 6 6 6 7 9 9 10 11 12 12 12 12 12 12 13 14 15 14 9 11 16 14 14 13 13 14 14 13 12 12 11 11 11 11 10 10 8 9 9 9 8 7 6 6 7 5 4 4 3 4 4 
20 20 19 19 21 22 21 23 24 25 23 22 23 24 25 23 22 23 23 23 24 26 27 25 25 24 23 23 26 27 27 26 24 22 20 16 14 13 13 13 13 13 11 9 8 7 5 4 4 4 3 2 2 2 2 2 1 2 2 1 1 1 1 0 1 1 1 1 1 1 1 1 1 1 2 2 2 2 2 3 3 3 3 3 3 3 3 3 4 5 6 6 5 4 4 3 2 1 1 1 1 1 1 1 1 1 1 1 1 1 2 3 2 1 0 0 0 0 3 10 14 17 17 17 18 20 23 26 25 26 27 27 26 26 26 33 32 29 28 29 28 26 14 16 32 40 38 40 40 41 39 34 35 38 40 42 45 44 39 36 27 18 21 23 4 3 3 5 5 4 2 2 2 3 3 3 3 3 4 4 4 5 5 5 4 5 4 4 4 4 4 5 5 5 4 4 3 3 3 4 4 4 5 6 7 7 7 7 7 8 8 8 8 8 8 9 9 7 8 10 9 11 11 10 10 9 9 9 7 7 7 7 7 7 6 4 6 7 8 8 7 6 5 6 5 4 5 4 5 5 
23 21 19 19 19 19 18 19 19 19 19 19 20 20 22 21 20 21 22 22 22 24 24 23 24 24 24 23 22 22 23 24 25 24 23 23 24 22 20 20 22 22 22 23 23 21 19 18 20 20 17 16 16 17 17 15 13 11 10 8 6 6 6 5 5 4 3 3 2 2 2 1 1 1 1 1 1 1 1 1 2 2 2 1 1 1 1 1 1 2 2 2 2 2 2 2 3 3 3 2 1 1 1 1 1 1 1 1 0 1 2 2 1 1 0 0 0 0 1 4 5 9 9 10 10 10 12 15 17 18 20 20 19 18 17 22 23 22 22 22 20 18 12 13 19 20 20 24 28 30 31 29 29 29 30 34 37 35 33 33 28 22 26 26 4 3 3 4 4 3 2 2 2 3 3 3 3 3 4 4 4 4 4 4 3 4 4 4 3 4 4 4 4 4 5 4 4 4 4 4 4 3 3 4 5 5 5 5 4 4 4 5 6 7 6 6 8 9 11 9 6 5 6 5 4 4 5 7 6 5 5 5 5 5 5 4 5 7 9 9 8 7 4 5 4 4 5 4 4 4 
24 24 24 24 24 23 22 22 20 19 21 22 22 20 20 19 18 18 18 19 18 18 18 18 20 20 19 18 18 19 19 20 21 21 20 17 15 13 10 9 10 10 10 12 13 13 13 14 18 21 23 23 24 26 27 26 23 21 21 19 15 15 16 16 14 14 13 13 13 12 12 12 12 11 11 10 10 9 10 10 10 9 7 5 4 3 3 3 3 3 2 1 1 1 1 1 1 1 1 1 1 1 1 1 2 2 1 1 0 1 1 1 0 1 0 0 0 0 0 1 1 2 2 3 2 3 3 4 7 8 10 10 9 7 6 7 8 8 9 9 10 11 11 11 12 12 13 17 21 24 26 27 28 25 23 27 31 29 28 26 25 26 24 17 4 4 5 5 4 4 4 4 4 5 5 5 5 5 4 4 4 4 4 4 4 4 4 4 4 4 4 4 4 4 5 5 5 5 5 6 5 5 5 6 6 5 5 5 4 4 4 5 6 7 7 6 9 16 16 11 7 2 2 2 2 2 4 6 6 5 5 5 5 6 6 5 5 6 7 7 7 6 4 4 4 3 3 2 2 1 
25 25 27 28 26 24 25 27 24 22 25 27 26 23 23 22 20 18 19 20 19 21 21 21 22 23 22 19 19 18 17 16 16 14 12 10 8 7 4 3 4 4 3 4 4 4 5 6 8 10 12 13 14 16 18 19 18 17 19 18 15 14 15 16 17 17 17 17 18 18 18 20 21 21 21 21 21 22 20 20 20 18 16 14 12 12 13 13 14 13 11 9 8 8 7 7 6 6 5 5 5 5 6 7 8 8 7 6 4 3 2 1 0 0 0 0 0 0 0 0 0 0 0 0 0 0 0 1 2 2 3 3 3 2 1 1 1 1 1 2 3 7 8 8 9 9 11 13 15 16 18 21 22 17 14 18 23 27 26 22 23 29 22 11 4 6 7 6 6 6 7 7 6 6 6 6 5 5 6 6 6 6 6 6 6 5 5 6 6 6 6 6 5 5 7 7 7 6 6 6 5 5 5 7 7 6 5 5 5 5 5 5 5 6 7 6 9 16 15 9 8 4 4 3 2 2 4 7 7 5 5 5 5 6 6 5 5 5 5 5 5 5 4 5 3 2 2 1 0 1 
29 30 31 30 26 24 28 30 29 28 29 30 30 29 30 30 26 24 26 29 28 26 25 23 24 26 26 24 24 22 20 20 18 15 12 10 11 11 8 8 10 9 10 13 11 10 9 9 10 10 9 10 11 11 12 14 15 12 14 13 11 11 12 12 13 13 13 13 12 12 12 14 15 15 16 16 17 17 16 16 16 16 16 16 15 15 15 15 16 16 16 15 15 15 15 14 14 13 13 13 13 15 16 17 17 17 18 17 13 10 7 2 0 0 0 0 0 0 0 0 0 0 0 0 0 0 0 0 0 1 1 1 1 0 0 0 0 0 0 0 1 3 4 4 5 5 6 6 7 7 8 10 11 8 7 8 11 13 13 11 12 16 12 6 3 4 5 4 4 5 6 5 4 4 3 3 3 3 4 4 4 4 4 4 5 4 4 5 5 5 5 5 6 7 8 8 8 8 8 9 9 9 12 16 17 15 15 16 17 16 14 12 10 8 7 7 9 14 9 6 9 8 8 6 5 4 6 7 7 6 5 6 6 6 6 6 6 6 5 5 5 5 5 6 5 4 3 3 3 3 
29 30 31 28 23 24 30 26 29 30 29 27 28 31 30 30 26 24 27 32 32 30 27 24 25 30 33 34 28 24 24 26 28 25 21 20 23 25 22 22 25 21 21 25 22 20 20 22 22 21 21 22 22 19 18 19 21 17 18 17 16 16 16 14 15 15 15 15 15 14 14 12 12 12 12 12 12 12 10 9 9 10 10 11 12 13 12 11 11 11 12 13 13 13 13 13 13 13 14 15 15 17 18 17 17 17 18 18 14 14 12 5 1 0 1 0 0 0 0 0 0 0 0 0 0 0 0 0 0 0 0 0 0 0 0 0 0 0 0 0 0 1 1 1 1 1 2 2 2 2 2 2 3 2 2 2 2 2 3 3 3 3 3 2 1 1 2 1 1 1 2 2 1 1 1 1 1 1 1 1 1 1 1 2 2 2 2 2 2 2 2 2 3 3 4 4 4 4 5 7 7 8 11 17 19 17 16 16 15 14 11 9 7 6 6 8 9 9 4 3 7 7 7 7 7 7 8 9 8 8 9 9 9 9 8 8 8 8 8 8 8 8 7 9 7 7 7 7 8 8 
30 33 35 33 24 20 31 18 21 27 27 24 25 28 23 25 26 22 24 26 28 28 23 20 24 28 30 31 24 22 25 27 29 29 27 26 30 30 28 29 32 27 23 28 27 27 28 29 29 28 28 28 29 25 22 25 29 25 25 25 26 26 24 22 23 23 24 23 24 24 22 20 21 20 15 17 19 19 17 17 17 17 17 17 17 18 16 13 12 12 13 13 13 12 12 12 10 11 11 10 9 11 11 11 9 10 9 10 9 10 9 5 1 0 0 0 0 0 0 0 0 0 0 0 0 0 0 0 0 0 0 0 0 0 0 0 0 0 0 0 0 0 0 0 0 0 0 0 0 1 1 0 0 0 0 1 1 2 2 2 1 1 1 1 1 1 0 0 0 0 0 1 0 1 1 0 0 0 0 0 0 0 1 1 1 1 0 0 0 0 0 0 0 0 0 0 0 1 1 2 2 2 4 7 8 7 6 6 5 4 3 3 3 4 7 9 9 6 2 2 5 6 7 8 8 9 8 8 8 8 10 11 12 11 10 11 10 10 10 10 10 10 9 11 11 11 10 10 11 11 
42 45 43 39 28 23 37 18 21 31 34 29 30 32 26 26 26 20 22 22 26 29 21 16 21 26 25 23 20 20 22 24 24 23 23 23 25 23 23 25 26 22 18 25 25 25 25 26 26 26 24 22 25 22 20 26 31 29 27 27 27 26 23 21 27 26 27 25 26 26 25 26 24 25 20 22 23 26 24 25 25 25 24 23 23 23 20 17 18 20 20 20 21 18 18 18 15 15 16 13 12 15 12 11 9 12 9 8 7 7 5 3 2 1 0 0 0 0 0 0 0 0 0 0 0 0 0 0 1 0 0 0 0 0 0 0 0 0 0 0 0 0 0 0 0 0 0 0 1 1 1 1 1 0 1 2 3 4 5 5 4 3 3 3 3 3 3 3 3 4 4 4 4 4 3 3 2 2 1 1 1 1 1 1 1 1 1 1 1 1 1 1 1 0 0 0 0 0 0 1 1 1 1 1 1 1 1 1 1 1 1 2 2 3 5 6 6 3 2 3 4 4 5 5 6 6 6 5 5 5 6 8 9 9 8 9 8 8 8 9 9 10 9 11 13 13 11 11 12 13 
46 46 40 30 25 30 41 30 33 44 47 42 45 47 43 38 30 21 30 38 43 43 28 19 27 37 37 33 27 21 19 25 28 24 25 23 23 23 25 26 22 19 17 24 22 21 20 20 21 22 22 21 22 18 16 21 25 26 23 21 22 22 20 17 25 25 25 22 22 23 24 25 19 21 22 22 19 24 22 22 23 23 22 22 22 21 18 17 21 24 24 23 24 22 22 22 19 20 21 19 18 21 18 16 12 14 11 8 6 5 3 2 2 1 0 0 1 1 0 0 0 0 0 1 1 1 1 0 1 0 0 0 0 0 0 0 0 0 0 0 0 0 0 0 1 0 0 0 0 1 1 1 1 1 1 1 2 4 4 5 5 5 5 4 4 4 5 6 6 7 7 7 7 8 7 7 7 7 7 7 7 7 6 6 6 6 6 6 6 6 7 7 5 4 3 3 3 3 3 2 1 1 1 1 1 1 1 1 1 1 1 1 1 1 1 2 2 1 1 1 1 1 2 2 2 2 2 2 2 2 3 3 4 4 3 4 3 3 4 5 5 6 7 8 9 9 9 9 10 11 
35 37 31 18 17 26 29 33 35 43 44 41 44 46 47 43 33 25 39 50 54 50 33 24 33 46 49 47 35 24 23 34 40 36 38 35 33 32 37 36 26 22 23 34 34 33 31 28 26 25 25 26 28 23 20 22 22 23 20 19 22 23 20 16 21 21 22 21 20 21 24 22 20 22 20 19 18 20 19 19 21 20 20 21 22 21 18 17 20 24 23 20 21 20 20 21 17 19 20 17 14 18 16 15 11 10 8 5 4 3 2 2 3 2 1 1 1 1 1 0 1 1 1 1 1 2 1 1 1 1 0 0 0 0 0 0 0 0 0 0 0 0 0 0 0 0 0 0 0 0 0 0 1 1 1 1 1 1 1 1 1 2 2 2 1 2 2 3 3 4 4 5 5 6 7 7 8 8 11 11 12 12 12 11 11 12 13 13 13 14 14 15 12 11 10 11 12 12 11 9 8 8 8 8 7 7 6 6 6 5 5 5 5 5 5 4 1 0 1 1 0 1 3 3 2 2 1 1 1 1 1 1 1 1 1 1 0 1 1 1 1 2 2 2 2 3 3 4 4 4 
28 32 28 15 14 22 17 28 27 30 28 25 27 27 27 29 25 19 30 35 33 36 28 21 25 30 32 34 26 22 28 37 42 41 41 41 41 37 42 41 28 23 26 41 45 47 48 44 39 36 33 35 40 36 34 36 34 33 30 30 32 30 22 14 22 20 21 23 23 23 23 24 29 28 20 17 18 19 21 22 21 20 19 19 20 22 20 17 19 22 22 20 20 20 20 21 17 18 19 15 13 15 13 13 11 11 11 7 8 7 6 6 8 6 3 3 4 4 3 3 5 3 3 3 3 4 4 4 4 3 3 3 3 3 2 2 1 1 2 2 2 1 2 2 2 2 2 2 2 2 2 2 2 3 3 3 3 3 2 2 2 2 2 2 2 2 2 1 1 1 1 1 1 2 2 3 4 5 6 6 7 8 8 7 7 10 10 10 10 10 11 11 12 13 13 14 16 17 17 15 15 15 15 14 14 14 13 13 13 13 12 12 13 14 14 10 4 1 1 1 1 5 8 11 10 9 7 6 5 5 4 4 5 5 5 3 3 3 3 3 3 3 3 2 2 2 2 2 2 1 
23 26 25 16 16 21 16 28 26 27 23 20 22 21 19 24 25 21 28 29 28 25 21 16 11 6 4 6 10 20 33 35 35 36 34 34 36 31 34 35 25 22 21 30 34 38 41 41 41 42 45 44 44 37 35 38 35 37 37 41 46 43 30 20 26 24 26 33 36 34 33 35 38 34 25 15 14 18 30 33 32 29 27 27 27 25 19 14 16 21 24 25 26 25 26 27 21 20 22 18 19 23 21 20 20 18 21 14 15 15 12 13 15 12 10 10 11 10 9 9 12 8 8 7 8 9 9 9 10 11 10 10 10 10 8 7 6 5 6 8 8 6 7 8 8 9 8 9 9 10 9 9 9 9 10 10 10 11 9 9 9 10 10 9 10 8 7 6 6 6 6 6 6 6 6 7 7 8 8 8 8 9 9 8 8 8 8 7 7 7 7 7 7 7 8 8 7 8 9 8 7 7 8 8 8 8 9 10 11 10 10 11 12 14 17 13 5 1 1 1 2 8 13 16 17 16 15 14 13 13 12 13 14 15 15 13 11 11 12 12 12 13 14 11 10 10 10 10 9 8 
8 9 10 9 11 15 14 13 13 14 13 13 16 15 19 22 24 20 22 20 21 22 20 17 10 3 1 2 5 14 28 27 24 27 28 26 28 26 29 30 26 25 22 24 24 24 25 26 29 31 33 27 21 14 13 15 13 12 15 20 28 29 23 17 21 19 24 36 43 41 41 46 41 36 34 17 12 20 39 43 43 42 41 42 44 37 26 19 21 29 36 41 39 34 37 38 30 28 29 21 21 31 36 38 35 22 25 19 22 22 15 14 17 15 17 19 19 18 18 18 19 17 16 15 14 14 14 14 15 18 19 19 18 18 17 16 14 13 15 18 18 16 15 16 17 17 17 18 19 19 18 16 16 17 18 18 19 19 19 19 20 21 22 21 20 18 16 15 15 16 16 17 17 16 16 17 17 18 19 19 19 19 18 17 16 16 15 14 13 13 13 13 12 13 13 12 10 10 10 9 8 8 8 8 7 7 7 6 6 6 6 6 6 7 8 8 5 3 2 2 3 7 9 10 10 10 11 11 12 12 12 13 15 16 16 17 16 16 18 19 20 21 23 21 20 20 22 22 21 20 
2 2 3 6 6 5 6 7 8 9 8 9 12 11 18 18 19 15 13 8 7 14 15 13 11 5 3 3 3 5 11 11 8 10 13 14 19 24 26 25 25 28 26 30 28 26 24 24 24 24 23 21 19 15 17 22 18 13 15 17 21 22 19 16 15 14 16 25 28 27 30 26 22 19 22 12 9 13 20 21 22 22 23 25 28 28 20 13 14 22 29 34 36 35 40 42 33 30 30 22 25 41 52 56 50 28 29 20 29 30 19 15 17 17 23 28 28 27 29 29 24 24 23 21 19 17 16 16 15 20 24 23 22 22 21 21 22 21 20 20 21 21 20 20 20 20 20 20 21 21 20 19 19 20 21 20 19 19 21 22 22 22 22 22 21 21 21 22 23 24 24 23 23 23 23 24 24 25 26 25 24 23 23 22 21 21 21 20 19 18 18 18 17 17 16 16 15 15 14 15 16 15 15 14 13 13 14 14 14 13 12 12 12 12 11 12 13 11 9 8 9 10 10 10 9 9 9 8 7 6 6 7 7 8 7 10 8 8 9 9 10 10 10 10 11 12 14 15 16 17 
9 8 8 11 8 4 6 7 6 7 6 5 5 4 3 2 3 5 5 3 3 5 5 6 6 5 3 3 2 4 4 4 4 2 4 6 11 17 19 17 18 23 22 26 26 26 25 23 20 20 21 22 23 21 22 25 19 22 21 22 23 24 24 23 22 21 20 23 21 19 22 22 23 21 23 20 20 19 22 23 23 22 21 22 24 24 18 11 12 16 20 23 22 19 22 24 18 16 16 11 10 14 18 20 22 13 17 14 28 33 20 13 14 15 28 35 36 35 39 37 27 25 25 23 18 15 14 14 13 21 26 26 24 24 23 22 23 23 20 17 16 18 19 19 19 19 18 18 18 20 20 19 20 21 22 21 20 22 23 24 22 21 21 22 23 24 26 28 30 31 31 31 31 30 30 30 29 29 29 28 28 27 27 26 26 27 27 26 26 26 26 26 26 24 23 25 27 28 26 24 23 23 22 22 21 22 21 21 20 20 18 18 19 19 20 20 22 21 18 17 18 19 20 20 20 20 19 16 16 15 14 14 14 13 12 12 10 10 10 9 9 9 8 8 8 8 8 9 9 8 
46 38 39 35 23 21 33 21 16 23 27 22 13 11 11 7 2 1 0 1 0 1 1 12 3 5 8 2 2 15 5 3 13 0 1 2 1 3 13 13 16 23 26 35 37 34 35 32 27 27 29 26 25 27 28 35 27 28 23 22 21 20 23 24 18 24 20 18 18 19 24 23 14 20 21 23 21 18 18 17 19 17 13 16 20 19 23 21 24 28 26 26 23 18 14 10 6 13 14 18 15 13 17 20 28 20 16 8 12 26 19 7 7 7 11 11 12 16 17 13 9 12 16 16 11 7 6 7 9 14 21 25 25 23 23 25 25 24 23 23 23 23 23 23 22 21 21 21 21 22 22 20 20 21 23 22 22 24 23 23 23 24 26 27 27 27 28 28 29 29 30 30 30 30 30 29 29 29 29 29 30 31 31 30 30 29 30 31 32 32 32 32 32 30 30 31 34 34 33 31 30 30 30 30 31 31 31 30 30 30 31 31 31 31 31 29 27 26 25 25 25 24 23 22 21 21 22 22 22 23 23 23 22 20 19 23 23 22 21 20 20 19 19 20 20 19 18 18 18 18 
18 17 23 27 19 14 18 24 15 22 30 24 10 8 9 6 3 1 1 2 2 1 4 16 3 7 11 2 1 12 6 3 12 2 2 3 5 13 26 28 39 43 38 50 51 43 41 39 35 35 33 28 23 30 35 42 36 40 40 36 33 32 34 38 36 42 40 41 38 31 30 16 11 13 13 19 19 14 6 3 4 4 3 5 6 8 12 18 18 25 23 24 21 15 9 5 1 4 4 9 14 19 15 19 20 12 7 6 7 15 11 4 5 7 11 12 15 18 17 11 7 11 15 18 14 9 7 7 9 10 12 15 19 23 25 24 23 22 22 22 22 23 24 24 24 24 24 25 26 26 24 22 22 24 25 24 24 25 25 25 25 26 28 28 26 26 26 26 26 26 26 24 24 25 25 26 26 26 26 26 27 28 28 27 27 27 27 27 28 28 29 29 30 29 28 29 31 32 30 32 33 33 33 34 34 35 35 34 34 34 34 34 35 34 34 33 33 33 33 33 34 33 32 32 32 33 34 34 31 30 28 27 27 26 24 23 22 22 21 20 20 19 19 19 20 18 16 16 16 19 
1 1 2 5 3 1 1 3 1 2 6 5 1 1 1 1 2 3 7 12 16 16 17 17 11 13 11 10 9 15 7 5 13 10 17 27 39 46 36 26 44 46 29 33 38 35 34 32 29 33 36 28 17 27 34 37 34 28 37 32 33 38 38 45 46 39 33 30 22 9 4 1 1 1 1 2 2 5 2 0 0 0 0 0 1 1 2 13 8 14 12 13 19 20 12 13 6 13 9 18 32 35 13 11 10 9 6 5 2 3 2 1 4 9 14 16 19 20 18 13 10 18 21 24 22 18 16 16 22 19 17 19 23 26 27 23 22 21 21 21 22 23 21 19 19 19 20 20 21 23 24 23 23 24 25 25 24 23 23 23 24 25 25 26 25 25 25 24 23 23 23 23 24 24 24 25 25 25 23 24 24 25 25 24 24 25 24 24 24 25 26 27 27 27 26 27 28 27 27 26 26 26 26 26 27 27 28 29 29 29 29 29 29 29 28 29 30 31 32 32 32 32 32 32 32 33 34 36 39 35 32 32 33 33 32 36 35 35 34 33 32 32 31 31 32 30 29 29 29 30 
3 2 2 3 2 1 1 3 1 1 4 4 3 5 4 6 7 9 13 17 20 32 23 9 13 13 5 17 25 19 7 13 19 22 50 52 42 39 19 11 26 31 21 28 40 45 48 46 43 47 49 38 21 36 48 49 50 47 57 40 34 35 26 25 17 10 9 13 11 3 1 1 1 1 0 0 1 17 8 1 1 0 0 1 1 0 0 10 2 2 1 1 3 3 1 5 6 20 13 14 21 29 13 12 9 4 3 3 1 2 3 4 11 18 22 22 21 21 20 21 21 18 18 18 17 18 19 20 23 21 20 20 19 18 16 18 19 19 19 19 20 20 21 21 21 21 20 20 20 21 21 21 21 22 22 22 22 21 22 22 22 23 23 24 24 24 23 23 23 23 23 26 26 26 25 24 24 23 23 24 24 24 24 24 24 25 24 23 23 24 26 27 25 25 25 25 26 26 26 27 28 27 27 28 28 28 30 30 30 30 30 30 30 29 29 30 32 33 33 32 32 33 33 34 34 35 36 36 35 32 31 32 35 36 35 36 36 35 35 34 33 33 32 32 34 34 35 36 37 39 
25 22 20 18 15 14 16 12 10 10 10 10 11 13 11 11 11 8 7 7 6 6 10 4 3 4 1 3 4 3 1 4 4 4 10 13 15 15 8 5 9 9 7 15 24 28 32 32 30 32 32 24 13 25 36 38 41 41 33 16 20 27 14 5 3 1 2 5 6 2 1 1 4 3 1 2 5 25 10 1 0 0 0 1 1 0 1 14 2 1 0 1 5 8 8 21 23 38 27 24 13 14 6 5 4 1 3 4 6 12 18 22 27 30 27 25 22 20 20 23 27 18 17 16 16 17 18 18 14 15 16 15 14 13 13 14 15 15 15 16 16 16 17 18 18 18 18 18 17 17 18 18 18 18 18 19 20 21 22 22 23 23 23 23 22 22 22 23 23 23 23 25 24 23 23 22 21 21 24 24 24 24 25 25 25 26 26 24 24 25 27 28 26 25 26 27 28 29 29 30 30 29 29 30 30 30 30 29 29 29 29 29 29 29 29 30 30 30 29 27 28 33 33 33 34 33 33 33 31 29 30 32 34 33 32 32 32 32 31 31 30 30 30 30 31 32 34 35 36 36 
39 40 39 36 33 34 37 34 39 40 37 37 38 35 29 30 30 28 29 30 28 19 31 25 18 20 18 14 12 13 10 12 8 8 8 7 8 7 5 3 3 2 2 4 6 6 6 6 6 8 7 5 2 5 7 8 7 6 10 7 4 4 2 3 2 2 3 5 5 2 1 1 8 5 3 7 12 16 6 1 1 1 1 3 4 2 4 18 7 12 16 22 25 27 48 73 53 32 15 13 8 6 3 2 6 7 18 19 21 23 27 28 30 31 25 24 22 20 19 20 21 21 22 23 24 22 20 17 15 15 15 13 12 13 15 13 12 13 13 13 13 13 12 12 13 14 14 14 15 15 16 17 17 17 16 17 18 19 19 20 20 20 20 20 20 20 21 21 22 22 22 22 22 21 21 21 21 21 23 23 23 23 23 24 24 25 24 24 24 25 26 27 26 26 28 28 28 29 30 29 28 28 27 28 29 29 29 29 29 29 30 30 30 30 31 31 30 29 28 27 28 31 32 32 32 32 31 31 31 31 32 31 31 30 30 35 34 34 34 33 33 32 34 34 33 34 36 36 36 34 
40 44 44 42 40 42 44 38 42 44 45 46 46 44 42 42 40 40 43 46 43 41 43 42 37 36 36 35 40 48 39 39 29 36 33 30 32 31 29 30 29 31 31 27 28 23 22 23 22 24 22 20 15 15 14 16 12 10 8 6 6 6 4 2 1 3 3 4 4 2 2 3 9 6 6 7 9 6 2 1 1 1 1 3 4 3 7 16 13 27 44 51 34 20 44 62 45 14 5 4 4 5 9 17 27 31 38 35 33 27 24 23 23 25 22 22 21 21 20 19 18 20 22 23 23 21 18 15 17 16 14 13 12 13 14 13 13 13 14 14 13 12 12 13 14 15 16 16 16 15 15 16 16 16 15 16 16 15 16 17 17 18 17 17 18 18 18 19 19 19 19 19 19 19 19 19 19 19 19 19 18 18 19 20 20 20 21 21 21 22 22 23 23 24 26 25 24 24 25 27 28 28 28 28 28 29 30 30 31 32 32 33 34 34 34 34 34 34 34 34 34 34 35 36 36 36 36 35 33 34 33 31 29 30 33 35 34 34 34 33 33 33 35 34 33 34 36 36 35 35 
40 42 40 37 38 40 40 42 36 36 41 41 39 42 39 37 35 35 40 43 40 38 34 42 37 35 38 37 36 39 33 45 37 41 40 38 39 39 36 38 36 35 38 40 42 37 37 37 33 35 36 37 36 35 32 38 30 31 30 33 31 27 29 31 25 33 29 27 26 26 30 34 33 30 35 22 13 10 10 8 6 6 5 8 11 8 11 12 10 20 30 27 14 5 13 17 17 5 4 8 13 18 19 29 33 36 31 31 35 32 30 28 23 23 22 21 20 21 22 22 21 21 22 23 22 21 20 19 21 20 18 19 20 20 19 16 15 16 16 15 15 14 12 12 13 13 13 13 13 13 13 15 15 15 14 14 15 15 16 17 17 17 17 17 17 17 17 16 16 16 16 16 16 16 15 14 14 14 16 15 15 15 15 16 17 17 17 18 19 19 19 19 20 21 22 20 19 18 19 20 20 20 20 20 21 21 21 21 21 22 23 24 24 24 25 25 25 26 27 28 28 26 28 29 31 31 31 31 33 34 33 30 28 32 38 40 40 40 40 39 39 39 40 39 38 41 44 45 43 38 
37 38 38 38 37 38 39 42 38 37 37 37 36 37 37 38 36 38 40 35 32 36 36 39 39 38 38 36 39 40 36 39 38 40 41 40 40 41 39 37 37 41 42 38 37 36 37 37 36 37 40 37 38 39 36 36 34 35 42 41 39 33 36 40 41 43 36 35 38 35 35 37 39 41 42 34 30 30 35 35 33 31 30 30 27 28 29 26 21 22 26 29 25 20 15 18 23 24 29 24 30 32 32 33 28 26 24 24 25 25 24 20 18 20 24 25 26 26 25 25 24 21 19 21 21 18 17 15 16 16 16 15 20 21 21 19 18 16 16 18 16 17 16 15 16 16 14 14 14 14 14 15 17 19 18 17 18 17 14 12 12 13 14 15 14 16 15 14 14 14 14 15 16 16 14 14 14 15 15 13 13 13 12 12 14 13 15 17 17 16 14 13 13 14 16 16 16 16 16 17 17 17 16 17 17 18 18 18 19 20 20 20 21 22 20 18 19 23 24 24 23 20 21 22 24 24 24 24 25 24 25 27 26 27 30 31 31 33 34 34 33 33 35 34 33 34 35 37 37 35 
