DOWN
27 30 30 27 22 21 23 27 30 31 29 27 25 24 24 23 22 21 25 28 28 29 29 29 29 28 27 29 29 27 26 27 30 30 29 29 29 31 33 31 31 35 35 34 33 33 33 33 33 33 32 32 32 32 32 29 28 29 30 30 28 26 25 26 28 28 29 30 27 27 25 23 23 22 22 23 22 21 20 19 19 17 16 16 16 16 16 16 16 15 16 18 19 17 16 15 14 12 11 12 13 14 13 12 11 10 10 10 9 9 10 11 10 10 12 12 11 11 10 9 9 10 11 12 12 11 10 9 10 10 11 11 10 10 10 10 9 9 9 9 8 8 9 9 9 9 9 8 9 9 9 8 7 8 8 9 9 9 9 9 8 8 9 10 10 10 9 9 9 10 10 10 10 9 9 9 9 9 9 10 10 10 10 11 10 10 10 10 11 11 11 11 10 10 11 10 10 10 10 9 9 9 9 9 9 9 10 10 10 10 10 10 8 9 9 12 15 10 8 11 10 10 10 10 9 8 8 9 10 10 11 11 9 10 10 11 11 11 10 8 9 9 9 9 9 8 8 8 8 7 
22 24 23 21 20 21 23 25 26 24 22 20 18 17 17 18 18 17 19 19 19 19 21 21 21 19 18 18 18 16 16 17 19 19 19 18 17 18 18 16 15 17 15 14 14 14 14 15 15 15 14 14 13 13 13 12 12 12 12 13 12 11 11 12 13 13 12 12 11 12 11 10 11 11 10 11 11 11 10 9 8 8 8 8 8 8 8 8 8 7 8 10 10 9 10 10 10 9 9 9 10 10 10 10 10 10 10 10 9 9 10 11 11 11 10 10 11 11 11 11 11 11 12 12 12 12 12 11 11 11 11 11 11 10 9 9 9 10 10 11 10 10 10 10 10 10 9 10 11 11 11 10 9 9 9 9 9 9 10 10 10 10 10 11 12 11 10 10 9 9 9 9 9 9 9 9 9 9 10 10 10 9 10 10 10 10 10 10 11 11 11 11 10 10 11 10 9 9 10 11 11 10 10 9 9 9 10 11 11 11 11 11 9 9 8 11 14 11 10 11 10 9 9 9 8 8 9 9 9 9 9 9 8 9 9 9 9 8 7 7 7 7 8 7 7 7 7 7 7 7 
7 7 7 8 8 9 9 8 7 8 7 7 7 7 7 9 10 9 10 9 9 9 10 10 11 10 10 10 10 9 9 10 10 11 11 13 12 13 12 10 9 10 10 10 10 10 11 11 11 11 11 11 10 10 9 9 8 9 10 10 10 10 9 10 11 11 10 8 8 9 9 9 11 11 9 9 10 10 10 9 8 9 9 10 9 9 10 10 10 9 9 10 11 10 9 10 9 8 8 8 8 9 9 9 9 9 9 9 9 8 9 10 10 10 9 9 9 9 8 8 8 8 8 8 8 9 9 8 9 9 8 7 7 7 7 7 8 9 10 9 9 9 9 9 8 8 8 8 8 9 9 8 8 8 8 8 8 8 9 9 9 9 9 10 10 9 9 9 9 9 9 9 10 10 10 9 9 10 10 10 10 10 11 11 11 10 10 10 10 11 11 11 10 11 12 11 10 10 10 11 11 11 11 11 11 10 9 9 9 9 9 9 10 9 7 10 12 10 10 8 7 7 7 8 8 8 8 8 7 7 7 7 8 8 8 8 7 7 6 7 7 7 8 8 8 7 7 8 8 8 
8 8 7 7 6 6 7 7 6 7 7 8 8 7 7 8 8 8 8 8 7 8 8 9 9 8 8 8 8 8 8 8 8 8 9 11 11 11 11 10 9 10 11 10 9 8 8 8 8 8 8 8 8 7 7 7 7 8 9 9 9 8 7 7 9 9 8 7 6 7 7 7 8 8 7 6 7 8 8 8 7 7 8 8 8 8 8 9 9 9 8 8 7 7 7 8 8 7 7 7 7 7 7 8 8 8 7 8 8 7 7 8 8 8 10 9 8 7 6 6 6 6 6 7 7 7 7 7 8 8 7 6 7 7 6 5 5 6 7 7 7 7 7 7 7 7 7 6 7 7 7 7 7 7 7 7 8 8 8 8 8 8 8 9 9 9 9 9 8 8 8 9 9 8 8 8 7 7 7 8 8 8 9 10 9 8 8 8 8 8 9 9 8 8 9 9 7 7 8 9 9 10 10 10 10 10 8 8 7 7 7 7 9 8 6 9 11 8 8 7 6 6 7 7 7 7 6 6 6 6 7 7 8 7 7 7 7 6 6 6 6 7 7 7 7 7 7 7 7 7 
8 7 7 7 7 7 8 8 8 8 7 7 8 8 7 7 8 8 9 9 8 8 8 8 8 8 8 8 8 8 8 8 8 8 9 8 8 8 9 9 9 10 10 9 8 8 7 7 7 8 8 8 8 7 7 7 7 7 8 8 8 7 7 7 8 8 8 7 7 7 7 7 8 8 7 6 7 8 8 8 7 7 7 7 7 7 8 8 9 9 8 7 7 6 7 7 7 7 6 7 7 6 6 7 8 8 7 8 8 7 6 7 7 7 10 9 7 6 6 6 6 7 7 7 8 7 6 7 7 7 7 7 7 7 7 6 7 7 7 7 7 7 7 7 8 8 8 7 7 7 7 7 8 7 7 7 7 7 8 8 7 7 8 8 8 7 8 8 8 8 8 8 7 8 8 8 7 7 7 8 7 8 8 8 8 7 7 7 7 8 8 7 7 8 8 8 7 6 7 6 6 6 7 6 6 6 6 6 6 6 6 7 7 7 6 8 9 6 6 7 6 6 6 6 6 6 6 6 6 6 6 6 6 6 6 6 6 6 5 6 6 7 7 7 7 6 6 6 6 5 
9 8 8 8 9 9 9 8 8 8 7 6 7 8 7 7 8 8 8 8 7 6 6 6 6 7 7 7 7 7 8 8 8 8 7 7 6 6 6 6 6 7 8 8 7 7 7 7 7 7 7 7 7 7 7 8 7 7 8 8 7 7 6 7 7 7 7 6 7 6 6 7 7 7 7 7 7 8 8 8 7 7 7 7 7 7 7 7 8 8 7 7 7 7 7 7 7 7 7 7 7 6 6 6 7 7 6 7 7 7 7 7 7 7 8 7 7 7 7 7 7 7 8 8 8 8 7 7 7 7 6 7 7 7 7 7 7 7 7 7 7 7 7 8 8 8 8 8 7 7 7 8 8 7 7 7 7 7 8 8 7 7 7 8 7 7 7 7 6 7 7 7 6 6 7 7 6 6 7 7 7 7 6 6 6 6 7 6 6 7 7 6 6 7 6 6 6 6 6 6 6 6 6 6 6 6 7 7 7 6 6 7 7 6 6 7 7 6 5 6 6 6 5 6 6 6 6 6 6 6 6 7 7 7 6 6 6 6 5 5 6 6 6 7 7 6 6 5 5 5 
7 6 7 8 8 8 8 8 7 6 6 7 7 6 6 7 7 7 6 6 5 5 5 5 5 6 6 6 6 6 6 6 6 6 6 6 6 6 5 5 5 5 6 6 6 6 6 6 6 6 6 6 7 7 7 7 7 7 6 6 6 6 7 7 7 7 7 6 7 7 7 7 7 6 6 7 7 7 8 8 7 7 7 7 7 7 7 7 7 7 7 7 7 7 7 7 7 7 8 8 8 6 6 6 6 6 6 6 6 6 7 8 8 7 6 7 7 7 8 8 8 8 8 8 8 8 8 7 7 7 6 7 7 7 7 7 6 6 6 6 7 7 7 7 7 7 7 8 7 7 7 7 7 6 6 7 6 6 7 7 7 7 7 7 7 6 7 7 7 6 6 6 6 6 6 6 6 6 6 6 6 6 6 6 6 6 6 6 6 6 7 6 6 6 6 6 7 7 7 7 7 7 7 7 8 7 7 7 6 6 6 6 7 7 7 7 6 6 7 8 8 7 7 7 8 7 7 7 7 7 7 7 7 6 6 6 6 5 6 6 5 5 6 7 8 7 7 6 6 6 
6 6 6 6 6 6 6 6 6 7 7 8 7 6 6 6 6 6 6 6 6 6 6 6 6 6 6 6 6 6 6 6 6 6 6 6 6 6 6 6 7 7 6 6 6 6 6 6 6 6 6 6 7 7 7 7 7 7 6 6 6 8 8 8 8 8 8 8 8 8 8 8 8 7 7 7 7 7 7 7 7 7 7 7 7 7 7 7 7 7 7 7 7 7 6 6 6 6 7 7 7 7 7 6 6 6 6 6 6 6 7 7 7 7 6 7 7 7 7 7 7 7 7 7 7 7 7 7 7 7 7 7 7 7 7 7 6 6 6 7 7 7 7 7 7 7 7 7 7 7 7 7 7 6 6 7 7 6 7 7 7 6 6 7 7 6 7 7 7 7 7 7 7 6 7 7 7 7 7 6 6 6 6 6 6 7 7 6 6 6 7 7 6 6 6 6 7 7 7 7 7 7 7 7 7 7 7 7 7 6 6 7 7 7 7 6 6 6 7 7 6 6 6 7 7 7 7 7 7 7 7 6 7 7 7 6 6 6 5 5 5 5 6 6 7 7 7 7 6 7 
6 6 6 6 6 6 6 6 6 7 8 8 7 6 6 7 7 7 7 7 7 8 8 8 8 7 7 7 7 7 7 7 7 6 6 6 6 6 6 6 6 6 7 7 7 7 7 6 6 6 6 7 7 7 7 7 8 8 7 7 7 8 9 8 8 8 8 8 7 7 7 7 7 6 6 7 7 7 7 7 7 7 7 7 7 7 7 7 7 7 7 6 6 6 6 6 6 6 6 6 6 7 7 6 6 6 6 6 6 6 7 7 7 7 6 6 7 7 7 7 7 7 7 7 7 7 7 6 7 7 7 7 7 7 7 7 7 7 7 7 8 8 8 7 7 7 7 7 7 7 7 7 8 7 7 7 7 7 7 7 7 6 6 7 7 7 7 7 7 7 7 8 9 8 8 8 8 8 8 7 7 7 7 8 8 8 8 7 7 7 7 7 7 6 6 6 6 6 6 7 7 7 7 7 6 6 6 7 7 7 7 8 7 7 7 7 7 7 7 6 6 6 7 7 8 7 7 7 7 7 6 6 7 7 6 6 6 5 5 6 6 6 7 7 7 7 7 7 6 6 
6 6 6 7 7 7 7 7 7 7 7 8 7 7 7 7 7 8 8 8 8 7 8 8 8 8 8 8 8 7 8 7 7 7 6 7 7 6 6 6 6 6 6 7 7 8 7 7 7 7 7 7 7 7 7 8 7 8 8 9 8 8 8 8 7 7 7 7 7 6 6 7 7 7 7 7 8 7 6 6 7 7 7 7 7 7 6 6 6 6 6 6 6 6 7 7 6 6 7 7 7 7 7 7 6 6 7 9 9 7 7 7 7 7 6 6 7 8 8 8 8 7 7 7 7 7 8 7 8 8 8 8 8 8 8 8 8 8 7 7 8 8 8 8 8 7 7 7 7 7 8 8 9 7 8 8 8 8 7 8 7 6 6 7 7 7 7 7 7 7 7 7 9 9 8 8 8 9 8 8 8 8 8 9 9 9 9 8 7 7 8 8 7 7 7 7 7 7 7 8 8 8 7 7 6 6 6 6 6 6 7 8 8 7 7 8 9 8 7 6 6 6 6 6 5 6 6 7 7 7 7 6 7 7 6 6 5 5 6 8 7 7 7 7 8 8 8 7 7 6 
7 7 7 7 7 7 7 7 7 7 7 7 7 8 7 7 7 7 8 7 6 6 7 7 8 8 7 8 8 8 8 8 8 7 7 7 8 8 8 7 7 7 6 7 8 8 8 7 7 7 7 6 7 7 7 8 7 8 8 9 9 8 8 7 7 7 7 7 8 8 8 8 8 8 8 7 8 7 6 6 7 7 7 7 7 7 7 7 7 7 7 7 7 7 7 7 7 8 8 8 8 8 8 8 8 8 9 10 9 8 8 8 8 8 7 8 8 8 8 8 8 8 7 7 7 7 8 9 9 9 10 10 9 8 9 9 9 8 7 7 7 7 7 8 8 7 7 7 7 7 8 8 9 8 8 9 8 7 7 8 8 7 7 7 8 8 8 8 8 7 6 7 7 9 7 7 8 9 8 8 8 8 8 8 9 9 8 8 7 7 7 8 8 8 8 8 8 8 8 9 9 8 8 7 7 7 8 8 8 8 8 8 9 8 8 9 10 9 8 10 10 9 9 8 8 6 7 9 9 10 9 10 10 12 11 9 10 9 9 10 10 6 5 6 6 8 7 7 6 6 
7 7 7 7 7 7 7 7 7 8 7 7 8 8 8 7 7 8 9 8 8 7 7 8 8 8 7 7 7 8 9 9 9 8 8 8 8 9 9 8 8 8 8 9 10 10 9 9 8 7 7 7 7 8 8 8 8 8 8 8 8 8 8 8 7 7 7 8 9 8 8 8 8 7 7 8 8 7 7 7 8 8 7 7 7 8 8 8 8 8 9 9 8 8 8 8 8 8 8 8 7 8 8 8 8 8 8 8 7 6 7 8 9 8 8 8 8 8 8 8 8 8 8 7 7 8 8 8 8 8 9 9 9 8 8 8 8 7 7 7 7 7 8 8 8 7 7 8 8 8 8 8 9 9 9 9 8 7 7 9 9 8 8 8 9 10 9 9 9 8 8 8 8 9 8 8 9 10 9 8 8 7 7 7 8 8 9 8 8 8 8 8 8 8 8 8 8 8 9 9 9 8 8 8 8 8 8 8 8 9 8 7 7 8 8 8 8 7 7 8 7 5 4 4 6 5 9 14 14 15 14 25 19 15 15 19 16 18 16 14 15 6 5 6 7 7 7 6 6 5 
8 8 8 8 8 8 8 8 8 8 8 9 9 9 9 8 7 8 9 9 9 9 8 8 8 8 7 7 7 8 9 9 9 8 8 7 8 9 8 7 7 8 8 9 9 9 9 9 9 8 8 7 7 7 7 7 7 7 7 7 7 8 8 8 7 7 7 8 9 8 8 8 8 7 7 8 8 8 8 8 8 8 8 8 8 8 8 7 7 7 8 8 9 9 8 8 7 7 7 7 7 7 7 8 8 7 7 7 6 6 7 8 8 8 7 7 8 8 8 8 8 7 7 7 7 7 7 8 8 8 8 8 8 7 7 8 8 7 7 8 9 9 9 8 8 8 8 8 9 9 9 10 11 10 10 11 10 8 9 10 10 9 9 9 10 10 10 10 10 10 10 10 10 9 10 10 11 10 9 8 8 8 8 8 8 9 10 10 9 9 9 8 9 9 8 8 9 9 8 9 9 8 8 8 7 7 7 7 6 6 6 5 6 7 8 7 6 6 6 7 6 4 3 4 8 4 13 19 15 32 34 41 46 21 31 57 31 46 42 20 15 7 5 8 10 9 9 8 7 7 
9 9 8 8 8 8 8 8 8 8 8 9 9 10 8 8 8 8 8 8 8 8 9 8 7 8 9 8 7 7 7 8 8 9 9 8 8 8 8 8 7 7 8 8 9 9 9 8 8 8 8 7 7 7 7 7 7 7 7 7 7 7 8 8 8 9 10 11 9 8 8 9 10 10 10 10 9 10 10 10 8 9 9 8 9 9 9 8 8 8 9 8 8 8 9 8 8 8 8 8 8 9 8 8 7 8 8 9 9 9 9 9 8 8 7 7 7 7 7 6 7 7 8 8 8 8 7 8 9 9 8 7 8 8 8 8 9 9 9 10 11 10 9 9 9 9 9 8 9 9 9 9 10 10 11 11 10 10 10 10 10 10 9 9 10 10 11 11 10 10 10 10 10 10 11 11 10 9 9 9 9 9 9 10 10 10 10 11 10 10 9 9 10 10 8 8 10 10 9 7 8 8 9 8 8 8 8 8 8 7 7 7 8 9 8 8 8 8 7 7 6 6 10 11 15 6 16 17 18 48 41 28 43 27 33 43 29 36 38 18 12 8 5 8 8 9 9 8 8 8 
9 8 8 8 8 8 8 8 8 8 8 8 9 9 8 8 9 9 9 9 8 8 8 8 7 8 9 9 9 9 8 8 8 9 9 10 10 10 10 10 10 10 9 9 9 10 10 10 9 9 9 9 9 9 9 9 9 9 9 9 9 9 9 9 9 9 10 11 11 10 10 10 12 12 12 11 11 11 12 11 10 11 9 8 8 9 10 10 9 10 10 10 10 10 9 9 9 9 9 9 9 10 9 8 8 9 10 10 10 10 10 9 9 9 9 9 9 8 7 7 8 9 10 10 10 9 9 9 9 9 9 8 9 9 8 8 9 9 9 10 9 9 9 8 8 9 9 10 10 9 9 9 9 10 10 10 9 9 10 10 10 9 9 9 9 9 9 8 9 9 10 10 11 10 10 10 9 9 9 9 9 9 10 10 10 10 9 10 10 10 9 9 9 9 8 9 10 11 10 9 9 10 10 10 9 9 8 9 9 8 9 9 10 8 7 8 9 9 8 9 7 9 18 18 16 7 13 16 22 42 34 43 60 30 32 37 41 36 42 20 13 8 6 9 10 9 9 9 8 8 
9 9 9 9 9 8 8 9 9 7 7 7 8 8 8 8 8 9 9 9 9 9 8 8 8 8 8 9 10 10 9 8 8 8 9 9 9 8 9 9 10 9 8 8 8 9 9 9 9 8 9 9 9 9 9 9 9 9 9 9 9 10 10 10 9 9 9 10 11 10 9 10 10 10 10 11 11 11 10 10 10 10 9 8 8 9 9 9 9 9 9 9 9 9 9 10 10 11 10 9 9 9 8 8 8 9 9 8 9 10 9 9 9 9 10 10 10 9 9 8 8 9 9 9 9 9 9 9 9 9 9 9 9 9 9 9 9 8 8 9 8 8 8 9 9 9 9 10 10 10 9 9 10 11 10 9 8 9 10 10 10 9 9 9 9 9 8 8 8 9 10 10 11 10 9 9 9 10 9 8 8 9 9 9 9 8 8 9 9 9 9 9 9 9 9 9 9 10 10 10 10 10 10 9 9 9 9 9 9 8 9 10 10 9 9 10 11 11 11 9 6 7 14 14 15 6 14 24 19 36 45 55 54 21 23 37 49 44 43 19 13 6 6 9 10 8 8 8 8 8 
8 8 8 7 7 7 7 8 7 6 6 6 6 7 7 6 7 7 8 8 8 7 8 8 8 7 7 8 9 9 8 7 7 8 8 8 7 8 9 9 10 9 9 8 8 8 8 8 8 8 8 8 8 8 8 8 8 8 8 9 9 10 10 10 10 10 11 11 9 8 8 8 9 9 9 9 9 9 8 8 8 11 11 11 12 12 12 11 11 11 11 10 9 9 9 10 11 12 11 10 9 9 10 11 12 11 10 9 10 11 10 9 8 8 9 9 9 10 10 9 10 10 9 9 10 10 10 10 9 8 9 9 9 9 10 10 10 9 8 9 9 9 10 11 11 10 10 8 8 8 8 9 10 11 9 8 8 9 10 10 10 10 9 9 9 9 10 10 10 9 9 9 9 8 8 9 10 11 9 8 8 9 9 9 9 8 7 8 9 10 10 9 9 10 10 9 8 9 9 8 8 8 8 8 9 9 9 10 9 8 8 9 8 8 10 9 8 10 12 8 5 3 4 3 6 6 12 19 14 19 20 22 21 14 14 19 22 22 19 16 15 7 8 9 8 6 6 6 6 7 
8 9 9 12 10 14 14 14 12 11 13 12 10 12 13 12 14 15 16 16 16 16 15 14 14 13 13 14 15 13 10 10 11 11 9 10 13 18 20 20 19 18 17 16 16 14 11 12 12 11 11 9 9 10 12 12 12 13 14 17 19 20 18 16 18 19 19 17 13 13 14 13 12 11 11 10 10 10 10 10 9 9 10 12 12 13 13 12 12 12 12 12 12 11 11 11 11 11 11 10 11 12 12 12 12 11 11 10 11 13 14 15 14 12 13 12 12 12 12 11 11 10 9 10 14 11 9 11 10 9 7 7 7 6 7 7 8 8 8 9 10 8 8 9 8 7 8 6 5 6 7 8 8 8 7 6 7 7 7 8 8 8 8 8 9 9 10 9 8 8 7 7 6 6 7 7 8 8 7 8 9 8 6 7 8 7 7 8 9 9 9 9 8 9 8 11 8 9 8 6 10 11 9 9 9 8 10 13 10 7 8 7 6 5 7 9 10 10 9 8 9 9 9 7 7 9 12 12 11 13 13 10 14 13 13 10 10 13 11 10 10 7 8 10 8 6 8 8 6 6 
10 10 10 12 12 16 15 15 14 13 14 14 14 14 15 16 15 15 15 14 14 14 14 15 15 15 14 14 14 13 13 13 13 13 11 11 13 15 16 15 15 15 14 14 15 15 12 12 13 12 12 10 9 9 9 12 11 12 13 15 17 16 14 13 13 15 14 13 11 11 12 12 11 10 10 9 9 9 9 9 9 7 7 7 7 7 6 6 7 7 6 6 6 6 6 6 6 6 6 6 6 6 5 5 5 6 6 5 5 6 6 6 5 4 5 5 5 4 4 5 7 11 10 8 9 7 5 8 6 5 4 3 3 3 3 2 3 5 7 7 7 5 4 5 4 5 5 6 6 5 4 4 5 4 5 5 4 4 6 8 6 7 7 7 7 7 7 7 7 7 6 5 4 5 7 6 7 7 8 10 10 10 9 8 7 8 8 10 10 9 10 11 11 10 8 10 9 10 8 9 10 11 11 10 9 9 11 11 8 6 6 4 3 2 2 5 13 14 7 9 10 12 13 13 12 11 9 7 8 9 9 7 10 6 5 4 6 8 6 5 7 10 9 7 7 5 7 6 5 4 
12 13 14 19 20 23 24 23 16 11 7 7 8 6 5 6 6 5 5 5 5 5 5 5 5 5 5 5 5 5 5 5 5 5 5 6 6 5 5 4 5 5 6 8 10 11 10 9 9 8 9 9 9 8 8 6 6 6 6 6 6 6 5 5 5 6 5 5 5 5 5 5 5 5 5 4 5 6 7 8 8 8 8 8 7 7 6 5 4 4 4 4 4 4 6 6 7 7 7 6 5 4 4 3 3 4 5 5 5 5 4 3 2 2 1 2 1 1 2 3 9 20 19 14 14 13 9 9 5 2 1 1 1 1 1 1 3 7 11 10 8 6 5 5 5 5 5 6 6 5 4 4 4 5 4 5 9 9 6 6 5 6 6 5 5 6 7 7 8 9 10 9 7 5 7 6 7 8 8 11 11 11 13 11 10 13 12 14 13 13 16 16 13 9 10 12 12 14 13 11 9 10 12 11 11 14 8 6 8 7 2 2 3 3 2 1 6 9 5 9 10 11 8 9 9 9 5 5 7 7 6 5 8 5 5 4 5 6 5 4 6 8 6 5 6 5 7 6 4 4 
91 94 110 151 162 179 218 230 166 49 17 5 4 3 3 4 4 3 3 4 4 5 4 4 3 4 4 5 5 6 6 6 5 6 8 7 6 5 4 4 4 5 8 11 13 13 13 12 11 11 10 10 9 8 6 5 5 4 4 3 3 4 4 4 4 4 4 4 4 4 5 5 5 5 4 4 5 6 9 11 11 12 12 10 9 7 6 5 4 4 4 4 4 5 5 6 7 7 7 6 5 5 4 4 4 4 5 5 4 4 4 2 1 2 3 2 1 1 1 1 11 35 31 25 28 32 25 11 3 1 1 2 1 1 2 1 2 9 19 18 23 21 20 21 23 22 21 23 19 14 15 19 20 21 22 19 16 17 19 18 21 20 19 19 22 25 25 23 23 25 28 26 24 25 27 26 31 31 28 29 28 30 37 35 28 24 43 45 46 51 57 52 38 30 40 35 30 28 28 23 24 34 39 29 25 29 28 28 20 10 4 2 3 3 2 1 5 7 5 10 9 11 9 7 6 8 8 5 5 5 6 11 9 8 7 5 4 4 3 4 6 6 6 6 5 6 7 6 3 3 
159 152 153 170 159 160 177 170 112 39 14 4 4 3 3 3 3 3 3 4 4 4 4 4 4 4 4 5 5 4 4 4 4 4 5 6 5 4 4 4 4 4 6 7 7 6 6 6 5 5 5 5 4 4 3 3 4 4 4 4 4 4 4 4 4 4 4 4 5 5 5 5 5 5 5 5 5 7 9 10 10 11 10 8 7 5 4 4 4 4 4 4 5 5 5 5 5 6 5 5 4 4 4 4 4 4 4 4 4 5 5 3 2 4 6 3 1 1 2 2 5 29 43 48 51 55 39 13 3 1 1 2 1 1 1 1 2 14 38 44 44 40 37 39 48 51 50 57 51 41 42 51 53 49 49 39 28 27 29 26 31 28 28 32 38 41 38 34 35 40 45 42 37 44 51 54 61 61 63 61 55 62 70 69 59 50 69 74 76 80 86 83 68 61 85 76 72 67 67 69 70 75 74 63 63 70 63 60 65 46 15 3 4 2 1 8 21 29 29 38 34 35 30 17 11 10 12 16 19 21 22 24 26 20 17 11 8 6 3 3 5 5 6 6 5 6 7 6 4 3 
152 144 151 151 125 124 113 91 66 19 9 4 3 3 3 3 3 3 4 4 4 4 4 4 4 4 4 3 3 3 4 4 4 4 4 4 4 4 4 5 4 4 4 5 4 4 5 5 5 4 4 4 4 3 3 3 4 4 4 4 4 4 4 4 4 4 4 4 5 5 5 5 5 5 5 5 5 6 7 8 8 7 7 6 5 5 5 4 4 4 5 5 5 4 5 5 5 5 5 4 4 4 4 4 4 5 5 5 4 5 4 2 2 4 7 4 2 1 1 1 8 49 61 46 32 30 19 8 3 1 2 1 1 2 3 2 2 10 26 27 29 26 22 25 36 43 45 58 68 65 64 68 64 62 28 13 12 10 8 8 7 7 8 10 13 13 11 10 12 17 21 19 16 21 31 36 41 46 60 65 63 70 70 78 90 94 80 89 92 87 90 99 85 67 97 91 98 93 87 90 91 93 92 87 85 87 85 73 73 72 43 12 6 5 13 42 60 56 51 43 48 45 31 12 13 26 37 40 41 47 51 46 37 33 35 34 29 20 10 5 3 4 3 3 4 5 5 4 2 2 
76 84 83 78 71 71 96 122 99 29 9 4 3 4 4 4 4 4 4 4 4 4 4 4 4 4 4 4 4 4 4 4 4 4 4 4 4 4 4 4 4 4 4 4 4 4 4 4 4 4 4 4 4 4 4 4 4 4 4 4 4 4 4 5 5 4 4 4 5 5 5 5 5 4 5 4 4 5 6 6 6 6 5 5 5 5 5 5 4 4 5 4 4 4 4 4 5 5 4 4 4 4 4 4 4 4 5 5 5 6 5 3 2 2 4 2 1 2 2 2 26 82 84 61 12 5 4 4 4 4 3 4 2 3 5 5 4 4 5 4 4 5 4 4 5 5 6 7 8 20 48 73 73 42 7 1 2 1 2 1 2 2 1 1 1 2 2 2 2 2 2 2 3 3 3 4 4 4 6 10 24 47 53 80 69 75 76 64 80 70 75 84 70 72 70 92 94 82 102 75 71 107 78 90 61 94 77 86 65 71 60 23 12 10 21 46 61 64 67 31 23 18 17 27 40 66 89 59 57 60 63 56 37 39 38 39 45 44 37 36 33 21 11 6 4 3 2 3 3 3 
52 49 37 35 36 40 71 111 106 30 8 4 4 4 4 3 4 4 3 3 3 3 3 4 4 4 4 4 4 4 4 3 3 4 4 4 4 4 4 4 4 4 4 4 4 4 4 4 4 4 4 4 4 5 5 4 4 5 5 5 5 5 5 5 5 5 4 4 5 5 5 5 5 5 5 4 4 4 5 5 5 5 4 4 4 4 4 4 4 4 4 4 4 4 5 5 5 5 5 5 5 4 4 4 4 4 5 5 5 6 5 4 2 2 2 1 2 1 2 14 63 107 106 80 25 7 6 6 6 7 7 8 5 7 9 9 10 10 10 10 8 9 8 8 5 2 2 2 2 4 12 55 54 11 1 2 2 1 1 2 2 1 1 1 1 2 2 2 2 2 2 4 6 3 3 2 2 2 2 2 3 11 31 71 58 48 64 40 49 55 73 64 53 70 57 80 83 71 105 62 58 91 66 78 58 92 67 69 48 52 46 22 15 12 12 17 20 20 19 15 23 25 27 25 37 63 82 56 60 61 65 69 66 65 60 54 54 60 65 63 55 53 51 39 27 12 7 5 3 3 
82 56 33 39 57 58 67 97 107 30 7 4 5 4 3 3 4 4 4 4 4 4 3 3 3 3 3 3 3 4 3 3 3 4 4 4 4 4 4 4 4 4 4 4 4 4 4 4 4 4 4 4 4 5 5 5 5 5 5 5 5 5 5 5 5 5 4 4 4 4 4 5 5 5 5 4 4 4 4 4 4 4 5 5 5 5 5 5 4 5 5 5 4 4 4 4 5 5 5 5 4 4 4 4 5 5 5 5 5 6 6 5 4 4 5 5 5 3 8 49 84 66 53 32 15 6 10 10 10 11 12 12 7 12 13 13 15 16 15 15 12 13 12 11 7 3 3 3 2 2 4 24 23 3 2 2 2 2 1 2 2 2 1 1 2 3 3 4 5 6 6 6 6 4 3 2 2 2 2 2 2 4 33 94 99 95 100 79 91 92 102 95 73 80 80 86 94 93 105 90 78 97 89 112 85 102 77 90 77 81 62 31 18 17 17 18 19 17 12 9 11 10 14 6 10 35 67 66 79 78 84 91 97 85 74 64 62 81 91 77 63 59 67 74 76 70 44 21 7 8 
112 86 61 67 89 83 67 70 70 29 7 3 4 4 4 3 3 3 3 3 3 3 3 3 3 3 3 3 3 4 3 3 3 4 4 4 4 4 4 4 4 4 4 4 4 4 4 4 4 4 4 4 4 4 4 4 4 5 5 5 5 5 5 5 5 4 4 4 4 4 4 4 5 5 4 4 4 4 4 4 4 4 4 4 4 4 4 5 5 5 5 5 4 4 5 5 5 5 5 5 5 5 4 5 5 5 5 5 5 5 6 6 6 7 12 13 8 4 12 46 40 6 5 5 14 16 20 22 23 24 28 22 14 27 28 26 29 31 28 27 24 22 18 16 10 5 4 3 2 2 3 4 3 1 3 1 1 2 1 2 2 1 1 2 3 4 6 8 11 11 10 8 7 4 3 2 2 3 2 3 2 2 14 40 48 53 39 38 45 39 36 39 28 23 28 25 29 30 27 28 21 22 25 35 24 26 24 29 25 30 24 15 12 15 18 17 19 16 10 10 10 11 22 6 4 31 90 96 88 86 108 119 103 86 78 74 72 84 92 85 79 70 68 74 81 76 78 75 50 28 
117 124 106 97 89 83 70 57 40 25 8 4 3 4 4 4 4 4 4 3 3 3 3 4 4 4 4 4 4 4 3 3 3 4 4 4 4 4 4 4 4 4 4 4 4 4 4 4 4 4 4 4 4 4 4 4 4 5 5 5 5 5 4 4 4 4 4 4 4 4 4 4 4 4 4 4 5 5 4 4 5 5 5 4 4 4 4 4 5 5 5 4 4 3 4 4 4 4 4 4 3 3 3 3 3 4 4 4 4 3 3 3 3 3 6 7 4 2 4 6 4 3 4 17 42 45 44 47 51 53 59 42 33 63 59 54 64 69 64 63 60 53 41 31 16 6 4 2 2 1 3 4 3 1 2 2 2 2 2 3 2 2 2 2 3 3 4 4 3 3 3 4 4 3 3 3 3 3 3 3 4 2 3 4 4 4 4 4 6 5 4 6 5 5 5 5 6 4 5 5 6 5 6 7 6 7 6 6 5 8 7 8 9 11 12 12 13 14 11 9 12 13 16 4 4 37 107 120 116 109 117 116 125 116 113 114 107 96 91 87 78 76 79 79 75 80 73 61 43 35 
63 96 96 85 75 67 49 34 22 20 9 4 3 4 4 3 4 4 4 4 4 4 4 4 4 4 4 4 4 4 4 4 4 4 4 4 4 4 4 4 4 4 4 4 4 4 4 4 4 4 4 4 4 5 5 5 5 5 5 5 5 5 5 5 5 5 4 4 5 4 4 4 4 4 4 5 5 5 4 4 4 5 4 4 3 3 3 3 3 3 3 3 3 3 3 3 3 3 3 2 2 2 2 2 2 2 2 3 2 2 2 2 2 2 2 2 2 2 3 2 2 6 5 43 79 78 83 81 86 82 83 55 51 98 87 80 93 100 93 91 91 86 76 61 32 11 7 3 2 1 2 5 4 2 2 2 3 4 4 4 4 4 4 4 4 4 4 4 4 4 5 5 5 5 6 6 5 5 5 5 7 5 6 6 7 6 7 7 7 8 6 8 8 8 9 7 9 8 8 9 10 7 10 10 10 9 9 10 10 12 8 10 9 9 10 11 12 12 13 13 14 13 13 7 10 16 36 43 67 82 99 118 125 120 109 104 107 98 85 79 75 74 76 78 79 71 72 79 83 95 
33 84 101 87 80 60 35 20 16 20 13 5 3 4 3 3 4 4 4 4 4 4 4 4 4 4 4 4 4 4 4 4 4 4 4 4 4 4 4 4 4 4 4 4 4 4 4 4 4 4 4 4 5 5 5 5 5 5 5 5 5 5 5 5 5 5 5 4 5 4 4 4 4 4 3 4 5 4 3 3 3 4 4 3 3 3 4 4 4 4 5 5 4 4 4 4 4 3 3 2 2 2 2 2 2 2 2 3 3 3 2 2 2 2 2 2 2 2 3 3 3 5 7 74 119 109 116 114 117 106 103 60 75 122 112 108 114 121 118 113 112 99 99 92 53 21 12 4 1 2 2 3 4 4 3 4 4 5 5 5 5 5 5 6 5 6 6 6 6 7 8 7 7 7 9 8 7 8 9 9 10 8 9 10 10 8 10 8 8 9 9 9 8 9 9 9 10 10 10 10 10 9 10 10 10 9 11 11 11 12 11 12 12 12 12 12 12 13 13 13 14 14 15 13 14 11 11 11 15 20 29 45 73 94 98 86 86 88 78 67 61 63 70 67 67 72 75 75 77 89 
14 62 114 117 102 76 39 20 21 19 15 6 4 4 4 4 4 4 4 4 4 4 4 4 4 4 4 4 4 4 4 4 4 4 4 4 4 4 4 4 4 4 4 4 4 4 5 5 4 4 4 4 5 5 5 5 5 5 5 5 5 5 4 5 5 5 4 4 4 5 4 4 4 4 4 5 5 4 4 4 4 5 5 5 6 7 7 7 6 6 6 7 8 8 7 7 6 4 3 2 2 2 1 1 1 1 2 2 2 2 2 2 2 2 3 2 2 2 2 2 2 4 7 76 150 146 146 138 138 132 136 81 88 137 134 125 122 126 130 132 131 117 121 120 84 38 18 5 1 1 2 4 6 5 5 7 8 7 7 7 6 6 8 8 8 8 9 8 9 10 9 8 8 9 10 9 8 8 9 9 8 8 10 10 10 10 12 10 10 11 12 11 11 12 11 12 11 11 12 12 11 11 11 12 12 12 12 12 13 13 13 13 13 13 13 13 13 14 14 12 12 13 14 14 15 15 16 17 15 13 12 12 20 33 58 85 92 85 86 59 22 34 65 71 79 68 70 67 61 58 
4 18 62 102 100 55 30 25 25 22 18 9 7 6 5 6 6 6 5 4 4 4 4 4 4 4 4 4 4 4 4 4 4 4 4 4 4 4 4 4 4 4 5 5 4 5 5 5 4 4 4 4 5 5 5 5 5 5 5 5 4 4 4 5 5 5 4 4 4 5 5 4 4 6 6 7 6 6 7 7 7 6 7 8 8 9 9 8 5 5 4 5 7 8 9 8 6 4 3 2 2 2 2 2 2 2 2 2 2 2 2 2 2 2 3 2 2 2 2 2 2 4 5 70 171 162 163 165 152 147 153 98 96 151 144 131 126 133 140 142 141 137 138 141 122 68 29 8 2 1 2 4 6 6 8 11 11 10 10 10 9 9 10 10 9 10 11 10 10 12 12 10 10 11 11 12 11 9 11 12 11 11 13 13 13 14 12 13 13 13 13 12 13 14 13 13 13 12 13 12 12 13 13 13 13 13 13 14 14 15 14 14 14 14 14 14 15 15 15 12 13 14 15 15 16 13 12 12 15 18 17 14 10 10 19 36 47 54 66 54 29 32 49 52 58 74 74 68 63 61 
4 4 21 65 84 40 28 35 30 24 43 47 33 19 20 25 22 22 15 8 5 4 4 4 4 4 4 4 4 4 4 4 4 4 4 4 4 4 4 4 4 4 5 5 5 5 5 5 5 4 4 5 5 5 5 5 5 5 5 5 4 4 4 4 4 5 5 6 6 6 5 6 8 9 8 7 7 9 11 11 9 9 9 9 9 8 7 6 3 3 3 4 4 5 5 5 4 2 2 1 2 2 2 2 2 2 2 2 2 3 3 3 3 3 3 3 3 3 3 3 4 5 4 56 171 180 178 194 178 173 171 123 112 178 166 152 160 181 181 163 161 161 152 152 150 101 47 13 4 2 3 9 20 14 12 13 13 12 12 13 12 12 12 11 11 12 13 12 11 13 13 13 13 14 13 14 14 13 15 16 13 11 14 14 13 15 14 16 17 15 14 15 16 17 15 16 16 15 16 15 14 15 16 16 15 15 15 15 16 16 16 15 14 14 15 16 16 16 15 14 15 16 16 17 16 18 18 16 15 16 16 15 13 14 12 11 13 17 24 37 45 43 43 46 58 79 76 66 61 59 
5 4 7 24 61 80 94 114 129 115 104 72 39 17 11 15 17 19 14 8 4 4 4 4 4 4 4 4 4 4 4 4 4 4 4 4 4 4 4 4 4 4 5 5 4 5 5 5 5 5 5 5 5 5 4 5 5 5 5 5 4 5 5 5 5 6 7 8 9 9 8 9 12 13 9 6 6 9 12 12 10 8 8 7 5 4 3 3 2 2 3 3 3 3 3 3 2 2 1 2 2 2 2 2 2 2 2 3 3 3 2 2 2 2 2 3 4 4 5 8 11 25 21 37 138 199 187 184 186 191 187 154 110 179 191 181 201 229 220 188 181 183 166 157 158 122 70 25 6 1 3 15 37 28 21 19 17 16 16 16 15 16 15 15 15 13 14 15 16 15 12 11 14 18 15 13 13 17 17 17 15 12 14 14 14 18 16 17 17 15 14 14 16 15 15 17 17 17 18 16 17 17 17 17 17 16 16 16 17 17 17 17 16 16 17 17 17 16 15 16 16 17 17 17 17 16 17 18 18 18 18 17 13 15 12 11 13 11 10 15 24 54 74 68 72 82 85 83 78 73 
4 4 4 4 9 22 31 34 35 18 9 4 5 5 4 5 4 3 4 4 4 4 4 4 4 4 4 4 4 4 4 4 4 4 4 4 4 4 4 4 4 4 4 4 4 4 5 5 5 4 5 5 5 4 3 4 4 5 5 6 6 7 8 8 9 9 9 8 11 12 11 10 11 10 8 6 6 5 6 5 5 4 3 3 3 2 2 2 2 2 2 2 2 2 3 3 3 3 2 2 2 2 2 2 2 3 3 3 3 3 3 4 5 5 8 9 10 11 13 16 12 15 14 11 54 130 187 180 181 182 184 185 106 161 190 183 191 203 198 181 173 184 178 170 169 150 109 48 15 7 11 27 44 47 41 34 30 27 21 17 19 20 20 20 16 9 6 11 21 16 6 6 13 20 14 7 8 18 20 12 6 5 5 4 5 13 19 18 16 14 13 14 14 13 14 18 19 19 19 18 18 19 19 18 17 16 18 19 19 19 19 19 19 19 20 19 18 16 15 17 17 18 19 20 20 20 19 19 18 17 16 14 16 14 14 16 16 15 14 13 14 40 76 80 76 81 89 89 82 74 
5 4 5 5 5 5 6 6 3 5 5 5 5 4 3 5 4 4 4 4 5 5 4 4 4 4 4 4 4 4 4 4 4 4 5 5 5 4 4 4 4 4 4 4 4 4 4 4 4 4 4 4 5 5 4 6 7 8 9 9 10 10 11 11 12 12 10 7 9 10 10 8 7 6 5 5 5 5 5 4 3 3 3 3 3 3 3 3 3 3 2 2 2 3 3 3 3 2 3 3 3 3 4 5 5 5 5 7 8 8 8 8 10 11 10 11 12 14 17 18 21 21 15 12 21 51 102 161 163 160 166 180 126 144 165 178 178 179 180 172 171 173 173 172 169 161 137 80 53 50 63 69 64 61 59 49 42 37 29 24 24 27 24 27 16 5 2 7 24 23 5 4 18 24 12 4 5 18 21 11 3 8 14 6 4 16 27 26 22 19 17 19 20 18 18 21 24 25 25 24 25 24 22 23 23 22 22 23 23 21 22 22 23 23 25 24 21 19 20 21 22 23 24 24 24 23 22 21 22 22 20 18 17 16 19 20 16 15 17 18 16 19 38 59 69 80 82 72 59 54 
5 4 5 5 5 5 4 4 4 5 5 5 4 4 4 4 4 4 4 4 4 4 4 4 4 4 4 4 4 4 4 4 4 4 4 5 5 5 4 4 4 4 4 4 4 4 4 4 5 5 5 5 6 6 6 8 10 11 11 11 12 13 13 12 14 15 10 4 4 5 5 5 4 3 2 2 3 3 4 4 5 4 3 2 3 3 3 4 4 5 5 5 6 7 7 6 5 5 6 6 7 7 7 7 8 8 8 8 9 13 15 17 20 24 34 39 41 43 48 50 48 39 31 38 52 65 76 99 104 109 119 137 143 139 146 160 155 158 172 173 161 153 155 157 147 138 137 132 118 119 130 118 92 73 70 59 54 49 41 42 42 42 39 41 14 3 2 3 19 32 8 4 28 29 9 7 7 13 23 14 6 23 41 17 5 19 40 39 34 29 27 31 32 29 27 28 31 33 33 34 35 29 24 26 27 25 25 28 32 28 29 30 31 30 32 31 24 22 28 29 28 28 28 29 30 30 29 28 28 27 25 23 20 18 18 19 20 20 20 18 15 13 17 25 30 32 33 27 20 20 
4 4 4 4 4 4 4 5 6 4 4 4 4 4 4 4 4 4 4 4 4 4 5 4 4 4 4 4 4 4 4 4 4 4 4 5 5 4 4 4 4 4 5 5 5 5 6 6 7 6 7 11 10 9 12 12 13 14 13 12 14 14 14 13 15 16 11 4 4 4 4 4 4 3 3 3 2 2 2 3 3 4 3 3 4 4 5 7 10 11 12 10 9 9 10 11 12 12 12 12 12 13 15 17 18 21 26 36 43 45 43 39 37 38 51 59 64 66 71 71 72 69 69 86 105 114 115 138 142 143 152 174 187 195 194 172 151 145 153 164 169 169 174 173 161 151 150 142 128 121 117 107 91 80 73 58 56 56 51 54 49 51 53 32 5 12 19 5 11 37 16 5 41 25 9 28 17 10 25 16 7 20 37 17 7 22 46 48 48 48 47 46 46 44 44 44 45 44 42 41 34 25 22 23 22 21 25 32 40 38 40 40 39 35 36 34 23 21 31 36 34 34 34 35 36 37 36 35 34 34 33 31 28 28 29 32 37 40 41 48 49 26 16 16 17 17 22 20 15 13 
4 4 4 4 4 4 4 4 4 3 4 4 4 4 4 4 4 4 4 4 4 4 4 4 4 4 4 4 4 4 4 4 4 4 4 4 4 4 4 4 5 5 5 6 7 8 9 10 9 9 9 10 9 9 11 13 14 15 15 16 18 18 17 18 19 21 18 13 9 6 4 4 5 5 4 5 6 7 7 7 7 5 5 5 6 6 7 9 10 12 13 14 15 16 19 24 28 29 32 33 32 37 46 50 47 51 62 62 61 67 70 73 80 89 101 114 123 128 135 136 128 126 131 132 133 141 153 140 147 149 146 145 136 132 132 124 127 130 132 139 139 133 132 130 124 126 129 118 109 98 89 86 85 70 70 53 42 51 53 47 46 49 45 17 4 29 47 14 4 18 12 4 29 15 13 37 28 11 16 17 11 7 12 9 7 19 44 50 57 62 62 54 53 56 57 56 53 50 47 54 43 37 40 43 41 37 33 40 48 45 47 48 47 41 42 40 27 24 36 39 40 42 41 39 36 38 39 40 42 42 41 39 41 52 59 63 71 79 83 92 82 36 17 14 15 16 20 20 17 16 
5 4 4 4 4 5 5 4 4 4 4 4 4 4 4 4 4 4 4 4 4 4 4 4 4 4 5 5 4 4 4 3 3 4 4 4 5 5 5 6 7 7 8 9 9 10 11 12 12 13 11 7 7 7 6 13 16 18 19 19 22 22 22 25 24 27 30 30 28 17 9 8 10 9 8 9 10 10 9 9 9 10 11 13 15 16 21 26 29 31 33 35 39 43 46 54 57 54 57 61 60 66 67 72 76 78 77 84 91 97 99 103 113 123 111 122 127 128 131 129 128 131 130 128 130 130 125 125 132 130 122 116 108 106 112 110 111 110 108 108 102 97 100 104 100 96 93 83 86 85 78 73 72 59 72 57 42 57 65 56 63 60 51 33 26 47 57 40 25 28 34 30 40 34 39 50 51 34 31 43 39 27 33 37 36 39 54 57 60 63 65 65 64 63 65 64 60 56 53 56 43 43 54 58 56 54 45 50 55 50 52 54 53 50 50 48 38 36 46 46 45 44 42 42 42 46 48 51 56 59 59 58 65 81 89 94 109 121 117 95 57 23 17 17 16 15 17 17 18 20 
5 4 4 4 4 4 4 4 4 4 4 4 4 4 4 4 4 4 4 4 4 4 4 4 4 4 5 5 4 4 4 4 4 4 5 5 6 7 8 9 9 10 11 11 12 13 14 14 14 14 13 13 15 16 15 21 25 28 28 27 29 36 42 40 34 33 36 36 30 20 12 10 11 11 10 10 11 13 16 23 32 35 37 40 42 43 50 58 57 56 53 48 46 47 58 69 67 58 61 70 72 76 76 79 87 92 90 91 96 100 97 93 94 97 95 103 105 106 109 109 110 113 112 111 119 119 107 109 113 107 95 88 84 84 96 103 100 101 107 107 100 91 94 102 99 88 82 81 87 90 84 78 75 68 81 74 63 72 78 78 73 71 74 69 69 71 65 68 70 62 53 34 47 63 63 61 68 64 58 62 62 59 62 69 71 65 65 67 68 67 68 73 73 70 72 71 66 63 62 68 51 51 62 62 61 63 49 54 59 53 55 57 55 56 57 56 54 54 56 57 56 54 55 58 61 67 69 70 75 83 91 95 97 107 111 117 122 105 75 44 21 13 15 15 14 15 17 16 16 18 
4 4 4 4 4 4 4 4 4 4 4 4 4 4 4 5 4 4 4 4 4 4 5 5 5 4 4 4 4 5 5 5 6 6 7 8 9 11 11 12 12 12 13 14 14 16 18 20 22 19 19 26 31 29 29 28 34 38 38 38 40 37 30 24 18 17 16 13 19 21 22 24 27 34 40 42 46 47 48 56 67 69 71 69 67 64 64 69 66 68 73 67 72 71 70 74 74 69 73 86 90 88 98 101 88 89 102 92 89 102 109 106 103 109 106 111 113 107 111 106 112 118 121 112 115 123 122 105 114 112 106 102 92 92 106 119 112 108 113 106 119 103 102 103 104 104 97 102 102 97 90 89 95 90 91 89 91 87 81 93 77 83 93 81 78 80 76 71 79 79 40 7 34 86 77 81 82 85 81 79 89 94 75 79 86 92 78 84 87 87 85 84 80 79 79 76 74 72 73 84 62 57 67 63 60 67 54 58 68 66 67 68 64 66 73 70 71 80 76 77 82 82 94 94 89 91 88 87 94 108 121 123 110 116 119 110 85 45 21 15 17 20 17 14 16 16 19 18 15 12 
4 4 4 4 4 4 4 4 4 4 4 4 4 4 4 4 4 5 5 3 4 4 5 5 5 4 4 5 5 6 7 7 7 8 9 11 12 14 12 15 17 15 16 16 19 23 25 27 31 33 29 33 36 31 30 35 33 27 21 17 14 12 14 26 36 41 43 47 53 53 52 55 56 62 73 72 73 75 75 77 80 80 84 81 84 85 79 81 76 75 95 75 91 89 91 79 85 92 88 91 94 96 94 101 102 105 101 103 109 111 114 115 110 109 113 116 124 113 124 117 126 121 123 126 128 125 115 122 117 103 115 128 110 105 116 120 121 121 128 129 119 106 121 119 113 122 107 107 115 115 111 103 108 102 102 101 102 105 98 92 101 103 99 98 106 101 97 102 99 91 69 33 64 104 96 100 96 96 87 94 103 95 86 109 97 102 103 108 93 91 106 111 90 86 93 91 92 93 92 92 74 68 82 79 75 88 68 66 81 84 85 87 89 83 99 97 94 110 100 106 99 85 96 104 106 120 116 120 128 131 140 135 124 108 96 57 22 15 13 15 19 17 12 11 13 14 17 19 16 9 
4 4 4 3 4 4 4 4 4 4 4 4 4 4 4 3 4 5 4 4 4 4 4 4 5 5 6 7 7 8 9 9 10 10 12 13 13 18 19 24 34 27 21 21 29 42 41 33 29 30 35 38 33 21 14 13 10 11 19 28 24 19 37 64 79 84 77 96 92 88 80 80 87 87 89 89 84 86 94 97 95 94 90 95 96 90 93 98 101 98 108 99 105 107 116 107 103 99 105 117 108 109 114 114 114 113 117 125 121 125 123 123 132 118 125 122 124 127 123 121 118 137 126 128 127 126 134 137 127 111 117 113 112 111 115 111 119 120 99 107 124 118 92 119 124 88 104 120 105 89 118 120 119 115 120 98 66 86 117 85 82 103 98 77 90 104 86 72 104 107 83 55 103 93 59 75 110 81 56 89 92 46 57 104 72 40 73 106 83 50 80 100 57 45 84 114 101 105 106 106 95 84 81 70 74 101 88 89 103 99 100 108 117 109 116 120 112 86 57 39 35 37 20 29 42 81 85 98 108 92 94 111 83 50 32 18 13 16 15 13 16 13 8 7 7 10 9 10 11 11 
4 4 4 4 4 4 4 4 4 4 4 4 4 4 3 3 6 6 3 4 4 5 5 6 7 8 8 9 10 10 11 12 12 13 14 15 16 28 31 26 51 67 66 56 59 70 70 66 73 66 60 72 82 70 45 67 75 81 87 93 91 92 97 95 90 73 85 100 85 86 109 108 86 97 112 94 89 117 111 83 83 112 98 74 102 113 80 91 114 94 62 93 119 74 63 115 114 61 79 120 82 55 96 113 56 66 127 102 50 93 137 75 66 122 111 60 87 140 102 50 85 145 67 54 115 144 88 43 96 137 96 34 63 106 70 38 80 100 37 33 117 90 25 77 99 29 59 128 74 31 88 139 136 134 130 73 22 52 126 78 25 83 115 27 44 106 54 15 82 111 50 23 111 101 18 42 125 56 21 98 113 25 35 111 83 17 57 135 84 19 80 126 41 16 67 130 116 124 119 115 99 76 61 49 58 99 114 107 119 116 116 120 122 122 133 107 57 13 8 4 17 27 6 4 11 20 13 11 17 13 12 19 24 15 15 15 16 16 14 14 15 13 9 7 7 6 5 5 7 9 
4 4 5 5 5 4 4 4 4 4 4 4 4 4 4 4 5 5 4 6 6 8 8 9 10 10 10 10 11 11 13 14 15 15 16 18 36 59 63 35 51 86 102 91 87 88 88 93 102 79 57 53 70 97 90 97 109 113 109 109 109 115 106 115 88 28 73 109 58 34 86 93 30 61 120 58 28 106 101 29 33 121 83 23 78 114 36 46 119 81 22 66 126 52 25 106 112 31 55 125 79 22 90 134 33 41 119 92 22 56 135 53 23 122 112 27 66 143 103 24 68 140 56 25 95 159 85 21 72 135 95 23 50 119 74 19 74 114 38 29 114 91 29 89 114 33 53 125 92 41 87 147 144 134 137 89 37 65 132 86 36 94 126 48 62 125 78 27 87 123 68 39 111 118 39 60 136 81 44 101 120 54 51 117 110 47 67 131 93 36 91 131 62 48 91 137 126 136 129 142 131 111 103 93 95 124 118 104 119 128 130 128 126 125 133 110 50 6 6 7 22 21 11 13 20 14 6 5 6 4 7 16 17 14 15 14 15 15 14 15 15 14 12 11 11 9 8 9 10 9 
4 4 5 5 5 4 4 4 4 5 4 4 4 4 4 4 4 5 8 9 9 11 11 11 11 11 10 11 11 13 14 16 16 17 17 22 77 102 110 82 92 108 105 103 106 106 103 107 108 94 95 82 82 113 107 110 119 121 123 128 127 129 124 137 93 14 66 124 49 20 88 110 33 57 126 65 21 106 117 38 39 125 84 27 80 132 54 51 126 96 35 70 133 70 42 110 118 50 70 135 103 42 99 148 68 74 129 123 68 83 145 87 55 131 135 61 87 144 130 67 91 142 103 61 105 163 127 78 103 135 125 74 91 146 119 70 115 145 97 90 148 139 88 123 143 99 114 137 140 109 129 151 147 141 156 145 114 126 150 124 118 139 140 124 122 140 133 99 123 138 132 112 129 144 120 126 149 146 123 134 142 134 120 143 151 123 124 150 140 119 142 157 129 129 142 147 139 144 141 147 143 133 136 126 112 123 114 103 121 133 135 132 131 127 124 123 90 47 47 60 79 61 75 88 58 47 51 59 37 15 12 15 13 13 16 15 16 16 16 17 16 15 16 17 17 14 15 17 19 17 
5 5 5 4 4 4 4 4 4 4 4 4 4 4 5 4 3 6 14 12 11 12 12 12 11 10 10 11 12 13 16 17 18 17 18 24 109 109 115 121 131 119 121 119 124 128 127 130 125 109 121 114 110 128 100 108 129 135 127 132 146 144 134 138 132 65 102 133 104 70 118 133 91 110 138 109 79 123 148 117 104 146 137 106 119 155 135 111 143 152 118 125 160 126 114 143 160 136 134 154 143 145 144 156 154 157 151 148 162 164 161 151 138 141 157 154 148 150 159 154 157 154 153 147 157 165 153 155 164 151 140 134 137 148 154 176 165 153 163 157 160 169 161 161 160 154 163 164 154 159 169 160 154 152 161 166 170 162 152 161 156 147 159 152 156 167 161 160 167 154 163 154 159 153 156 155 143 164 156 155 151 173 159 145 154 162 158 154 150 166 167 161 153 166 163 153 156 154 152 151 147 140 149 149 144 154 134 129 146 148 145 143 136 145 132 130 140 131 127 129 92 40 52 80 34 71 104 96 47 19 16 14 13 14 16 15 16 17 15 15 13 13 16 18 19 15 16 17 16 14 
4 4 4 4 4 4 4 4 5 4 5 4 4 3 5 4 13 20 15 14 12 13 14 11 10 11 11 12 14 15 16 13 15 11 20 26 101 114 124 129 117 134 129 137 138 134 134 141 148 127 121 137 146 144 125 129 147 153 146 146 147 153 149 147 159 153 145 153 160 158 160 162 158 146 148 157 152 154 164 169 170 162 163 161 160 164 176 177 159 165 173 177 177 174 172 171 171 172 174 175 177 176 173 169 168 173 176 181 179 169 164 163 167 170 170 170 172 175 181 186 176 168 173 178 178 172 167 160 168 169 159 152 157 157 155 169 163 159 165 173 162 169 178 179 174 172 176 180 168 165 175 177 171 171 177 178 174 171 174 179 172 176 175 169 167 170 163 165 175 168 160 168 184 166 167 169 173 173 170 171 172 166 165 169 172 172 167 170 174 173 171 172 175 176 173 170 166 162 160 158 158 156 150 148 155 159 149 144 146 157 160 155 149 155 156 148 149 155 156 154 137 101 133 105 71 97 84 37 17 13 14 15 13 14 15 14 14 15 15 14 13 13 13 15 16 16 17 17 16 15 
4 4 4 4 4 4 4 4 5 5 5 4 4 4 4 13 31 28 13 11 11 11 11 8 7 8 9 10 11 13 14 12 11 9 15 30 110 117 118 126 125 140 139 144 144 140 143 152 157 138 135 147 152 155 144 145 156 159 159 160 155 161 162 158 166 163 161 172 158 160 164 166 165 163 161 163 163 165 171 177 182 187 181 179 184 192 194 198 208 204 200 197 197 199 207 210 209 209 210 213 214 209 208 207 210 216 222 223 219 210 202 197 195 196 207 215 225 228 224 216 201 204 224 212 191 196 219 210 212 212 207 202 203 203 206 216 210 207 213 217 214 218 225 229 230 230 232 237 230 227 230 230 227 230 233 229 220 211 210 212 213 210 210 216 217 213 211 210 211 215 222 228 231 223 217 210 206 203 202 195 189 189 192 192 188 182 172 178 185 184 179 175 173 171 171 170 169 169 168 167 164 157 147 140 140 143 143 144 149 160 165 167 161 164 163 159 159 158 152 160 159 143 157 112 68 40 20 14 13 14 16 16 13 14 15 14 14 14 15 15 14 14 14 15 17 16 17 19 19 18 
4 4 5 5 5 4 4 5 5 5 5 4 4 4 10 45 55 27 10 9 10 9 8 5 4 4 5 6 7 7 7 6 4 5 9 29 106 124 125 137 142 143 149 154 156 155 156 163 164 148 147 152 150 156 154 157 167 170 170 173 168 171 172 169 178 177 176 185 175 180 185 185 186 193 193 192 200 207 212 224 236 240 235 234 239 243 241 240 247 245 241 237 241 243 243 243 241 241 242 244 247 252 251 247 242 239 239 245 248 246 244 241 239 238 246 248 251 251 247 243 240 241 243 237 232 236 245 241 236 234 236 237 233 230 236 240 234 234 238 235 246 241 233 230 228 220 214 219 225 228 227 228 232 224 220 221 219 219 222 227 226 219 217 220 219 213 218 215 204 205 210 205 196 203 201 195 189 187 189 186 182 184 188 187 179 170 179 178 175 172 173 182 181 171 171 171 173 173 173 171 170 164 157 152 151 154 161 168 173 171 165 162 158 159 157 157 163 160 150 150 119 86 61 36 20 16 16 16 15 15 15 15 14 14 15 15 14 14 15 15 14 14 14 15 16 17 18 18 18 17 
5 4 5 5 5 4 4 5 5 5 4 5 5 4 26 89 65 17 9 10 8 6 5 5 5 5 4 4 4 5 4 7 9 13 24 48 110 128 132 144 159 152 163 169 175 175 172 170 172 160 161 160 150 156 158 159 177 181 175 176 182 185 185 191 202 202 198 200 204 209 211 208 209 218 226 232 237 237 234 237 243 238 243 245 244 240 241 240 229 230 231 232 233 233 241 242 240 239 240 241 242 237 237 236 236 236 237 233 231 226 220 213 204 200 216 216 216 215 211 208 206 200 193 198 207 204 193 197 189 187 193 197 190 188 194 197 190 190 193 189 195 188 182 183 185 182 175 175 185 188 186 187 194 192 187 184 183 185 184 184 183 186 185 178 175 178 180 179 179 179 180 179 176 177 183 185 181 177 178 180 180 177 178 178 174 169 174 172 168 165 172 186 187 178 178 176 174 173 172 174 173 174 175 174 173 170 169 169 166 162 162 164 167 171 164 149 130 104 77 48 33 25 17 18 19 17 17 16 14 13 13 14 14 15 15 15 14 14 14 14 14 14 14 14 15 18 17 15 15 16 
5 5 4 4 4 4 4 5 5 5 4 5 5 4 20 52 31 8 6 5 5 4 3 4 4 4 6 11 17 25 41 49 38 39 93 120 149 153 158 163 186 180 190 192 193 194 190 187 187 174 178 179 168 173 172 168 186 188 178 179 186 184 183 191 199 199 196 192 194 194 194 194 194 196 194 191 194 196 199 202 204 195 200 204 200 197 201 203 200 202 203 201 198 195 199 200 197 196 196 197 196 186 187 187 189 188 188 187 187 186 184 182 180 179 179 187 194 196 189 181 175 178 186 186 181 178 179 183 180 178 182 185 181 177 182 189 182 178 182 183 185 184 181 180 180 180 179 181 183 182 178 179 184 186 182 178 181 184 185 182 175 182 184 182 182 188 185 183 186 185 182 180 179 177 184 186 179 172 172 178 178 174 173 175 175 172 168 173 178 178 177 179 183 183 181 178 176 173 171 175 174 174 176 174 166 161 164 167 170 166 156 145 134 117 83 54 38 28 22 19 19 22 22 21 18 15 14 15 15 14 14 14 14 15 16 15 14 14 14 14 14 14 14 14 14 16 15 15 16 18 
5 5 5 5 5 5 5 6 6 5 5 4 4 3 7 8 5 4 3 2 5 7 10 23 37 48 63 86 105 116 138 147 122 87 154 175 174 176 191 186 201 189 194 186 181 179 180 182 188 178 186 192 186 190 187 184 192 189 183 185 183 179 182 186 187 189 190 188 182 179 180 184 187 183 180 179 178 184 192 193 189 188 184 183 187 191 191 189 188 188 188 187 186 185 188 187 185 183 182 183 184 180 181 182 183 183 182 182 182 180 178 177 178 178 177 177 178 180 182 185 184 184 186 187 187 186 184 187 186 187 187 187 188 180 178 189 182 174 179 185 180 183 186 183 179 179 182 179 176 174 176 180 184 188 184 180 183 187 187 182 179 177 178 183 186 185 183 182 180 183 184 178 172 180 186 185 176 173 180 180 174 172 175 177 176 172 178 178 175 171 169 174 180 183 181 179 178 176 175 174 171 170 171 167 156 145 133 116 103 89 73 58 41 34 26 19 18 21 22 21 20 19 22 22 19 17 15 15 15 16 15 15 15 16 16 15 14 14 15 15 15 15 15 15 15 15 15 16 17 18 
6 5 4 4 4 4 4 5 5 4 4 4 4 3 4 5 13 25 54 82 113 127 137 157 164 184 182 157 170 187 189 173 177 185 187 190 180 191 194 183 187 191 200 199 197 193 186 181 183 181 179 181 182 183 181 182 186 189 190 187 182 183 182 180 185 188 186 180 185 183 181 183 185 187 185 181 184 192 195 188 178 185 182 181 185 185 177 172 179 182 184 184 182 181 180 182 186 190 190 191 189 186 178 173 180 192 187 186 192 197 193 186 185 188 189 181 186 190 181 178 181 179 176 178 177 174 175 180 183 184 183 181 180 177 181 192 190 163 171 175 175 177 177 176 174 172 172 176 187 189 184 180 172 168 169 174 178 180 179 175 172 172 171 170 173 177 180 176 170 175 181 176 166 172 171 174 177 174 170 165 167 169 162 164 170 168 176 175 171 165 160 161 163 162 155 143 131 122 116 98 85 75 65 59 54 52 49 40 30 23 21 21 22 23 23 23 22 22 22 22 21 20 20 20 20 18 16 15 15 15 15 14 14 15 14 14 13 13 13 13 14 15 15 14 14 14 15 16 17 16 
5 5 4 4 4 5 5 5 5 5 5 7 8 9 11 24 57 74 81 95 107 121 155 148 138 140 136 123 129 141 140 162 182 176 170 195 194 194 188 194 209 208 213 213 213 211 206 203 203 210 225 234 226 204 185 197 190 181 179 181 187 188 183 179 177 179 181 182 182 181 178 176 175 175 177 179 176 172 172 179 186 186 183 183 188 190 186 180 178 180 181 182 180 179 181 182 180 179 180 181 180 174 182 183 180 177 167 172 172 166 171 181 185 181 173 162 161 166 165 168 168 167 171 171 172 171 166 168 163 157 154 152 150 154 166 149 153 190 168 163 155 157 161 161 158 151 149 157 162 155 146 147 148 151 151 149 146 147 148 150 153 152 149 144 142 145 142 136 132 134 136 134 130 145 135 134 143 148 141 140 142 140 136 127 113 103 88 82 74 65 57 52 45 35 33 29 26 23 21 21 21 20 20 19 19 19 20 21 20 20 21 24 20 20 20 20 19 19 20 22 21 21 21 21 21 20 18 17 17 17 17 16 16 16 16 16 15 15 15 15 16 17 17 16 16 15 16 16 15 14 
4 4 5 5 6 6 6 6 6 6 6 7 6 5 4 4 5 9 6 10 12 35 110 118 121 112 109 86 51 38 41 70 95 93 104 110 132 163 164 155 159 166 171 170 171 171 172 173 180 189 202 211 209 194 180 191 187 182 180 179 182 181 182 186 184 181 182 186 178 177 176 174 174 173 177 181 173 166 163 164 164 176 170 162 155 150 145 143 144 144 142 140 137 135 142 141 135 131 132 136 141 143 130 108 93 95 100 101 93 84 92 106 108 102 90 80 75 74 74 77 76 76 78 71 70 69 62 56 53 49 46 44 43 45 47 45 94 147 76 47 46 50 52 53 51 46 46 53 51 42 34 35 38 40 38 35 32 32 33 34 35 34 32 29 28 28 28 28 27 27 27 27 27 31 26 24 26 31 30 29 27 30 42 41 33 30 29 26 23 21 20 20 19 19 20 20 21 21 22 20 19 20 20 19 17 17 16 17 17 17 17 18 17 17 19 18 18 18 18 16 16 16 16 17 17 17 16 15 15 16 16 15 14 14 15 15 14 14 14 14 15 15 15 15 15 12 13 12 9 7 
4 3 4 5 5 5 5 5 4 4 4 5 5 4 4 5 5 6 4 6 7 54 127 118 128 97 50 28 16 10 9 13 16 19 27 31 39 72 125 151 136 126 140 140 140 141 144 147 146 142 141 146 153 160 162 165 168 170 172 170 168 165 168 174 173 169 169 175 177 168 160 157 167 181 171 129 89 61 53 51 49 53 51 47 43 41 40 39 38 37 36 34 33 32 32 31 28 27 28 30 32 31 25 17 14 16 18 16 13 12 14 17 17 15 12 11 9 10 12 13 13 14 14 11 11 12 10 10 13 13 10 7 8 10 7 18 85 78 20 8 9 10 11 10 10 9 9 9 9 7 5 7 8 10 10 9 8 8 8 8 9 9 9 8 7 7 7 7 8 7 7 7 8 8 8 6 5 7 9 8 6 10 25 28 22 23 24 21 18 17 17 16 16 15 15 15 15 15 15 14 14 13 13 13 12 12 11 11 12 12 12 12 10 10 12 11 11 11 12 11 11 11 11 11 12 12 12 11 12 12 12 11 11 11 11 11 11 11 11 11 11 12 12 12 12 10 11 10 7 5 
4 3 3 4 4 5 5 4 4 5 5 5 5 3 3 4 5 4 6 6 13 93 121 128 88 31 10 10 8 9 12 13 12 11 8 10 9 22 65 117 135 140 128 129 129 130 130 130 130 129 129 133 140 143 144 148 146 145 145 150 155 155 155 160 162 162 161 162 154 167 177 159 111 65 42 23 12 6 6 7 7 7 7 6 6 6 7 7 7 6 6 7 7 7 7 7 6 6 7 8 8 8 7 7 9 11 9 8 8 8 8 8 8 7 7 7 7 8 11 12 11 10 9 9 8 8 8 7 10 12 9 6 7 9 7 24 82 27 6 8 8 8 8 8 7 7 6 5 6 6 6 6 6 6 6 7 7 7 6 6 8 8 8 8 8 8 6 5 6 6 6 6 6 6 9 8 6 6 8 9 9 14 29 31 24 23 22 17 13 11 11 11 11 12 12 11 11 11 11 11 11 11 10 11 12 12 11 10 11 11 11 10 10 11 12 11 11 11 11 10 10 10 10 10 11 11 10 9 10 11 10 10 10 10 10 10 10 10 10 10 10 10 10 10 10 9 11 10 8 5 
5 4 4 5 4 4 4 4 4 4 4 4 4 3 4 5 6 4 6 4 22 99 121 87 31 10 12 13 11 11 10 15 25 28 27 18 15 10 18 59 107 132 122 124 125 124 120 117 126 132 134 140 144 144 141 144 147 150 151 150 148 154 155 148 149 155 159 163 159 114 64 30 14 9 7 5 6 7 7 6 6 7 7 7 6 6 6 7 7 7 6 6 7 7 6 6 6 6 6 6 6 8 7 6 6 8 10 9 8 7 7 8 8 8 7 7 6 7 11 12 12 11 11 14 10 7 7 7 9 9 8 7 7 8 8 9 26 8 7 7 7 8 8 8 8 7 6 6 6 6 7 7 5 5 6 6 7 6 6 6 6 7 7 7 7 7 6 5 5 7 7 7 5 6 9 9 7 7 6 6 9 16 30 31 24 21 21 16 12 11 12 12 12 11 11 11 11 12 12 11 11 10 10 10 10 11 12 11 10 11 11 10 10 10 11 10 10 10 10 11 10 10 10 10 10 10 10 9 10 11 11 10 10 11 11 10 10 9 10 10 10 10 10 11 11 10 10 10 9 8 
4 4 5 5 4 4 4 4 4 5 4 4 5 4 3 4 5 7 4 8 37 102 123 45 10 10 9 10 10 11 40 85 97 98 94 82 47 22 30 74 118 127 121 127 129 121 121 116 121 131 134 131 132 136 139 145 147 148 145 145 149 152 153 157 157 135 93 61 33 22 12 7 6 6 6 5 6 7 6 5 6 6 6 6 6 6 6 7 7 7 6 6 6 7 7 7 7 7 7 6 6 7 6 6 6 8 10 9 8 7 7 7 8 7 8 7 6 7 11 15 14 11 17 20 13 8 7 8 8 8 8 8 7 8 9 4 6 8 10 10 8 7 7 8 8 7 6 5 6 6 6 6 6 5 5 5 6 6 6 6 7 7 8 8 7 7 6 5 6 8 7 6 6 7 8 9 10 13 10 7 11 20 29 29 24 21 16 13 10 10 11 11 11 11 11 11 11 10 10 11 11 10 9 9 10 10 10 9 10 10 10 10 10 10 11 11 10 10 10 10 10 10 9 9 9 10 10 9 10 10 10 11 11 11 11 11 11 11 10 10 10 10 10 10 10 10 11 11 11 11 
4 4 4 4 4 4 4 4 4 5 4 4 5 4 4 4 6 6 5 7 46 119 73 20 10 12 12 9 14 37 101 122 102 114 118 129 108 91 99 117 121 115 125 123 117 118 123 122 129 125 114 118 132 131 118 132 144 142 142 159 155 143 118 75 45 31 17 8 6 6 6 6 6 6 6 6 6 6 6 6 6 6 6 6 6 5 6 6 7 6 6 6 6 7 7 7 7 7 7 6 6 7 6 6 6 7 8 8 7 7 7 7 8 7 7 7 7 8 10 14 18 20 27 27 14 8 6 6 6 7 8 9 9 8 7 7 7 7 7 11 9 6 5 6 8 7 6 6 6 6 5 5 6 7 6 6 6 7 7 7 6 6 7 8 7 5 5 5 6 8 7 5 7 5 5 7 11 20 18 12 17 26 32 28 22 18 14 13 11 11 12 12 12 12 12 12 12 11 11 11 11 10 10 11 11 11 10 10 11 11 10 10 10 10 10 10 10 10 10 10 10 10 10 9 10 10 10 10 10 10 11 11 10 10 10 10 10 10 10 9 9 9 9 9 9 9 10 10 11 10 
4 4 4 4 4 4 5 5 5 5 4 4 5 4 4 4 5 4 6 12 73 107 31 7 9 7 11 8 48 107 102 102 120 120 118 116 128 134 118 103 106 119 121 122 116 133 118 114 119 120 123 127 140 147 144 141 160 151 135 110 63 29 15 8 4 5 6 6 6 6 6 6 6 5 5 6 6 6 6 6 6 6 6 6 6 5 5 6 7 7 6 6 7 7 6 6 6 6 6 6 6 6 6 6 7 7 8 9 6 7 10 8 7 7 7 8 10 10 10 13 24 31 35 33 20 12 7 7 7 8 8 9 9 8 7 9 7 6 5 8 8 6 5 6 7 7 7 6 6 6 5 6 6 7 7 6 7 7 7 7 5 6 6 7 7 6 6 5 6 8 7 6 8 9 7 8 14 26 25 19 25 33 37 29 20 14 11 10 9 9 10 10 10 10 10 10 10 9 9 9 9 8 8 8 9 9 9 9 9 10 10 10 9 8 9 9 9 8 8 8 8 8 8 8 8 8 8 8 9 9 10 10 10 10 10 10 10 10 10 10 10 10 10 10 10 9 9 9 9 9 
4 4 4 4 4 5 5 5 5 5 4 5 5 4 4 5 5 5 4 27 82 50 14 7 10 9 8 22 76 119 107 79 71 66 81 99 108 119 126 125 119 119 126 94 81 135 139 119 126 125 118 122 138 146 139 121 90 58 40 25 11 5 5 6 7 7 6 4 5 5 6 6 6 6 6 5 6 6 6 5 5 6 6 6 5 5 5 6 6 6 6 6 6 6 6 6 6 5 6 6 6 6 6 6 7 9 11 11 7 10 15 11 8 7 8 9 10 10 11 16 28 33 33 35 29 20 10 7 7 8 9 9 10 10 9 7 6 8 7 6 7 6 5 6 7 7 6 6 6 5 5 5 7 6 5 5 6 7 7 7 6 5 5 6 7 7 6 6 6 7 6 6 7 8 6 9 17 30 31 26 30 35 37 27 16 11 9 9 9 9 10 10 9 10 10 10 10 9 9 9 9 9 9 9 8 8 8 9 9 10 10 10 9 9 9 9 9 9 8 8 8 8 8 8 9 9 8 9 9 9 9 10 8 8 9 9 9 9 9 9 9 9 9 9 9 8 8 8 8 9 
5 4 5 5 5 5 5 5 5 5 4 5 5 4 4 6 5 6 4 26 47 15 8 7 7 8 8 62 116 103 47 15 11 15 19 21 35 59 84 98 97 94 107 97 90 128 139 128 122 122 128 129 119 94 67 37 17 7 5 4 6 6 6 6 6 6 6 6 5 5 6 6 6 6 6 5 6 6 6 6 5 6 6 6 5 5 6 6 6 6 6 6 6 6 6 6 6 6 6 6 7 6 6 5 6 8 11 10 7 13 22 16 10 8 8 8 9 11 15 23 34 35 34 37 36 30 18 10 9 8 8 9 11 12 13 11 7 7 6 6 6 6 6 7 7 6 6 6 6 5 5 6 8 7 6 6 6 7 7 6 6 5 5 6 6 7 6 6 6 6 6 6 7 5 6 13 21 32 36 33 34 35 35 24 12 8 7 7 7 8 8 7 7 7 7 7 7 7 7 6 6 7 7 7 7 7 7 7 7 8 8 8 7 7 7 6 6 6 6 6 7 7 7 7 7 7 7 7 7 7 7 7 8 8 8 8 8 8 8 8 8 8 8 8 8 8 8 8 8 8 
5 4 4 4 4 4 4 5 5 4 4 5 5 4 4 5 6 4 8 23 20 7 11 10 8 12 33 119 85 27 6 7 11 11 10 8 8 9 10 11 14 17 37 99 139 121 114 123 122 120 98 56 24 9 5 4 5 7 8 7 5 5 6 6 5 5 5 5 5 5 6 6 6 6 6 6 6 6 6 6 6 5 5 5 5 5 6 6 6 6 6 6 6 6 6 6 6 6 6 6 6 7 6 6 7 8 9 9 9 20 32 27 18 12 10 10 13 19 25 31 36 37 37 34 34 37 31 24 17 10 8 9 13 18 22 18 9 6 5 7 6 6 6 7 7 7 6 6 6 6 6 7 9 8 6 6 6 7 7 7 6 6 7 8 8 7 6 7 7 7 7 7 8 8 13 24 29 31 34 33 31 30 33 24 14 11 15 15 16 17 17 15 14 14 14 14 14 14 13 12 12 13 14 14 14 14 14 15 15 15 15 15 14 14 13 12 12 12 13 14 14 14 14 14 14 14 15 15 15 14 13 12 11 11 12 12 13 13 12 12 11 11 11 11 12 11 11 11 11 11 
5 4 4 4 4 5 5 5 5 4 5 5 5 4 4 4 7 4 11 32 18 8 6 7 11 33 73 85 27 9 6 21 40 69 80 67 44 22 13 8 8 8 13 62 116 118 122 126 115 81 29 9 5 5 6 6 6 5 4 5 6 5 6 5 5 6 6 5 5 5 5 6 6 6 6 6 6 6 6 6 6 5 5 5 5 6 6 6 6 6 6 6 6 6 6 6 6 6 6 6 6 7 7 7 9 9 9 10 11 24 37 35 27 20 18 19 23 28 33 34 35 36 37 33 32 37 38 32 24 16 12 14 22 29 31 22 10 8 8 8 7 7 7 6 6 7 7 5 5 6 6 7 9 7 7 6 6 6 7 8 7 7 10 13 12 9 7 7 8 9 8 8 8 9 18 30 32 31 33 31 31 32 32 32 28 19 19 18 18 19 19 18 18 19 19 19 18 19 18 18 18 19 19 18 18 17 18 18 18 18 18 18 19 18 17 16 16 16 17 18 18 17 17 17 17 19 20 19 18 17 16 16 15 15 15 16 17 17 16 15 15 15 15 15 15 17 16 16 16 16 
5 4 5 5 5 5 5 5 5 5 5 5 5 5 4 4 6 4 14 48 29 8 8 9 27 77 93 32 7 13 41 97 102 123 113 100 98 93 89 76 69 62 57 91 115 115 117 115 65 26 6 4 5 5 5 5 5 5 6 6 6 6 5 5 5 6 6 5 5 5 5 5 6 5 6 6 6 6 6 6 6 6 5 5 5 6 6 6 6 6 6 6 6 6 6 6 6 6 6 6 6 7 6 6 12 11 12 14 17 26 33 35 32 28 29 30 31 32 33 34 34 34 33 34 36 36 36 36 32 27 22 23 31 34 31 24 13 8 9 10 7 7 8 8 6 6 6 5 6 6 7 8 8 9 8 7 7 8 8 7 8 8 11 18 21 18 13 10 11 14 12 10 12 16 26 34 33 33 33 32 37 38 34 46 51 35 23 21 22 21 22 24 24 25 24 23 23 23 24 24 24 23 23 23 22 22 22 22 23 23 24 24 25 25 24 24 24 24 24 23 23 22 22 23 24 27 27 25 24 23 24 24 24 22 22 23 25 25 24 23 23 23 23 23 23 23 23 23 22 22 
4 4 5 5 5 5 5 5 5 4 4 4 4 4 4 4 5 5 20 76 72 23 9 31 90 112 61 9 25 69 95 105 75 94 109 115 122 120 114 115 123 127 124 128 107 111 110 77 29 8 3 5 6 6 6 5 5 5 5 5 5 5 5 5 5 6 5 5 5 5 5 5 6 5 6 6 6 5 5 5 5 5 5 5 5 5 6 6 6 6 6 6 6 6 6 6 6 6 6 6 6 6 6 7 18 21 22 25 26 30 33 34 32 31 34 34 34 33 32 31 31 30 30 32 34 35 34 36 36 35 32 31 35 34 31 30 21 14 14 15 11 11 15 16 11 7 7 10 10 6 6 8 8 9 9 9 12 18 16 7 10 13 18 27 32 31 29 26 26 29 25 22 24 28 34 35 33 34 35 33 34 33 33 44 55 52 30 23 28 27 24 29 28 28 27 27 27 27 27 28 28 28 27 27 27 27 26 26 27 27 27 27 27 26 26 26 26 27 27 25 25 25 25 27 28 29 29 27 26 26 27 28 25 24 23 24 25 24 24 23 23 23 23 23 23 24 24 24 24 24 
5 5 5 5 5 5 5 5 5 5 4 4 4 5 5 4 5 6 25 97 110 66 72 97 96 63 20 22 74 50 13 6 7 8 8 22 45 91 112 110 103 121 109 109 105 112 77 31 11 5 4 5 5 5 5 5 5 5 5 5 5 5 5 5 6 6 6 5 5 5 5 5 6 5 5 6 5 5 5 5 5 5 5 5 5 5 5 5 5 6 7 7 6 5 6 6 6 6 6 6 6 6 6 7 24 33 33 35 34 34 34 34 34 33 33 34 34 35 34 34 34 33 32 32 32 31 30 31 33 33 33 32 33 33 32 32 26 23 24 25 23 25 30 30 22 15 15 21 17 8 7 12 12 9 13 18 22 32 31 17 14 22 31 37 37 33 35 35 34 36 33 31 32 32 34 32 31 34 35 34 32 31 32 34 43 59 47 27 28 26 23 27 24 26 25 25 25 25 24 26 26 26 26 26 26 26 24 24 24 24 24 24 23 23 23 24 24 24 24 25 25 24 25 25 26 25 24 24 24 24 25 25 25 24 24 24 24 23 23 24 24 24 24 24 23 24 23 23 23 23 
5 5 5 5 5 5 5 5 5 5 5 5 5 4 5 4 5 7 40 105 104 98 103 110 74 23 10 63 54 6 4 11 51 57 42 13 6 37 83 119 105 111 111 107 109 77 32 9 6 6 5 5 5 5 5 5 5 5 5 5 5 5 5 5 5 6 5 5 5 5 5 5 6 5 5 5 5 5 5 5 5 5 5 6 5 5 5 5 5 6 7 6 6 5 6 6 6 6 6 6 6 6 5 6 23 35 34 35 34 34 34 34 34 33 33 34 35 35 35 35 36 35 34 33 33 32 30 32 32 32 32 32 33 33 30 26 22 24 28 29 28 30 33 33 28 24 27 33 27 16 15 22 22 13 20 29 29 33 35 28 26 31 36 36 34 33 33 32 32 32 32 31 32 32 34 33 32 34 34 33 34 34 34 31 38 58 59 37 27 25 27 27 25 27 27 26 26 26 25 25 26 26 26 26 26 26 26 26 26 25 25 25 24 24 25 26 26 25 25 27 27 26 25 25 25 25 25 25 25 26 26 26 25 24 24 24 24 23 23 25 25 24 24 23 23 25 25 25 24 24 
5 5 5 5 5 5 5 5 5 4 4 4 4 4 3 3 5 9 69 105 101 103 117 65 24 8 44 58 7 5 31 37 49 53 89 68 11 4 26 102 108 93 109 109 105 41 12 4 5 5 4 4 4 5 5 5 5 5 5 5 5 5 5 5 5 5 5 4 5 5 5 5 6 5 5 5 5 5 5 6 6 5 6 6 6 5 5 6 6 6 6 6 6 6 6 6 6 6 6 6 6 5 5 5 21 33 33 34 34 34 34 34 34 34 34 35 35 35 34 34 34 34 33 34 35 35 34 36 35 34 34 35 35 34 32 26 21 24 29 31 32 32 32 33 31 32 36 37 32 26 28 33 32 24 29 35 32 31 33 33 35 35 34 32 32 34 34 33 33 33 33 33 33 33 36 35 33 34 34 33 33 33 33 31 35 43 54 48 26 24 28 25 26 26 26 26 26 25 25 24 24 24 24 25 25 25 26 25 25 25 25 24 24 25 26 26 26 25 24 26 26 25 25 24 23 24 25 26 26 26 25 25 26 26 26 27 27 25 25 27 26 25 25 25 24 24 24 24 24 24 
5 5 5 5 5 5 5 5 5 5 5 5 5 4 4 5 5 10 94 99 110 95 38 13 22 74 78 9 11 25 19 16 16 13 41 103 52 10 6 53 100 111 109 98 65 12 5 7 6 6 5 5 5 5 5 5 5 5 5 5 5 5 5 5 5 6 5 5 4 5 5 5 6 5 5 5 5 5 6 6 6 5 6 7 6 5 5 6 6 6 6 6 6 6 6 6 6 6 6 6 6 6 6 6 22 34 35 36 35 33 33 33 34 35 33 34 35 35 35 35 34 34 34 34 35 35 34 35 34 34 34 34 34 33 33 29 23 21 25 30 35 34 33 32 31 33 35 32 31 33 36 35 33 34 34 33 33 32 32 33 31 32 32 33 32 32 32 33 32 31 31 32 31 31 35 34 32 34 37 38 36 33 33 35 34 31 49 63 36 26 29 25 28 26 26 27 26 25 24 25 26 26 26 27 27 26 26 26 25 24 24 24 24 25 26 26 26 24 24 25 25 26 26 26 26 26 26 26 26 26 25 25 25 24 25 26 26 24 24 24 23 23 22 22 22 25 25 25 24 24 
5 5 4 5 5 5 5 5 5 5 5 4 4 4 4 5 5 18 101 97 86 48 27 49 68 101 48 6 28 27 12 18 21 17 16 64 95 12 5 29 114 109 103 74 25 5 6 5 5 6 6 6 6 5 5 5 5 5 5 6 6 6 5 6 6 6 5 5 5 5 6 6 6 5 5 5 6 6 6 6 5 5 6 6 5 4 5 6 6 6 5 5 5 5 5 6 6 6 6 6 6 6 6 7 23 35 36 36 34 34 33 34 34 35 34 34 34 34 34 34 34 34 34 34 34 35 35 33 33 33 33 34 35 34 32 28 22 19 23 29 34 34 34 34 34 34 34 35 36 36 33 32 34 33 34 34 34 34 34 33 34 31 30 32 34 32 32 33 33 32 32 32 32 33 34 34 34 34 33 34 33 32 32 33 34 33 38 62 57 33 26 28 27 26 26 27 27 26 26 26 26 26 26 26 26 26 26 26 25 25 24 24 24 24 24 25 25 25 25 25 25 26 26 25 25 25 25 25 26 26 25 25 25 25 25 25 24 24 24 25 24 24 24 24 24 25 25 24 24 24 
5 5 4 5 5 5 5 5 5 5 5 5 4 4 4 4 5 35 105 95 94 78 80 97 97 92 31 10 51 36 21 12 19 17 16 38 134 13 3 16 102 103 80 34 9 5 5 5 5 5 4 5 5 5 4 5 5 5 5 5 6 6 5 5 6 5 5 5 5 5 5 5 6 6 5 5 5 5 5 6 6 4 5 6 5 4 5 6 6 6 5 5 4 4 5 5 6 6 5 6 6 6 6 6 22 34 35 35 34 34 33 34 34 35 34 34 34 34 34 34 34 34 34 34 34 35 35 34 33 33 33 34 34 34 32 28 22 20 22 28 33 34 34 34 34 34 34 34 35 35 34 33 35 34 34 34 34 34 34 33 35 32 31 33 35 33 33 33 33 33 32 32 32 34 34 34 34 34 34 34 33 32 33 34 34 33 33 53 63 47 28 24 26 26 26 27 27 26 26 25 25 25 25 25 25 25 26 26 25 25 25 25 24 25 25 25 25 24 24 25 26 26 26 26 25 25 25 25 25 25 25 24 26 25 25 25 25 24 25 25 25 24 24 24 24 24 24 24 24 23 
4 5 5 4 5 5 5 5 5 5 5 5 5 4 4 4 8 65 107 99 103 107 95 86 97 100 33 5 47 60 17 16 15 15 21 36 129 18 3 9 85 91 36 11 4 7 6 5 6 5 4 5 6 6 5 5 5 5 5 5 5 5 5 5 5 5 5 5 5 6 6 7 6 6 6 6 6 6 6 6 7 5 6 6 5 4 5 6 7 6 6 6 6 6 5 5 6 6 7 7 7 6 5 6 22 34 35 35 34 34 33 34 34 35 34 34 34 34 34 34 34 34 34 34 34 35 36 34 33 33 33 34 34 35 35 32 26 24 26 30 34 34 34 34 34 34 34 33 34 34 34 35 36 34 34 34 34 34 34 33 35 33 33 34 35 34 33 34 33 33 33 32 32 34 34 34 34 34 34 33 33 33 34 35 34 32 33 40 56 56 35 26 28 26 26 27 27 26 26 26 26 26 26 26 26 25 25 25 25 26 26 26 25 26 26 25 25 24 24 26 26 27 27 26 26 26 26 26 27 27 26 26 25 24 24 24 24 24 25 26 25 25 25 25 25 24 24 24 24 23 
4 5 5 4 5 5 5 5 5 4 4 4 5 4 5 5 16 87 98 97 95 96 95 72 80 86 35 3 14 53 52 21 16 16 26 88 108 23 2 26 88 50 11 6 5 6 6 5 5 5 5 5 5 5 6 6 5 5 5 5 5 5 5 5 5 5 6 6 4 5 6 6 6 5 5 6 5 5 5 6 6 6 6 6 5 5 6 6 6 6 6 6 6 7 7 6 5 5 6 6 6 6 7 8 24 35 37 37 34 34 33 34 34 35 34 34 34 34 34 34 34 34 34 34 34 35 35 35 34 33 33 33 34 35 36 35 31 28 29 33 34 34 34 34 34 34 34 33 33 33 35 36 36 34 34 34 34 34 34 33 34 33 34 34 34 33 33 34 34 33 33 33 33 34 34 34 34 34 34 34 33 33 35 35 34 32 37 33 47 61 47 28 26 26 26 27 27 26 26 27 27 27 27 27 27 27 26 26 26 26 26 26 26 26 26 26 25 25 24 27 27 27 27 26 25 25 25 26 26 26 26 25 24 24 24 23 23 23 24 26 25 25 24 25 25 25 25 25 24 24 
5 5 5 4 5 5 5 5 5 4 4 5 5 5 5 6 26 93 91 105 103 100 83 78 85 80 50 8 3 16 45 49 50 59 83 108 60 10 3 45 66 16 7 6 5 5 5 5 5 5 5 5 5 5 6 6 7 7 8 8 7 8 8 8 7 8 8 8 8 8 10 10 10 10 11 14 13 12 12 12 13 15 14 14 13 13 14 16 17 17 17 18 19 20 21 20 17 17 18 18 17 20 23 21 32 35 33 35 34 34 33 34 34 35 34 34 34 34 34 34 35 35 35 34 34 34 34 35 34 33 33 33 33 33 33 34 32 29 30 34 34 34 34 34 34 34 34 34 33 33 35 36 35 33 34 34 34 34 34 33 32 33 34 34 33 33 34 34 34 34 33 33 33 34 34 34 34 34 34 34 34 33 34 35 35 33 37 33 41 57 57 34 25 26 26 27 27 26 26 27 27 27 27 27 27 27 27 27 26 26 25 25 25 25 26 26 26 25 25 26 26 26 26 25 24 24 24 24 24 24 24 24 24 24 24 24 24 23 24 25 25 24 24 24 24 25 25 25 24 24 
5 5 5 4 5 5 5 5 5 5 4 5 6 4 5 7 40 101 85 100 97 92 79 88 95 97 104 38 6 3 6 25 38 50 56 47 14 3 12 40 30 10 10 8 11 13 11 13 13 11 10 12 13 12 11 11 13 15 17 17 17 18 18 18 18 18 19 20 18 18 18 18 20 21 23 25 23 22 21 22 22 25 24 23 22 22 24 26 26 25 25 26 27 27 29 27 25 26 28 30 29 31 36 31 38 35 32 35 34 34 33 34 34 35 34 34 34 34 34 34 36 37 35 34 33 33 33 35 34 33 33 33 33 32 32 34 33 31 32 35 34 34 34 34 34 34 34 34 33 33 36 36 34 33 34 34 34 34 34 33 31 33 34 33 32 32 33 34 34 34 33 33 33 34 34 34 34 34 34 35 35 33 33 34 35 35 35 33 33 44 60 49 32 26 26 27 27 26 26 26 26 26 26 26 26 27 28 27 27 26 25 25 24 25 25 26 26 26 26 26 26 26 25 24 23 24 24 24 25 25 24 24 26 26 25 25 25 25 25 25 24 24 24 24 24 24 24 24 24 23 
11 12 11 11 12 13 13 15 17 17 15 15 14 14 18 23 66 96 81 100 99 91 86 100 103 97 100 96 85 47 7 4 3 3 3 3 7 29 52 37 20 21 22 21 26 27 23 25 23 21 23 25 26 25 23 22 24 26 28 30 31 31 30 30 31 30 29 28 31 25 26 30 31 32 32 30 26 27 30 31 29 29 29 29 30 31 32 34 35 33 31 30 32 34 35 35 33 32 34 33 29 32 35 36 34 32 32 34 34 34 35 35 35 36 33 33 34 34 35 35 36 36 33 31 32 34 36 35 34 33 32 33 34 34 32 33 34 35 36 37 37 36 35 34 35 36 36 35 34 34 35 35 34 34 34 34 34 34 34 33 32 32 32 32 32 32 33 34 34 35 34 33 32 31 32 32 32 33 33 35 36 34 33 33 34 35 33 31 33 32 50 62 40 23 28 31 22 26 26 25 25 25 25 25 27 27 28 27 26 25 25 26 26 26 26 26 26 26 26 26 26 26 26 26 26 26 26 26 25 26 26 27 26 25 24 24 24 25 24 24 25 26 25 24 23 24 24 24 23 23 
20 23 22 21 22 23 22 22 23 27 25 25 25 23 26 34 78 99 88 103 93 87 86 97 96 91 96 99 97 89 67 38 15 18 26 31 56 60 35 26 28 26 27 27 31 30 26 27 29 28 29 31 31 30 28 27 28 29 30 30 30 30 30 31 31 31 30 29 34 29 28 32 32 32 33 31 29 30 33 33 31 31 31 31 30 30 31 31 31 30 28 28 29 30 31 33 32 30 31 32 30 30 31 33 34 34 34 33 33 34 34 35 35 35 33 34 34 34 35 35 35 35 34 33 33 34 35 35 34 33 33 33 34 34 33 33 34 35 35 36 36 35 35 35 35 35 36 35 34 35 35 36 35 34 34 34 34 34 34 34 33 33 33 33 33 33 33 34 34 35 34 33 32 32 32 32 33 33 33 35 35 34 33 33 34 35 32 33 32 31 40 57 52 30 26 28 25 27 26 26 25 25 25 26 26 27 28 27 26 25 25 26 26 26 26 26 25 25 25 26 26 26 26 26 26 25 25 24 24 25 25 25 25 24 23 23 23 24 24 25 25 25 25 24 24 24 24 24 24 23 
24 26 27 27 29 29 27 26 25 29 27 28 28 26 26 39 80 90 92 102 88 87 99 103 95 87 92 98 92 92 105 97 96 93 89 107 94 54 27 27 33 30 32 31 34 33 29 31 31 30 30 31 32 31 29 32 32 32 31 30 29 29 30 31 32 33 32 31 34 30 29 31 30 30 30 31 30 31 33 33 30 33 33 32 31 31 31 32 33 33 32 32 32 31 31 34 33 30 31 34 34 31 31 33 37 38 37 34 33 33 33 34 34 34 34 34 34 34 34 34 35 35 35 35 35 35 35 35 34 34 33 34 34 35 34 34 34 34 34 34 35 35 35 35 35 35 36 36 35 35 36 37 35 34 34 34 34 34 34 34 34 34 34 34 34 34 34 34 34 34 34 33 33 33 33 33 33 33 34 34 34 34 33 34 35 36 32 35 30 32 33 45 61 45 27 25 27 28 26 26 26 26 26 26 26 27 27 27 26 26 26 26 26 27 26 26 25 25 25 26 26 26 26 26 26 26 26 25 25 25 25 26 25 25 24 24 24 25 25 26 25 24 24 24 25 24 24 24 24 23 
33 33 32 32 33 34 33 31 30 34 33 34 34 32 32 51 87 89 100 103 90 95 104 97 84 77 80 89 91 97 104 106 106 98 105 93 45 27 36 38 31 31 32 33 35 34 32 34 35 34 33 34 35 34 32 33 33 33 33 33 32 31 32 33 35 35 34 33 35 34 33 33 33 32 32 33 33 35 36 35 33 34 34 34 34 34 35 35 34 34 35 34 33 32 32 36 35 32 33 37 38 35 33 34 37 39 37 34 33 33 33 33 33 33 34 34 34 34 34 34 34 35 36 36 36 35 35 35 34 34 34 34 35 35 35 34 34 34 34 34 34 35 35 35 35 35 35 36 35 35 37 37 35 34 34 34 34 34 34 33 32 32 32 32 32 32 33 34 34 34 34 34 34 34 34 34 34 34 34 34 34 34 34 34 35 36 35 35 31 35 32 35 58 61 35 23 26 26 25 27 27 26 26 26 26 27 27 27 26 26 26 26 26 26 26 26 25 25 25 26 26 26 26 26 26 26 26 25 25 25 25 25 25 25 25 25 25 25 25 26 25 23 24 24 25 25 25 24 24 24 
33 31 30 30 30 31 32 31 29 29 31 32 31 29 34 59 94 92 99 93 84 91 99 87 74 71 76 87 96 107 110 101 104 116 96 51 36 36 36 31 30 35 33 34 34 33 33 34 35 34 33 33 35 35 34 33 34 34 34 34 34 33 33 35 35 35 34 33 32 34 33 32 34 34 32 32 33 33 34 34 34 35 35 34 34 35 36 36 35 35 35 35 34 33 33 35 34 33 34 36 35 34 33 33 34 34 34 34 35 34 34 34 33 33 35 35 34 34 34 33 34 34 35 35 35 34 34 35 35 35 35 35 35 35 34 34 34 34 34 34 34 34 35 35 35 34 35 36 34 35 36 36 35 34 34 34 34 34 34 33 32 32 32 32 32 32 33 34 33 33 33 34 35 35 35 35 35 34 34 34 34 34 35 34 35 35 36 34 33 36 33 32 44 61 51 28 25 25 26 27 27 27 26 26 26 26 26 26 27 27 26 26 25 25 25 26 26 26 26 26 26 26 26 26 26 26 25 24 24 23 23 23 23 23 24 24 24 24 24 25 25 24 24 24 24 25 25 25 24 24 
33 31 32 32 31 31 33 33 31 31 33 35 32 31 42 67 97 96 98 86 84 91 98 83 69 66 71 80 94 103 98 103 103 108 70 34 33 32 29 32 35 33 34 35 34 32 32 33 33 32 31 32 34 35 34 34 34 35 35 34 34 33 33 34 35 34 33 32 30 34 34 33 36 36 34 33 33 33 32 33 35 36 35 34 33 33 33 33 35 34 34 33 33 33 34 35 34 34 36 36 32 33 34 34 33 34 36 36 36 35 35 34 34 34 35 35 34 34 33 33 34 34 33 33 33 34 34 34 35 35 35 35 35 34 34 34 34 34 34 34 33 34 35 35 35 34 34 35 34 34 35 35 34 34 34 34 34 34 34 34 33 33 33 33 33 33 34 33 33 32 33 35 36 36 36 35 35 34 34 35 35 35 35 34 34 33 35 32 36 33 33 36 33 53 64 36 27 26 26 28 28 27 26 26 26 26 25 26 27 27 27 26 25 24 25 26 26 27 27 26 26 26 26 26 26 26 26 25 24 24 23 24 23 24 25 25 25 25 24 25 25 25 25 24 23 25 25 25 25 24 
32 32 32 32 32 31 32 32 32 31 32 31 34 32 45 76 97 101 93 85 89 98 106 87 69 67 82 94 100 109 104 104 101 79 42 34 33 31 32 35 35 32 34 34 34 33 33 33 32 32 31 32 33 34 33 33 33 34 34 34 34 33 32 33 34 34 34 33 32 34 35 35 35 34 34 34 34 34 34 34 35 36 35 34 34 33 33 33 33 33 33 33 34 34 34 35 34 34 35 35 34 35 35 34 34 35 36 35 34 34 33 33 33 34 35 35 34 34 34 35 35 35 34 34 34 33 34 34 34 34 34 34 34 34 34 34 35 35 36 36 34 34 34 34 34 34 34 34 34 33 34 34 34 34 34 34 35 34 34 34 34 34 34 34 34 34 33 32 32 33 34 35 36 35 34 34 33 34 34 34 33 33 33 33 33 33 34 34 35 34 35 37 36 41 60 58 26 28 28 27 28 27 27 27 27 27 28 28 28 28 27 27 25 26 27 28 29 29 28 28 28 28 28 28 28 28 28 28 28 28 27 27 28 28 28 29 29 28 28 28 28 29 28 28 28 29 29 29 29 29 
32 32 33 32 32 31 32 32 32 31 33 32 35 34 51 82 93 97 88 82 88 97 94 88 76 69 80 98 104 96 95 112 86 44 32 33 33 33 32 32 33 34 33 33 33 33 33 33 32 31 31 32 32 32 32 33 33 33 33 34 34 33 33 33 34 34 34 33 33 33 34 34 34 33 33 33 33 33 34 34 35 35 34 34 34 34 34 33 33 33 33 34 34 34 34 34 34 34 34 34 34 35 34 34 34 34 35 36 37 35 34 33 33 33 35 35 34 34 35 35 35 35 35 34 34 33 33 33 33 33 33 33 33 33 34 34 34 35 35 35 34 34 34 34 34 34 34 34 34 33 33 34 34 34 34 34 35 35 34 34 34 34 34 34 34 34 34 34 34 34 33 33 33 34 34 33 33 34 34 34 34 34 34 34 34 34 33 34 34 34 34 35 34 31 41 46 28 32 33 31 32 32 32 32 32 32 32 32 32 31 31 31 30 30 32 32 32 32 32 32 32 32 32 32 32 31 31 32 32 32 31 31 31 31 31 31 31 31 32 32 32 32 32 32 32 31 31 31 31 31 
32 31 32 32 31 31 31 32 32 31 33 33 33 34 60 88 92 94 86 83 91 97 92 98 92 79 77 95 102 93 102 94 52 29 31 32 33 35 33 31 32 34 33 33 33 33 33 33 33 33 33 32 32 32 32 33 33 33 33 34 34 34 34 34 34 34 33 32 33 33 34 34 33 33 32 32 32 33 33 34 35 33 33 34 34 34 35 34 33 33 33 33 34 34 34 34 34 34 34 34 34 34 33 33 32 33 33 36 37 36 34 34 33 33 35 34 34 34 34 35 35 35 35 34 34 33 33 33 33 33 33 33 33 33 33 33 34 34 34 35 34 34 34 34 34 34 34 34 34 33 33 34 34 34 34 34 34 34 34 33 34 34 34 34 34 34 35 35 35 34 33 32 32 34 34 33 33 34 34 34 34 34 34 34 34 34 33 33 33 33 34 34 33 30 32 33 31 34 34 33 33 33 33 33 33 33 33 33 33 33 33 33 32 33 33 34 33 33 33 34 34 33 33 32 32 31 31 32 32 32 32 31 32 32 32 32 32 32 33 33 33 33 33 33 33 32 32 32 32 32 
32 31 31 32 31 31 31 31 32 32 33 33 29 33 65 91 94 92 85 87 96 100 101 106 104 93 87 96 103 105 106 62 30 30 32 33 33 33 34 33 32 31 33 33 33 33 33 33 34 35 34 34 33 33 33 33 33 33 33 34 34 34 34 34 34 33 32 32 33 33 33 33 33 33 33 33 33 33 33 33 32 33 33 34 34 35 35 35 33 33 33 33 33 33 33 33 33 33 33 33 33 33 32 32 32 32 33 34 35 34 33 33 34 34 35 34 33 33 34 34 35 35 35 34 34 33 33 33 33 33 33 33 33 33 33 33 34 34 34 34 34 34 34 34 34 34 34 34 34 33 33 34 34 33 33 34 34 34 33 33 34 34 34 34 34 34 34 34 34 34 33 33 33 34 34 33 33 34 34 34 34 34 34 34 34 34 34 34 34 34 34 34 33 34 35 32 34 31 33 33 33 33 33 33 33 32 32 32 32 32 32 32 33 32 32 32 32 32 32 33 33 32 32 31 31 30 30 31 31 31 30 30 32 32 32 32 32 32 32 32 32 32 32 32 32 32 32 32 32 32 
31 30 31 31 31 31 31 31 31 32 31 33 28 37 72 93 93 88 82 87 98 100 102 100 100 101 98 100 108 105 74 42 28 30 35 36 33 31 33 35 32 30 32 32 32 32 32 32 34 35 35 34 34 34 34 33 33 33 33 34 34 34 33 34 34 34 33 33 34 33 33 33 33 34 34 35 34 33 33 32 31 33 34 34 34 34 35 35 34 34 33 33 33 33 33 33 33 33 33 33 33 33 33 32 32 33 33 33 33 32 33 33 34 35 34 34 33 33 33 34 34 35 35 34 34 33 33 33 33 33 33 33 33 33 33 34 34 34 34 35 34 34 34 34 34 34 34 34 34 33 33 34 34 33 33 34 34 34 33 33 33 33 33 33 33 33 33 33 33 34 34 34 35 34 34 33 33 34 34 34 34 34 34 34 34 34 34 34 34 34 34 34 32 32 35 33 33 30 32 33 33 33 33 33 33 33 32 32 32 32 33 33 33 32 32 31 32 32 33 33 33 33 33 33 33 32 32 32 32 32 32 31 31 31 31 31 31 31 32 33 33 33 33 33 33 32 32 32 32 32 
31 31 31 31 31 30 30 31 31 33 30 34 31 46 87 100 95 87 82 91 102 103 104 97 100 105 102 99 103 82 42 32 33 31 34 35 35 33 32 31 32 33 32 32 32 32 32 32 32 32 32 33 33 33 33 33 33 33 33 34 34 33 32 33 34 34 34 34 34 34 33 32 33 34 34 35 34 34 34 33 33 35 35 34 34 34 33 33 34 34 34 33 33 33 33 33 33 33 33 33 33 34 33 33 33 33 33 34 35 34 34 34 34 35 34 33 33 33 33 34 34 35 35 34 34 33 33 33 33 33 33 33 33 34 34 35 35 35 35 36 34 34 34 34 34 34 34 34 34 33 33 34 34 33 33 33 34 33 33 32 33 33 33 33 33 33 33 33 33 34 34 34 34 34 34 33 33 34 34 34 33 33 33 33 33 33 34 33 33 33 33 32 32 32 33 33 32 33 34 33 33 33 33 33 33 33 31 31 31 32 32 32 32 31 30 31 32 33 34 32 32 33 34 34 35 34 33 33 34 33 33 33 32 32 32 32 32 32 32 33 33 33 33 33 33 32 32 32 32 32 
30 31 31 31 31 31 31 31 31 33 30 35 34 54 96 103 94 87 91 98 101 104 103 102 100 101 107 103 84 51 35 31 35 34 33 34 35 34 32 31 32 34 33 33 33 33 33 33 32 32 32 33 33 33 33 33 33 33 33 34 34 33 33 33 34 34 34 34 35 34 34 33 34 35 34 34 34 34 34 34 34 35 35 35 34 34 34 34 35 35 34 34 33 32 33 34 34 33 33 33 33 35 34 33 33 33 34 35 36 35 35 35 35 35 35 34 34 34 33 33 34 35 35 34 34 33 33 33 33 33 33 33 33 34 35 35 35 35 35 35 34 34 34 34 34 34 34 34 34 34 34 34 34 33 33 33 33 33 34 34 33 33 33 33 33 33 34 34 34 34 34 34 34 34 34 33 33 34 34 34 33 33 33 33 33 33 33 33 33 33 33 33 34 34 34 34 33 35 35 33 32 32 32 32 32 32 31 31 31 32 32 32 32 31 31 31 31 32 32 32 32 31 32 33 34 34 34 33 33 33 33 33 33 32 32 32 32 32 32 32 32 33 33 33 33 32 32 32 32 32 
31 31 31 31 31 32 32 31 31 34 32 34 35 60 99 98 86 82 96 100 98 103 105 106 97 93 101 97 69 34 34 33 33 33 33 34 33 33 33 33 34 34 33 33 33 33 33 33 33 32 32 33 33 33 34 33 33 33 33 33 33 33 33 33 33 33 33 34 35 35 35 35 35 35 34 33 33 34 34 33 33 35 35 35 35 35 35 35 36 35 35 35 34 32 34 35 35 34 34 33 34 35 34 34 33 33 34 34 34 34 34 34 34 34 35 36 35 34 33 32 33 35 35 35 35 34 33 33 33 33 34 34 34 34 35 35 35 35 35 35 34 34 34 34 34 34 34 33 34 34 34 34 33 34 33 33 33 33 34 35 34 34 34 34 34 34 34 34 34 34 34 34 34 34 34 34 34 34 34 34 34 34 34 34 34 34 33 34 34 34 35 35 34 34 34 34 34 34 34 33 33 33 33 33 33 33 32 32 32 32 32 32 33 34 33 33 33 33 32 34 33 32 31 32 34 35 35 34 33 33 33 34 33 32 32 32 32 32 32 32 32 32 33 33 33 32 32 32 32 32 
31 31 30 31 32 33 32 31 30 33 35 33 36 69 101 94 84 85 99 102 99 101 102 98 101 108 96 61 39 32 32 32 32 31 31 32 31 31 32 33 33 34 33 33 33 33 33 33 32 31 32 32 32 33 33 33 33 33 33 33 33 33 33 33 33 34 34 34 35 35 35 35 35 35 34 33 33 34 34 33 33 33 33 33 33 34 34 34 33 33 34 35 35 33 34 35 34 34 34 34 34 35 34 34 33 33 34 33 33 33 33 33 33 33 35 35 35 34 33 33 33 34 35 35 35 34 33 33 34 34 35 35 36 35 35 35 35 35 35 35 35 35 35 35 35 35 34 33 34 34 34 34 33 34 34 34 33 33 33 34 34 34 34 34 34 34 34 34 34 34 34 34 34 34 34 34 34 34 34 34 34 34 34 34 34 34 34 34 35 35 35 36 35 33 33 33 33 33 33 33 33 33 33 33 33 33 32 32 32 32 32 32 33 33 33 32 32 32 32 32 32 32 32 32 32 34 35 34 33 33 33 34 33 32 32 32 32 32 32 32 32 32 31 31 31 32 32 32 32 32 
32 31 31 31 32 32 32 31 30 32 35 31 38 78 98 88 85 89 99 99 94 93 104 96 98 102 79 40 27 33 32 32 32 32 31 31 31 31 32 33 34 34 33 33 33 33 33 33 32 32 32 33 33 33 33 33 33 33 33 33 33 33 32 33 33 34 34 34 34 34 34 34 34 34 34 33 33 34 34 33 33 32 32 32 32 33 33 33 32 32 33 35 35 33 34 34 34 34 34 34 34 35 34 34 33 33 34 34 33 33 33 33 33 33 34 35 35 35 34 33 33 34 34 35 35 34 33 34 34 34 35 35 36 35 34 34 34 34 34 34 34 34 34 34 34 34 34 33 34 34 34 34 33 34 34 34 34 33 33 33 34 34 34 34 34 34 34 34 34 34 34 34 34 34 34 34 34 34 34 34 34 34 34 34 34 34 33 33 34 34 34 34 34 32 32 32 32 32 32 33 34 34 34 34 34 33 32 32 32 32 32 32 31 31 31 31 31 31 31 32 32 33 33 32 32 34 35 34 33 33 33 34 33 32 32 32 32 32 33 33 33 32 32 31 31 32 32 32 32 32 
32 32 31 31 32 32 32 31 31 32 35 30 46 86 94 85 84 91 99 99 97 96 100 107 101 76 48 33 33 34 33 33 33 33 32 32 31 31 32 33 34 34 32 32 32 32 32 32 33 33 33 33 34 34 34 33 33 33 33 33 33 33 33 33 33 33 34 34 34 34 34 34 34 34 33 33 33 34 34 33 33 33 33 34 34 35 35 35 34 33 35 37 37 35 34 34 34 34 34 34 35 35 34 34 33 33 34 34 35 35 35 35 35 34 34 34 35 35 34 33 33 33 34 35 35 34 34 35 35 35 34 35 35 34 34 34 34 34 34 34 33 33 33 33 33 33 33 33 34 34 34 34 33 34 34 34 34 34 33 33 34 34 34 34 34 34 34 34 34 34 34 34 34 34 34 34 34 34 34 34 34 34 34 34 34 34 32 32 33 33 33 33 33 32 32 32 32 32 32 33 33 33 33 33 33 33 32 32 32 32 32 32 32 32 32 32 32 32 33 34 34 34 35 34 34 35 35 34 33 33 33 34 33 32 32 32 32 32 33 34 34 33 33 33 32 32 32 32 32 32 
32 32 32 32 31 30 30 31 32 33 34 32 59 94 91 85 86 95 99 100 100 101 92 101 87 53 34 30 32 34 34 33 33 33 33 33 33 33 33 33 33 34 32 32 32 32 32 32 32 32 33 33 33 33 33 33 33 33 33 33 33 34 35 34 33 33 32 32 33 33 33 33 33 33 33 33 33 34 34 33 33 34 34 35 35 36 37 36 34 34 35 36 36 35 34 33 34 34 34 35 35 35 34 34 33 33 34 34 35 35 35 35 35 35 34 34 35 35 34 34 33 33 34 35 35 35 34 35 35 34 34 33 33 33 34 34 34 34 34 34 33 33 33 33 33 33 33 33 34 34 34 34 33 33 33 34 34 34 34 33 34 34 34 34 34 34 34 34 34 34 34 34 34 34 34 34 34 34 34 34 34 34 34 34 34 34 32 32 33 33 33 34 33 33 33 33 33 33 33 33 33 33 33 33 33 33 32 32 32 32 32 32 32 33 33 33 34 34 34 35 35 34 34 34 35 35 35 34 33 33 33 34 33 32 32 32 32 33 33 32 32 32 33 33 33 32 32 32 32 32 
32 32 33 32 30 29 30 31 31 34 33 36 69 100 93 88 86 93 93 89 90 93 112 82 47 30 31 32 32 34 34 33 33 33 33 34 34 34 34 34 34 33 32 32 32 32 32 32 32 31 31 32 32 33 33 33 33 33 33 33 33 34 34 34 34 33 32 31 33 33 33 33 33 33 33 33 34 34 34 34 33 33 33 33 33 34 34 34 33 32 32 33 34 34 34 34 34 34 34 35 35 35 34 33 33 34 34 34 34 34 34 34 34 34 33 34 34 35 35 34 34 33 34 35 35 35 35 35 35 34 33 32 32 33 34 34 34 34 34 34 33 33 33 33 33 34 33 33 33 34 34 33 33 32 33 34 34 35 34 34 33 34 34 34 34 33 34 34 34 34 34 34 34 33 33 34 34 34 33 33 34 34 34 34 33 33 33 33 33 33 34 34 34 33 33 33 33 33 33 32 32 32 32 32 32 32 32 32 32 32 32 32 32 32 32 32 33 33 33 33 32 30 30 31 33 34 34 33 33 33 33 34 32 32 32 31 32 32 31 31 31 31 32 32 33 33 32 32 32 32 
32 33 33 31 30 31 32 32 30 31 32 43 76 98 95 92 90 94 93 92 96 104 106 58 33 31 33 33 35 37 35 33 33 33 34 34 34 34 35 34 34 33 32 32 32 32 32 32 32 32 31 31 32 33 34 33 33 33 33 33 33 33 32 33 34 33 33 32 34 34 33 33 33 32 33 34 34 35 35 34 34 33 33 33 33 33 33 34 34 33 32 33 35 37 37 36 34 34 34 34 35 35 34 33 33 34 35 35 34 34 34 35 35 34 34 34 34 34 35 35 35 34 34 34 34 34 34 35 35 34 34 34 33 34 34 34 34 34 34 34 33 33 32 32 33 33 33 33 33 33 33 33 33 33 33 34 34 34 34 33 33 34 35 35 34 33 34 34 34 34 34 34 34 32 33 34 34 33 32 33 34 34 34 33 33 33 33 33 33 33 33 33 33 33 32 32 32 33 34 33 32 32 32 31 31 31 31 32 32 32 32 31 32 32 32 33 33 34 33 32 31 31 31 31 32 32 32 32 33 33 34 33 31 31 31 31 31 31 31 32 31 31 32 33 33 33 32 31 31 31 
32 32 32 32 31 33 34 35 34 29 33 44 72 86 83 83 80 80 88 96 98 95 65 40 30 33 34 33 34 35 35 34 33 33 33 33 33 34 34 34 33 33 33 33 33 33 33 33 33 33 32 32 33 34 34 33 33 33 33 33 33 33 33 33 32 33 33 33 34 34 34 33 33 33 33 34 34 35 35 34 34 33 33 33 33 33 33 34 35 34 34 35 35 35 35 34 33 33 34 34 35 35 34 34 33 34 34 35 34 34 34 35 35 34 34 34 34 34 35 35 35 34 34 34 34 34 34 36 36 35 35 35 34 34 34 34 34 34 34 34 34 33 33 33 33 33 33 33 33 33 33 33 33 33 33 34 34 34 34 33 33 34 34 34 34 33 34 34 34 34 34 34 34 32 33 33 34 33 33 33 34 34 34 33 33 33 33 33 33 33 33 33 33 33 32 32 32 33 34 33 32 32 32 32 31 31 32 32 32 32 32 32 32 32 33 33 33 34 34 34 33 33 33 33 34 33 32 33 33 33 33 34 31 31 31 31 31 31 32 33 32 32 33 33 34 32 32 31 31 31 
32 31 32 33 32 31 31 31 30 33 41 53 80 96 102 112 113 118 126 120 99 77 40 31 31 34 34 32 34 33 34 34 33 33 32 32 33 33 34 33 33 33 33 33 33 33 33 33 34 34 33 33 33 34 34 33 33 33 33 33 33 34 34 32 31 32 33 34 34 34 34 34 33 33 33 34 34 35 35 34 34 34 34 34 34 34 34 34 35 36 36 35 34 34 33 33 33 33 34 34 35 34 34 34 34 34 34 35 34 34 34 35 35 34 34 34 34 34 35 35 35 34 34 34 34 34 34 35 35 35 34 34 34 34 34 34 34 34 34 34 34 34 33 33 33 33 33 34 34 34 34 34 33 34 34 34 34 34 34 34 34 34 34 34 34 34 34 34 34 34 34 34 34 33 33 33 33 33 33 34 34 34 34 33 33 33 33 33 33 33 33 33 33 33 32 32 32 33 34 33 33 32 32 32 32 32 32 32 33 33 32 32 33 33 33 33 33 33 33 34 34 34 34 34 34 33 33 33 33 33 33 33 32 32 32 32 32 32 32 33 32 32 32 33 33 32 32 32 32 32 
32 31 31 32 32 32 31 31 32 30 33 39 54 64 72 84 87 91 87 73 57 45 36 34 34 34 33 33 34 32 33 33 33 33 32 32 33 33 34 33 33 33 33 33 33 33 33 33 34 34 33 33 33 33 33 33 33 33 33 33 33 34 33 32 32 32 33 34 35 34 34 34 34 33 33 34 34 35 35 34 34 34 34 34 34 34 34 34 35 35 36 35 34 32 32 33 33 34 34 34 34 34 34 34 34 34 34 35 34 34 34 35 35 34 34 34 34 34 35 35 35 34 34 34 34 34 34 34 34 34 34 33 33 33 34 34 34 34 34 34 35 35 34 33 33 33 34 34 34 34 34 34 34 34 34 35 35 35 35 34 34 34 33 33 34 34 34 34 34 34 34 34 34 33 33 33 33 33 33 34 34 34 34 33 33 33 33 33 33 33 33 33 33 33 32 32 32 33 34 33 33 33 32 32 32 32 32 33 33 33 33 32 33 33 33 33 33 33 33 33 33 34 34 33 33 33 33 33 33 33 33 33 32 32 32 32 32 32 32 32 32 31 31 31 32 31 32 32 32 32 
32 30 30 32 33 33 32 33 35 33 32 30 33 32 30 34 33 34 33 31 31 33 36 36 35 34 33 34 34 32 32 31 32 32 33 33 33 34 34 34 34 33 33 33 33 33 33 33 34 34 33 32 32 32 32 33 33 33 33 33 33 33 33 33 33 33 33 33 35 35 34 34 34 34 34 34 34 35 35 34 34 35 35 35 35 35 35 34 34 34 34 34 33 32 33 34 35 35 35 34 33 33 34 35 35 34 34 34 34 34 34 35 35 34 34 34 34 34 35 35 35 34 34 34 34 34 34 35 35 34 34 34 33 34 34 34 34 34 34 34 36 35 34 33 33 33 33 34 34 34 34 34 34 35 35 35 35 35 35 35 34 34 33 33 33 34 34 34 34 34 34 34 34 34 33 32 32 33 33 34 34 34 34 33 33 33 33 33 33 33 33 33 33 33 32 32 32 33 34 34 33 33 33 32 32 32 32 33 33 33 33 32 33 34 33 33 33 32 32 32 33 34 34 33 33 33 34 33 33 33 32 32 32 32 32 32 32 32 33 33 32 31 31 31 32 31 31 32 32 32 
32 30 31 33 34 33 31 31 33 34 34 33 38 37 34 35 33 32 32 32 33 33 35 35 34 33 34 35 35 33 32 30 31 32 33 34 34 35 35 35 34 33 33 33 33 33 33 33 33 33 32 31 31 32 32 33 33 33 33 33 33 32 32 33 34 34 33 32 35 35 35 34 34 34 34 34 34 35 35 34 34 34 35 35 35 35 35 34 33 33 33 33 33 33 34 35 36 36 35 34 33 33 34 35 35 34 33 34 34 34 34 35 34 34 34 34 34 34 35 35 35 34 34 34 34 34 34 36 36 35 35 34 34 34 34 34 34 34 34 34 36 35 34 34 33 33 33 34 34 34 34 34 34 35 35 35 35 35 35 35 34 34 33 33 33 35 35 34 34 34 34 34 34 34 33 32 32 32 34 34 34 34 34 33 33 33 33 33 33 33 33 33 33 33 32 32 33 33 34 34 34 33 33 33 32 32 33 33 34 34 33 33 33 34 33 33 33 32 32 32 33 35 35 34 33 33 34 34 33 33 32 32 32 32 32 32 32 32 33 34 33 32 32 32 32 31 31 33 33 32 
33 32 32 32 33 33 33 31 30 30 30 31 31 31 32 33 33 30 30 31 32 32 32 31 30 31 33 34 34 35 35 35 35 34 33 33 33 34 35 34 33 32 32 32 32 32 33 34 34 34 33 32 32 32 33 32 33 33 34 33 32 33 33 33 33 33 33 33 34 34 34 34 34 34 34 34 34 35 35 36 36 32 32 33 33 33 34 34 34 34 34 33 33 33 34 36 37 35 33 33 35 34 34 34 33 33 33 33 33 36 36 35 34 34 34 34 35 35 36 37 36 35 34 34 34 34 33 35 36 36 36 35 34 34 34 34 33 33 33 33 36 35 34 33 33 34 34 33 33 34 34 34 34 34 35 35 35 35 34 32 31 33 35 36 35 34 34 34 34 34 34 34 34 33 33 33 33 33 33 34 35 35 34 34 34 33 31 32 32 33 34 34 34 33 34 34 34 34 33 33 33 34 35 34 33 32 32 33 34 34 34 33 33 34 33 33 33 32 32 32 32 33 33 34 34 33 33 33 33 33 33 33 33 32 31 31 32 33 34 33 33 32 33 33 33 32 32 32 33 34 
34 33 32 32 33 33 33 31 30 32 32 32 32 32 33 34 34 32 32 33 34 34 34 33 32 33 34 35 34 34 35 35 34 34 33 32 33 32 32 32 32 33 32 32 32 32 33 34 35 35 33 32 32 32 32 33 34 34 34 34 33 33 33 33 33 33 33 33 34 34 34 34 34 34 34 34 34 34 34 34 34 34 34 34 34 34 34 35 34 34 34 33 33 33 33 35 35 34 33 33 35 35 34 33 33 33 34 33 34 36 36 34 34 34 34 34 34 35 36 36 36 36 36 36 35 35 35 34 35 35 36 35 35 34 34 34 34 33 33 33 33 34 34 34 33 32 32 33 33 34 34 34 34 34 35 35 35 35 34 33 31 33 34 35 35 34 34 34 34 34 34 34 34 33 33 33 33 33 33 34 34 34 34 33 33 33 32 32 33 33 34 34 34 33 34 34 34 34 33 33 34 33 34 33 34 33 32 33 34 34 34 33 33 33 33 32 33 33 33 32 32 33 33 33 34 33 33 33 33 33 33 33 33 32 32 32 33 32 33 33 33 32 33 33 33 32 32 32 33 34 
34 33 32 32 33 33 33 32 31 32 32 32 33 33 33 34 35 33 33 34 35 35 35 34 34 34 35 34 33 34 34 35 34 33 33 33 32 31 31 32 33 34 32 32 32 32 33 34 35 35 34 33 32 32 32 34 35 35 35 35 35 34 34 34 34 34 34 34 34 34 34 34 34 34 34 34 34 34 33 33 33 34 34 34 34 35 35 35 35 34 34 34 33 33 33 34 34 33 33 33 34 36 35 33 33 33 34 33 34 36 36 34 33 34 34 34 34 34 35 35 36 35 35 35 35 34 34 33 34 35 35 35 35 35 35 34 34 34 33 33 33 33 34 35 34 32 32 33 34 34 34 34 35 34 35 35 35 35 34 33 32 33 34 34 34 34 34 34 34 34 34 35 35 33 33 33 33 33 33 33 33 33 33 33 33 33 32 33 33 34 34 34 34 33 34 34 34 34 33 34 33 32 32 32 34 33 32 33 34 34 34 33 33 33 32 31 32 34 35 33 33 33 33 33 33 33 33 33 33 33 33 33 32 33 34 34 33 32 33 33 33 32 33 33 33 33 32 32 33 34 
34 33 32 32 33 34 34 33 32 31 31 32 32 32 32 33 33 32 32 34 34 33 34 33 33 33 34 33 32 34 34 34 34 33 33 33 33 32 32 33 35 35 32 32 32 32 33 34 34 35 35 34 33 32 32 35 35 35 35 35 35 35 34 34 34 34 34 34 34 34 34 34 34 34 34 34 34 34 33 33 33 34 34 34 34 33 33 34 35 35 34 34 34 34 34 33 33 33 34 34 34 36 35 34 34 34 34 34 35 36 36 34 33 33 34 34 34 34 34 35 35 35 35 34 34 34 34 33 33 34 35 35 35 35 35 35 34 34 34 34 35 35 34 34 34 36 36 34 34 34 35 35 35 34 35 35 35 35 34 33 33 33 34 34 34 34 34 34 34 34 35 35 35 34 34 34 34 34 34 33 33 33 33 33 33 33 33 34 34 34 34 34 34 33 34 34 34 34 33 34 33 32 32 32 33 33 32 33 34 34 34 33 33 33 32 31 32 34 35 33 33 33 33 33 33 33 33 33 33 33 33 33 32 33 34 34 34 32 33 33 33 32 33 33 33 33 32 31 32 33 
33 32 31 32 33 34 34 34 33 31 32 32 32 32 33 33 32 31 32 33 33 32 32 31 32 34 34 33 32 33 34 34 33 33 32 32 32 33 33 34 35 35 32 32 32 32 33 34 34 34 34 35 34 33 33 35 35 34 34 35 35 35 35 35 35 35 35 35 35 35 35 35 35 35 35 34 34 34 34 34 34 35 35 34 34 34 34 34 35 35 35 34 34 34 34 33 33 34 35 35 34 35 35 35 35 34 33 33 35 36 36 34 32 33 34 34 34 34 34 34 35 35 35 35 34 34 34 33 34 34 34 34 34 34 35 35 35 34 34 34 35 35 34 34 35 36 36 34 34 35 35 35 35 34 35 35 35 35 34 33 34 34 34 33 34 34 33 33 34 34 35 36 36 34 34 34 34 34 34 34 33 33 33 34 34 34 34 34 34 34 34 34 34 33 34 34 34 34 33 32 33 32 33 32 33 32 32 33 34 34 34 33 33 33 32 32 33 33 33 34 33 33 33 33 32 33 33 33 33 33 33 33 33 33 33 33 34 33 34 33 33 32 33 33 33 34 32 31 32 33 
32 31 31 32 33 34 35 34 33 32 33 33 33 34 34 33 32 32 33 34 33 32 31 31 32 34 35 34 33 33 34 34 33 33 32 30 31 32 33 34 34 33 32 32 32 32 33 34 33 33 34 35 35 35 34 35 34 33 33 34 35 35 35 35 35 35 35 35 35 35 35 35 35 35 35 34 34 35 35 36 36 36 36 36 35 35 35 35 36 35 35 35 34 34 35 33 33 35 36 36 34 34 35 37 37 35 33 33 35 36 36 34 32 32 34 34 34 34 34 34 34 34 33 33 32 32 32 34 34 34 34 33 33 34 36 35 35 35 34 34 33 33 34 35 35 35 34 34 34 35 35 35 36 34 35 35 35 35 34 33 34 34 33 33 33 34 33 33 34 34 35 36 36 34 34 34 34 34 34 34 33 34 34 35 35 35 34 34 34 34 34 34 34 33 34 34 34 34 33 31 32 33 33 33 32 31 32 33 34 34 34 33 33 34 33 33 33 32 32 34 34 33 33 32 32 33 33 33 33 33 33 33 35 34 33 33 33 34 34 33 33 32 33 33 33 34 32 31 31 33 
33 31 31 31 31 32 32 32 32 33 32 32 32 32 32 33 33 33 33 34 34 34 32 32 33 35 36 34 33 33 34 34 34 32 31 31 32 34 35 35 34 33 33 34 35 35 34 33 33 33 35 36 36 36 35 34 34 34 34 33 33 33 33 33 34 35 35 36 37 36 36 36 35 35 34 34 34 35 35 35 34 34 34 34 34 34 34 35 36 36 36 36 35 35 35 34 34 35 36 36 35 33 34 35 35 35 35 35 36 36 35 34 34 34 34 34 34 35 35 35 35 35 34 34 34 34 35 36 35 34 34 33 33 34 35 34 34 35 35 34 33 34 34 35 34 34 33 34 34 34 34 34 34 34 34 34 34 34 34 34 34 35 35 35 34 33 34 34 34 34 33 33 33 32 33 33 34 33 33 33 33 33 34 34 34 33 33 33 33 33 33 33 32 32 33 34 34 33 32 32 32 33 33 33 31 31 32 33 34 34 33 32 33 34 34 34 33 32 32 33 33 33 33 33 33 33 33 33 33 33 33 33 34 33 32 32 33 34 34 34 33 32 32 33 34 33 32 32 32 31 
31 31 31 32 32 32 32 32 33 32 31 31 30 31 31 32 32 32 32 32 33 33 33 32 33 34 35 34 33 32 33 34 34 32 31 32 33 34 35 34 33 32 34 34 35 35 34 34 35 36 35 35 35 34 34 35 35 34 34 34 33 33 33 33 34 34 34 35 35 35 34 34 34 33 33 34 34 35 35 34 34 34 34 34 34 33 33 33 33 34 34 35 35 36 35 34 34 35 35 36 35 34 34 35 36 36 35 35 35 35 35 34 34 34 34 34 35 35 35 36 35 34 33 33 33 34 34 36 36 35 34 34 34 34 35 34 34 35 35 34 34 34 34 35 34 34 33 34 34 34 34 34 34 34 34 34 34 34 34 34 35 36 36 36 34 34 34 34 34 34 33 33 33 32 33 33 33 33 33 32 33 33 34 34 33 33 33 33 33 33 33 33 33 32 33 34 34 33 32 34 34 34 34 33 33 32 33 33 33 33 33 33 33 33 34 34 33 32 32 33 33 33 33 33 33 33 33 33 33 33 33 33 33 33 33 33 33 33 33 33 32 32 32 33 33 32 32 32 32 31 
31 32 32 32 33 33 33 33 34 32 32 31 31 32 32 32 33 33 33 33 33 33 33 33 33 34 35 34 32 33 33 34 33 32 31 33 34 34 34 34 32 32 34 34 34 34 34 34 35 36 35 34 33 34 34 35 35 35 34 34 34 34 34 34 34 34 34 34 33 33 33 33 33 33 33 34 34 35 35 34 34 35 35 34 34 33 33 32 32 33 34 34 35 36 35 34 34 34 35 35 35 35 35 36 36 36 36 35 34 34 34 34 34 34 34 34 35 35 35 36 35 34 33 33 33 33 34 36 36 35 34 34 34 35 34 33 34 35 35 34 34 34 34 35 34 34 33 34 34 34 34 34 34 34 34 34 34 34 34 34 36 36 36 35 35 34 34 34 34 34 34 33 33 33 33 34 33 33 33 32 33 33 34 34 33 33 34 34 34 34 34 34 33 33 33 33 33 33 33 35 34 34 33 33 34 34 34 33 32 32 33 34 33 33 34 34 33 32 32 31 32 32 33 34 34 34 33 33 33 33 33 33 32 33 34 34 33 32 32 33 32 32 32 32 33 32 32 32 32 32 
32 34 33 32 33 33 33 34 34 33 32 32 32 32 32 33 34 34 34 34 34 34 34 33 32 33 34 33 33 33 33 33 33 32 32 33 34 34 34 33 32 32 34 34 33 33 34 34 34 34 33 33 34 35 36 35 35 35 34 34 34 34 35 35 35 35 34 34 34 33 33 34 34 34 34 34 34 35 35 34 34 35 35 34 34 33 32 32 34 35 35 34 35 35 34 34 34 34 34 34 35 36 36 36 36 36 36 35 34 34 34 34 34 34 34 34 35 35 35 36 35 35 34 34 34 34 35 36 35 35 34 34 35 35 33 33 34 35 35 34 34 34 34 35 34 34 33 34 34 34 34 34 34 34 34 34 34 34 34 34 36 35 35 35 34 34 34 34 34 34 34 34 34 34 34 34 34 33 33 32 33 33 34 34 33 33 33 33 33 33 33 33 33 33 33 33 33 33 33 34 34 32 31 32 33 33 34 33 32 32 33 34 33 32 33 34 34 33 32 31 32 32 33 34 35 34 33 33 33 33 33 33 32 33 34 34 34 32 32 32 32 32 32 32 32 32 32 32 32 32 
33 34 33 32 32 32 33 33 33 32 31 31 30 31 31 32 33 33 32 32 32 32 34 33 32 32 33 32 32 33 33 33 32 32 32 33 34 33 33 33 33 33 34 33 33 33 33 34 33 33 33 33 34 35 35 34 34 34 33 33 33 33 34 34 34 34 34 34 34 34 35 35 35 35 35 34 34 35 35 34 34 35 34 34 34 33 33 33 35 35 35 34 34 34 34 34 34 34 34 34 34 35 36 36 36 35 34 34 33 33 34 34 34 34 34 34 35 35 35 36 35 35 35 34 34 35 35 35 34 34 33 33 34 34 33 32 33 35 35 34 34 34 34 35 34 34 33 34 34 34 34 34 34 34 34 34 34 34 34 34 35 35 34 33 33 34 33 33 34 34 34 34 34 35 35 35 34 33 33 32 33 33 34 34 33 33 32 32 32 32 32 32 33 33 33 32 32 33 33 34 33 32 32 32 32 32 33 33 33 33 33 33 32 32 33 34 34 33 33 32 32 33 33 34 34 33 33 33 33 33 33 33 33 33 33 33 33 33 32 32 32 32 32 32 32 31 31 32 32 32 
33 32 32 31 31 32 32 32 33 32 32 31 31 31 32 33 34 34 33 33 32 32 35 33 31 31 32 32 32 34 33 32 32 32 32 33 33 33 33 34 34 34 34 33 32 32 33 34 34 33 34 35 34 33 33 33 33 33 32 32 32 31 31 31 32 33 33 34 34 34 34 35 35 36 35 34 34 35 35 34 34 33 34 34 34 34 34 34 32 33 33 34 34 35 34 34 34 34 33 33 33 35 35 35 35 34 33 33 33 33 33 34 34 34 34 34 35 35 35 36 35 34 34 33 33 34 34 33 33 32 32 33 33 33 32 32 33 35 35 34 34 34 34 35 34 34 33 34 34 34 34 34 34 34 34 34 34 34 34 34 35 34 33 32 32 33 33 33 33 34 34 34 34 35 35 35 34 33 33 32 33 33 34 34 33 33 33 33 33 33 33 33 34 34 33 32 32 33 34 33 33 34 34 33 32 32 32 33 34 34 33 32 32 32 33 34 34 34 33 33 33 33 33 33 33 33 33 33 33 33 33 33 34 33 32 32 33 33 32 31 32 33 32 32 31 31 31 31 32 32 
31 31 31 31 31 32 32 32 32 32 32 32 32 32 32 33 34 33 32 32 33 34 34 34 33 33 33 33 33 34 33 33 33 33 33 33 34 33 33 33 32 32 34 34 33 33 33 33 33 34 35 35 33 32 32 33 33 33 33 32 32 32 32 32 31 32 33 34 33 33 34 33 33 34 34 33 33 34 34 34 34 34 35 35 35 35 35 34 31 31 31 33 34 35 35 35 35 35 34 33 33 34 34 34 34 34 33 33 34 34 34 34 34 34 34 34 34 34 35 35 34 34 34 34 34 34 34 34 34 34 33 33 33 33 32 32 33 34 35 35 34 34 34 33 33 33 34 34 34 33 33 34 34 33 33 33 33 33 33 34 35 34 33 32 33 33 34 33 32 33 35 35 34 34 35 35 35 34 33 33 34 34 34 34 33 33 33 33 34 35 34 33 33 33 33 33 33 33 33 34 34 33 33 33 32 32 32 33 33 33 33 33 32 32 33 33 33 34 34 34 34 34 33 33 33 33 33 33 33 33 33 33 34 34 33 32 32 32 32 32 32 33 32 32 32 32 32 32 32 32 
30 30 30 30 31 31 32 32 32 33 33 33 33 33 33 33 33 33 32 32 33 33 34 34 34 34 33 33 33 33 33 33 33 33 33 34 34 34 34 33 32 32 34 34 34 34 33 33 32 33 35 34 33 33 34 34 34 34 34 34 34 34 34 33 33 33 33 33 32 33 33 32 31 32 33 33 33 34 34 34 35 35 35 35 35 35 35 34 32 32 32 32 33 35 35 35 35 35 35 34 33 33 33 33 34 33 33 33 34 34 34 34 34 34 34 34 34 34 34 34 34 33 33 33 33 33 33 34 35 35 34 33 34 33 32 33 33 34 34 35 35 34 33 33 33 33 33 34 34 34 34 34 34 33 33 33 33 33 33 33 35 34 33 33 33 34 34 33 32 34 35 35 34 34 34 35 35 34 33 33 35 35 34 34 33 33 34 34 35 35 35 34 33 33 33 34 33 33 33 34 34 33 32 32 32 33 33 33 33 34 34 34 33 33 33 33 34 34 34 34 34 34 34 33 33 33 32 32 33 33 34 34 34 34 33 33 32 32 32 32 32 32 32 32 32 32 32 32 32 32 
31 30 30 31 31 31 32 32 32 33 33 33 33 33 33 33 32 33 33 33 32 32 34 34 34 33 33 33 33 33 33 33 33 33 33 33 33 34 34 34 34 33 34 34 34 34 33 33 32 32 34 34 34 34 35 34 34 34 34 34 34 34 35 35 35 34 33 32 31 32 33 32 31 32 33 33 34 36 36 35 34 34 34 35 35 35 35 35 34 34 33 33 34 34 34 35 35 35 35 34 33 32 33 33 33 33 32 33 34 34 34 34 34 34 35 35 35 35 35 35 34 33 33 33 33 33 33 33 35 35 34 33 34 34 34 34 33 33 33 33 35 34 33 33 33 33 33 32 34 35 35 34 32 33 33 33 33 33 33 33 33 33 33 33 34 34 35 34 34 34 36 36 35 34 34 35 34 33 33 34 35 35 34 34 33 33 34 34 35 35 35 34 34 33 33 32 32 33 33 34 34 33 32 32 33 34 35 35 34 34 34 34 33 33 33 34 34 34 34 34 34 34 34 34 33 33 32 33 33 33 33 33 34 34 33 33 32 32 32 32 32 32 32 32 32 32 32 32 32 32 
31 30 31 32 32 32 33 33 33 34 34 34 34 34 34 32 31 33 34 33 32 31 33 34 33 33 33 32 32 33 33 33 33 33 33 32 33 34 35 35 35 34 33 34 34 34 34 33 33 33 35 34 33 33 34 33 33 33 33 33 33 34 36 36 36 34 33 32 32 33 34 33 32 33 33 33 35 36 36 35 33 33 34 34 34 35 35 35 36 35 35 34 34 33 34 35 35 35 35 34 33 33 34 34 34 34 33 34 34 34 34 34 34 34 35 35 35 35 35 35 34 33 33 33 33 33 33 33 34 34 33 33 34 34 34 34 33 33 33 32 34 34 33 33 33 33 33 32 34 36 36 34 32 33 34 34 34 34 34 34 33 33 34 34 34 34 34 34 35 35 35 36 36 34 34 34 33 33 33 34 35 35 34 34 33 33 34 34 34 34 34 34 34 34 33 32 32 33 33 34 33 32 32 33 33 34 35 35 34 34 34 34 33 33 33 34 34 34 34 34 34 34 34 34 34 33 33 33 33 33 33 33 34 33 33 33 33 32 33 33 33 32 32 32 32 32 32 32 32 32 
