UP
1 1 1 1 1 1 1 1 1 1 1 1 1 1 1 1 1 1 1 1 2 1 1 1 1 1 2 1 1 1 1 1 1 1 1 1 1 1 1 1 1 1 1 1 1 1 1 1 1 1 1 1 1 1 1 2 2 2 1 1 1 1 1 1 1 1 1 1 1 1 1 1 2 2 2 1 1 1 1 2 1 1 1 1 1 1 1 1 1 1 1 1 1 1 1 1 1 1 1 1 1 1 1 1 1 1 1 1 2 2 2 2 1 1 1 1 1 1 1 1 1 2 2 1 1 1 1 1 1 1 1 1 1 1 1 1 1 1 1 2 2 2 2 2 2 2 2 2 1 2 2 1 1 1 1 1 1 1 1 1 2 2 2 2 2 2 2 2 1 1 1 1 2 2 2 2 2 2 2 2 2 2 2 2 2 2 2 2 2 2 2 2 2 2 2 2 2 2 2 2 2 2 2 2 2 2 2 2 2 3 3 3 2 2 2 2 2 2 2 2 2 2 2 2 2 2 2 2 2 2 2 2 2 2 2 2 2 2 2 2 2 2 2 2 2 2 2 2 2 2 
1 1 1 1 1 1 2 2 1 1 1 1 1 2 1 1 1 1 1 1 1 1 2 2 2 1 1 1 1 1 1 1 1 1 1 2 2 2 1 1 1 2 2 2 1 1 1 1 2 1 1 1 1 1 2 1 1 1 1 1 2 2 1 1 1 1 1 1 1 1 1 1 2 2 2 1 1 1 1 2 1 1 1 1 1 1 1 1 1 2 1 1 1 1 1 1 1 1 1 1 1 1 1 1 1 1 1 1 2 2 2 1 1 1 1 1 1 1 1 1 1 2 2 1 1 1 1 1 1 1 1 1 1 1 1 1 1 1 1 2 2 2 2 2 2 2 2 2 1 1 2 1 1 1 1 1 1 1 1 1 1 1 1 1 1 1 1 1 1 1 2 2 2 2 2 2 2 2 2 2 2 2 2 2 2 2 2 2 2 2 2 2 2 2 2 2 2 2 2 2 2 2 2 2 2 2 2 2 2 3 3 3 2 2 3 3 2 2 2 2 2 2 2 2 2 2 2 2 2 2 2 2 2 2 2 2 2 2 2 2 2 2 2 2 2 2 2 2 2 2 
1 1 1 1 1 1 1 1 2 2 2 1 1 1 1 2 2 1 1 1 1 1 2 2 1 1 1 1 1 1 1 1 1 1 1 1 1 1 1 1 1 1 1 1 1 1 1 1 1 1 1 1 1 1 1 1 1 1 1 1 1 1 1 1 1 2 1 1 1 1 2 2 2 2 2 1 2 2 1 1 1 1 1 2 1 1 1 1 1 1 1 2 2 2 1 1 1 1 1 1 1 1 1 1 1 1 1 2 2 2 2 1 1 1 1 1 1 1 1 1 1 1 2 2 2 1 1 1 1 1 1 1 1 1 1 1 1 1 1 1 2 2 2 2 2 1 1 1 1 2 1 1 1 1 1 1 2 2 2 2 2 2 2 1 1 1 1 2 2 2 2 2 2 2 2 2 2 2 2 2 2 2 2 2 2 2 2 2 2 2 2 2 2 2 2 2 2 2 2 2 2 2 3 3 3 3 2 2 2 3 3 2 2 2 2 2 3 3 2 2 2 2 2 2 2 2 2 2 2 2 3 2 2 2 2 2 3 2 2 2 2 2 2 2 2 2 2 2 2 2 
1 1 1 1 1 1 1 1 1 1 1 1 1 1 1 2 2 1 1 1 1 1 2 1 1 1 1 2 1 1 1 1 1 2 1 1 1 1 1 1 1 1 1 1 1 1 1 1 1 1 1 1 1 1 1 1 1 1 1 1 1 1 1 1 1 2 1 1 1 1 2 2 2 2 2 1 2 2 1 1 2 1 1 2 1 1 1 1 1 1 1 2 2 2 1 1 1 1 1 1 1 1 1 1 1 1 1 2 2 2 2 1 1 1 2 1 1 1 1 1 1 1 2 2 2 1 1 1 1 1 1 2 1 1 1 1 1 1 1 1 2 2 2 2 2 1 1 1 1 2 1 1 1 1 1 1 2 2 2 2 2 2 2 2 2 2 2 2 2 2 2 2 2 2 2 2 2 2 2 2 2 2 2 2 2 2 2 2 2 3 3 2 2 2 2 2 2 2 2 2 2 2 3 3 3 3 3 2 2 3 3 2 2 2 2 2 2 2 2 2 2 2 2 2 2 2 2 2 2 2 2 2 2 2 2 2 2 2 2 2 2 2 2 2 2 2 2 2 2 2 
1 1 1 1 1 1 1 1 1 1 1 1 1 1 2 2 2 1 1 1 1 1 1 1 1 1 2 2 1 1 1 1 1 2 2 2 1 1 1 2 2 2 2 1 1 1 1 1 2 2 1 1 1 1 1 1 1 1 1 1 2 2 1 1 1 2 1 1 1 1 1 2 2 2 1 1 1 1 1 2 2 1 1 1 1 1 1 1 1 2 1 2 2 2 1 1 1 1 1 1 1 1 1 1 1 1 1 2 2 2 2 1 1 1 1 1 1 1 1 1 1 1 1 2 2 2 2 1 1 1 2 2 1 1 1 1 1 1 1 2 2 1 1 1 2 2 1 1 2 2 2 1 1 1 1 2 2 2 2 2 2 2 2 2 2 2 2 2 2 2 2 2 2 2 2 2 2 2 2 2 2 2 2 2 2 2 2 2 3 3 3 3 3 2 2 2 2 2 2 2 2 2 3 3 3 3 3 3 3 3 3 3 3 2 2 3 2 2 2 2 2 2 2 2 2 2 2 2 2 2 2 2 2 3 2 2 2 2 2 2 2 2 2 2 2 2 2 2 2 2 
1 1 1 1 1 1 1 1 1 1 1 1 1 2 2 2 2 1 1 1 1 1 1 1 1 1 2 2 1 1 1 1 1 2 2 2 1 1 1 2 2 2 2 1 1 1 1 1 2 2 1 1 1 1 1 1 1 1 1 1 2 2 1 1 1 2 1 1 1 1 1 2 2 2 1 1 1 1 2 2 2 1 1 1 1 1 1 1 1 2 1 2 2 2 1 1 1 1 1 1 1 1 1 1 1 1 1 1 2 2 2 1 1 1 1 1 1 1 1 1 1 1 1 1 1 2 2 1 1 1 2 2 1 1 1 1 1 1 1 2 2 1 1 1 2 2 1 1 2 2 2 1 1 2 2 2 2 2 2 2 2 2 2 2 2 2 2 2 1 1 1 2 2 2 2 2 2 2 2 2 2 2 2 2 2 2 2 2 2 3 3 3 3 3 3 3 2 2 2 2 2 2 2 2 3 3 3 3 3 3 3 3 3 3 2 2 3 3 3 3 3 3 3 3 3 3 2 3 3 3 2 2 2 2 2 2 2 2 2 2 2 2 2 2 2 2 2 2 2 2 
2 1 1 1 1 1 2 1 1 1 1 1 2 2 2 1 1 1 1 1 1 1 2 1 1 1 1 1 1 1 1 1 1 1 2 2 1 1 1 2 2 2 2 1 1 1 1 1 1 1 1 1 1 1 1 1 1 1 1 1 1 1 1 1 1 2 1 1 1 1 1 2 2 2 1 1 1 1 1 2 2 1 1 1 1 1 1 1 2 2 1 2 2 2 1 1 1 1 1 1 1 1 1 1 1 1 1 1 1 2 2 1 1 1 1 1 1 1 1 1 1 1 1 1 1 2 2 2 1 1 1 2 1 1 1 1 1 1 1 2 2 1 1 1 2 2 1 2 2 2 2 2 1 2 2 2 2 2 2 2 1 1 1 2 2 2 2 2 1 1 1 2 2 2 2 2 2 2 2 2 2 2 2 2 2 2 2 2 2 2 3 3 3 3 2 3 3 3 3 2 2 2 2 2 3 3 3 3 3 3 3 3 3 3 2 2 3 3 3 3 3 3 3 3 3 3 3 3 3 3 2 2 2 2 2 2 2 2 2 2 2 2 2 2 2 2 2 2 2 2 
1 1 1 1 1 1 2 1 1 1 1 1 2 2 2 1 1 1 1 1 1 1 2 2 1 1 1 1 1 1 2 1 1 1 2 2 2 2 2 2 2 2 2 1 1 1 1 1 1 1 1 1 1 1 1 1 1 1 1 1 1 1 1 1 1 2 1 1 1 1 1 1 1 1 1 1 1 1 1 2 2 1 1 1 1 1 1 1 1 2 1 2 2 2 1 1 1 1 1 1 1 1 1 1 1 1 1 1 1 1 1 1 1 1 1 1 1 1 2 1 1 1 1 1 1 2 2 2 1 1 1 1 1 1 1 1 1 1 1 2 1 1 1 1 1 2 2 2 2 2 2 2 2 2 2 2 2 2 2 1 1 1 1 1 1 2 2 2 2 2 2 2 2 2 2 2 2 2 2 2 2 2 2 2 2 2 2 2 3 3 3 3 3 3 2 3 3 3 3 3 2 2 2 2 3 3 3 3 3 2 3 3 3 3 2 2 2 2 2 2 2 2 2 3 3 3 3 3 3 3 2 2 2 2 2 2 2 2 2 2 2 2 2 2 2 2 2 2 2 2 
1 1 1 1 1 1 1 1 1 1 1 1 1 2 2 1 1 1 1 1 1 1 2 2 1 1 1 1 1 1 2 1 1 1 1 1 2 2 2 1 1 1 1 1 1 1 1 1 2 1 1 1 1 1 1 1 1 1 1 1 1 1 1 1 1 2 1 1 1 1 1 1 1 1 1 1 1 1 1 2 2 2 1 1 1 1 1 1 1 1 1 2 2 2 1 1 1 1 1 1 1 1 1 1 1 1 1 1 1 1 1 1 1 1 1 1 2 1 2 2 1 1 1 1 1 2 2 1 1 1 1 1 1 1 1 1 1 1 1 1 1 1 1 1 1 1 2 2 2 2 2 2 2 2 2 2 2 2 1 1 1 1 1 2 1 1 1 2 2 2 2 2 2 2 2 2 2 2 2 2 2 2 2 2 2 3 3 3 3 3 3 3 3 3 2 3 3 3 3 3 3 3 2 3 3 3 3 3 3 2 3 3 3 3 3 2 2 2 2 2 2 2 2 3 3 2 2 2 3 3 2 2 2 2 2 2 2 2 2 2 2 2 2 2 2 2 2 2 2 2 
1 1 1 1 1 1 1 1 1 1 1 1 1 2 2 1 1 1 1 1 1 1 1 1 1 1 1 1 1 1 1 1 1 1 1 1 2 2 2 1 1 1 1 1 1 1 1 1 2 2 1 1 1 1 1 1 1 1 1 1 1 2 1 1 1 2 1 1 1 1 1 1 1 1 1 1 1 1 1 1 2 2 2 2 1 1 1 1 1 1 1 2 2 2 1 1 1 1 1 1 1 1 1 1 1 1 1 1 1 1 1 1 1 1 1 1 2 2 2 2 2 1 1 1 1 2 2 1 1 1 1 1 1 1 1 1 1 1 1 1 1 1 2 1 1 1 2 2 2 2 2 2 2 2 2 2 2 1 1 1 2 2 2 2 2 1 1 2 2 2 2 2 2 2 2 2 2 2 2 2 2 2 3 3 3 3 3 3 3 3 3 3 3 3 3 3 3 3 3 3 3 3 3 3 3 3 3 3 3 3 3 3 3 3 3 3 3 3 3 3 3 3 3 3 3 3 2 3 3 3 2 2 3 3 3 2 2 2 2 2 2 2 2 2 1 2 2 2 2 2 
1 1 1 1 1 1 1 1 1 1 1 1 1 2 2 2 1 1 1 1 1 1 1 1 1 1 1 1 1 1 1 1 1 1 1 1 1 2 1 1 1 1 1 1 1 1 1 1 2 2 2 1 1 1 1 1 1 1 1 2 2 2 1 1 1 2 1 1 1 1 1 1 1 1 1 1 1 1 1 1 2 2 2 2 1 1 1 1 1 1 1 2 2 2 1 1 1 1 1 1 1 1 1 1 1 1 1 1 1 1 1 2 1 1 1 1 2 2 2 2 1 1 1 1 1 1 1 2 2 1 1 1 1 1 1 1 1 1 1 1 1 1 2 1 1 1 1 2 2 2 2 2 2 2 2 2 2 2 2 2 2 2 2 2 2 2 2 2 2 2 2 2 2 2 2 2 2 2 2 2 2 3 3 3 3 3 3 3 3 3 3 3 3 3 3 3 3 3 3 3 3 3 2 3 3 3 3 3 3 3 3 3 3 3 3 3 3 3 3 3 3 3 3 3 3 3 3 3 3 3 2 2 3 3 3 2 2 2 2 2 2 2 2 2 2 2 2 2 3 3 
1 1 1 1 1 1 1 1 1 1 1 1 1 2 2 2 1 1 1 1 1 1 2 2 2 2 1 1 1 1 1 1 1 1 1 1 1 1 1 1 1 2 2 1 1 1 1 1 2 2 2 1 1 1 1 2 2 2 2 2 2 2 1 1 1 2 1 1 1 1 1 1 1 1 1 1 1 1 1 1 1 1 1 1 1 1 1 1 1 1 1 1 1 1 1 1 1 1 1 1 1 1 1 1 1 1 1 1 1 1 1 2 2 1 1 1 2 2 2 2 1 1 1 1 1 1 1 2 2 1 1 1 1 1 1 1 2 1 1 1 1 1 1 2 2 2 1 1 1 1 2 2 2 1 2 2 2 2 2 2 2 2 2 2 2 2 2 2 2 2 2 2 2 2 2 2 2 2 2 2 2 3 3 3 3 3 3 3 3 4 4 3 4 4 3 3 3 3 4 3 3 3 2 3 3 3 3 3 3 3 4 4 3 3 3 3 4 3 3 3 3 3 3 3 3 3 2 2 2 3 2 2 2 2 2 2 2 2 2 2 2 2 2 2 2 3 3 3 4 5 
1 1 1 1 1 1 1 1 1 1 1 1 1 2 2 2 1 1 1 1 2 1 1 1 2 2 2 1 1 1 1 1 1 1 1 1 1 1 1 1 1 2 2 2 1 1 1 2 2 2 1 1 1 1 1 1 1 1 1 1 1 1 1 1 1 2 1 1 1 1 1 1 1 1 1 1 1 1 1 1 1 1 1 1 1 1 1 1 1 1 1 1 1 1 1 1 1 1 1 1 1 1 1 1 1 1 1 1 1 1 1 2 2 1 1 1 2 2 2 2 1 1 1 1 1 1 1 1 1 1 1 2 1 1 1 2 2 2 1 1 1 1 1 2 2 2 1 1 1 1 2 2 2 1 1 2 2 2 2 2 2 2 2 2 2 2 2 2 2 2 2 2 2 2 2 2 2 2 3 3 3 3 3 3 3 3 3 3 4 4 4 4 4 4 3 3 3 4 4 4 4 4 3 3 3 3 3 3 3 3 4 4 3 3 3 3 4 3 3 3 3 3 3 3 3 3 2 2 2 3 2 2 2 3 2 2 2 2 2 2 2 2 2 2 2 3 4 4 5 6 
1 1 1 1 1 1 1 1 1 1 1 1 1 1 2 2 1 1 1 1 2 2 2 1 1 1 1 1 1 2 2 2 1 1 1 1 1 1 1 1 1 2 2 1 1 1 1 1 2 2 1 1 1 1 1 1 1 1 1 1 1 1 1 1 1 2 1 1 1 1 1 1 1 1 1 1 1 1 1 1 1 1 1 1 1 1 1 1 1 1 1 1 1 1 1 1 1 1 1 1 1 1 1 1 2 2 1 1 1 1 1 2 2 2 1 2 2 2 2 2 1 1 1 1 1 1 1 1 1 1 1 2 2 1 2 2 2 2 1 1 1 1 2 2 2 2 1 1 1 2 2 2 2 1 1 2 2 2 2 2 2 2 2 2 2 2 2 2 2 2 2 2 2 2 2 2 3 3 3 3 3 3 3 3 3 3 3 3 4 4 4 3 4 4 4 3 4 5 6 6 6 5 4 4 3 3 3 3 3 3 4 4 3 3 3 3 3 3 3 3 3 3 3 3 3 3 2 2 2 3 3 3 3 3 2 2 2 2 2 2 2 2 2 2 3 5 6 6 7 8 
1 1 1 1 1 1 1 1 1 1 1 1 1 1 1 2 1 1 1 2 2 2 2 2 1 1 1 1 1 2 2 2 1 1 1 1 1 1 1 1 1 1 1 1 1 1 1 1 1 1 1 1 1 1 1 1 1 1 1 1 1 1 1 1 1 2 1 1 1 1 1 1 1 1 1 1 2 1 1 1 1 1 1 1 1 1 1 1 1 1 1 1 1 1 1 1 1 2 1 1 1 1 1 2 2 2 2 1 1 1 1 2 2 2 2 2 2 2 2 2 2 1 1 1 1 1 2 2 1 1 2 2 2 2 2 2 2 2 1 1 1 2 2 2 2 2 2 2 2 2 2 2 2 1 1 2 2 2 2 2 2 2 2 2 2 2 2 2 2 2 2 2 2 2 2 3 3 3 3 3 3 3 3 4 4 4 4 4 4 4 4 3 4 4 4 5 7 8 9 9 8 7 5 4 4 3 3 4 4 4 4 4 3 3 3 3 3 3 3 3 3 3 3 3 3 3 2 2 2 3 3 3 3 3 2 2 2 2 2 2 2 2 2 3 4 6 7 7 8 9 
1 1 1 1 1 1 1 1 1 1 1 1 1 1 1 2 2 1 2 2 2 2 2 2 2 1 1 1 1 1 2 1 1 1 1 1 1 1 1 1 1 1 1 1 1 1 1 1 1 1 1 1 1 1 1 2 2 2 2 2 2 2 1 1 1 2 1 1 1 1 1 1 1 1 1 1 1 1 1 1 1 1 1 1 1 1 1 1 1 1 1 1 1 1 1 1 1 2 1 1 1 1 1 2 2 2 2 1 1 1 1 2 2 2 2 2 2 2 2 2 2 1 1 1 1 1 2 2 2 2 2 2 2 2 2 2 2 2 1 1 1 2 2 2 2 2 2 2 2 2 2 2 2 1 2 2 2 2 2 2 2 2 2 2 2 2 2 2 2 2 2 2 2 2 3 3 3 3 3 3 3 4 4 4 4 4 4 4 4 5 5 4 4 5 5 9 12 13 13 13 11 8 6 5 4 3 4 4 4 4 4 4 4 3 3 3 3 3 3 3 3 3 3 3 3 3 2 2 2 3 3 3 3 2 2 2 2 2 2 2 2 2 3 4 6 7 8 7 8 8 
1 1 1 1 1 1 1 1 1 1 1 1 1 1 2 2 2 1 1 2 1 2 2 3 3 2 2 1 1 1 1 1 1 1 1 1 1 1 1 1 1 2 2 1 1 2 2 2 1 1 1 1 1 2 2 2 2 2 2 2 2 2 1 1 1 2 1 1 1 1 1 1 1 1 1 1 1 1 1 1 1 1 1 1 1 1 1 1 1 1 1 1 1 1 1 1 1 2 1 1 1 1 1 2 1 1 1 2 2 2 2 1 2 2 2 2 2 1 2 2 2 2 1 1 1 1 2 2 2 2 2 2 2 2 2 2 2 2 1 2 2 2 2 2 2 2 2 2 2 2 2 2 2 2 2 2 2 2 2 2 2 2 2 2 2 2 2 2 2 2 2 2 2 2 3 3 3 3 3 3 4 5 5 5 5 5 5 5 5 7 6 6 6 7 8 12 16 16 15 15 13 10 6 5 4 4 4 4 4 4 4 4 4 3 3 4 3 3 3 3 3 3 3 3 3 3 2 2 2 3 3 3 2 2 2 2 2 2 2 2 2 2 3 4 7 8 8 7 7 8 
1 1 1 1 1 1 1 1 1 1 1 1 1 1 2 2 2 1 1 2 1 1 2 2 2 3 3 1 1 1 1 1 1 1 1 1 1 1 1 1 1 2 1 1 1 2 2 2 1 1 1 1 2 2 2 1 1 1 1 1 1 1 1 1 1 2 1 1 1 1 1 1 1 1 1 1 1 1 1 2 2 2 2 2 1 1 1 1 1 2 1 1 1 1 1 1 1 1 1 1 1 1 1 1 1 1 1 2 2 2 2 1 2 2 2 2 2 1 2 2 2 2 2 2 2 1 1 2 1 1 1 2 2 2 1 2 2 2 1 2 2 2 2 2 2 2 2 2 2 2 2 2 2 2 2 2 2 2 2 2 2 2 2 2 2 2 2 2 2 2 2 2 2 2 3 3 3 3 4 4 4 5 5 6 6 6 6 6 6 8 8 7 7 9 10 14 17 17 15 15 13 9 6 5 4 4 4 4 4 4 4 4 4 3 3 4 3 3 3 4 4 3 3 3 3 3 2 2 2 3 3 2 2 2 2 2 2 2 2 2 3 3 4 5 7 8 8 7 7 8 
1 1 1 1 1 1 1 1 1 1 1 1 1 2 2 2 2 1 1 2 1 1 1 1 2 2 3 1 1 1 1 1 1 1 1 1 1 1 1 1 1 1 1 1 1 1 1 2 1 1 1 1 2 2 2 1 1 1 1 1 1 1 1 1 1 2 1 1 1 1 1 1 1 1 1 1 1 1 2 2 2 2 2 2 1 1 1 1 1 2 1 1 1 1 1 1 1 1 1 1 2 1 1 1 1 1 1 2 2 2 2 1 2 2 2 2 2 1 2 2 2 2 2 2 2 1 1 1 1 1 1 2 2 1 1 2 2 2 1 2 2 2 2 2 2 2 2 2 2 2 2 2 2 2 2 2 2 2 2 2 2 2 2 2 2 2 2 2 2 2 2 2 2 3 3 3 3 3 4 4 4 6 6 6 6 6 6 6 6 8 8 7 8 10 11 13 17 16 13 14 13 9 6 4 4 4 4 4 4 4 4 4 4 3 3 4 4 3 3 4 4 4 3 3 3 3 2 2 2 3 2 2 2 2 2 2 2 2 2 3 3 3 4 5 6 8 8 7 8 8 
1 1 1 1 1 1 1 1 1 1 1 1 1 2 1 1 2 2 2 1 2 2 1 1 1 2 2 3 1 1 2 1 1 2 2 2 1 1 1 1 1 1 1 1 2 2 2 2 1 1 1 1 1 1 2 2 2 2 1 1 1 1 1 1 2 2 2 2 1 1 1 1 1 1 1 1 1 1 1 1 1 1 1 2 1 1 1 1 1 2 1 1 1 1 1 1 1 1 1 1 1 2 2 2 1 1 1 1 1 2 2 1 1 1 1 1 1 1 1 2 2 2 1 2 2 2 1 1 1 1 1 1 1 1 1 1 1 2 2 2 2 2 2 2 2 2 1 1 1 1 2 2 2 2 2 2 2 2 2 1 2 2 2 2 2 2 2 2 2 2 2 2 2 3 2 3 3 3 4 4 4 4 8 9 8 8 9 9 8 11 11 10 9 11 11 15 16 17 17 15 11 8 5 4 4 4 4 5 5 4 4 4 4 4 4 4 4 4 4 4 4 3 3 3 3 4 4 4 4 3 3 3 3 3 3 2 2 2 3 3 3 3 4 4 6 7 7 8 8 8 
1 1 1 1 1 1 2 1 1 1 1 1 2 2 1 1 2 2 2 1 1 1 1 1 1 2 2 3 2 1 1 2 1 1 1 1 1 1 1 1 1 1 1 1 2 2 2 2 1 1 1 1 1 1 2 2 2 2 1 1 1 1 1 1 2 2 2 2 2 1 1 1 1 1 1 1 1 1 1 1 1 1 1 1 1 1 1 1 1 1 1 1 1 1 1 1 1 1 1 1 1 2 2 2 2 2 1 1 1 1 1 1 1 1 1 1 1 1 1 2 2 2 1 1 2 2 1 1 1 1 1 1 1 1 1 1 1 1 2 2 2 2 2 2 2 2 2 1 1 2 2 2 2 2 2 2 2 2 2 1 2 2 2 2 2 2 2 2 2 2 2 2 3 3 3 3 3 4 4 5 5 6 10 11 10 12 13 11 11 13 13 11 11 12 12 16 15 15 14 12 9 6 5 4 4 4 4 5 5 4 4 4 4 4 4 4 4 4 4 4 4 4 3 4 4 5 5 5 4 4 4 4 3 3 3 3 2 2 2 3 3 3 3 4 5 5 6 7 8 7 
1 2 1 1 1 1 2 2 1 1 1 1 2 2 1 1 2 2 2 1 1 1 1 2 1 2 2 3 3 2 1 1 2 1 1 1 1 1 1 1 1 1 1 1 1 2 2 2 1 1 1 1 1 1 2 2 2 2 1 1 1 1 1 1 2 2 2 2 2 1 1 1 1 1 1 1 1 1 1 1 1 1 1 1 1 1 1 1 1 1 2 2 2 2 2 2 2 1 1 1 1 2 2 2 2 2 2 2 1 1 1 1 1 1 1 1 1 1 2 2 2 2 1 1 1 1 1 1 1 1 1 1 1 1 1 1 1 1 2 2 2 2 2 2 2 2 2 2 2 2 2 2 2 2 2 2 2 2 2 2 2 2 2 2 2 2 2 2 2 2 2 2 3 4 3 4 4 4 5 6 6 8 10 11 12 15 16 14 16 17 16 14 14 14 13 13 13 12 11 9 7 5 5 5 5 5 5 5 5 5 5 5 5 4 4 4 4 4 4 4 4 4 4 5 5 6 6 5 5 4 5 4 4 3 3 3 2 2 2 2 3 3 3 4 4 4 5 6 6 5 
2 2 2 2 1 1 2 2 1 1 1 1 1 2 1 1 2 2 1 1 1 1 2 2 2 2 2 2 4 3 1 1 1 2 2 1 1 1 1 1 1 1 1 1 1 2 2 2 1 1 1 1 1 1 2 2 2 2 1 1 1 1 1 1 1 2 2 2 2 1 1 1 1 1 1 1 1 1 1 1 1 1 1 1 1 1 1 1 1 1 2 2 2 2 2 2 2 1 1 1 1 2 2 2 2 2 2 2 1 1 1 1 1 1 1 1 1 1 2 2 2 2 1 1 1 1 1 2 2 1 1 1 1 1 1 1 1 1 2 2 2 2 2 2 2 2 2 2 2 2 2 2 2 2 2 2 2 2 2 2 2 2 2 2 2 2 2 2 2 3 3 3 3 4 4 4 4 5 6 7 7 8 11 12 14 18 21 20 21 21 20 18 18 16 14 10 9 9 8 7 6 5 5 5 5 5 5 5 5 5 5 5 5 4 4 4 4 4 4 4 4 5 5 6 6 6 6 6 5 5 5 5 4 4 4 3 3 2 2 2 2 3 3 3 4 4 4 4 4 3 
2 2 2 2 1 1 2 1 1 1 1 1 2 1 1 1 1 2 1 1 1 1 2 2 2 2 2 1 2 3 3 1 1 2 2 2 1 1 1 1 1 1 1 1 1 1 2 2 1 1 1 1 1 1 2 2 2 2 1 1 1 1 1 1 1 1 1 2 2 1 1 1 1 1 1 1 1 1 1 1 1 1 1 1 1 1 1 1 1 1 1 1 1 1 1 1 1 1 1 1 1 2 2 2 2 1 1 1 1 1 1 1 1 1 1 1 1 1 2 2 2 2 1 1 1 1 1 2 2 2 1 1 2 1 1 1 1 1 2 2 2 2 2 2 2 2 2 2 2 2 2 2 2 2 2 2 2 2 2 2 2 2 2 2 2 2 2 2 2 3 3 3 3 4 4 4 5 5 7 8 9 10 13 16 19 23 27 30 30 30 27 23 21 17 14 9 8 7 6 6 6 6 5 5 6 6 5 5 5 5 5 4 4 4 4 4 4 4 4 4 5 6 6 7 7 7 6 6 5 5 5 4 4 4 4 3 3 2 3 3 3 3 3 3 3 3 3 3 3 2 
2 2 2 2 1 1 1 1 1 1 2 2 2 1 1 1 1 2 1 1 2 2 2 1 1 2 2 1 1 2 4 3 2 1 1 1 1 1 1 1 1 1 1 1 1 1 1 1 1 1 1 1 1 1 2 2 2 2 2 1 1 1 1 1 1 1 1 2 2 1 1 1 1 1 1 1 1 1 1 1 1 1 1 1 1 1 1 1 1 1 1 1 1 1 1 1 1 1 1 1 1 2 2 2 1 1 1 1 1 1 1 2 2 2 2 2 2 2 2 2 2 2 1 1 1 1 1 2 2 2 2 1 2 2 1 1 1 1 2 2 2 2 2 2 2 2 2 2 2 2 2 2 2 2 2 2 2 2 2 2 2 2 2 2 2 2 2 2 2 3 3 3 3 4 5 5 5 6 7 9 10 12 17 22 26 32 41 50 56 52 43 32 24 18 14 10 9 7 7 6 6 6 6 6 6 6 5 5 5 5 5 4 4 4 4 4 4 4 5 5 6 7 7 7 7 7 6 6 5 5 4 4 4 4 4 4 3 2 3 3 3 2 3 3 2 2 2 2 2 2 
2 2 2 2 1 1 1 1 2 2 2 2 2 1 1 1 1 2 1 1 2 2 2 2 1 2 2 2 1 3 5 5 3 1 1 1 1 1 1 2 1 1 1 1 1 1 1 1 1 1 1 1 1 1 2 2 2 2 2 1 1 1 1 1 1 1 1 2 2 1 1 1 1 1 1 1 1 1 1 1 1 1 1 1 1 1 1 1 1 1 1 1 1 1 1 1 1 1 1 1 1 2 2 2 1 1 1 1 1 2 2 2 2 2 2 2 2 2 1 2 2 2 1 1 1 1 1 1 1 2 2 2 2 2 2 1 1 1 1 2 2 2 2 2 2 2 2 2 2 2 2 2 2 2 2 2 2 2 2 2 2 2 2 2 2 2 2 2 3 3 3 3 4 4 5 5 5 6 8 9 11 15 20 30 41 56 75 92 112 100 74 47 30 21 16 14 11 9 8 7 6 6 6 6 6 6 5 5 5 5 5 5 4 4 4 4 5 5 5 6 7 7 8 7 7 7 6 6 6 6 5 4 4 4 4 3 3 2 3 3 2 2 2 3 2 2 2 2 2 2 
2 2 2 1 1 1 1 2 2 2 2 1 1 1 1 1 1 2 1 1 1 2 2 2 1 1 1 2 3 5 6 5 4 2 1 1 1 1 1 2 1 1 1 1 1 1 1 1 1 1 1 1 1 1 2 2 2 2 2 2 1 1 1 1 1 1 1 1 2 1 1 1 1 1 1 1 1 1 1 1 1 1 1 1 1 1 2 1 1 1 1 1 1 1 1 1 1 1 1 1 1 2 2 2 1 1 1 1 2 2 2 2 2 2 2 2 2 2 1 2 2 2 1 1 2 2 1 1 1 2 2 2 2 2 2 1 1 1 1 2 2 2 2 2 2 2 2 2 2 2 2 2 2 2 2 2 2 2 2 2 2 2 2 2 2 2 2 2 3 3 4 4 4 4 5 5 6 7 9 10 12 18 25 39 63 95 130 156 181 159 113 65 38 26 21 16 14 11 9 8 7 6 7 6 6 6 5 6 6 5 5 5 5 5 4 4 5 5 6 7 7 8 8 7 7 7 6 6 6 6 5 5 4 4 4 3 3 2 2 2 2 2 2 2 2 2 2 2 2 2 
1 1 1 1 1 1 1 1 2 2 1 1 1 1 1 1 1 1 1 1 1 2 2 2 1 1 1 3 5 6 6 5 4 3 2 2 1 1 2 2 1 1 1 1 1 1 1 1 1 1 1 1 1 1 1 2 2 1 2 2 2 1 2 1 1 1 1 1 2 1 1 1 1 1 1 1 1 1 1 1 1 1 1 1 1 1 1 1 1 1 1 2 2 2 2 2 1 1 1 1 1 2 2 2 2 1 1 2 2 2 2 2 2 2 2 2 1 1 1 2 2 2 2 2 2 1 1 1 1 1 2 2 2 2 2 2 1 1 1 2 2 2 2 2 2 2 2 2 2 2 2 2 2 2 2 2 2 2 2 2 2 2 2 2 2 2 2 3 3 4 4 4 4 4 5 6 6 7 9 11 13 20 28 50 98 152 189 210 220 203 163 97 49 34 25 17 14 12 10 9 8 7 7 6 6 5 5 5 5 5 5 5 5 5 5 5 5 6 7 7 8 8 8 8 7 7 6 6 6 6 5 5 4 4 4 3 3 2 2 2 2 2 2 2 2 2 2 2 2 2 
1 1 1 1 1 1 1 1 1 1 1 1 1 1 1 1 1 1 2 2 2 1 2 2 1 1 2 6 5 5 6 5 4 3 3 2 1 1 2 2 2 1 1 1 1 1 1 1 1 1 1 1 1 1 1 1 1 1 1 2 2 2 2 2 1 1 1 1 2 1 1 1 1 1 1 1 1 1 1 1 1 1 1 2 1 1 1 1 1 2 1 1 1 2 1 1 1 1 1 1 1 2 2 2 2 1 1 1 2 2 2 2 2 2 2 2 1 1 1 2 2 2 2 2 1 1 1 1 1 1 1 1 2 2 2 2 2 2 2 2 2 2 2 2 2 2 2 2 2 2 2 2 2 2 2 2 2 2 2 2 2 2 2 2 2 3 3 3 3 4 4 4 4 4 6 6 6 7 9 12 14 21 33 66 139 202 221 228 221 217 195 121 55 35 22 15 13 11 9 8 8 8 6 6 5 5 5 5 5 5 5 5 4 5 5 5 5 6 7 8 8 8 8 8 7 7 7 6 6 5 5 5 4 4 4 3 2 2 2 2 2 2 2 2 2 2 2 2 2 2 
1 1 1 1 1 1 1 1 1 1 1 1 1 1 1 1 1 1 1 2 2 2 2 1 1 2 3 7 6 5 5 6 4 3 3 2 2 1 1 2 2 1 1 1 1 1 1 1 1 1 1 1 1 1 1 1 1 1 1 2 2 2 2 2 1 1 1 1 2 1 1 1 1 1 1 1 1 1 1 2 2 2 2 1 1 1 1 1 1 1 1 1 2 2 2 1 1 1 1 1 1 2 2 2 1 1 1 1 2 2 2 2 2 2 2 2 2 2 1 1 2 2 2 2 2 2 2 2 2 2 2 2 2 2 2 2 2 2 2 1 2 2 2 2 2 2 2 2 2 2 2 2 2 2 2 2 2 2 2 2 2 3 3 3 3 3 3 3 3 3 4 4 4 5 6 7 7 9 11 14 17 24 38 79 161 215 222 226 214 211 182 107 49 27 16 12 10 9 8 7 7 7 6 6 5 5 5 5 5 5 5 4 4 5 5 5 6 6 7 8 8 8 8 8 7 7 7 6 6 5 5 5 4 4 3 3 2 2 2 2 2 2 2 2 2 2 2 2 2 2 
2 2 2 2 2 2 1 1 1 1 1 1 1 1 1 1 1 1 1 2 2 2 2 1 1 3 5 8 6 5 5 6 5 4 3 3 3 2 1 1 2 1 1 1 1 1 1 1 1 1 1 1 1 1 1 1 1 1 1 2 2 2 2 2 1 1 1 1 2 1 1 1 1 1 1 1 2 2 2 2 2 2 2 1 1 1 1 1 1 1 1 1 2 2 2 1 1 1 1 1 2 2 2 2 1 1 1 1 2 2 1 1 1 2 2 2 2 2 1 1 2 2 2 2 2 2 2 2 2 2 2 2 2 2 2 2 2 2 2 2 2 2 2 2 2 2 2 2 2 2 2 2 2 2 2 2 2 2 2 2 3 3 3 3 3 3 3 3 3 3 3 4 5 5 6 7 8 9 12 15 19 22 34 72 146 201 211 220 206 193 155 86 44 24 17 12 10 8 7 6 7 7 6 5 5 5 5 5 5 4 4 4 4 5 5 5 6 6 7 7 8 8 8 8 7 7 6 6 6 5 5 4 4 4 3 3 2 2 2 2 2 2 2 2 2 2 2 2 2 2 
1 1 1 1 1 1 1 1 1 1 1 1 1 1 1 1 1 1 1 1 2 2 1 1 2 4 7 6 6 5 5 5 6 6 3 4 3 2 1 1 2 1 1 1 1 1 1 1 1 1 1 1 1 1 1 1 1 1 1 2 2 2 2 2 1 1 1 1 2 1 1 1 1 1 1 1 1 1 1 1 1 1 1 1 1 1 1 1 1 1 1 1 2 2 2 1 1 1 1 1 2 2 2 2 2 1 1 1 2 2 2 1 1 1 1 2 2 2 1 2 2 2 2 2 2 2 2 2 2 2 2 2 2 2 2 2 2 2 2 2 2 2 2 2 2 2 3 2 2 2 2 2 2 2 2 2 2 2 2 2 3 3 3 3 3 3 3 3 3 3 3 4 5 6 6 7 8 9 11 14 17 19 29 49 93 144 166 178 181 145 107 59 37 25 22 14 12 9 7 6 6 6 6 5 5 5 5 5 5 4 4 4 4 5 5 5 5 6 6 7 7 8 8 7 7 7 6 6 5 5 5 4 4 3 3 3 2 2 2 2 2 2 2 2 2 2 2 2 2 2 
1 1 1 1 1 1 1 1 1 1 1 1 1 1 1 1 1 1 1 1 2 2 2 1 3 5 9 6 6 6 5 5 5 6 3 4 4 3 2 1 1 1 1 1 1 1 1 1 2 2 1 1 1 1 1 1 1 1 1 2 2 2 1 1 1 1 1 1 2 1 1 1 1 1 1 1 1 1 1 1 1 1 1 1 1 1 2 1 1 1 1 2 2 2 2 2 1 1 1 2 2 2 2 2 2 2 1 2 2 2 2 2 1 1 1 2 2 2 2 2 2 2 2 2 2 2 2 2 2 2 2 2 2 2 2 2 2 2 2 2 2 2 2 2 2 2 3 2 2 2 2 2 2 2 2 2 2 2 2 3 3 3 3 3 3 3 3 3 3 3 4 4 5 6 6 7 8 9 10 13 15 20 29 34 48 76 94 99 131 78 59 37 27 20 20 14 12 10 8 7 6 6 6 5 5 5 5 5 5 4 4 4 4 4 5 5 5 5 6 6 7 7 7 7 7 7 6 6 5 5 5 4 4 3 3 3 2 2 2 2 2 2 2 2 2 2 2 2 2 2 
2 2 2 2 2 2 1 1 1 1 1 1 1 1 1 1 1 1 1 1 2 2 2 2 4 7 9 7 7 7 6 5 4 5 3 3 3 3 3 2 1 2 2 2 2 2 2 2 1 1 1 1 1 1 1 1 1 1 1 2 2 2 1 1 1 1 1 2 2 2 2 2 2 2 2 2 2 2 2 2 2 2 2 1 1 2 2 2 1 1 2 2 2 2 2 2 2 2 2 2 2 2 2 2 2 2 1 2 2 2 2 2 2 1 1 1 2 2 2 2 2 2 2 2 2 2 2 2 2 2 2 2 2 2 2 2 2 2 2 2 2 2 2 2 2 2 2 2 2 2 2 2 3 2 2 2 2 2 3 3 3 3 3 3 3 3 3 4 4 4 4 4 5 6 7 7 8 9 10 12 13 17 26 27 31 43 51 56 105 38 35 26 21 15 13 12 11 9 8 7 7 7 6 6 5 5 5 5 5 5 4 4 4 4 4 4 5 5 5 6 6 7 7 7 7 7 6 6 5 5 5 4 3 3 3 2 2 2 2 2 2 2 2 2 2 2 2 2 2 2 
2 2 2 2 2 2 1 1 1 1 1 1 1 1 1 1 1 1 1 1 1 2 2 3 5 8 8 8 7 6 6 6 5 4 4 3 3 3 4 3 2 1 1 1 1 1 1 1 1 1 1 1 1 1 2 1 1 1 1 2 2 2 1 1 1 2 2 2 2 2 2 2 2 2 2 2 2 2 2 1 1 1 1 1 1 2 2 2 1 1 2 2 2 2 2 2 2 2 2 2 2 2 2 2 2 2 1 2 2 2 2 2 2 1 1 1 2 2 2 2 2 2 2 2 2 2 2 2 2 2 2 2 2 2 2 2 2 2 2 2 2 2 2 2 2 2 2 2 2 2 2 3 3 2 2 2 2 2 3 3 3 3 3 3 3 3 3 4 4 4 4 5 5 5 6 7 8 8 9 11 12 14 19 23 27 28 31 46 112 23 26 23 17 13 10 9 9 8 8 7 7 7 6 6 5 5 5 5 5 5 5 4 4 4 4 4 4 5 5 5 6 6 6 7 7 6 6 6 5 5 4 4 3 3 3 2 2 2 2 2 2 2 2 2 2 2 2 2 2 2 
1 1 1 1 1 1 1 1 1 1 1 1 1 1 1 1 2 1 1 1 1 2 2 3 7 8 7 8 6 6 7 9 6 3 5 3 2 3 4 3 2 1 1 1 1 1 1 1 1 1 1 1 2 2 2 1 1 1 1 2 2 2 1 1 1 2 2 2 2 2 2 2 2 2 2 2 1 1 1 1 1 1 1 1 2 2 2 2 2 1 2 2 2 2 2 2 2 2 2 2 2 2 2 2 2 1 1 1 2 2 2 2 2 1 1 1 2 2 1 2 2 2 2 2 2 2 2 2 2 2 2 2 2 2 2 2 2 2 2 2 2 2 2 2 2 2 2 2 3 3 3 2 2 3 2 2 2 2 3 3 3 3 3 3 3 3 3 4 4 5 5 5 5 5 5 6 7 7 8 10 11 15 15 19 24 20 20 43 132 18 20 19 14 13 10 9 9 9 9 8 7 6 6 6 6 5 5 5 5 5 5 4 4 4 4 4 4 4 4 5 5 6 6 7 7 6 6 6 5 5 4 4 3 3 3 2 2 2 2 2 2 2 2 2 2 2 2 2 2 2 
1 2 2 2 1 1 1 1 1 1 1 1 1 1 1 1 1 2 2 1 2 2 2 4 10 6 11 6 8 7 4 9 5 5 7 4 5 5 3 5 6 1 2 2 2 2 1 1 1 1 1 1 1 1 1 2 1 1 1 1 1 2 1 1 1 2 2 2 2 1 1 1 1 1 1 1 1 1 1 1 1 1 1 1 1 1 1 1 1 1 2 2 2 2 2 2 2 1 1 2 2 2 2 2 2 2 2 2 2 2 2 2 2 2 2 2 2 2 2 2 2 2 2 2 2 2 2 2 2 2 2 2 2 2 2 2 2 2 2 2 2 2 2 2 2 2 2 2 2 2 2 2 2 3 2 2 2 3 3 3 3 3 3 4 4 4 4 5 5 5 5 6 6 7 6 7 8 9 9 9 10 12 14 17 17 19 19 30 117 18 14 14 13 12 10 8 8 8 8 7 7 7 6 6 6 5 4 4 4 5 5 4 4 3 4 4 4 4 4 4 4 4 4 5 5 5 5 4 3 4 2 3 3 3 3 3 2 2 2 2 2 2 2 2 2 2 2 2 2 2 
1 2 2 2 1 1 1 1 1 1 1 1 2 1 1 1 1 2 1 1 2 2 2 4 8 6 9 6 8 7 5 6 3 4 6 3 5 5 3 4 6 2 2 1 1 1 1 1 1 1 1 1 1 1 1 2 1 1 1 1 1 2 1 1 1 2 2 2 2 1 1 1 1 2 2 2 1 1 1 1 1 1 1 2 2 2 2 2 2 2 2 2 2 2 2 2 2 1 1 2 2 2 2 2 2 2 2 2 2 2 2 2 2 2 2 2 2 2 2 2 2 2 2 2 2 2 2 2 2 2 2 2 2 2 2 2 2 2 2 2 2 2 2 2 2 2 2 2 2 2 2 2 2 2 2 2 3 3 3 3 3 3 3 4 4 4 4 4 5 5 5 6 6 7 7 8 9 9 9 9 10 11 12 14 15 17 17 27 108 15 12 13 13 12 10 9 9 9 9 8 7 7 6 6 6 5 5 5 6 7 6 5 4 4 4 4 4 4 4 4 4 4 4 4 4 4 3 3 3 3 2 3 3 3 3 3 2 2 2 2 2 2 2 2 2 2 2 2 2 2 
1 2 2 2 1 1 1 1 1 1 1 1 2 1 1 2 2 1 1 1 2 1 2 5 7 7 7 6 7 7 8 5 2 5 4 2 4 4 2 3 4 5 3 2 1 1 1 2 1 1 1 1 1 1 1 1 1 1 1 1 1 1 1 1 1 2 2 2 2 1 1 2 2 2 2 2 1 1 1 1 1 1 1 2 2 2 2 2 2 2 2 2 2 2 2 2 2 1 2 2 2 2 2 2 2 2 2 2 2 2 2 2 2 2 2 2 2 2 2 2 2 2 2 2 2 2 2 2 2 2 2 2 2 2 2 2 2 2 2 2 2 2 2 2 2 2 2 2 2 2 3 3 3 2 3 3 3 3 3 4 3 3 3 4 4 4 4 4 5 5 6 6 7 7 9 9 9 8 8 8 9 10 10 12 12 16 15 23 102 13 11 12 13 12 10 9 8 9 9 8 7 7 6 6 6 6 7 7 8 8 8 7 6 4 4 4 3 3 3 3 3 3 3 3 4 3 2 3 3 3 3 3 3 2 3 3 2 2 2 2 2 2 2 2 2 2 2 2 2 2 
1 2 2 2 1 1 1 1 1 1 1 1 1 1 1 2 2 1 1 1 2 1 2 6 6 8 5 7 6 6 11 5 4 7 3 2 5 5 2 3 4 7 4 2 2 1 1 1 1 1 1 1 1 1 1 1 1 1 1 1 1 1 1 1 1 2 2 2 2 1 1 1 2 2 2 2 1 1 1 1 1 1 1 2 2 2 2 2 2 2 2 2 2 2 2 2 2 2 2 2 2 2 1 2 2 2 2 2 2 2 2 2 2 2 2 2 2 2 2 2 2 2 2 2 2 2 2 2 2 2 2 2 2 2 2 2 2 2 2 2 2 2 2 2 2 2 2 3 3 3 3 3 3 2 3 3 3 3 3 3 3 3 4 4 4 4 4 4 5 6 7 7 7 7 9 9 8 7 7 8 9 9 9 10 11 14 14 21 97 12 10 11 13 12 11 10 9 9 9 8 7 7 7 7 7 7 8 9 9 9 9 8 7 5 5 4 3 3 3 3 3 3 3 3 4 3 2 4 6 4 3 3 3 2 3 3 2 2 2 2 2 2 2 2 2 2 2 2 2 2 
1 2 2 2 1 1 1 1 1 1 1 1 1 1 2 2 2 1 1 2 2 1 3 7 6 8 5 8 5 6 11 5 6 10 3 3 7 6 3 4 6 6 3 3 2 1 1 1 1 1 1 1 1 1 1 1 1 1 1 1 1 1 1 1 1 2 2 2 2 1 1 1 1 1 2 2 1 1 1 1 1 1 1 2 2 2 2 2 2 2 2 2 2 2 2 2 2 2 2 2 2 2 1 2 2 2 1 1 1 2 2 2 2 2 2 2 2 2 2 2 2 2 2 2 2 2 2 2 2 2 2 2 2 2 2 2 2 2 2 2 2 2 2 2 2 2 2 2 3 3 3 3 3 3 3 3 3 3 3 3 4 4 4 4 4 4 4 5 5 6 7 8 8 8 8 8 7 6 6 7 9 9 8 9 10 13 13 20 91 12 10 11 12 12 12 12 11 10 10 9 9 10 9 8 7 8 9 10 10 9 9 9 7 6 5 4 3 3 3 3 3 3 3 2 3 3 2 5 6 5 3 3 3 2 2 3 2 2 2 2 2 2 2 2 2 2 2 2 2 2 
1 2 2 2 1 1 1 1 1 1 1 1 1 1 2 2 2 1 1 2 2 2 3 7 7 7 5 8 4 5 10 4 6 10 3 4 8 7 2 4 7 4 2 3 3 2 2 1 1 1 1 1 1 1 1 1 1 1 1 1 1 1 1 1 1 2 2 2 2 1 1 1 1 1 1 1 1 1 1 1 2 2 2 2 2 2 2 2 2 2 2 2 2 2 2 2 2 2 2 2 2 2 2 2 2 1 1 1 1 1 2 2 2 2 2 2 2 2 2 2 2 2 2 2 2 1 2 2 2 2 2 2 2 2 2 2 2 2 2 2 2 2 2 2 2 2 2 2 2 2 2 2 2 3 3 3 3 3 3 3 4 4 4 4 5 5 5 5 6 7 8 8 8 8 6 6 6 6 6 7 9 8 8 8 9 13 12 20 83 11 10 11 11 12 14 16 14 13 13 11 11 12 10 9 8 8 9 10 10 10 10 10 8 6 4 4 3 3 3 3 3 3 3 2 3 2 2 4 5 3 2 3 3 2 2 2 2 2 2 2 2 2 2 2 2 2 2 2 2 2 
1 2 2 2 1 1 1 1 1 1 1 2 2 2 2 1 1 1 2 2 2 2 3 7 8 5 6 7 4 5 8 4 6 8 2 3 7 6 2 3 6 5 1 3 4 2 3 1 1 1 1 1 1 1 1 1 1 1 1 1 1 1 1 1 1 2 2 2 2 1 1 1 1 1 1 2 1 1 1 2 2 2 2 2 2 2 2 2 2 2 2 2 2 2 2 2 2 2 2 2 2 2 2 2 2 2 2 1 2 2 2 2 2 2 2 2 2 2 2 2 2 2 2 2 2 1 1 2 2 2 2 2 2 2 2 2 2 2 2 2 2 2 2 2 2 2 2 2 2 2 2 2 2 3 3 3 3 3 3 3 4 4 5 5 5 5 5 6 6 7 7 7 8 8 6 6 6 6 6 7 8 8 8 8 9 11 12 20 75 11 11 11 11 14 19 22 20 20 19 16 13 13 11 9 8 8 10 10 10 11 10 9 7 5 4 3 3 3 3 3 3 3 3 3 3 2 3 3 3 2 2 3 3 2 2 2 2 2 2 2 2 2 2 2 2 2 2 2 2 2 
1 2 2 2 1 1 1 1 1 1 1 1 1 2 2 1 1 2 2 2 2 2 2 6 9 4 7 5 4 6 7 3 6 8 2 3 7 5 1 2 6 8 2 3 4 4 4 2 1 1 1 1 1 1 1 1 1 1 1 1 1 1 1 1 1 2 2 2 2 1 1 1 1 2 2 2 1 1 1 2 2 2 2 1 1 1 1 1 1 1 2 2 2 2 2 2 2 2 2 2 2 2 2 2 2 2 2 2 2 2 2 2 2 2 2 2 2 2 2 2 2 2 2 2 2 1 1 2 2 2 2 2 2 2 2 2 2 2 2 2 2 2 2 2 2 2 2 2 2 2 2 2 2 3 3 3 3 3 4 4 5 5 5 5 5 6 6 6 6 6 7 7 7 7 6 6 6 6 6 7 8 7 8 8 8 10 11 20 71 11 13 13 13 18 25 31 31 32 31 24 18 16 12 9 8 8 10 10 10 10 10 8 6 5 4 3 3 3 3 3 3 3 3 4 3 3 4 4 3 2 2 3 3 2 3 2 2 2 2 2 2 2 2 2 2 2 2 2 2 2 
1 1 2 1 1 1 1 1 1 1 1 1 1 2 1 1 1 2 2 2 2 1 2 5 7 4 6 4 5 6 5 4 8 9 2 3 7 6 2 3 7 10 2 2 3 3 4 2 2 1 2 2 2 2 2 3 2 2 2 1 2 2 2 1 1 2 2 2 2 2 2 1 2 2 2 2 2 1 1 1 1 2 2 2 2 2 1 2 2 2 2 2 2 2 2 2 2 2 2 2 2 2 2 2 2 2 2 2 2 2 2 2 2 2 2 2 2 2 2 2 2 2 2 2 2 1 2 2 2 2 2 2 2 2 2 2 2 2 2 2 2 2 2 2 2 2 2 2 2 2 3 3 3 3 3 3 3 3 4 5 5 5 5 5 5 5 5 6 6 6 6 6 6 7 6 6 6 6 6 7 7 7 8 9 9 10 11 19 70 13 15 16 18 22 31 50 66 71 58 38 24 18 13 9 8 8 9 9 9 8 8 7 5 4 4 4 3 3 3 3 3 3 3 4 3 3 4 4 4 3 2 3 3 2 3 2 2 3 2 2 2 3 3 2 2 2 2 2 2 2 
1 1 1 1 1 1 1 1 2 1 1 1 1 2 1 1 2 2 2 3 2 2 4 4 3 4 4 2 6 6 3 5 10 8 2 3 8 7 3 3 7 9 3 2 2 2 5 4 3 2 3 4 4 4 5 5 2 3 2 2 4 4 2 1 1 2 2 2 2 2 2 1 1 1 2 2 2 2 1 1 1 2 2 2 2 2 2 2 2 2 2 2 2 2 2 2 2 2 2 2 2 1 1 1 1 1 1 2 2 2 2 2 2 2 2 2 2 2 2 2 2 2 2 2 2 2 2 2 2 2 2 2 2 2 2 2 2 2 2 2 2 2 2 2 2 2 2 2 3 3 3 3 3 4 3 3 3 4 4 5 5 5 5 6 5 5 5 6 6 6 6 6 6 6 6 6 6 6 6 6 6 7 8 9 9 9 10 16 64 14 16 18 25 29 50 98 137 146 118 72 35 21 15 11 8 9 9 8 7 7 6 5 4 4 4 4 4 4 4 4 3 3 3 3 3 5 4 3 4 3 3 3 3 2 3 3 2 3 3 2 3 3 3 3 2 2 2 2 2 2 
1 1 1 1 1 1 2 1 2 1 1 2 2 2 3 3 4 4 5 8 6 6 8 6 4 5 6 3 6 7 4 5 8 7 2 3 6 6 3 3 5 7 3 3 3 4 7 6 5 4 5 7 7 7 9 10 3 3 3 3 5 5 3 2 1 2 2 2 2 2 1 1 1 1 1 2 2 2 2 2 2 2 2 2 2 2 2 2 1 1 2 2 1 1 1 2 2 2 2 2 2 2 2 2 2 2 2 2 2 2 2 2 2 2 2 2 2 2 2 2 2 2 2 2 2 2 2 2 2 2 2 2 2 2 2 2 2 2 2 2 2 3 3 3 2 2 2 3 3 3 3 3 4 4 4 4 4 4 5 6 5 5 6 6 6 5 5 6 6 6 6 6 6 6 6 6 6 6 6 6 6 6 8 8 9 9 9 15 53 14 15 19 28 43 97 172 203 208 185 121 54 24 19 13 10 9 9 7 7 6 6 5 5 4 4 4 3 4 4 4 4 3 2 3 4 7 5 3 3 3 3 3 3 3 3 3 3 3 3 3 3 4 4 4 3 3 3 3 3 3 
1 1 1 1 1 1 2 1 2 1 2 4 4 4 8 9 10 10 11 14 12 12 13 8 4 5 8 3 6 7 4 4 7 6 3 3 5 5 3 3 5 7 5 6 6 7 9 9 9 8 9 11 11 11 14 13 4 2 3 3 5 5 3 2 1 2 2 2 2 1 1 1 1 1 1 2 2 2 2 2 2 2 2 1 2 2 2 2 1 1 2 2 1 1 1 2 2 2 2 2 2 2 2 2 2 2 2 2 2 2 2 2 2 2 2 2 2 2 2 2 2 2 2 2 2 2 2 2 2 2 2 2 2 2 2 2 2 2 2 2 3 3 3 3 3 3 3 3 3 3 3 4 4 4 4 4 4 5 6 6 6 6 6 6 6 6 6 5 5 6 6 6 6 6 6 7 6 7 7 7 7 7 9 9 10 10 10 15 45 15 15 20 30 54 144 223 223 216 203 144 64 28 22 15 11 10 9 8 7 6 6 5 5 4 4 4 4 4 3 4 4 4 4 5 4 4 3 3 3 3 3 3 3 3 3 3 3 2 2 3 3 4 5 4 2 2 2 2 2 2 
1 1 1 1 1 2 2 1 2 2 3 7 9 10 15 13 17 16 15 15 16 14 14 9 5 6 7 3 5 7 5 4 6 5 5 4 6 7 5 6 7 9 9 10 10 9 10 11 11 10 11 13 13 13 16 13 4 2 4 4 3 3 4 2 1 1 1 1 1 1 1 1 1 1 1 1 1 2 2 2 2 2 1 1 1 2 2 2 2 1 2 2 2 2 2 2 2 2 2 2 2 2 2 2 2 2 2 2 2 2 2 2 2 2 2 2 2 2 2 2 2 2 2 2 2 2 2 2 2 2 2 2 2 2 2 2 2 2 2 2 2 3 3 3 3 3 3 3 3 3 4 4 4 4 4 4 5 5 6 6 6 6 6 6 6 6 6 5 5 5 5 5 5 6 7 7 7 7 7 7 7 8 10 10 11 12 13 17 47 20 17 23 31 55 150 228 224 216 204 146 67 31 19 13 10 9 8 7 7 6 6 5 4 4 4 4 5 4 3 3 3 4 5 5 4 5 4 3 4 3 3 3 3 3 3 3 3 2 2 3 3 4 4 4 2 2 2 2 2 2 
1 1 1 2 2 2 1 1 1 2 4 11 14 14 15 10 18 19 14 11 14 11 11 9 6 6 6 4 6 8 6 5 7 7 9 7 9 11 9 10 10 10 12 12 12 12 11 12 13 12 13 14 13 14 15 11 4 4 7 6 3 2 6 3 1 1 1 1 1 1 1 1 1 1 1 2 1 2 2 2 2 2 1 1 1 2 2 2 2 2 2 2 2 2 2 2 2 2 2 2 2 2 2 2 2 2 2 2 2 2 2 2 2 2 2 2 2 2 2 2 2 2 2 2 2 2 2 2 2 2 2 2 2 2 3 2 2 2 3 2 2 3 3 3 3 3 3 3 3 3 4 4 4 4 4 4 5 5 6 6 6 6 6 6 6 6 6 5 5 5 5 5 6 6 7 7 7 7 7 7 7 8 11 11 11 13 13 16 49 23 19 26 32 49 112 187 206 209 189 125 55 25 18 12 9 8 7 6 6 5 5 5 4 4 4 4 4 4 4 4 3 3 3 5 9 15 10 4 4 5 3 4 3 3 3 3 3 3 2 3 3 4 4 3 3 3 3 3 3 3 
1 1 2 2 2 2 1 1 1 1 4 12 14 12 15 14 35 31 15 9 11 8 9 8 7 7 6 7 7 10 9 8 10 9 12 10 11 12 11 11 10 10 13 12 12 13 12 14 15 14 14 14 14 15 15 13 7 7 14 10 3 2 8 4 2 2 2 2 2 1 1 1 1 1 2 2 2 2 2 2 2 2 2 1 1 2 2 2 2 2 2 2 2 2 2 2 2 2 2 2 2 2 2 2 2 2 2 2 2 2 2 2 2 2 2 2 2 2 2 2 2 2 2 2 2 2 2 2 2 2 2 2 2 2 3 3 2 2 3 2 2 3 3 3 3 3 3 3 3 3 4 4 4 4 4 5 5 5 6 6 6 6 6 6 6 6 6 5 5 5 5 5 6 6 6 6 6 6 6 6 6 7 10 10 11 13 13 14 43 20 17 23 26 37 63 112 153 159 122 72 35 21 19 15 11 10 7 6 6 5 5 5 5 5 4 4 4 3 4 4 3 5 9 16 19 21 13 5 4 4 3 4 3 3 3 3 3 3 3 2 3 3 3 3 3 3 3 3 3 3 
1 1 2 2 2 2 1 1 1 1 4 12 15 12 18 21 50 37 13 9 9 7 8 9 8 9 8 11 9 10 11 10 11 10 12 10 11 11 10 11 10 10 14 11 12 15 13 15 15 15 15 15 16 16 16 15 11 12 19 13 3 4 10 5 2 2 2 2 2 1 1 1 1 2 2 2 2 2 1 1 1 2 2 2 2 1 1 1 1 2 2 2 1 1 1 2 2 2 2 2 2 2 2 2 2 2 2 2 2 2 2 2 2 2 2 2 2 2 2 2 2 2 2 2 2 2 2 2 2 2 2 2 2 2 3 3 2 2 3 2 3 3 3 3 3 3 3 3 4 4 4 4 4 5 5 5 5 5 5 5 6 6 6 6 6 6 6 5 5 5 5 6 6 6 6 6 6 7 7 7 7 8 11 10 11 13 14 15 37 17 13 17 19 29 34 85 139 139 88 47 28 24 18 15 13 11 9 7 7 6 6 5 5 5 5 5 5 4 3 3 3 8 20 33 23 17 12 8 8 6 6 6 6 5 5 5 4 6 5 4 4 4 4 4 5 5 5 5 5 5 
1 1 2 2 2 2 1 1 1 1 5 14 17 14 17 13 29 19 6 8 9 8 9 9 9 11 12 13 9 10 11 11 11 10 13 11 12 12 12 14 13 13 17 12 13 17 14 16 15 15 15 15 16 17 17 17 13 14 21 13 3 5 11 5 2 2 2 1 1 1 1 1 1 2 2 2 2 1 1 1 1 1 2 2 2 1 1 1 1 1 2 2 1 1 1 2 2 2 2 2 2 1 1 1 2 2 2 2 2 2 2 2 2 2 2 2 2 2 2 2 2 2 2 2 2 2 3 3 2 2 2 3 2 2 3 2 2 2 2 3 3 3 3 3 3 3 4 4 4 4 4 5 5 5 5 5 6 5 6 5 6 6 6 6 6 6 6 5 5 5 6 6 6 6 7 7 7 7 8 8 8 9 13 12 13 15 16 16 40 18 15 16 18 30 27 78 153 163 96 45 22 16 13 11 10 9 7 6 6 6 6 6 6 6 5 5 4 5 5 5 3 6 15 18 19 21 18 14 17 18 13 13 12 10 10 10 9 12 9 8 8 9 9 9 9 9 9 9 9 9 
1 1 2 1 1 1 1 1 1 2 4 9 13 9 8 6 6 5 4 10 8 9 10 11 10 11 11 12 11 12 12 12 12 12 13 13 13 13 13 14 14 12 13 13 13 14 15 16 14 14 15 15 16 16 16 14 9 10 12 8 3 2 9 6 3 1 2 2 1 1 1 1 2 2 2 1 2 1 1 1 1 1 1 1 1 1 1 1 2 2 2 2 2 2 2 2 2 2 2 2 2 2 2 2 2 2 2 2 2 1 1 2 2 2 2 2 2 2 3 3 2 2 2 2 2 2 2 2 2 2 2 2 2 2 2 2 2 3 3 3 3 3 3 3 3 3 3 3 4 4 4 5 5 5 5 6 6 6 6 6 6 6 6 6 6 6 6 6 6 6 6 6 5 5 6 7 8 8 8 9 10 11 13 14 14 16 16 12 37 16 13 15 19 25 23 49 90 119 114 63 36 28 17 14 11 8 7 7 8 6 6 6 6 5 5 5 4 4 5 6 7 9 18 20 23 26 20 18 19 14 9 14 16 13 12 11 9 16 8 14 10 9 9 8 8 9 9 8 8 8 
2 2 1 1 1 1 1 1 1 2 3 4 5 3 3 3 3 4 5 11 12 12 11 11 11 11 10 12 12 12 12 12 12 12 13 13 13 13 13 13 13 14 14 14 14 14 14 15 14 14 14 15 15 15 16 15 10 9 10 7 3 1 7 4 2 1 2 2 1 1 2 2 2 2 2 1 2 1 1 2 2 2 2 1 1 1 1 1 2 2 2 2 2 2 2 2 2 2 2 2 2 2 2 2 2 2 2 2 2 2 2 2 2 2 2 2 2 2 2 2 2 2 2 2 2 2 2 2 2 2 2 2 2 3 3 3 3 3 3 2 2 2 3 3 3 3 4 4 5 5 5 6 6 5 5 5 6 6 6 6 6 6 6 6 6 6 6 6 6 7 7 7 8 8 7 7 8 8 8 8 8 11 13 13 13 15 15 11 36 15 12 14 15 27 51 164 131 87 69 44 33 31 22 16 13 13 11 8 7 7 7 7 7 7 7 8 7 7 6 6 6 7 17 20 20 24 20 16 17 12 7 12 14 12 11 9 6 6 6 11 9 8 9 9 11 11 9 8 8 8 
2 2 1 1 1 1 1 1 2 2 2 2 2 2 4 4 4 4 7 12 12 11 11 11 12 12 11 12 12 12 12 12 12 12 12 12 12 13 13 13 13 15 15 14 14 14 14 14 14 14 14 13 14 14 14 15 10 7 7 6 4 2 6 3 1 1 2 1 2 2 2 2 2 2 2 1 1 1 1 1 2 2 2 2 2 2 2 2 2 2 2 2 2 2 2 2 2 2 2 2 2 2 2 3 2 2 2 2 2 2 2 2 2 2 2 2 2 2 2 2 2 2 3 3 3 2 2 3 3 3 3 3 3 3 4 3 3 3 4 4 4 4 4 5 5 5 4 5 5 5 5 5 6 7 7 7 7 7 7 7 8 8 7 7 7 7 7 8 8 8 8 8 8 8 9 10 10 9 9 8 9 11 13 13 13 15 16 13 33 17 14 16 16 37 112 123 85 56 37 31 46 74 34 17 11 12 11 10 9 10 9 8 8 8 8 8 7 7 6 6 5 9 20 24 22 27 25 20 21 18 7 11 13 13 13 11 8 5 7 11 16 16 17 15 14 14 13 11 12 13 
1 1 1 1 1 1 2 2 2 2 3 4 4 5 7 6 5 6 9 14 11 11 11 11 12 12 12 12 12 12 12 12 12 12 12 12 12 12 12 13 13 14 13 13 14 14 14 15 14 14 13 13 13 14 14 15 10 6 5 6 7 6 7 2 1 2 2 1 2 1 2 2 2 2 1 1 2 2 2 2 2 2 2 1 1 1 2 2 2 2 2 2 2 2 2 2 2 2 2 2 2 2 3 3 2 2 2 2 2 2 2 2 2 2 2 2 2 2 3 3 3 3 3 3 3 2 2 3 3 3 3 3 3 3 3 3 3 4 4 4 4 4 4 4 5 5 5 5 5 6 6 6 7 7 7 7 8 8 8 8 8 8 8 8 8 8 8 10 10 10 9 9 9 9 9 10 11 11 11 11 11 12 14 14 15 18 20 19 33 24 20 22 21 41 129 73 41 40 34 47 75 92 58 30 19 22 23 22 24 18 17 15 13 11 10 9 10 10 8 7 7 10 19 25 29 48 56 42 29 19 12 14 15 15 16 14 10 9 12 18 44 54 66 67 65 69 70 70 73 71 
1 1 1 1 2 2 2 2 2 2 3 5 7 5 7 5 5 6 8 12 12 13 13 12 11 11 11 11 11 11 11 11 11 11 11 12 12 12 12 12 12 12 12 12 12 13 14 14 14 14 13 13 14 14 15 14 10 6 5 6 8 9 6 2 1 2 2 1 2 1 1 1 1 1 1 1 2 2 2 2 2 2 2 2 2 2 2 2 2 2 2 2 2 2 2 2 2 2 2 2 2 2 2 2 2 2 2 2 2 2 2 2 2 2 2 2 2 2 3 3 3 3 3 3 3 3 3 3 3 4 4 4 4 4 5 5 5 6 7 7 7 7 7 8 8 8 8 9 9 10 11 12 12 13 13 13 14 14 14 14 15 16 16 17 17 18 18 21 22 23 24 26 28 29 34 37 40 42 44 46 49 61 65 67 70 76 83 85 97 98 89 88 86 98 165 136 94 113 106 126 156 158 144 114 110 121 121 112 111 100 99 96 91 83 75 71 48 44 34 30 27 24 29 25 30 51 63 51 39 29 15 15 16 16 17 16 14 25 31 44 94 104 128 142 110 113 112 113 116 115 
1 1 1 1 2 2 1 1 2 2 3 4 5 2 4 3 4 5 6 10 12 12 12 10 9 10 11 11 11 11 11 11 11 11 10 11 11 11 11 11 11 11 11 11 11 12 12 12 13 12 12 12 12 13 14 14 11 7 5 5 6 6 4 1 1 2 2 2 2 1 1 1 1 2 1 1 2 2 2 2 2 2 2 2 2 2 2 2 2 2 2 2 3 3 4 4 4 3 3 3 3 3 3 3 2 2 3 3 3 4 4 4 4 4 4 4 4 5 6 6 7 7 8 8 9 9 9 10 11 11 12 12 14 15 16 17 18 19 21 24 25 26 27 29 31 31 38 38 40 43 45 48 49 56 57 58 60 61 63 63 68 70 72 74 76 78 79 84 87 90 94 99 102 105 106 111 117 121 124 127 132 136 141 145 147 153 161 167 163 174 167 167 171 168 186 180 167 191 176 180 202 212 202 187 189 202 202 195 196 190 193 193 191 186 178 171 169 162 145 142 140 129 128 111 92 89 75 55 43 32 23 23 23 23 26 27 29 48 63 78 117 111 143 165 123 121 114 112 117 118 
1 1 1 1 2 2 1 1 1 2 2 2 2 1 2 2 3 4 6 15 15 12 10 9 9 10 11 10 10 10 10 10 10 10 9 9 9 9 10 10 10 10 10 10 10 11 11 12 11 11 11 11 11 13 13 16 10 6 4 3 3 3 2 1 1 2 2 2 2 1 1 2 2 2 2 2 2 2 2 2 2 2 2 2 2 2 2 2 3 3 3 4 5 5 6 7 8 7 7 7 7 7 7 8 8 8 9 10 11 12 12 14 14 14 15 16 16 17 18 18 19 20 22 23 24 25 25 26 28 30 30 31 34 37 39 41 42 45 47 48 49 52 55 58 61 63 67 68 71 75 78 82 83 90 92 95 97 101 103 105 112 114 116 119 122 125 126 134 135 137 140 143 145 147 149 155 160 163 165 167 171 173 178 182 184 186 192 199 182 191 192 195 207 204 183 197 198 203 207 208 210 202 211 210 209 210 217 223 227 219 222 225 227 228 227 225 232 232 219 224 228 219 219 194 180 181 161 133 110 81 42 40 36 32 29 30 32 50 67 76 90 92 147 166 126 122 116 115 120 120 
2 1 1 1 1 1 2 1 1 1 1 2 2 2 2 3 4 4 11 35 30 19 11 9 10 10 10 9 8 8 8 8 8 8 8 8 8 8 8 8 8 9 9 9 10 11 12 13 13 13 12 13 14 15 17 20 8 4 3 2 2 2 1 2 1 1 1 1 1 1 1 2 2 2 2 2 3 3 3 3 4 4 4 5 5 6 6 7 8 8 9 9 10 11 12 13 13 14 14 15 15 16 17 17 18 18 19 20 21 22 22 24 24 25 26 27 28 29 30 30 31 32 34 35 37 39 40 41 43 46 47 49 51 54 56 58 59 62 65 65 67 70 73 76 79 81 82 83 85 89 92 94 96 101 103 107 111 115 118 121 126 128 130 132 135 137 138 145 146 147 149 151 153 154 157 162 165 166 165 166 170 172 177 185 188 188 192 200 196 187 193 192 203 211 185 210 209 193 211 215 218 203 202 215 215 210 219 226 219 222 222 220 220 225 230 233 230 237 229 232 237 234 238 226 225 234 225 214 202 172 138 127 102 73 48 36 33 40 49 46 46 75 159 164 124 128 132 138 143 136 
2 2 1 1 1 1 2 2 2 1 1 2 2 2 2 3 5 7 31 109 92 46 12 9 9 8 8 7 7 7 7 7 7 7 8 8 8 8 9 9 9 9 9 10 11 12 13 15 17 16 17 17 19 21 22 22 7 2 2 2 2 2 2 2 2 2 2 2 2 2 3 3 4 4 4 4 5 6 6 7 7 8 8 10 11 12 13 14 14 15 15 16 17 17 18 19 19 21 21 22 23 23 24 25 26 26 27 27 28 28 28 28 29 30 31 32 33 34 34 35 36 36 38 40 43 45 46 48 51 53 55 57 57 60 62 64 66 68 70 72 75 77 80 83 84 86 89 91 94 96 98 101 104 109 112 116 120 123 127 131 136 135 138 140 143 142 150 154 147 149 156 158 164 153 170 162 169 171 170 179 177 176 170 184 188 186 184 170 194 189 201 198 194 216 198 199 221 204 209 202 215 230 210 217 224 207 219 218 218 230 206 228 223 222 210 200 233 231 235 227 231 227 235 235 232 231 226 232 238 230 237 223 195 158 127 110 104 96 79 52 34 59 147 155 113 112 130 160 167 164 
1 2 2 2 2 1 2 2 2 2 1 1 2 2 2 3 5 11 56 192 181 92 13 8 7 6 7 6 7 7 7 6 7 8 9 9 9 10 11 11 10 10 11 12 12 12 15 17 18 19 19 20 22 23 24 21 8 3 2 2 2 3 3 3 4 4 5 5 5 5 6 7 8 8 9 9 10 10 11 11 12 12 12 14 15 16 16 17 17 17 19 19 20 21 22 23 23 24 25 26 26 27 27 27 28 29 29 30 30 31 31 31 32 34 34 34 35 36 35 37 39 39 41 45 49 48 50 52 56 58 59 60 62 64 66 69 72 73 74 76 78 81 85 87 88 90 91 96 100 101 101 105 109 113 117 121 123 125 129 133 138 136 138 143 149 143 147 134 125 134 136 145 171 145 174 167 167 173 178 179 176 192 170 182 177 177 189 122 162 190 203 203 193 207 210 181 214 209 202 206 203 213 217 206 215 201 196 182 222 224 189 223 214 221 170 126 219 218 239 229 234 229 235 232 233 234 234 236 237 238 239 236 232 225 216 210 207 195 170 118 63 59 136 140 94 74 110 173 180 184 
2 2 3 3 2 2 2 2 2 2 2 2 2 2 2 3 5 11 51 157 198 128 17 7 6 6 4 6 7 8 9 9 9 10 12 12 11 12 12 12 12 12 13 13 12 12 14 16 17 17 17 18 18 18 18 18 9 6 6 6 6 7 7 7 7 8 9 9 8 9 9 10 11 12 13 13 13 13 14 15 15 16 16 17 17 18 19 19 19 19 21 22 22 23 24 25 26 26 27 28 29 29 29 29 30 31 31 32 32 33 33 33 35 36 36 37 38 39 38 41 42 43 44 48 51 51 54 56 58 59 60 61 63 65 67 70 72 73 75 79 80 83 87 89 90 91 91 95 98 100 102 105 110 115 119 123 124 125 128 131 134 133 133 146 152 141 102 81 104 123 105 128 163 145 149 160 159 163 154 138 140 166 179 155 131 156 209 107 142 195 176 169 187 153 190 182 165 190 168 200 189 151 184 180 170 219 162 124 199 213 217 183 160 214 155 76 198 225 236 234 238 230 229 233 233 234 235 236 237 238 235 233 233 233 232 231 231 218 229 189 109 93 153 124 76 46 92 158 160 154 
2 2 3 3 3 3 4 4 3 3 3 3 4 3 5 6 9 13 29 68 147 141 22 9 5 5 4 7 8 10 12 13 14 14 14 13 13 13 13 12 12 12 12 12 12 11 12 13 12 13 13 13 13 12 11 14 10 9 10 10 10 11 10 10 10 10 11 11 11 11 12 13 13 14 14 15 15 15 16 16 17 17 18 19 19 20 21 21 21 21 22 23 23 24 25 26 27 27 28 29 30 30 30 31 30 31 31 32 33 34 34 35 37 38 38 38 40 41 42 43 45 46 48 50 53 55 57 59 60 62 63 63 63 66 68 71 72 74 74 78 80 83 86 89 90 90 90 92 96 99 101 105 108 116 120 123 124 124 127 130 132 133 127 144 148 135 58 81 145 149 131 141 98 109 125 70 137 131 59 110 89 72 167 98 75 138 183 81 110 179 114 93 146 82 142 189 94 161 121 132 136 70 165 148 85 179 121 83 200 203 193 137 89 177 184 72 187 237 222 223 228 230 233 232 232 232 233 234 234 233 231 232 233 236 239 240 239 215 216 210 165 135 161 141 69 34 53 73 83 97 
2 3 4 4 3 4 4 4 4 4 4 5 6 6 10 13 16 20 24 34 121 136 28 16 11 11 10 11 12 13 14 15 15 15 12 12 11 11 11 11 10 10 10 10 10 9 9 10 9 9 10 11 10 9 9 10 9 10 12 11 11 12 10 10 10 11 12 12 12 12 12 13 14 14 14 14 16 16 16 17 17 18 18 19 20 20 21 21 21 21 22 23 23 24 25 26 26 27 27 28 30 30 30 30 30 30 31 32 33 33 34 35 37 38 38 39 40 41 43 44 46 47 49 50 51 53 55 57 59 61 63 63 64 66 68 70 72 73 74 77 78 81 84 85 87 87 87 90 93 97 100 103 106 112 116 120 122 123 127 131 132 138 128 141 140 131 43 87 174 158 144 126 50 131 151 52 97 121 37 98 129 52 126 111 82 146 192 84 101 195 108 80 160 70 114 169 39 127 130 125 146 51 191 164 58 157 123 83 204 192 133 125 72 144 227 86 146 226 211 217 220 227 232 229 228 228 229 229 229 229 235 236 235 234 234 233 233 237 229 218 211 221 216 134 58 56 73 47 48 82 
2 2 3 3 2 3 2 3 4 4 4 4 5 7 10 11 16 26 33 42 129 119 32 31 28 24 20 17 16 14 12 11 10 10 10 9 9 9 10 9 8 8 8 8 8 9 9 9 8 9 10 10 11 10 10 9 9 10 11 10 10 11 11 10 10 12 13 13 13 13 14 14 15 15 16 15 18 18 18 19 19 19 20 20 20 21 22 22 22 22 23 23 23 24 25 25 26 27 28 28 29 30 30 30 31 32 32 33 34 34 35 36 37 39 40 40 41 43 44 44 45 47 48 49 49 48 50 53 56 59 61 62 64 65 68 70 72 72 73 77 78 81 83 84 85 86 86 88 90 95 98 101 102 106 111 115 119 122 127 131 129 141 132 140 138 137 54 63 151 157 153 117 42 144 165 63 70 108 43 103 168 44 141 143 80 167 194 83 81 190 116 95 186 79 83 148 44 128 195 203 182 47 170 158 61 144 136 78 133 160 89 120 90 123 204 75 104 198 216 231 228 226 222 228 228 228 229 230 231 231 241 239 238 234 232 229 228 213 188 182 170 185 205 197 62 46 48 33 62 116 
6 5 5 4 2 1 2 2 3 3 3 3 3 3 4 4 7 12 17 21 56 53 30 37 33 24 19 11 10 9 8 8 7 7 8 8 8 8 9 8 8 8 8 8 9 9 10 9 8 9 9 10 10 10 10 10 11 11 11 10 11 11 11 11 11 12 13 13 13 14 15 16 16 17 17 17 18 18 19 19 19 19 20 21 21 22 23 23 23 23 24 25 25 26 26 26 27 28 28 29 30 31 31 31 33 33 34 34 35 36 36 38 40 41 41 42 43 45 45 44 44 47 48 48 47 49 51 54 58 62 64 65 65 66 67 69 70 71 72 78 79 82 84 86 86 86 87 86 88 92 96 97 98 102 106 111 115 119 125 130 126 139 136 142 143 150 90 42 79 106 121 109 59 78 119 67 111 131 49 128 128 44 134 130 77 163 156 100 87 171 118 105 183 101 93 191 108 77 107 144 150 81 145 149 89 143 160 102 108 163 106 124 129 152 178 101 134 208 226 230 225 221 225 228 230 230 232 234 236 237 240 239 239 239 239 238 238 236 184 156 112 73 61 95 84 126 177 132 93 114 
14 13 10 9 7 3 2 3 3 3 3 3 3 1 2 2 3 4 3 3 6 9 15 17 14 12 10 8 8 8 9 9 9 9 8 8 7 8 8 8 7 8 8 8 9 10 11 10 9 9 9 9 9 9 9 10 10 10 10 11 11 11 9 9 10 11 12 13 13 14 15 15 16 17 17 17 18 18 18 18 19 19 19 21 22 23 23 24 24 24 25 25 26 26 26 27 27 28 29 30 31 31 31 31 33 34 34 35 36 36 36 38 40 41 41 42 43 45 46 45 46 49 51 49 47 51 53 56 60 63 65 66 64 66 68 69 70 71 71 77 79 81 83 84 84 84 87 86 86 90 93 95 93 100 105 109 112 115 119 125 128 133 135 141 147 150 135 116 100 110 133 160 172 150 114 146 188 173 124 136 155 131 86 151 162 150 171 178 165 198 170 162 195 180 177 177 201 178 198 210 204 170 197 206 177 195 216 193 192 203 188 171 194 212 209 200 209 217 219 204 209 212 226 222 223 225 230 233 236 237 236 235 238 241 243 243 243 223 220 182 154 173 100 30 56 74 106 101 80 113 
5 6 5 7 7 3 3 3 3 3 2 2 3 4 3 3 3 4 3 4 4 2 4 3 7 9 7 15 14 14 15 15 14 12 8 8 7 7 7 7 7 8 8 8 10 11 11 10 13 12 11 11 10 10 9 8 8 8 9 10 10 10 8 8 9 11 14 15 16 14 15 16 17 18 18 18 19 19 20 20 20 20 20 20 21 22 22 22 22 23 24 24 25 25 26 26 27 27 28 29 30 30 30 30 32 32 33 34 34 35 35 36 38 39 39 40 41 43 48 47 48 50 52 51 48 49 50 53 55 58 59 60 64 65 67 68 69 70 70 75 76 78 79 81 81 81 88 85 85 88 92 92 89 101 104 107 109 112 115 120 129 127 132 137 145 139 157 155 166 151 162 158 147 164 166 153 163 143 169 144 159 149 138 154 160 162 175 165 182 178 189 192 169 192 183 189 168 190 198 184 200 186 196 203 208 198 185 192 195 176 207 201 198 188 188 205 209 185 201 192 210 203 206 212 214 218 223 227 229 232 232 234 236 239 242 242 243 236 237 215 188 190 113 56 96 112 119 111 89 125 
7 22 22 7 3 3 7 16 24 10 2 3 2 2 4 3 3 4 5 4 4 5 5 3 2 4 4 6 4 6 7 10 21 23 28 24 22 19 13 8 7 5 5 6 9 8 7 16 16 15 11 8 7 9 11 9 10 10 9 9 11 12 10 10 12 14 15 15 14 15 16 14 13 16 18 15 18 19 18 21 21 19 23 19 25 23 26 24 23 23 25 24 26 27 25 24 25 31 32 30 30 28 25 31 29 32 34 35 37 35 31 34 39 45 46 48 39 42 46 43 50 46 47 46 45 43 47 49 48 64 58 58 72 57 65 66 60 76 57 81 65 71 73 67 86 63 77 86 70 94 83 79 99 77 110 88 96 103 96 121 90 113 117 100 123 96 117 131 97 122 107 122 140 163 155 161 166 164 165 160 161 164 158 167 161 155 154 182 109 100 153 92 151 100 106 148 93 138 131 114 144 73 153 140 102 162 125 158 135 75 160 129 136 121 95 168 111 129 151 98 172 112 139 204 206 216 225 221 215 217 210 215 221 227 232 237 239 242 238 223 215 217 190 154 201 214 203 173 126 94 
9 28 34 16 6 3 7 20 26 13 6 6 5 10 10 9 6 4 4 4 2 4 4 6 5 5 4 2 3 7 5 3 6 6 15 16 20 24 25 29 36 29 32 21 9 7 8 8 9 11 12 11 10 10 9 9 10 10 10 10 12 13 13 13 13 13 14 13 12 17 15 14 14 14 15 16 18 20 18 18 19 19 23 18 22 19 19 21 21 23 19 21 19 20 25 28 24 24 29 24 23 29 31 32 20 27 27 26 35 44 37 30 36 35 31 37 35 39 31 34 47 44 46 47 50 53 51 48 44 54 41 33 48 31 44 43 34 53 32 49 48 40 54 36 70 38 44 55 40 62 50 52 64 42 85 47 65 68 44 117 53 63 83 56 92 57 79 106 48 100 64 95 129 147 145 150 155 156 154 151 149 166 158 160 152 150 145 168 73 73 124 52 126 74 74 145 60 111 108 88 130 51 129 136 80 141 97 151 121 49 152 84 120 126 65 165 101 115 153 93 166 96 119 217 212 210 211 206 205 211 217 219 222 226 229 231 230 235 237 232 231 235 225 203 228 226 219 213 172 103 
8 13 14 8 9 12 11 21 24 19 19 22 20 31 25 28 23 21 16 18 8 6 3 5 6 4 4 3 8 14 10 4 3 2 3 4 6 8 10 13 19 23 34 45 45 39 31 22 12 14 14 12 11 11 11 10 11 12 12 11 12 13 11 10 9 8 8 7 7 9 8 9 11 11 11 15 18 22 17 14 16 19 23 16 17 15 11 17 17 22 14 17 15 16 33 43 31 20 27 20 19 32 38 33 12 22 23 19 32 50 39 24 32 29 21 29 32 34 20 27 44 43 43 46 53 53 48 43 42 49 35 23 43 25 41 40 29 50 28 40 47 33 51 31 70 34 38 52 35 58 45 53 60 32 76 36 60 65 37 123 58 63 90 62 104 63 84 109 48 113 73 105 138 144 143 144 147 150 149 145 140 165 161 157 146 154 148 156 99 99 138 81 141 103 105 166 98 127 134 125 145 101 149 165 117 167 124 174 154 107 185 137 165 174 126 190 165 179 181 153 187 163 176 209 203 201 203 201 204 213 206 206 207 209 210 211 211 210 219 223 224 229 229 223 223 207 207 229 223 173 
13 20 19 10 10 19 21 22 21 19 21 28 19 33 27 35 36 49 37 33 26 16 3 5 6 4 6 5 7 10 8 5 4 3 3 4 4 3 3 4 6 9 12 19 25 24 26 32 21 20 16 12 11 13 14 13 13 14 13 12 11 11 8 8 7 5 3 3 4 3 3 5 9 9 9 11 15 20 16 11 14 17 20 15 15 14 8 16 15 20 12 16 14 16 35 46 34 19 27 20 18 31 38 31 11 23 26 20 31 47 35 22 30 29 23 29 30 33 20 27 44 42 40 42 48 46 44 41 45 53 41 31 47 33 46 46 36 54 35 48 47 43 53 43 66 45 51 60 47 68 56 63 72 51 86 60 77 89 78 113 82 97 101 96 117 97 102 138 107 125 111 119 130 125 133 132 134 137 137 132 127 145 149 145 132 149 147 149 140 140 147 140 149 144 145 160 149 151 159 156 154 161 158 167 159 177 162 174 169 167 172 180 178 169 177 174 187 195 178 181 180 199 200 186 185 191 199 197 197 202 204 204 206 209 212 214 214 214 219 221 222 225 226 225 225 215 209 218 221 206 
19 25 23 11 12 34 22 20 25 22 17 29 16 30 28 34 29 46 36 28 30 24 7 8 8 6 9 8 7 6 5 5 4 3 5 5 5 5 4 4 4 5 4 6 8 9 14 20 19 19 17 15 15 16 15 15 16 16 15 14 13 11 10 11 10 6 3 2 3 2 3 4 7 10 10 8 11 17 14 11 13 16 18 16 17 18 11 20 17 21 16 18 17 18 28 33 26 20 27 23 21 28 31 30 19 27 31 26 30 41 33 26 31 34 31 34 30 37 29 33 45 41 40 40 43 43 45 42 47 54 48 42 50 48 50 54 49 55 47 59 48 57 55 58 63 57 63 62 61 69 65 64 78 74 89 83 86 92 104 96 103 129 107 124 123 131 118 132 142 108 129 127 124 116 127 127 128 130 130 127 123 128 141 139 125 144 147 148 153 154 140 161 139 155 152 148 155 164 156 151 161 166 151 152 166 164 172 161 160 181 170 184 176 172 187 180 175 166 185 181 183 185 190 186 186 191 196 193 190 192 192 193 193 197 200 203 207 210 207 205 208 209 207 202 217 221 220 214 208 208 
14 18 20 11 8 24 13 19 34 32 16 27 15 34 39 36 17 27 25 20 21 23 10 11 10 7 10 10 11 10 10 9 7 6 6 7 8 9 10 10 9 11 8 15 19 12 12 17 16 18 19 19 19 19 17 17 17 18 18 18 16 15 15 17 15 9 4 2 2 3 3 3 5 9 11 9 11 17 16 14 16 17 19 18 20 23 18 25 20 23 22 22 22 22 23 23 21 22 27 26 27 28 27 31 29 31 33 30 29 35 35 32 31 34 35 36 31 42 38 36 43 38 39 39 41 41 45 41 46 48 48 49 49 57 49 56 55 51 53 60 52 59 56 59 61 58 66 55 64 60 64 55 71 68 74 75 77 75 92 96 108 126 110 122 121 135 127 122 140 119 142 140 127 108 108 110 112 112 111 110 109 109 122 122 108 122 125 128 127 134 121 127 118 129 120 126 131 134 125 128 136 124 125 126 127 130 136 136 130 137 141 140 137 145 142 159 133 122 150 141 146 137 143 153 147 147 149 148 150 156 162 162 160 161 164 167 170 178 170 170 177 178 173 167 168 176 184 182 180 187 
8 11 15 10 5 10 9 22 37 39 19 22 11 36 44 33 13 17 21 20 16 21 12 12 11 9 8 8 11 10 11 10 7 8 8 11 12 13 14 14 13 16 16 47 61 30 15 18 18 20 20 19 20 20 19 18 18 18 19 20 19 17 17 19 18 12 6 3 2 2 2 2 3 7 10 10 12 17 17 17 19 18 20 19 20 22 21 23 18 22 22 22 23 24 22 21 22 21 25 25 28 27 24 29 31 28 29 28 26 29 32 31 28 29 30 33 28 36 37 32 36 32 34 36 37 35 40 35 40 39 43 46 40 49 42 48 47 43 45 49 47 46 47 45 49 45 53 41 51 44 48 41 52 46 53 52 59 56 68 88 98 103 106 103 110 113 118 110 114 128 123 115 100 77 69 74 76 75 73 74 77 75 82 82 73 82 81 84 78 87 84 74 81 83 73 85 90 78 79 89 81 74 81 83 74 82 80 91 86 87 90 92 88 95 88 104 96 100 96 100 94 106 102 118 110 109 112 115 122 133 136 136 134 133 136 139 142 144 140 146 156 156 151 150 156 153 158 161 166 176 
9 8 10 10 8 11 13 28 33 49 43 33 18 33 37 26 17 22 31 28 21 27 21 20 18 15 7 8 10 7 7 7 5 7 8 12 14 13 13 14 14 15 18 50 61 30 18 17 18 19 18 18 19 20 19 18 17 18 19 20 19 17 18 18 18 16 10 5 1 2 2 3 4 5 7 10 12 14 15 16 17 15 17 16 16 16 17 16 14 18 16 17 18 18 18 18 18 18 20 19 21 22 19 20 23 22 23 23 23 22 23 24 23 23 22 27 23 24 28 24 28 24 27 30 32 30 35 29 34 32 35 37 32 35 36 39 35 39 35 39 37 37 36 35 35 34 37 29 35 32 31 30 35 31 36 36 40 41 53 55 56 57 65 58 62 61 67 60 59 73 60 55 55 51 41 47 49 47 44 47 52 51 50 50 47 54 50 51 51 57 56 54 55 56 50 61 56 53 56 57 54 54 57 55 56 57 58 60 65 66 66 75 72 78 70 75 78 94 78 88 81 98 91 105 100 101 105 107 111 119 118 118 117 118 122 127 130 121 125 137 146 143 141 148 154 149 154 158 161 167 
11 8 7 8 10 14 14 26 47 99 113 84 34 24 24 19 19 22 29 27 21 26 23 23 21 17 8 9 8 5 6 7 5 7 8 10 11 10 9 11 12 10 11 19 17 11 14 14 12 13 14 14 15 16 14 14 14 14 15 15 14 13 15 13 14 13 11 6 3 6 4 5 5 5 6 9 10 11 11 13 13 11 12 12 12 12 14 12 12 15 13 13 13 13 14 14 14 16 17 16 16 18 17 17 19 19 20 21 21 19 18 20 21 20 20 25 23 22 25 22 24 22 25 29 33 32 34 31 34 31 32 33 34 35 38 39 37 43 38 41 38 41 40 44 41 41 33 29 28 28 25 27 29 27 27 29 28 33 39 29 16 16 20 15 15 18 27 17 14 16 18 20 32 46 37 44 44 37 36 38 43 43 40 40 40 45 41 41 46 49 47 52 48 51 48 56 45 53 52 47 54 52 52 50 58 56 59 54 62 59 62 69 70 76 67 71 69 80 77 82 82 85 85 91 89 91 94 93 92 94 99 99 99 103 108 112 113 98 98 120 130 123 125 132 122 126 138 138 129 123 
11 10 8 8 9 9 13 23 91 185 197 153 73 16 14 13 12 9 9 13 10 12 12 12 11 11 8 7 7 7 8 8 6 7 10 9 8 9 9 10 10 9 9 10 11 11 11 11 10 12 13 12 13 13 12 13 13 14 14 13 14 15 15 12 14 14 17 15 14 18 15 15 16 18 18 21 20 21 23 25 26 27 28 30 31 32 33 36 38 40 40 41 41 42 44 46 48 47 47 45 43 42 43 44 42 36 36 38 37 35 36 36 35 33 33 34 36 38 38 34 32 32 34 37 39 37 35 36 38 38 38 40 41 43 43 44 47 51 50 52 52 55 60 64 65 63 51 42 27 28 24 24 25 25 22 25 25 28 28 40 46 38 40 28 25 28 48 26 23 32 49 34 29 40 34 40 37 32 33 31 34 34 34 34 34 34 33 34 36 37 37 37 38 39 40 40 40 40 40 40 40 40 38 40 43 45 46 46 46 49 51 54 56 57 56 55 61 64 65 66 66 68 70 75 76 77 78 79 78 78 82 83 84 87 90 89 88 79 69 98 107 100 105 103 100 100 107 98 80 63 
12 27 24 21 20 9 19 34 117 215 214 173 130 38 23 18 18 17 16 18 10 13 16 13 13 11 11 12 13 12 14 12 10 9 11 12 11 11 13 14 11 13 14 13 13 14 17 17 14 17 18 16 17 19 19 19 20 19 19 19 21 24 22 19 24 29 32 30 28 24 29 31 31 35 36 36 36 38 42 46 50 53 55 62 62 63 67 72 78 82 85 87 88 92 97 101 104 101 100 96 90 87 88 90 84 76 73 75 72 69 70 70 68 65 64 66 68 70 73 70 68 68 66 60 54 50 44 43 49 53 56 59 60 60 56 55 62 70 74 82 84 87 92 96 100 101 108 80 39 24 20 18 18 20 17 19 19 19 24 69 127 94 80 54 44 42 57 41 55 80 104 63 31 36 29 36 31 35 34 31 29 30 30 30 30 30 30 30 30 31 31 31 32 32 32 32 32 32 32 32 32 32 32 33 34 36 37 37 37 38 40 42 44 44 44 43 47 49 50 51 51 52 54 60 61 62 62 62 62 61 61 66 69 67 64 65 69 68 64 74 73 73 78 72 67 58 57 51 40 28 
22 58 47 35 34 22 40 48 95 151 159 113 83 63 47 47 55 52 50 57 28 23 28 28 39 31 28 20 22 16 21 20 18 10 6 10 10 8 9 11 8 7 8 8 7 9 10 10 10 11 10 8 7 8 9 9 9 10 9 9 9 10 13 11 14 20 16 17 20 14 18 14 13 15 15 14 17 18 19 20 22 23 24 24 25 26 28 31 34 36 45 46 47 49 52 55 56 66 66 65 64 64 68 72 77 71 67 67 65 63 64 69 70 72 77 84 92 97 104 103 106 111 109 97 84 74 64 62 70 79 84 89 78 76 71 71 81 96 103 111 117 126 135 145 158 167 166 142 69 18 15 15 17 16 14 14 15 14 22 104 184 124 90 63 53 50 60 79 98 110 117 67 32 54 54 75 46 30 26 33 27 26 25 25 25 25 25 25 24 25 25 25 25 25 24 25 25 25 25 25 25 25 25 26 26 27 27 28 28 30 31 33 35 35 34 34 36 38 39 40 39 41 42 44 45 46 46 46 45 44 48 49 49 49 48 47 47 56 55 47 40 42 49 47 39 36 35 24 14 11 
25 49 32 25 28 37 51 61 66 67 93 67 39 63 62 79 96 92 95 122 41 35 51 63 95 79 75 36 40 28 37 35 36 20 7 9 9 7 6 7 7 7 9 9 10 11 11 10 15 15 12 9 8 7 8 8 8 9 8 7 6 5 5 6 8 15 12 24 47 35 25 7 6 6 6 7 6 6 6 5 5 5 5 6 6 7 8 8 8 8 6 6 6 6 6 6 6 7 8 8 7 8 9 10 8 7 6 6 6 6 7 8 7 7 7 7 8 8 9 10 13 19 24 24 21 25 21 21 23 25 28 31 37 37 34 34 39 46 49 70 77 86 94 105 121 133 101 143 99 21 15 12 10 13 13 13 16 16 24 110 147 118 111 104 87 64 51 97 105 104 122 87 42 60 81 98 49 30 21 29 23 22 22 22 22 22 22 22 21 21 22 22 21 20 20 21 21 21 21 21 21 21 21 21 21 21 21 22 22 25 26 27 27 28 28 28 29 30 31 31 31 32 33 34 34 34 34 34 33 34 38 35 33 35 37 35 31 29 37 34 33 29 29 28 32 25 22 14 9 8 
26 24 16 16 13 28 32 60 58 31 41 37 32 31 32 43 52 50 61 90 50 50 65 55 70 79 121 64 74 53 51 33 30 20 23 20 16 13 10 7 6 7 6 6 8 8 8 7 13 12 10 9 8 7 8 8 9 8 7 6 6 6 8 10 12 17 14 41 109 90 44 7 6 7 6 8 7 7 6 6 6 7 7 7 7 7 7 6 6 6 8 8 8 8 8 8 8 10 10 9 8 7 6 6 9 8 7 7 7 7 8 7 6 5 5 5 5 5 7 8 11 16 22 26 26 22 21 22 21 20 20 24 26 27 27 26 27 27 26 24 27 29 31 34 39 44 42 73 64 17 12 9 9 12 13 13 18 23 26 81 128 120 130 141 117 83 58 76 66 64 100 95 44 39 50 34 20 34 26 19 17 20 20 20 20 20 20 20 20 20 20 20 20 19 19 19 19 19 19 19 19 19 20 19 19 19 19 20 20 20 20 21 21 21 22 22 22 23 24 23 23 24 25 27 27 27 27 27 27 26 27 26 26 26 26 25 24 25 28 25 29 26 36 44 39 19 12 11 10 9 
27 25 22 16 3 8 12 27 30 19 17 15 22 18 18 23 28 28 28 31 41 42 42 23 18 25 53 34 48 46 41 22 19 19 22 15 16 23 26 23 19 11 7 6 7 9 10 9 9 9 10 10 9 9 11 15 14 13 11 11 13 15 14 16 13 11 8 25 94 107 48 4 5 5 4 7 8 7 6 6 5 6 6 7 5 3 2 2 3 4 3 3 3 4 4 4 4 7 7 8 8 7 7 7 8 8 6 4 4 4 4 3 4 4 5 7 8 9 8 7 7 9 10 12 13 13 15 16 15 13 13 16 18 21 24 25 27 27 25 20 21 22 23 25 27 28 46 37 29 15 11 12 14 12 13 13 21 29 28 54 107 102 105 113 93 78 63 63 58 52 62 56 27 25 22 15 13 26 24 19 18 20 20 19 19 19 19 19 20 20 19 19 20 20 20 20 20 20 20 20 20 20 19 19 20 20 20 20 19 19 18 19 19 19 20 20 20 20 21 21 20 21 22 22 22 23 23 24 23 23 22 26 28 25 21 23 27 34 31 29 40 42 73 85 40 20 13 11 10 10 
42 48 48 33 14 18 26 33 40 54 54 55 70 75 84 97 110 116 108 97 120 140 166 166 139 112 105 114 107 102 94 58 31 23 40 39 36 31 24 17 12 13 13 9 10 21 25 15 12 14 17 14 9 8 11 13 14 14 15 15 16 18 17 18 15 13 12 18 76 132 77 11 9 9 10 16 13 11 9 7 7 7 7 10 8 6 5 4 5 6 5 5 6 6 5 5 5 4 5 6 7 8 8 8 10 9 7 4 3 4 3 3 3 3 3 3 3 4 6 6 5 5 5 5 6 6 7 9 9 9 9 12 12 15 18 21 25 27 26 25 25 27 30 32 33 33 41 33 38 42 34 27 10 13 11 15 23 30 29 47 88 108 129 141 103 77 57 66 85 96 80 54 23 16 22 24 18 18 22 23 23 20 20 20 20 20 20 20 21 20 19 19 20 21 22 20 20 20 20 20 20 20 18 19 20 21 21 20 20 20 20 20 20 20 21 21 21 21 22 21 21 22 23 20 21 22 23 23 23 23 23 24 25 26 26 26 26 21 23 33 55 59 86 57 21 14 14 11 8 8 
15 12 14 16 16 17 19 22 23 32 30 35 42 53 65 74 81 97 117 123 135 137 135 133 108 92 85 56 38 48 74 76 42 24 28 50 59 42 31 30 30 24 32 26 29 60 70 38 36 44 47 34 18 13 18 13 17 22 25 24 21 19 19 18 14 13 13 11 42 121 84 12 6 6 9 16 12 10 8 7 7 8 9 7 7 7 7 6 6 5 11 11 10 8 6 5 4 9 10 10 9 7 5 4 8 9 6 3 3 3 3 2 2 3 3 3 3 3 3 4 4 4 4 4 5 4 4 5 7 9 10 12 14 16 16 17 20 22 23 26 26 27 29 31 30 28 31 36 42 47 51 55 17 15 10 17 25 29 30 50 136 152 156 150 104 88 77 87 83 82 71 63 32 14 28 18 16 24 29 22 23 21 21 21 21 21 21 21 21 19 18 18 19 21 23 21 21 21 21 21 21 21 19 20 21 22 22 21 20 21 20 20 20 21 21 22 21 22 22 22 21 21 22 21 22 23 24 25 25 26 27 19 18 24 32 28 20 20 13 11 19 29 69 40 9 4 5 7 7 7 
5 4 4 4 5 5 6 7 8 10 10 11 13 15 20 22 23 29 34 33 39 39 39 37 30 30 36 27 14 25 36 33 28 17 24 41 50 31 17 16 17 17 13 13 16 24 26 16 16 23 33 30 16 13 18 23 28 39 54 51 33 23 18 18 13 11 11 12 25 152 144 8 6 9 15 15 11 8 7 6 6 6 7 6 6 6 6 6 6 5 8 8 8 7 6 5 7 8 7 7 6 4 3 2 6 4 4 3 3 3 3 6 3 3 3 2 2 3 3 4 4 4 3 3 3 3 3 3 5 8 10 11 12 13 13 18 25 25 26 27 30 31 31 27 28 20 14 18 23 32 56 66 19 16 14 16 24 33 35 65 124 143 169 153 92 66 77 83 84 80 68 55 31 23 24 18 12 17 23 22 28 22 26 25 23 25 25 23 26 28 24 23 27 20 24 26 23 27 25 19 19 23 26 29 30 27 23 21 22 23 26 30 23 20 23 26 23 25 27 22 23 25 26 28 23 24 22 21 26 26 26 43 31 23 15 16 13 14 23 12 9 17 79 36 5 4 5 6 5 5 
3 3 3 2 2 3 3 3 4 5 5 5 6 6 6 6 7 11 13 11 13 13 14 13 10 11 15 18 13 19 18 15 18 15 18 30 41 21 11 9 10 12 8 8 9 11 13 10 13 18 32 40 34 28 27 28 46 78 105 102 65 32 18 16 13 13 11 10 14 137 144 18 10 8 9 7 10 7 7 8 8 7 7 8 8 8 8 8 7 7 9 8 9 9 8 8 11 10 10 9 5 2 3 3 2 2 3 3 3 3 2 4 3 4 3 2 3 3 3 3 3 3 2 2 2 2 2 3 4 7 9 9 12 13 13 20 29 30 31 32 38 43 48 47 44 25 20 26 28 41 86 97 24 16 18 20 21 24 23 44 90 95 108 99 63 42 44 48 51 57 53 45 29 24 26 20 13 19 27 24 24 26 29 27 23 24 24 22 21 24 24 26 28 21 32 32 28 35 40 42 52 62 75 78 79 76 72 70 70 50 49 50 47 46 40 34 34 27 29 30 28 25 24 24 28 40 45 34 25 22 19 52 58 25 14 15 15 15 30 14 10 16 81 34 5 4 4 5 5 4 
2 2 2 2 2 2 3 2 3 3 3 3 4 6 5 5 6 7 7 6 9 9 8 8 7 8 11 13 15 16 11 10 13 14 14 23 38 16 9 6 7 9 7 8 7 7 9 8 14 17 32 44 46 44 41 39 75 140 181 179 123 50 20 15 14 13 10 9 8 58 73 16 9 8 8 10 13 9 7 8 9 7 6 6 7 7 6 6 6 6 7 7 8 8 7 8 11 8 8 7 3 1 2 3 2 3 4 3 4 4 4 5 3 3 3 3 3 3 3 4 3 3 2 2 2 2 2 2 4 6 8 8 11 12 15 29 47 53 57 63 73 81 95 103 100 61 26 34 35 54 127 142 35 17 18 21 27 37 33 39 65 59 61 61 51 37 30 28 34 49 53 48 32 29 20 19 15 21 29 26 25 27 29 28 25 25 26 26 25 24 25 26 28 26 51 72 65 75 86 90 100 106 113 116 119 120 120 121 121 115 118 110 106 102 97 104 108 81 104 115 63 29 35 56 83 122 132 77 26 16 13 56 94 36 22 19 22 19 40 16 13 18 87 35 7 6 5 5 4 3 
2 2 2 2 2 2 3 2 2 3 3 3 4 3 4 6 6 6 9 18 14 10 7 5 5 7 9 12 15 12 11 12 11 11 15 22 42 16 9 7 8 8 7 8 8 7 8 7 9 12 21 27 32 41 50 49 83 163 213 210 147 56 23 16 14 11 9 10 8 14 24 12 7 7 6 10 12 8 5 5 5 5 5 5 5 6 6 6 6 6 7 8 9 7 6 8 11 8 6 5 4 3 4 4 2 3 4 3 6 6 8 6 4 4 4 3 4 3 4 4 4 3 2 2 2 2 2 2 4 6 7 7 11 11 13 26 42 45 47 53 60 62 72 84 88 55 25 32 35 55 129 150 42 24 20 20 27 42 36 29 40 35 32 36 39 35 25 27 28 38 40 36 26 26 18 24 26 28 30 30 32 30 29 30 28 26 29 30 29 28 28 26 29 31 53 68 48 44 47 56 82 105 93 97 99 97 93 91 91 103 116 111 116 112 113 134 149 135 110 87 75 104 122 140 160 177 173 94 25 19 29 65 112 50 31 22 28 25 52 21 16 19 88 37 11 9 6 5 4 4 
2 3 2 2 3 3 3 3 3 3 3 4 5 7 7 8 9 10 21 46 75 54 33 21 15 12 10 11 12 9 12 14 9 9 15 23 47 17 10 10 12 9 7 8 8 7 7 7 9 12 18 21 28 52 74 58 76 152 209 202 136 50 24 17 15 10 7 10 9 5 10 11 7 7 5 7 7 6 4 4 4 5 5 4 5 5 6 6 6 6 7 9 8 7 6 7 9 10 8 6 3 3 3 3 3 4 5 6 9 6 7 4 4 6 6 3 3 4 4 4 4 3 3 3 3 3 3 3 5 7 8 8 10 9 10 18 27 28 28 29 33 31 34 41 49 31 24 29 32 44 90 109 35 27 25 26 26 36 36 30 27 24 20 20 25 25 19 27 22 24 22 23 21 25 37 40 42 39 35 35 37 35 31 34 31 25 27 28 24 27 28 25 30 30 34 36 24 20 19 25 44 62 53 58 59 53 45 40 40 61 73 82 106 103 93 94 83 75 55 57 80 139 166 158 175 176 170 96 26 24 79 90 105 55 38 26 23 25 55 25 21 22 83 37 15 11 8 5 5 6 
2 3 3 2 3 3 3 3 3 4 5 5 7 9 7 8 10 11 19 36 59 44 30 23 21 17 12 11 12 9 11 11 7 10 14 23 49 19 11 16 21 14 7 6 7 7 8 8 12 12 16 20 31 56 68 53 60 117 165 153 96 37 19 17 16 11 8 9 9 7 6 9 7 9 8 9 8 10 12 13 13 13 12 14 15 16 17 19 20 21 21 24 23 21 21 23 24 28 26 19 8 3 4 4 6 6 6 10 20 17 18 15 6 5 6 5 5 5 4 5 5 4 4 5 5 5 5 5 7 9 10 10 9 9 9 15 22 22 23 23 27 26 26 27 33 24 22 24 28 33 52 66 27 24 26 34 35 48 56 55 34 30 19 13 14 16 13 18 15 17 19 31 35 39 62 44 40 39 35 33 31 34 29 35 32 24 24 25 20 23 24 20 28 28 20 25 19 17 15 15 22 26 26 30 32 27 21 18 17 30 38 53 77 66 54 43 27 25 21 36 62 120 136 121 142 141 140 87 27 23 89 104 88 57 46 27 12 19 43 24 25 29 84 46 15 11 9 5 5 7 
2 2 2 2 2 2 3 2 3 4 5 6 8 6 5 6 10 12 12 13 14 13 13 18 21 17 10 11 13 11 11 9 8 13 13 24 49 23 12 25 34 19 9 7 7 8 11 12 15 13 15 20 33 49 43 31 37 66 90 80 48 20 13 16 16 13 11 10 10 13 8 10 12 17 17 14 13 19 24 26 26 26 23 27 29 31 33 34 36 37 39 43 43 42 44 45 44 43 44 33 12 4 4 5 6 6 4 14 50 66 72 55 10 2 4 7 7 6 5 6 6 6 6 7 6 7 7 7 9 11 12 12 11 11 11 14 18 18 19 20 22 23 24 22 26 20 20 20 24 28 36 51 25 23 27 44 52 68 77 71 54 39 21 11 11 13 12 10 13 18 26 54 62 62 81 37 26 29 28 26 22 26 22 33 33 24 24 25 22 23 22 18 27 28 18 20 17 18 17 14 14 13 13 15 17 17 16 15 15 17 22 37 48 28 26 22 20 21 16 23 35 84 112 97 109 92 88 62 24 19 52 89 72 55 50 25 7 18 30 19 25 38 89 62 17 13 10 6 5 6 
2 2 2 2 2 2 2 2 3 5 5 6 8 6 6 8 11 12 11 10 9 10 12 17 22 16 7 9 13 12 10 11 12 12 11 23 46 24 12 33 44 20 11 10 11 11 13 14 16 13 16 20 32 44 32 15 24 31 34 31 21 12 10 14 14 15 16 14 14 17 14 29 43 47 32 15 13 18 22 26 30 31 29 31 32 34 36 38 39 40 43 46 46 47 51 51 46 42 44 34 13 4 4 4 4 6 3 15 76 111 109 81 15 3 5 7 8 8 5 6 7 6 6 7 6 7 7 8 10 12 12 12 13 14 12 14 15 14 15 17 16 17 20 17 20 17 18 19 23 26 36 52 26 21 32 64 75 81 85 80 77 49 23 13 15 18 19 28 28 24 30 71 89 90 106 38 23 25 23 22 21 21 19 32 35 24 24 25 23 23 30 27 32 28 17 15 14 17 17 16 14 10 10 9 10 13 15 15 14 14 16 34 42 19 23 18 18 20 18 25 28 71 107 81 88 65 59 51 26 17 24 67 60 48 43 21 17 37 32 15 21 39 85 72 22 18 12 7 5 5 
2 2 2 2 2 2 2 2 3 4 5 6 7 7 7 7 8 9 10 11 8 9 10 14 19 16 8 9 12 10 9 12 13 10 9 18 36 22 10 29 40 18 14 14 14 13 13 13 11 11 12 16 25 41 26 12 26 26 17 17 15 10 8 14 14 15 16 14 15 13 15 36 59 70 43 13 7 8 11 18 26 30 30 31 32 33 34 35 36 36 37 40 40 38 40 42 43 38 38 34 15 5 5 3 5 7 4 12 67 90 68 49 11 5 8 6 5 8 4 6 6 6 5 4 5 6 6 7 9 11 13 12 12 13 13 15 17 16 16 19 17 18 20 18 21 21 19 20 23 27 35 46 31 27 43 82 89 89 89 95 89 54 25 19 28 38 44 73 66 43 36 70 94 100 129 54 30 36 36 40 28 25 35 38 34 23 21 23 20 23 39 35 35 25 14 19 15 14 14 14 15 12 11 9 8 10 13 14 12 14 12 32 45 24 25 17 16 19 18 30 35 71 98 71 88 86 80 68 34 16 17 47 45 38 38 28 35 63 48 19 15 33 75 78 30 19 15 11 5 4 
2 2 2 2 2 3 2 2 2 3 4 4 5 4 4 5 7 9 11 11 7 9 8 8 11 12 8 11 11 8 8 11 11 10 9 13 22 16 8 16 20 14 15 15 14 12 10 9 9 9 8 12 18 40 19 15 31 33 19 14 12 8 8 14 18 19 13 8 8 10 13 17 23 48 32 8 3 3 7 18 28 31 33 33 33 34 34 35 36 36 35 37 37 34 32 37 45 38 37 38 16 4 5 4 8 6 6 8 32 37 14 4 2 6 9 5 3 4 4 5 4 5 4 3 5 5 4 5 7 11 12 11 11 10 11 14 16 16 14 16 17 19 19 19 20 22 19 19 23 26 25 29 42 50 58 78 82 91 87 94 77 47 24 24 40 57 68 100 93 62 40 51 72 77 128 70 36 50 57 65 34 32 57 43 31 24 21 22 22 27 39 31 31 22 16 18 16 15 14 14 13 12 13 11 10 11 13 13 12 14 12 32 45 27 26 22 17 15 19 37 35 45 84 80 90 100 85 67 35 23 13 24 24 25 36 37 36 66 59 25 13 26 68 84 34 16 26 23 7 3 
2 2 2 2 2 2 3 3 3 3 3 3 4 4 4 5 5 5 5 5 5 5 4 5 9 11 8 8 9 8 10 12 11 11 13 11 14 10 5 8 6 7 9 10 9 8 8 9 9 12 10 14 24 47 22 23 28 35 31 23 18 21 12 12 21 40 35 14 8 17 33 31 14 19 13 5 3 2 4 12 21 26 29 28 28 29 30 31 33 34 34 33 33 35 35 34 32 28 29 31 16 6 6 8 15 5 3 3 7 6 2 3 2 4 5 2 1 2 2 3 4 4 3 3 5 3 3 4 6 8 8 7 7 8 8 9 11 13 14 14 15 15 16 17 18 19 19 18 19 18 17 27 48 68 69 73 75 82 85 88 65 39 23 24 36 48 57 78 75 48 27 33 56 71 122 88 48 48 46 52 36 34 45 36 33 31 30 24 27 34 31 30 30 22 17 15 14 14 14 14 14 13 15 13 11 12 13 13 12 13 13 31 43 28 29 26 20 19 26 43 34 24 29 44 39 41 35 30 22 27 16 21 14 11 15 15 17 45 45 26 20 30 57 62 30 26 51 45 14 3 
2 2 2 2 2 2 3 3 3 2 2 2 3 3 4 4 4 3 3 3 4 3 2 3 7 9 7 9 11 9 9 10 9 9 13 9 10 7 3 4 3 4 6 7 7 6 7 9 12 19 20 27 43 69 38 20 14 14 19 22 30 48 22 12 28 75 76 29 10 24 62 59 12 5 4 5 4 3 4 8 13 17 20 21 21 22 23 24 25 26 29 28 29 30 31 30 26 28 24 20 10 5 5 13 22 3 1 2 2 1 2 3 2 2 2 1 2 2 4 6 13 13 9 7 6 5 5 4 4 5 7 9 7 7 7 7 7 7 8 11 11 11 13 14 15 15 16 18 19 17 17 31 61 70 72 67 74 76 85 82 62 36 24 24 30 38 44 60 57 41 31 44 75 95 119 122 82 73 67 72 65 59 63 52 39 29 33 26 25 30 16 20 27 23 17 14 13 13 13 13 12 11 14 12 11 11 12 12 11 13 13 30 41 31 31 29 28 27 31 44 34 20 14 9 7 8 7 5 4 9 11 12 9 10 15 17 22 35 39 32 30 33 43 39 36 32 62 67 30 8 
2 2 2 2 2 2 2 3 3 2 1 2 2 3 3 3 3 2 2 3 3 3 2 3 5 6 6 11 12 9 8 9 9 9 9 10 12 8 4 6 6 7 9 10 10 10 12 15 22 29 32 36 41 47 26 9 9 7 9 13 23 28 12 11 25 52 46 22 17 23 41 34 10 7 3 3 3 2 3 7 12 17 21 18 19 19 20 21 22 23 22 26 27 25 24 26 28 26 18 10 5 4 5 19 26 3 2 3 3 3 5 2 2 2 1 2 3 3 1 7 22 28 24 24 19 22 19 15 10 6 5 6 5 5 5 5 5 5 5 6 6 6 8 10 10 9 10 15 19 17 16 29 58 54 64 64 77 76 88 81 70 37 27 26 25 29 33 38 35 30 36 63 98 112 120 154 130 126 125 126 123 120 124 110 65 35 52 57 40 37 18 16 29 28 16 15 14 13 13 12 10 8 10 9 9 10 11 11 11 12 12 28 40 36 33 28 33 32 33 39 31 21 13 11 10 11 11 9 9 12 10 10 9 11 12 8 9 26 25 18 15 14 20 24 22 20 47 73 49 19 
2 2 2 2 2 2 2 2 3 2 1 1 2 2 2 2 2 2 2 3 2 3 3 2 3 4 4 8 9 7 8 10 10 11 8 11 13 10 7 9 11 8 8 8 9 10 11 11 17 16 16 17 13 10 7 6 7 5 5 6 12 13 7 6 6 9 10 9 14 5 7 5 4 5 2 2 3 2 3 5 8 10 12 15 16 17 18 20 21 22 20 25 26 24 24 24 23 11 7 4 3 4 5 19 24 4 2 4 5 4 5 1 3 4 3 1 2 2 1 6 19 26 28 35 33 24 27 26 18 9 4 2 3 2 2 3 4 5 4 5 5 5 7 8 8 8 9 15 20 18 17 29 51 47 60 65 78 74 87 84 79 36 27 26 21 24 27 30 29 28 36 62 96 116 130 167 159 165 177 175 169 183 183 165 98 51 89 116 77 56 37 20 42 36 15 17 16 15 14 12 10 8 9 8 9 10 11 11 11 11 11 26 39 42 34 25 30 33 35 35 26 22 15 17 16 13 13 15 19 20 25 25 21 20 14 6 4 15 21 22 23 18 21 24 11 12 32 58 47 23 
2 2 2 2 2 2 2 2 2 2 2 2 2 2 1 1 1 1 1 2 1 2 3 2 2 3 4 4 6 6 6 7 6 6 10 8 7 6 6 6 5 3 2 2 2 3 3 3 4 2 3 4 3 3 5 4 3 4 7 5 8 14 6 3 1 3 5 4 3 2 3 3 2 2 1 5 3 3 3 3 3 3 3 7 7 8 10 12 14 15 19 20 22 26 29 22 11 3 3 4 5 6 3 8 10 2 2 2 6 7 6 1 7 13 6 1 1 2 5 11 22 24 22 21 18 20 24 28 27 21 16 13 7 4 2 2 3 3 3 3 3 4 4 5 5 6 8 12 15 16 20 34 54 52 62 65 69 67 78 84 80 30 24 24 19 22 24 26 30 32 35 50 88 131 159 172 170 174 186 190 186 180 155 129 83 48 71 83 60 43 43 27 47 35 14 18 17 16 15 14 12 11 12 12 12 12 12 12 12 10 12 26 40 48 36 27 36 36 36 31 23 30 31 33 33 27 27 30 39 34 31 32 26 24 18 10 8 15 27 39 48 42 43 43 12 6 12 32 42 37 
2 2 2 2 2 2 2 2 2 2 2 2 2 2 1 1 1 2 1 1 1 2 2 2 2 2 3 6 8 6 3 2 2 4 13 7 3 2 3 2 2 2 2 2 2 2 2 1 3 2 2 2 2 2 4 3 2 9 20 9 3 3 2 3 4 4 3 1 1 6 2 2 2 4 2 2 1 1 2 2 3 3 3 3 3 3 4 5 6 7 11 12 14 17 20 13 5 2 2 4 5 5 2 2 2 1 2 2 6 9 8 3 7 11 6 2 2 2 4 10 15 17 17 14 13 13 13 13 12 11 12 12 12 9 6 4 4 3 3 3 3 3 4 4 4 5 6 9 12 16 23 35 46 53 56 61 60 65 68 76 79 24 21 24 18 21 22 20 26 31 34 45 79 123 148 150 166 167 172 182 186 155 120 100 87 66 70 59 48 48 61 63 60 33 16 18 17 15 15 15 14 13 14 14 14 13 12 12 12 10 15 31 42 53 42 37 45 41 37 28 19 30 37 30 33 34 38 34 38 34 53 58 48 43 40 34 34 32 32 26 28 32 49 57 19 9 10 31 54 67 
3 2 2 2 2 2 2 2 2 2 2 2 2 2 2 2 2 3 2 2 3 2 2 2 2 2 3 10 13 8 3 1 2 7 15 9 3 2 2 2 2 1 2 2 1 1 1 1 1 2 2 2 2 2 3 4 3 6 15 8 5 5 5 4 3 5 5 3 2 2 2 3 2 2 2 2 2 2 2 2 3 3 3 4 4 4 4 4 5 5 5 7 8 8 9 7 3 3 2 3 3 3 2 2 2 2 3 2 4 6 7 5 3 3 3 3 3 3 4 7 5 5 6 6 9 7 7 8 8 8 8 7 7 9 10 12 11 11 11 12 13 14 14 14 15 17 17 21 25 31 39 44 45 46 44 55 56 68 63 67 80 22 20 24 18 20 20 26 30 37 48 61 86 114 102 108 146 150 147 161 168 152 127 128 153 148 142 114 98 117 134 161 109 41 22 18 16 15 14 14 13 12 13 13 13 13 12 11 11 10 17 34 43 55 47 48 40 38 39 31 14 15 15 13 13 15 21 17 23 27 41 51 46 46 52 54 61 55 56 48 50 52 57 50 43 40 43 50 48 46 
3 3 3 3 3 3 3 3 3 3 3 3 2 2 2 2 3 3 3 3 4 4 3 3 3 3 3 5 6 3 2 2 2 4 7 4 2 2 3 3 2 1 2 2 3 3 2 2 2 2 2 2 3 5 8 9 6 5 8 11 13 13 10 10 10 11 10 8 6 5 5 5 4 4 4 4 4 5 6 6 6 6 5 4 4 5 5 5 5 6 7 9 9 12 14 9 3 4 3 3 3 3 2 2 2 2 2 2 3 5 6 7 6 5 5 6 8 9 8 9 9 10 10 10 11 13 16 18 19 21 26 31 35 31 31 34 35 34 35 38 40 42 44 45 44 44 53 54 57 59 57 57 59 59 54 64 63 65 66 48 45 21 20 19 19 20 23 25 27 34 43 59 91 127 109 123 143 160 170 182 212 197 189 183 188 191 184 165 146 128 105 93 63 30 21 22 20 18 16 14 13 13 13 13 13 12 11 10 9 10 16 40 50 57 48 48 44 42 36 29 34 43 32 35 34 34 37 37 38 37 43 45 45 47 47 43 40 42 43 46 52 54 53 51 52 49 46 39 28 26 
2 2 2 2 2 2 2 2 2 2 2 2 2 2 2 2 2 2 2 2 2 2 2 2 3 3 3 3 4 2 2 2 2 3 3 2 1 1 2 2 2 2 2 3 3 3 2 2 2 2 2 3 3 5 7 10 6 4 5 10 15 17 18 17 17 17 16 14 11 11 11 11 11 10 10 10 11 11 10 10 8 7 6 6 6 6 6 6 6 6 5 7 9 11 12 8 3 6 4 2 2 2 4 6 5 3 2 2 3 6 9 10 10 10 10 11 12 13 16 16 17 19 21 22 23 25 28 35 44 50 48 43 32 33 36 38 37 40 47 50 52 54 55 54 53 52 46 48 54 61 64 64 68 70 61 72 68 71 74 37 24 20 25 19 17 18 22 25 26 31 40 55 80 107 109 134 154 174 188 195 218 217 213 205 202 197 178 153 132 113 92 82 59 30 20 23 21 18 15 13 12 11 12 13 13 13 12 12 11 12 16 38 41 41 37 38 49 38 36 39 45 51 44 47 45 45 49 56 63 66 63 54 45 43 48 56 64 61 62 66 70 69 66 64 60 68 64 44 28 20 
2 2 2 2 2 2 2 1 2 2 2 2 2 2 2 2 2 2 2 2 2 2 2 3 3 3 2 2 3 3 3 3 2 2 2 2 1 2 2 2 2 2 2 3 2 2 2 1 2 2 2 3 3 4 5 8 6 6 8 11 14 16 17 17 17 17 17 16 14 16 17 18 18 18 18 18 18 18 17 17 15 14 13 9 8 8 7 7 6 6 6 7 6 6 10 14 6 4 3 2 3 4 5 5 4 3 2 2 4 8 12 16 16 16 17 17 17 17 15 15 16 17 20 23 26 28 28 32 38 39 33 25 20 21 22 23 22 23 28 27 28 29 30 29 28 28 28 27 31 38 41 43 45 48 45 54 47 48 49 20 14 16 22 17 15 16 19 22 21 25 34 46 63 80 120 159 182 195 208 211 224 234 234 228 219 204 173 140 120 101 85 81 62 33 21 21 19 17 15 13 13 12 13 13 13 12 12 12 12 13 16 39 34 29 31 33 36 34 39 37 35 42 48 48 45 44 47 53 59 63 63 53 41 34 34 39 45 59 62 65 66 65 63 61 64 65 42 21 15 16 
2 2 2 2 2 2 2 2 2 2 2 2 2 2 2 2 2 2 2 2 2 2 2 2 2 2 2 2 3 3 4 3 2 2 2 2 2 2 2 2 2 2 3 3 3 2 2 2 2 2 3 3 3 4 5 5 6 7 9 10 10 10 12 12 13 14 15 16 16 20 22 24 24 23 22 22 22 22 22 22 22 21 20 17 17 15 14 12 12 11 9 10 9 9 35 63 32 5 4 3 3 4 5 6 3 3 3 5 8 11 13 15 16 16 16 17 17 17 15 15 15 16 19 23 26 26 26 27 28 29 28 29 15 11 10 11 12 10 10 10 11 12 12 13 13 12 19 16 17 22 26 28 29 29 34 34 28 27 24 12 19 13 16 16 18 19 21 22 21 25 33 44 59 74 135 189 209 211 218 221 231 240 244 241 231 214 179 145 128 107 86 79 61 35 24 21 20 18 16 14 13 13 13 13 12 11 11 11 10 12 16 40 31 24 32 34 39 66 69 35 21 36 58 62 62 62 62 62 62 61 61 61 58 54 50 51 52 62 67 69 68 66 65 63 66 63 37 18 21 31 
2 2 2 2 2 2 2 2 2 2 2 2 2 2 2 2 2 2 2 2 2 2 2 2 2 2 2 2 3 3 3 3 2 2 2 2 2 2 2 2 1 2 2 3 2 2 2 3 3 4 4 5 5 6 6 7 8 9 9 10 10 11 12 13 14 15 17 19 21 24 26 28 28 26 26 26 25 24 24 24 23 22 21 18 17 16 15 14 13 12 11 11 11 9 28 47 21 4 5 6 6 6 5 5 3 3 4 5 7 8 8 9 9 9 9 9 9 10 9 9 8 9 10 13 14 13 14 14 14 14 16 18 10 6 5 6 8 6 5 5 6 6 7 7 8 8 10 9 11 16 21 24 25 23 29 19 18 17 10 10 28 11 12 16 20 20 23 22 22 25 30 38 54 73 133 200 223 219 216 217 231 238 243 243 234 219 189 158 140 120 96 82 60 35 28 24 23 20 17 14 12 11 11 11 11 11 11 12 12 12 16 40 31 27 41 46 74 105 87 30 12 31 63 62 64 66 66 65 63 61 57 59 60 57 53 52 53 51 55 55 53 51 50 46 40 38 26 17 19 25 
2 2 2 2 2 2 2 2 2 2 2 2 1 2 2 2 2 2 2 2 2 2 2 2 2 2 2 3 2 3 3 2 3 3 2 2 2 2 3 2 2 2 3 3 3 3 4 5 7 7 8 9 9 10 11 13 14 14 15 16 17 17 16 17 18 19 21 23 25 27 29 30 30 28 27 28 27 26 25 24 23 21 21 21 20 20 19 19 19 18 18 16 21 21 21 25 20 17 16 15 14 14 15 17 13 12 12 11 11 10 9 12 11 11 11 11 12 13 11 11 11 11 11 12 12 12 11 10 11 11 8 6 5 3 3 4 4 4 4 4 4 4 5 5 5 6 5 8 15 26 33 35 35 36 35 15 22 24 10 15 29 12 15 19 19 18 25 23 24 25 27 32 46 66 116 187 221 220 212 210 225 237 243 242 234 221 198 173 139 127 107 90 62 36 29 25 23 21 17 14 11 10 10 10 11 11 12 13 14 13 18 44 40 45 65 71 90 86 56 17 8 26 59 61 63 65 67 68 71 73 66 64 59 51 42 36 33 33 36 35 33 34 33 29 17 13 9 7 8 9 
2 2 2 2 2 2 2 2 2 2 2 2 2 2 2 2 2 2 2 2 2 2 2 2 2 2 2 3 3 4 4 4 5 4 4 4 4 4 5 5 5 6 7 8 8 9 10 10 11 12 13 13 13 14 15 14 16 18 20 21 20 18 18 19 20 21 21 23 25 27 28 28 28 27 27 27 27 27 26 26 25 25 25 25 25 25 25 26 26 25 29 23 29 30 24 26 33 25 24 23 22 22 24 27 25 23 22 21 21 21 20 20 19 19 18 18 18 19 18 19 19 19 19 19 19 17 15 16 20 20 14 8 7 7 8 7 6 6 8 9 9 9 9 10 10 10 11 15 25 38 44 44 44 49 43 20 31 36 18 23 35 24 30 31 29 27 33 34 34 34 35 38 50 68 103 157 191 199 196 196 218 232 239 238 230 220 202 180 130 123 106 91 63 35 27 24 23 20 18 15 13 11 11 11 12 13 13 14 14 13 22 55 60 72 81 77 62 39 20 9 9 28 56 66 67 68 68 70 75 80 73 72 68 59 46 33 26 23 25 24 23 26 27 21 12 7 4 4 3 3 
2 2 2 2 2 2 2 2 2 2 2 2 2 2 2 2 2 3 3 3 3 3 3 4 4 4 4 5 5 8 8 7 9 7 8 8 8 8 8 9 10 11 11 12 13 14 14 13 13 14 15 15 15 15 16 15 15 17 19 20 18 16 17 18 20 20 20 21 23 24 25 25 25 25 26 27 26 25 25 26 26 26 27 25 25 26 26 27 27 27 31 27 26 28 25 23 28 22 24 25 25 25 25 26 28 26 25 26 26 26 25 24 24 23 22 21 19 18 20 22 23 25 25 24 23 22 21 21 24 26 23 18 18 16 17 17 17 17 19 19 20 20 21 22 24 24 28 31 38 45 46 46 48 51 49 36 42 45 35 38 47 42 49 44 46 45 43 48 45 45 48 52 62 75 100 124 141 153 162 173 206 216 224 225 219 211 195 174 127 114 95 82 58 33 25 27 25 23 19 15 13 11 11 11 13 14 15 15 15 12 26 65 78 85 65 45 22 18 14 9 12 33 55 61 64 66 66 65 68 70 66 68 69 68 60 49 40 26 25 22 20 23 22 16 11 7 6 7 6 4 
2 2 2 2 2 2 3 3 3 3 3 3 3 4 4 4 4 4 5 5 6 6 7 7 8 8 8 7 7 11 11 9 11 8 10 11 11 10 10 11 13 11 11 12 13 13 13 12 14 15 15 15 14 14 15 19 17 17 18 19 19 18 16 18 19 20 20 21 22 22 23 23 24 24 25 26 25 24 24 24 24 24 24 25 25 25 26 26 27 27 26 27 25 27 29 25 22 25 26 26 25 25 26 28 24 24 25 26 26 26 25 26 26 25 24 23 22 21 23 24 26 28 29 27 26 27 27 26 26 26 27 27 27 24 24 27 29 30 31 29 29 30 32 33 35 37 45 45 47 49 48 49 52 53 55 53 52 52 50 51 51 50 52 49 55 53 42 45 42 42 46 49 56 63 85 91 93 107 127 148 180 189 200 204 201 197 182 160 127 110 87 74 54 34 29 34 36 27 20 15 10 10 9 9 12 14 15 19 18 13 27 67 72 62 33 16 6 13 15 10 12 28 43 42 47 51 51 50 49 50 50 50 52 54 53 48 44 29 29 24 22 25 21 11 10 9 8 9 9 7 
3 3 4 4 4 4 5 6 6 6 6 6 6 7 7 7 7 7 8 8 8 8 8 8 8 8 8 9 9 9 9 9 9 9 10 10 11 11 11 11 11 11 12 12 12 12 12 13 14 15 15 15 15 15 14 17 17 18 19 20 20 19 19 19 19 20 20 20 20 22 22 23 23 24 24 23 24 23 23 24 23 23 24 25 24 24 24 24 24 25 25 26 27 28 27 26 25 26 27 28 27 26 25 25 24 24 24 25 25 26 26 25 25 24 24 25 26 27 27 25 25 27 28 26 24 23 24 25 26 27 27 27 27 27 28 30 33 35 37 35 35 36 37 38 40 40 42 44 45 46 46 46 45 48 48 48 48 47 46 46 49 49 48 49 51 44 32 29 27 28 30 31 34 39 49 58 63 79 106 127 148 159 173 176 174 175 164 143 121 111 92 77 58 40 37 43 67 45 21 13 8 9 8 7 10 13 16 28 21 18 24 52 41 23 14 16 6 8 9 9 9 15 26 22 24 25 25 25 25 26 27 27 27 27 26 25 24 22 25 22 23 26 23 7 7 9 9 8 7 7 
6 6 6 6 6 6 7 7 7 7 8 8 8 8 8 8 8 8 8 9 8 8 8 8 9 9 9 8 9 9 10 10 10 10 11 11 11 11 11 12 12 12 12 12 12 12 12 12 13 14 14 15 16 16 16 18 19 19 20 21 21 19 19 19 19 19 19 19 20 21 21 21 21 22 22 22 22 21 22 24 23 23 25 23 23 23 23 23 24 24 25 26 27 27 27 26 25 24 26 27 27 27 27 27 26 25 25 24 23 23 23 24 23 23 23 23 24 25 27 25 24 24 24 24 23 21 22 24 25 26 26 26 29 30 31 33 34 36 37 37 37 37 38 39 41 42 39 40 41 42 43 43 43 42 43 43 44 45 45 46 51 50 46 44 43 38 29 26 26 27 31 34 40 47 45 64 74 82 95 111 135 134 145 143 134 134 132 122 117 108 92 83 65 43 35 48 123 90 24 11 8 5 6 5 8 13 27 49 27 19 13 18 13 8 10 14 6 6 5 4 6 13 22 21 22 23 23 23 23 24 23 24 24 24 24 24 24 23 26 22 22 23 21 7 5 7 8 7 6 6 
8 7 7 7 7 7 7 7 7 8 8 8 8 8 8 8 8 8 8 8 8 8 8 9 9 9 10 9 9 10 10 10 11 11 11 11 12 12 12 12 12 12 12 12 12 12 12 12 12 13 14 15 16 16 16 18 18 18 19 19 19 17 17 17 17 17 16 16 16 16 16 15 15 16 17 17 16 15 16 18 17 18 19 18 19 20 20 21 21 21 21 22 23 23 23 22 21 22 24 25 25 26 27 28 27 26 25 24 23 22 22 24 23 23 23 24 24 25 27 26 24 23 24 24 24 23 23 25 26 28 28 29 32 33 34 35 36 36 37 35 35 35 36 37 38 39 37 37 38 39 40 42 43 42 42 42 43 44 45 46 42 43 44 45 46 45 41 55 53 55 60 66 78 93 99 133 138 119 98 92 106 111 122 118 104 100 104 103 105 97 84 79 66 44 34 46 136 105 26 11 8 4 5 5 8 15 42 76 36 19 10 8 7 5 11 12 4 4 4 3 7 15 21 18 19 20 20 20 20 21 21 21 21 21 21 22 22 22 24 21 20 19 19 7 4 6 6 5 3 3 
7 7 6 6 6 6 7 7 7 7 7 7 8 8 8 8 8 8 8 8 9 9 9 9 9 9 9 10 10 10 10 10 11 11 11 11 12 12 12 12 12 12 12 12 12 11 11 11 11 12 13 14 15 15 15 15 15 15 16 16 15 13 13 13 13 12 12 12 12 12 11 11 11 12 13 14 12 11 11 13 12 12 13 14 14 16 17 17 18 17 19 19 19 20 20 19 19 21 22 23 23 23 24 25 25 25 25 25 25 25 24 25 25 25 25 25 25 26 26 25 25 25 26 27 28 27 28 29 30 31 32 32 33 34 35 36 36 35 35 34 33 34 34 35 36 37 37 37 38 38 40 42 44 44 44 43 42 42 43 43 41 45 47 47 47 46 45 49 46 45 48 55 69 87 154 188 181 139 89 63 64 94 110 108 90 80 79 79 88 84 72 69 60 43 35 31 66 54 21 10 7 4 6 5 9 16 37 66 30 13 8 8 10 6 11 7 2 6 7 7 11 18 19 17 18 19 19 18 18 19 21 20 20 19 19 20 21 21 22 20 19 18 20 10 2 4 5 3 2 2 
7 7 7 7 7 7 8 8 8 8 8 8 8 9 9 9 9 9 9 9 10 10 10 10 10 10 10 11 11 10 10 10 10 10 11 11 11 11 12 12 12 12 12 12 11 11 11 11 11 12 12 13 13 13 13 13 13 12 13 13 12 11 11 10 10 10 10 9 9 11 11 10 11 12 13 14 13 11 12 12 11 11 12 13 13 15 16 17 17 17 21 20 21 21 21 21 21 21 22 22 22 22 23 24 23 23 24 24 24 25 26 25 25 25 26 26 26 26 25 26 27 28 28 28 28 31 31 30 31 31 31 32 32 33 34 34 34 33 32 35 34 34 35 35 36 37 37 36 36 37 39 42 43 41 41 40 39 39 39 39 36 39 42 44 42 40 40 32 29 29 32 39 57 78 130 172 172 139 95 68 65 96 118 117 92 71 62 56 70 76 70 64 54 38 31 20 21 17 13 9 5 5 5 5 8 11 16 28 14 8 6 6 9 5 11 7 5 12 15 13 14 16 15 18 19 20 19 19 19 19 19 18 18 18 19 20 20 22 20 17 17 16 18 11 1 3 4 3 3 4 
7 7 7 7 7 8 7 8 8 8 8 8 8 8 8 8 8 9 9 9 9 9 10 10 11 12 12 11 11 10 10 10 10 10 11 11 11 11 11 11 11 12 12 11 11 11 11 11 12 12 12 13 13 13 13 13 13 13 13 13 12 11 11 10 10 10 10 10 10 11 11 11 12 13 14 15 15 14 14 14 13 12 13 15 16 17 18 19 20 20 21 21 21 21 21 21 21 23 24 23 23 22 23 24 22 22 22 23 23 23 23 24 24 25 25 25 25 25 25 27 28 27 26 25 25 30 29 28 28 28 28 28 31 31 32 32 31 30 31 32 32 32 32 32 33 34 34 34 34 35 36 37 38 37 37 38 38 38 38 38 38 36 36 33 27 23 23 15 16 18 23 32 51 73 117 161 173 160 131 107 105 128 150 147 114 81 61 50 55 67 66 58 47 30 22 15 12 10 8 6 5 5 3 4 6 9 9 15 12 13 7 5 6 4 17 20 10 17 19 15 14 16 16 16 17 18 17 17 17 17 16 16 17 17 18 20 20 13 10 7 7 6 7 4 1 2 3 2 2 4 
6 6 6 6 7 7 7 7 7 7 7 7 7 7 7 7 8 8 8 8 8 9 9 10 11 11 12 11 10 10 10 10 10 10 10 11 11 11 11 11 11 11 11 11 11 11 11 11 12 13 13 13 13 13 13 14 14 14 15 15 14 13 13 12 12 12 13 13 13 13 13 13 13 13 14 14 15 13 14 14 14 13 14 16 16 17 18 19 21 21 21 20 20 20 20 20 21 23 23 23 22 22 23 24 22 22 22 22 22 22 23 23 23 24 25 25 24 24 25 26 27 26 25 25 26 28 27 27 26 26 27 27 31 30 30 30 29 30 30 30 29 29 29 30 30 30 31 32 32 33 33 33 33 34 36 37 37 36 35 33 42 32 24 18 11 8 7 11 13 18 23 31 46 65 104 148 165 153 127 106 108 142 156 150 115 80 59 48 42 48 43 39 34 22 15 13 11 9 7 5 5 4 3 5 4 7 8 12 14 16 8 5 5 4 18 25 12 14 16 16 15 17 20 15 16 17 17 16 16 17 17 16 17 17 17 17 16 8 4 2 3 2 3 1 2 2 2 1 1 2 
