DOWN
12 11 11 11 12 12 13 13 13 13 13 13 13 13 14 14 14 14 14 15 16 15 15 14 13 13 13 13 13 13 13 13 12 11 12 13 13 13 13 12 12 13 13 14 15 16 16 14 14 15 15 14 12 12 14 15 14 15 15 14 13 12 12 13 13 13 13 13 13 12 12 12 12 12 12 12 12 12 13 14 13 13 13 14 13 13 13 13 13 13 13 14 15 15 14 12 13 14 12 12 13 13 12 12 12 13 12 11 11 12 12 11 12 12 12 12 11 12 12 11 11 11 10 10 11 10 11 11 11 11 11 11 10 11 11 11 11 11 11 11 11 11 11 11 11 10 10 10 10 11 11 11 10 10 9 9 10 10 10 10 9 10 9 9 9 9 9 9 9 8 9 9 9 10 10 9 9 9 9 9 10 9 8 8 9 9 9 8 8 8 8 8 8 8 8 8 8 8 8 7 7 7 8 8 7 7 7 7 7 7 7 7 7 7 7 7 7 7 7 7 7 7 8 8 7 7 8 8 7 7 7 7 7 6 6 6 6 6 6 6 6 6 6 6 5 5 5 6 6 6 
11 11 10 10 11 12 11 12 12 12 12 13 12 12 13 13 14 14 13 13 13 13 13 13 13 13 13 13 13 13 11 11 12 12 12 12 13 12 11 11 11 12 13 13 13 13 13 13 14 14 14 13 13 12 12 12 12 12 13 13 14 13 13 13 13 12 12 12 11 10 10 11 11 10 10 10 10 10 11 12 11 11 12 12 11 11 11 12 12 12 12 12 14 15 14 12 12 12 11 11 12 12 11 11 11 11 11 10 10 10 10 10 10 10 10 10 10 10 10 10 10 10 9 10 10 11 10 10 9 9 9 9 9 10 10 9 9 9 9 9 9 9 10 10 10 9 9 9 9 9 9 9 9 8 9 8 8 8 8 9 8 8 8 8 8 8 8 8 8 7 8 8 8 8 10 8 7 8 7 7 9 7 7 7 8 8 7 8 8 8 8 8 8 8 8 8 8 8 8 8 7 7 7 6 7 7 7 7 7 7 6 7 7 7 7 7 7 7 7 7 7 6 6 6 6 6 7 7 7 6 6 6 6 6 7 6 6 6 6 6 6 5 5 5 5 5 5 5 5 5 
11 10 10 10 10 11 10 11 11 10 11 12 12 11 11 10 10 10 10 10 10 10 10 10 10 10 9 10 10 11 9 9 11 11 10 11 11 11 10 10 11 10 10 10 11 12 12 12 11 12 11 11 11 11 11 10 10 10 10 11 11 10 11 12 11 11 11 11 10 10 11 11 10 9 9 9 9 9 10 11 10 10 10 10 10 10 10 10 10 9 9 10 11 11 11 10 10 10 10 10 10 10 10 10 10 11 10 10 9 9 9 9 9 9 9 9 9 9 9 9 8 8 8 8 8 9 8 8 8 8 8 8 7 8 8 8 8 8 8 8 7 7 8 8 8 7 7 8 7 7 7 8 7 7 7 7 6 7 7 7 7 8 8 8 7 7 7 7 7 7 7 8 7 6 8 8 6 6 6 7 8 6 7 7 7 7 6 6 6 7 7 7 7 7 6 6 7 7 7 6 6 6 6 6 6 6 6 6 6 6 6 6 7 6 6 5 5 5 5 6 6 5 5 5 5 5 5 5 5 5 5 5 4 5 5 4 4 4 4 4 4 4 4 4 4 4 4 4 4 4 
9 9 9 9 9 9 9 10 10 9 9 11 10 10 10 10 10 9 10 9 9 8 9 9 9 8 8 8 9 9 8 9 10 10 9 9 9 9 9 9 9 9 8 9 10 10 10 9 9 9 9 9 9 9 9 9 9 9 10 10 9 9 9 9 9 9 9 9 8 8 9 8 7 7 7 8 7 7 8 9 8 8 8 8 8 8 8 8 8 7 8 9 8 8 9 9 8 8 8 8 8 8 8 8 9 9 8 8 8 8 8 8 8 7 7 7 7 7 7 7 8 8 8 8 7 7 7 7 7 8 8 8 7 8 8 8 8 8 8 8 7 7 8 8 8 8 7 8 7 7 8 8 7 7 7 7 7 7 7 7 7 7 7 7 6 6 6 7 7 6 7 7 6 5 6 6 5 5 6 6 8 7 6 6 6 6 6 6 6 5 5 6 6 7 7 7 6 6 6 6 6 6 5 6 6 6 5 5 5 5 5 6 6 5 5 6 7 6 5 6 6 6 6 6 6 6 5 5 5 6 6 6 6 7 7 5 4 5 6 6 6 6 6 6 6 6 6 5 5 4 
10 10 10 10 9 9 10 11 11 9 9 9 8 9 10 11 12 12 11 11 10 9 9 9 9 9 9 9 9 9 8 9 10 9 8 9 9 9 9 9 10 10 10 10 9 9 9 9 10 11 10 9 9 9 9 9 9 10 10 10 9 10 10 10 10 10 10 10 10 9 8 8 8 8 8 8 7 7 9 9 10 9 9 9 9 10 10 10 10 9 9 10 10 10 10 10 10 10 11 11 10 10 11 11 11 11 11 11 11 12 12 12 11 11 11 10 10 10 10 11 11 12 12 11 11 10 10 11 12 13 13 13 12 13 13 13 13 12 12 12 13 13 13 13 13 13 13 13 13 13 13 13 13 12 13 12 12 12 12 12 12 13 13 12 12 11 11 11 10 10 10 10 9 8 8 8 9 11 11 10 11 10 9 10 10 10 10 10 11 9 9 9 9 10 10 10 10 10 10 9 9 9 10 10 10 9 9 9 9 9 9 9 8 8 9 11 14 11 9 9 9 8 9 10 11 11 10 9 10 11 12 13 14 15 14 11 9 11 17 20 19 17 16 15 14 14 14 11 8 7 
11 11 12 12 11 10 11 12 12 10 9 8 7 8 9 11 13 13 12 12 11 10 10 10 10 10 9 9 9 9 8 9 9 8 8 9 10 10 9 10 10 11 11 10 9 9 10 11 13 13 12 10 10 10 10 10 10 11 11 10 9 10 11 12 12 12 13 13 13 11 10 9 10 10 9 8 7 7 9 10 11 12 12 12 12 13 14 15 14 14 13 13 15 15 14 13 14 16 18 18 17 17 17 18 18 18 18 18 18 18 19 19 19 19 18 18 18 18 19 18 19 19 19 18 17 17 18 18 19 20 19 18 18 17 17 18 18 18 19 19 19 19 19 19 19 20 20 20 20 20 21 21 20 18 20 19 18 19 19 19 19 19 19 17 16 16 15 15 18 17 16 17 15 13 12 9 13 18 14 9 9 8 9 9 10 9 9 9 10 10 11 11 11 10 10 10 10 10 10 10 10 10 10 10 9 10 10 10 10 10 10 9 8 8 9 12 15 13 11 10 9 9 10 12 13 13 12 12 12 13 14 16 17 18 18 15 13 16 25 28 25 22 19 17 16 16 15 11 7 5 
13 12 13 14 13 12 12 13 12 10 9 9 8 9 10 12 13 14 14 14 13 13 13 12 11 11 10 10 11 10 10 10 11 9 8 9 9 9 9 9 9 10 11 9 8 9 10 12 13 13 12 10 9 9 10 10 11 13 13 11 11 11 12 11 11 11 12 12 12 12 11 10 10 10 8 6 5 5 7 9 10 11 12 13 15 16 18 19 18 17 16 15 17 18 17 16 17 20 22 22 22 22 22 22 23 25 24 23 23 22 22 22 22 22 21 21 22 22 23 22 22 22 21 21 20 20 20 20 19 19 18 17 16 15 15 16 16 17 18 18 19 19 19 19 20 21 21 21 21 22 23 22 21 19 21 19 19 19 20 20 20 17 17 17 17 17 17 18 20 18 17 16 15 13 12 10 14 20 14 6 5 4 4 4 4 4 3 3 4 5 5 6 6 7 7 7 8 8 8 8 8 9 9 8 7 7 8 8 8 8 8 8 7 6 6 8 10 9 8 7 6 6 7 8 8 8 7 7 7 8 9 9 9 10 11 10 9 11 15 17 15 12 10 9 8 9 8 7 5 5 
16 15 15 17 17 16 17 17 16 13 14 15 16 16 16 16 17 18 19 19 20 19 19 17 16 15 15 15 15 14 14 16 17 14 12 11 12 11 11 11 11 12 13 11 11 11 12 14 15 15 14 12 11 12 12 14 16 17 17 15 14 15 15 13 12 13 14 14 14 15 15 14 12 12 11 9 7 6 8 11 14 15 17 18 20 21 22 23 22 20 18 17 18 20 21 21 21 21 22 22 22 22 22 22 22 24 24 23 22 22 22 21 20 20 20 21 21 22 22 22 21 20 19 19 19 19 18 17 17 17 17 16 16 15 15 15 15 15 15 15 17 17 17 17 18 19 20 18 18 19 20 19 18 16 17 16 16 16 17 17 17 16 16 15 15 15 15 16 13 11 10 10 10 9 9 9 13 18 13 7 6 5 5 5 5 5 4 4 5 4 5 5 6 6 7 7 8 8 9 9 9 10 10 9 8 8 8 8 8 8 8 8 8 7 7 8 8 7 7 7 6 6 6 6 6 6 6 6 6 7 7 7 6 6 7 7 6 7 9 9 8 8 7 7 8 7 6 6 7 7 
21 19 19 20 21 20 21 22 21 20 21 24 26 24 22 22 22 22 23 25 25 25 24 23 22 21 21 20 19 19 19 20 21 20 17 17 18 17 16 16 16 17 18 17 17 16 17 17 19 19 19 17 16 16 17 17 20 20 21 20 19 20 18 18 18 18 19 19 19 19 21 19 18 19 19 16 13 11 13 17 20 22 23 24 23 25 25 25 24 22 21 19 20 22 24 24 22 21 19 20 20 20 20 19 19 21 21 20 20 21 21 20 19 19 19 20 20 21 22 20 20 18 17 17 18 17 17 17 17 17 17 17 17 17 16 16 15 14 13 13 15 15 14 14 15 16 16 14 14 15 16 16 14 12 14 13 12 13 13 14 13 13 12 11 10 9 8 8 8 7 7 7 7 8 8 6 8 11 10 7 7 7 6 7 7 7 7 7 8 7 8 8 8 8 8 8 7 8 9 8 9 9 9 8 8 8 7 8 8 7 7 7 7 7 7 7 7 7 8 8 8 7 7 6 7 8 7 7 8 8 9 9 8 8 8 8 7 7 7 6 7 7 7 7 8 7 6 6 7 7 
23 21 20 20 20 20 20 20 22 24 25 25 25 25 25 24 24 23 24 24 24 23 23 23 23 23 24 22 22 22 21 19 20 22 21 22 23 22 20 21 22 21 20 21 21 21 21 21 21 22 23 22 19 17 19 19 21 19 20 21 21 22 18 20 22 21 20 21 20 18 19 19 21 23 23 20 17 15 16 18 20 19 20 20 20 21 21 20 19 18 18 18 19 19 19 18 17 17 16 15 14 14 14 14 14 16 17 16 15 16 17 16 16 14 15 15 14 15 17 15 16 14 13 13 16 13 13 14 14 12 11 10 10 11 10 12 9 10 8 10 9 10 10 9 9 10 9 9 9 9 10 10 9 8 11 10 8 10 9 9 8 9 8 8 8 8 8 8 8 9 9 8 8 8 9 7 8 9 9 9 9 9 8 8 8 7 7 7 8 7 7 8 8 8 8 8 9 9 9 9 9 9 8 7 7 8 8 8 8 7 7 7 7 7 7 8 8 7 7 7 6 6 6 5 5 7 6 6 7 7 7 8 6 7 6 7 7 7 7 6 7 8 6 7 7 6 6 6 7 6 
20 18 19 19 21 21 20 19 20 21 21 21 20 21 21 20 19 19 19 19 18 17 17 17 18 19 18 18 18 19 17 17 17 19 17 17 18 18 17 18 18 17 17 17 18 18 17 17 18 19 19 18 16 16 16 17 19 17 17 17 15 18 15 16 17 16 16 17 16 14 14 14 15 17 17 16 14 12 12 14 14 13 13 13 13 14 14 13 13 12 12 12 12 12 12 12 11 12 12 11 11 10 9 10 12 11 10 10 10 10 10 10 10 9 10 10 9 10 11 10 11 11 11 9 11 9 8 8 8 9 9 9 9 10 9 11 10 11 9 10 8 9 11 11 11 10 10 10 9 9 10 10 9 8 10 10 9 12 10 9 8 10 10 9 9 9 9 10 9 9 8 8 8 8 8 9 9 8 8 10 10 10 9 8 8 8 8 8 7 9 8 7 8 9 9 7 12 9 7 9 9 7 8 8 7 7 8 7 6 6 7 7 8 8 7 7 9 8 7 7 6 7 7 8 5 7 8 7 8 7 7 7 6 7 6 6 6 6 7 6 6 7 6 7 6 6 7 7 7 6 
15 14 14 14 14 14 13 12 13 13 13 13 13 14 14 13 12 12 12 12 13 13 12 13 14 14 13 13 13 13 12 12 13 14 12 11 12 12 12 13 13 12 12 12 12 12 12 12 12 12 12 12 12 11 11 11 13 13 14 14 10 11 10 11 12 11 10 10 10 10 11 11 11 12 12 12 12 11 10 11 11 10 10 11 11 11 11 11 10 10 10 11 10 10 10 11 11 11 12 11 12 11 9 10 11 10 9 10 11 11 9 9 11 10 11 11 10 9 11 13 13 14 14 11 12 12 9 9 8 9 10 10 10 8 9 9 10 11 9 11 11 10 9 9 8 9 11 9 8 8 10 10 8 8 9 9 7 9 8 9 9 10 10 9 8 8 8 8 10 9 9 9 9 9 8 11 10 8 8 8 8 9 8 7 8 9 10 9 7 10 9 8 8 8 7 7 9 9 8 8 8 8 7 6 7 9 7 8 9 8 8 7 6 7 7 6 6 7 7 8 7 6 6 8 7 7 7 6 7 7 6 6 5 6 5 5 6 5 6 5 5 6 6 7 6 4 5 6 6 5 
12 11 11 12 12 11 12 12 12 13 14 15 15 14 13 13 14 13 13 13 14 14 13 13 15 14 13 13 13 13 12 13 13 14 12 11 12 11 12 12 12 12 12 12 12 13 13 12 13 13 12 12 13 12 12 12 12 11 12 13 13 13 14 14 14 13 12 12 12 11 12 12 12 11 11 12 12 11 10 11 12 11 11 11 10 10 10 11 11 11 11 12 11 10 10 10 11 11 12 12 12 11 11 9 8 10 9 10 12 11 10 9 10 10 11 11 11 12 13 15 14 15 15 13 12 13 11 9 8 9 10 10 9 9 11 11 11 11 10 12 10 9 10 10 9 9 11 9 9 11 12 10 9 9 10 10 9 11 9 9 9 9 10 10 9 9 9 8 9 8 8 9 9 9 7 10 9 9 9 8 9 10 8 8 9 10 9 8 7 8 9 10 8 7 8 10 6 10 11 8 8 11 10 7 10 11 7 8 10 8 7 8 8 9 8 8 9 9 8 8 9 9 8 8 9 9 6 5 7 6 7 8 6 7 6 7 8 6 7 7 6 7 7 7 6 6 8 9 7 6 
19 18 18 19 19 19 17 17 17 18 18 19 19 17 16 17 18 18 17 16 18 19 18 19 20 21 20 19 19 18 18 18 18 17 16 16 16 15 15 16 15 15 15 15 15 17 17 16 17 18 17 18 18 18 18 19 19 18 16 19 21 19 19 18 17 17 16 15 14 15 16 15 15 15 15 16 16 15 15 15 16 14 15 16 14 13 13 14 15 15 15 15 14 14 13 13 13 13 14 14 12 11 15 14 12 14 12 11 11 10 10 10 9 9 9 9 10 10 10 10 9 9 9 9 8 7 8 7 6 6 7 7 6 8 10 10 9 7 8 9 7 8 10 10 10 9 9 8 9 10 9 10 12 14 16 16 12 13 9 9 9 7 9 9 9 10 11 9 9 9 9 11 12 12 11 11 10 11 12 11 11 13 11 12 13 12 11 10 10 10 10 10 11 11 12 13 13 13 12 11 13 16 15 14 14 14 14 12 11 13 15 16 15 14 14 13 11 11 14 14 12 11 10 8 9 11 11 12 11 9 13 15 13 16 13 14 16 12 14 14 14 15 12 12 12 12 14 14 11 12 
34 33 33 33 32 30 30 29 28 27 26 26 27 27 27 27 27 26 25 25 25 25 26 25 26 27 29 30 30 29 29 28 27 24 22 22 21 20 21 22 21 21 20 20 21 25 25 24 24 24 25 26 25 25 26 25 24 29 26 25 29 22 23 25 24 26 26 23 23 24 24 23 24 25 27 27 26 24 22 23 23 22 23 25 24 22 21 22 23 22 21 23 22 22 22 22 22 21 18 17 17 17 18 19 19 18 20 17 13 14 14 12 12 12 10 8 9 9 9 8 8 6 6 8 5 2 2 2 2 2 2 2 2 2 3 5 6 4 8 4 6 7 6 4 5 5 5 6 7 6 6 10 15 16 20 17 10 9 6 8 9 5 6 6 6 8 10 9 10 11 12 13 14 14 14 15 12 13 16 15 13 15 16 17 18 16 15 16 17 18 16 14 15 18 17 15 20 18 15 16 18 19 21 21 18 18 21 18 15 21 21 21 20 19 23 24 17 13 21 24 11 6 6 6 6 11 17 17 14 12 16 19 20 28 23 20 21 16 19 20 20 20 17 19 21 21 20 18 19 23 
73 73 75 76 76 74 76 76 73 70 68 67 67 71 70 65 61 59 60 61 60 61 60 55 50 51 57 62 63 62 62 60 54 48 29 17 16 15 16 19 18 18 17 17 19 22 23 22 21 22 24 24 22 22 24 22 21 31 24 23 36 37 40 37 37 42 43 40 41 42 41 40 43 49 54 53 53 53 52 55 57 57 60 62 57 51 48 49 49 46 43 45 46 48 50 50 50 48 40 38 44 37 20 17 25 35 51 52 45 45 39 27 16 16 14 13 16 18 17 15 15 12 9 12 5 1 0 0 1 0 0 0 0 0 1 6 10 11 20 8 10 14 13 11 14 17 13 14 17 12 9 14 16 10 21 24 23 25 21 20 20 11 12 10 9 11 15 15 17 18 19 18 17 16 16 19 14 14 21 24 23 24 25 22 19 17 16 16 16 19 19 20 21 21 21 20 16 20 25 20 18 20 22 26 28 24 16 12 11 13 10 16 23 15 16 19 14 11 18 19 8 7 14 14 6 9 14 11 11 12 11 10 16 29 23 15 12 9 11 11 11 12 10 15 22 22 17 15 18 22 
144 147 149 150 151 151 152 151 148 147 148 149 149 151 149 144 138 136 137 138 137 142 135 127 113 111 123 131 131 128 133 128 123 105 41 5 4 4 4 6 6 6 6 6 7 9 10 10 10 11 12 12 11 11 12 12 16 28 18 18 64 101 98 84 79 88 100 100 101 103 103 103 104 111 118 115 114 119 120 124 124 125 127 126 116 110 107 107 108 104 100 100 102 108 111 109 109 107 100 102 99 77 21 16 28 65 112 116 108 105 98 76 21 14 18 16 18 31 33 31 33 30 18 16 6 1 2 3 3 1 1 1 0 0 1 9 17 19 43 12 14 29 35 36 52 55 39 29 23 16 14 24 17 7 38 61 64 75 70 63 38 15 31 18 10 17 29 35 44 36 32 24 20 18 18 20 15 12 39 58 54 56 41 19 12 11 15 18 11 18 38 35 34 32 23 22 16 41 51 18 18 25 28 46 57 58 9 3 3 1 1 9 24 7 2 1 2 3 3 2 2 9 25 22 10 9 28 7 15 18 12 9 15 28 20 11 12 12 16 22 26 29 8 6 14 12 7 5 6 7 
174 178 177 174 173 174 177 176 174 178 183 187 187 184 182 182 181 180 180 178 175 183 170 166 146 141 159 169 170 166 178 168 169 140 47 2 1 1 1 1 1 2 2 3 3 4 4 5 5 6 7 7 6 5 6 5 11 31 21 20 98 164 154 140 126 137 158 161 158 160 161 162 158 160 165 161 157 161 164 165 162 160 159 159 157 155 153 154 155 152 150 151 150 156 157 149 148 153 152 148 143 123 24 14 25 64 136 153 153 147 140 110 31 17 19 22 25 35 37 42 45 44 25 20 5 1 8 9 6 1 1 1 0 1 0 5 13 14 39 7 12 34 43 43 58 59 47 24 11 9 11 25 15 6 52 82 75 83 77 68 32 10 38 16 6 19 36 45 57 50 46 27 14 12 12 21 17 10 58 92 95 96 53 12 3 4 12 18 12 36 76 56 55 50 31 20 27 73 89 21 18 26 38 95 103 104 10 1 0 1 1 2 17 2 1 0 1 2 1 2 4 8 24 22 10 9 52 9 16 18 16 13 16 21 16 11 14 17 40 82 93 86 19 4 8 6 4 3 2 1 
174 177 177 173 172 173 176 175 172 174 179 182 182 178 177 177 176 175 174 173 171 179 168 166 145 140 160 170 171 168 178 168 171 141 47 2 1 1 0 1 1 1 1 2 2 3 3 4 3 4 4 4 4 4 4 3 8 28 21 21 101 164 162 158 142 151 168 166 159 160 163 162 157 159 165 163 159 161 162 160 156 154 155 159 162 159 158 159 161 158 158 162 156 157 156 149 149 156 156 148 121 99 32 13 18 39 94 123 128 123 112 71 29 21 10 24 32 26 24 29 33 27 21 22 4 2 12 14 7 1 0 0 0 1 0 1 5 5 10 4 8 20 25 21 16 15 18 6 3 4 4 9 5 2 26 35 27 27 20 18 9 6 15 5 5 12 18 19 24 32 35 21 8 5 6 15 10 10 47 70 80 74 37 11 4 5 6 6 9 37 66 42 44 38 31 21 27 48 74 25 13 14 30 81 83 81 10 2 1 1 1 0 8 1 1 0 0 0 1 5 7 4 11 10 7 15 49 12 11 13 16 18 13 9 12 9 8 11 53 113 103 74 22 20 29 32 36 19 7 1 
175 179 178 175 174 175 178 176 173 174 178 179 178 178 178 178 176 176 175 175 173 181 171 171 149 143 165 172 172 169 177 167 172 141 48 3 1 1 0 0 0 1 1 1 1 1 1 1 1 2 2 2 2 2 3 2 5 22 18 20 102 175 173 162 147 157 174 169 160 161 165 162 155 156 164 164 163 168 165 161 155 154 159 162 160 158 159 162 165 163 162 160 156 158 160 158 160 158 150 153 75 41 47 40 41 50 72 79 70 73 72 33 22 15 14 26 20 11 9 10 12 9 11 14 3 1 9 11 5 1 0 0 0 0 1 1 4 4 3 6 3 7 16 20 8 1 1 0 0 0 0 1 0 0 1 1 1 1 0 1 1 1 1 0 1 2 3 3 4 5 5 4 3 3 4 14 29 37 49 46 48 53 31 13 14 15 8 4 5 10 22 14 14 10 14 13 17 11 37 40 41 37 41 49 49 56 8 3 3 2 2 2 13 3 1 1 1 1 3 12 9 2 5 5 17 48 77 53 48 48 46 45 39 31 35 33 33 36 65 76 37 17 34 62 79 82 94 50 9 1 
179 182 181 179 178 179 183 181 177 177 180 180 178 181 183 182 181 181 179 179 177 183 174 178 153 145 172 175 173 171 176 167 174 142 48 3 1 0 0 0 0 0 0 0 0 0 0 0 1 1 1 1 1 1 1 1 4 18 14 18 101 183 180 160 147 160 178 174 166 166 169 166 159 159 169 169 167 170 166 160 155 155 161 167 169 165 164 164 163 159 158 162 161 163 166 165 160 155 151 137 74 86 100 110 122 118 117 111 97 104 96 35 30 28 55 55 20 7 4 4 3 3 4 6 3 1 3 4 1 2 1 0 0 0 1 1 4 7 6 7 6 7 13 19 9 1 0 1 0 1 0 1 0 1 1 1 1 1 0 0 0 0 0 0 1 0 2 3 6 5 0 0 1 1 2 22 84 113 98 79 67 97 58 21 25 18 7 7 7 6 7 5 6 7 13 12 13 6 53 96 107 104 97 101 104 85 9 2 2 2 2 2 14 4 0 1 1 1 3 10 6 7 30 38 49 85 88 62 49 46 43 37 32 28 32 32 36 43 53 32 10 8 66 83 91 77 109 82 11 5 
183 187 186 182 182 183 186 184 180 180 183 184 182 183 185 184 183 182 181 181 179 184 175 180 153 142 172 175 175 173 175 167 176 143 48 3 1 0 0 0 0 0 0 0 0 1 0 0 1 1 1 1 1 1 1 1 3 16 13 17 98 173 173 161 147 158 175 172 164 164 168 165 158 160 169 168 167 172 168 162 158 160 166 170 168 163 161 161 160 156 155 160 163 164 166 166 153 149 166 130 66 121 149 173 158 160 156 155 148 159 132 45 46 49 75 67 26 9 7 5 3 4 4 5 8 4 2 2 1 2 1 1 0 0 1 5 6 8 6 4 4 3 3 4 2 0 0 0 1 1 1 0 0 1 1 1 1 1 1 1 0 1 0 1 1 0 4 5 13 12 1 0 0 2 5 18 106 148 125 108 67 91 66 28 35 15 3 8 8 8 7 7 6 12 16 13 7 5 69 125 130 136 123 121 132 96 8 0 1 1 3 2 11 5 2 2 2 1 1 2 2 19 81 94 90 115 98 77 64 51 40 29 18 11 11 6 7 23 34 11 2 7 73 67 70 55 103 98 15 13 
185 189 187 185 183 184 187 185 181 183 186 187 185 185 185 184 184 183 182 181 180 184 177 182 152 139 170 175 177 175 174 167 178 143 48 3 0 0 0 0 0 0 0 0 0 1 1 1 1 1 1 1 1 1 1 1 4 17 17 24 113 183 176 161 144 152 167 164 156 156 160 159 154 155 162 160 156 156 154 151 148 150 156 158 153 151 153 157 161 160 156 151 155 155 159 163 150 145 161 99 32 92 139 175 144 151 152 149 146 160 135 51 56 67 59 60 31 9 6 6 5 6 7 6 12 12 20 25 14 7 4 13 7 1 2 9 14 14 7 1 2 2 1 1 1 0 1 0 1 1 1 1 0 0 1 1 1 1 1 1 1 1 0 0 0 1 7 10 25 19 1 0 1 3 7 17 93 135 130 119 56 45 47 36 53 30 19 19 13 9 15 17 12 17 19 20 16 15 73 117 112 126 108 107 113 78 9 1 2 4 8 6 12 7 6 6 4 3 1 0 1 27 106 115 98 128 155 143 127 110 109 109 84 53 32 7 4 23 35 10 3 8 58 64 72 72 103 74 14 19 
184 188 186 184 182 183 187 184 181 183 187 188 187 187 187 187 186 185 184 183 185 189 182 188 154 139 172 176 178 177 174 167 180 145 48 3 0 0 0 0 0 0 0 0 1 1 0 0 0 1 1 1 1 1 1 1 3 14 14 25 117 189 180 163 145 151 168 165 160 159 160 160 157 158 164 161 153 151 152 150 148 150 156 162 164 161 161 163 164 162 158 154 152 146 146 151 138 129 126 66 17 74 107 124 113 114 120 111 107 120 108 44 39 47 35 43 25 10 6 6 7 6 9 6 9 13 31 45 25 6 3 25 13 1 1 6 14 13 5 2 4 4 3 4 3 1 1 1 1 1 1 1 1 1 1 1 2 1 1 1 1 1 1 1 1 1 10 19 32 26 2 2 3 4 6 15 57 91 94 88 42 19 26 27 37 27 28 22 14 10 21 20 15 19 19 20 22 21 54 75 60 73 61 63 62 47 14 9 9 12 15 13 17 11 13 13 11 12 7 6 8 28 89 95 92 113 151 136 145 140 153 160 137 95 46 10 6 24 28 9 10 10 27 38 45 46 50 28 13 18 
183 185 185 183 182 183 186 185 183 183 185 186 186 186 186 186 186 185 184 184 183 190 181 185 155 143 173 176 181 175 180 169 177 146 48 3 0 0 0 0 0 0 0 0 0 0 0 0 0 1 0 1 1 1 1 1 1 5 5 14 97 179 179 164 148 160 177 171 172 175 170 168 166 168 173 172 170 170 171 169 165 163 166 168 163 153 142 133 122 111 104 100 97 91 87 87 79 72 67 43 20 44 57 56 51 49 53 48 46 51 48 25 14 17 14 17 13 11 9 8 8 6 7 6 5 6 13 22 12 2 1 13 7 0 1 2 4 3 3 9 12 12 10 16 10 2 1 2 1 1 1 1 2 2 1 1 2 2 2 2 2 2 1 2 2 1 14 30 31 27 6 5 7 9 9 11 19 26 26 28 20 14 16 15 13 12 16 13 10 10 15 11 11 17 18 14 19 19 27 30 22 25 24 24 23 26 22 22 22 21 24 24 24 22 25 27 26 25 21 20 23 32 56 60 68 79 100 104 125 130 137 138 144 123 49 8 7 23 22 12 20 14 3 5 8 6 4 2 7 9 
183 183 183 183 183 183 187 187 185 184 183 183 184 184 183 183 183 183 183 183 180 186 177 181 155 146 172 175 184 173 185 172 173 146 47 3 0 0 0 0 0 0 0 0 0 0 0 0 0 0 0 0 1 1 1 1 1 1 1 9 94 191 184 161 145 160 177 169 174 181 175 173 173 177 176 173 171 170 159 146 134 123 114 103 85 77 68 60 50 42 37 35 35 35 35 35 34 34 34 31 29 28 28 28 29 27 26 24 23 22 21 20 19 19 16 14 17 17 14 13 10 7 6 7 6 4 3 2 1 1 1 1 1 1 1 1 1 1 5 18 28 37 45 45 19 4 4 3 3 4 4 4 5 4 6 5 5 6 7 6 5 4 6 5 4 3 23 46 33 22 10 8 10 15 15 15 14 14 15 17 18 19 21 20 17 16 16 17 17 18 19 17 17 22 25 19 25 28 28 29 30 31 31 30 29 29 32 35 34 31 36 35 33 34 38 40 39 38 37 36 37 40 44 45 46 51 62 69 74 79 87 93 112 108 47 13 13 27 24 22 33 21 2 3 7 4 1 1 1 2 
183 183 183 183 183 183 187 188 185 184 183 183 184 183 183 183 183 183 183 183 180 187 178 181 155 146 172 176 184 172 185 173 174 146 47 3 1 0 0 0 0 0 0 0 0 0 0 0 0 0 1 1 0 0 0 1 1 1 2 9 102 194 177 158 144 162 183 180 179 185 181 171 164 159 147 133 121 108 93 79 69 58 47 39 32 32 32 32 32 32 33 34 35 37 40 41 43 42 41 42 44 44 41 38 36 35 33 32 33 33 30 28 30 29 23 20 22 22 17 13 11 12 13 12 9 7 4 3 2 1 2 2 2 2 1 1 1 1 4 15 26 45 82 78 27 10 12 11 11 21 25 16 12 17 17 15 15 16 17 15 15 8 15 12 9 9 30 59 38 19 16 14 17 18 20 23 23 22 24 26 28 28 30 29 28 29 30 31 31 31 35 35 32 34 36 33 38 41 41 42 42 43 43 45 44 43 46 48 47 43 48 47 44 45 49 51 50 51 51 49 49 50 51 51 54 56 55 54 55 58 63 62 67 68 45 30 32 38 34 35 42 26 2 2 6 3 1 1 0 1 
184 184 184 184 184 184 188 188 186 184 184 184 185 184 184 184 184 184 184 184 182 188 178 182 155 146 172 176 184 170 184 173 175 146 46 2 1 0 0 0 0 0 0 0 0 0 0 0 0 0 0 0 0 0 0 1 1 1 2 9 106 190 171 161 149 165 183 172 160 154 140 121 105 94 83 72 61 50 45 43 43 43 40 39 41 42 43 43 43 47 51 54 55 55 56 55 54 54 54 55 55 54 52 50 48 45 38 35 37 40 40 37 34 39 40 37 37 34 31 37 26 22 21 14 7 4 3 2 1 1 1 1 1 1 1 1 1 1 2 5 9 23 65 83 39 20 21 18 20 36 43 30 28 36 44 43 42 43 37 39 47 12 26 24 23 21 35 74 48 18 28 25 29 25 29 32 32 33 35 38 38 37 40 40 40 41 42 43 42 38 44 48 46 48 51 50 52 52 53 54 54 55 55 58 57 56 58 60 59 56 59 59 56 56 59 60 59 61 61 61 62 64 64 62 64 65 64 65 67 68 66 62 62 61 55 54 53 46 42 42 39 30 8 3 5 3 1 1 0 1 
185 185 185 185 185 185 189 189 186 185 184 185 186 185 184 184 184 184 184 185 183 190 180 182 156 146 172 178 183 169 183 174 177 146 45 2 1 0 0 0 0 0 0 0 0 0 0 0 0 0 0 0 0 1 1 1 1 1 2 9 104 195 172 149 129 127 128 109 93 83 70 58 50 49 49 48 48 51 53 55 57 59 61 61 59 61 59 56 55 59 63 67 68 68 68 67 66 68 73 70 67 64 63 63 63 61 52 48 53 60 63 63 65 67 75 90 96 77 61 75 36 18 13 7 3 3 2 2 2 2 2 2 2 2 2 2 2 2 3 4 3 6 24 50 34 18 18 16 28 39 39 49 66 60 59 50 44 48 40 42 48 15 28 26 28 25 33 93 58 20 45 41 46 39 45 46 46 48 51 53 53 51 55 55 54 56 56 55 53 53 59 63 64 66 68 66 67 67 68 68 68 69 69 70 70 70 72 74 74 72 74 74 71 71 73 73 72 73 74 75 78 81 80 78 76 76 77 81 83 78 69 70 74 73 72 74 71 61 57 52 42 42 28 16 13 6 1 0 1 1 
186 186 186 186 186 186 189 189 187 186 186 186 186 186 186 186 186 186 186 186 185 191 182 183 157 146 172 178 184 167 182 175 178 146 45 2 1 0 0 0 0 0 0 0 0 0 0 0 0 0 0 0 1 1 1 1 1 1 2 11 80 145 123 97 77 69 64 56 51 50 50 49 52 58 63 64 64 67 71 72 68 67 72 75 75 75 74 71 70 73 76 78 80 82 84 85 86 86 85 84 82 79 77 74 74 74 70 72 81 88 86 80 65 59 61 71 72 53 37 43 17 5 3 2 3 4 4 5 5 6 6 7 8 8 8 7 8 8 10 13 12 12 9 25 21 12 15 12 20 24 22 35 53 47 67 55 45 51 37 36 41 17 20 17 17 15 25 106 62 22 56 56 61 56 62 63 63 65 68 71 70 68 71 70 70 72 74 73 71 75 77 78 81 84 84 81 82 83 84 84 84 84 84 84 84 85 86 88 88 88 89 88 88 88 88 88 87 88 88 89 91 94 93 89 92 93 92 94 96 91 84 81 83 85 86 86 85 82 78 74 62 63 53 37 35 21 7 3 1 1 
187 187 187 187 187 187 190 190 188 186 186 186 187 187 186 186 186 186 186 186 186 194 183 184 157 147 172 178 184 167 182 176 178 145 44 2 1 0 0 0 0 0 0 0 0 0 0 0 0 0 0 0 1 1 1 3 3 5 4 19 54 77 61 55 47 46 50 54 59 63 65 69 73 75 75 75 75 78 83 83 80 79 84 88 89 89 90 92 93 93 93 92 94 96 97 98 98 97 94 96 97 96 93 88 87 91 89 87 84 77 65 55 44 41 34 24 16 9 5 5 3 3 3 3 3 3 4 5 5 6 6 8 9 10 10 10 11 12 12 12 19 21 13 14 12 12 16 15 11 13 14 13 17 21 59 62 59 65 39 39 52 19 17 13 10 9 21 106 66 27 67 69 74 74 77 79 79 80 84 86 86 84 85 85 85 88 91 91 90 88 86 88 92 96 97 96 98 99 99 99 99 99 99 98 98 99 99 99 100 101 99 98 99 100 99 99 99 101 100 100 100 102 101 97 101 102 100 101 104 106 104 98 96 97 99 97 96 97 94 97 86 83 73 61 64 53 35 20 6 2 
187 187 187 187 187 187 191 190 188 186 186 186 187 187 186 186 186 186 186 186 186 194 183 184 157 147 172 179 184 166 182 177 179 144 43 2 1 0 0 0 0 0 0 0 0 0 0 0 0 1 1 1 2 6 16 23 19 15 9 35 51 60 50 56 60 67 71 71 72 74 76 80 82 80 81 86 92 95 96 96 95 95 95 98 102 101 103 108 110 106 105 107 108 109 110 110 109 109 109 109 110 110 110 110 109 107 104 97 86 72 60 52 48 46 38 24 11 5 4 2 3 3 3 2 2 2 3 4 4 5 5 5 6 7 7 8 9 11 11 9 14 22 19 12 8 14 14 13 14 16 13 12 14 13 23 29 32 41 23 23 32 14 16 17 12 10 20 84 78 41 86 88 89 94 92 94 94 94 97 100 101 99 101 100 99 102 104 105 105 103 103 103 105 106 107 109 113 114 114 114 113 113 113 113 115 114 111 110 110 112 107 107 110 110 109 109 110 112 110 109 110 112 112 110 112 113 114 117 117 116 115 111 107 107 112 114 110 107 103 111 99 94 94 83 82 78 64 50 35 15 
185 185 186 187 188 188 193 193 189 187 187 188 189 189 189 189 189 189 189 189 188 191 190 184 160 152 173 178 174 181 184 172 172 146 46 3 2 1 1 1 1 1 1 1 1 0 1 1 2 3 7 12 22 33 39 41 42 37 33 56 64 68 71 76 80 83 83 85 83 84 90 93 95 95 97 101 106 109 107 107 107 108 108 110 113 112 114 119 121 117 117 121 122 120 120 123 123 122 127 130 127 121 121 125 125 113 106 99 80 69 62 45 33 26 20 15 9 5 5 3 4 4 3 3 4 5 3 3 4 4 4 5 5 5 5 6 6 7 8 9 7 12 16 20 24 28 26 19 17 17 16 15 15 13 15 15 14 16 14 14 13 14 15 15 14 12 17 58 81 74 104 112 109 111 116 111 110 111 113 115 116 116 117 117 116 117 118 118 117 119 119 121 122 122 123 125 127 126 126 125 125 126 126 126 126 125 124 123 123 124 117 120 131 126 121 128 126 123 124 124 125 132 133 125 124 128 128 131 131 120 116 119 120 122 125 124 121 118 116 119 114 111 109 102 98 96 85 72 74 62 
183 183 184 185 186 187 192 192 188 186 185 187 188 189 189 189 189 189 189 189 187 185 190 184 162 156 178 190 179 185 174 178 186 151 46 5 3 3 3 2 2 2 2 3 3 5 8 11 19 30 38 42 51 62 63 61 63 59 57 73 78 80 86 90 94 94 96 103 104 103 106 107 110 112 114 114 117 119 118 118 118 119 121 124 127 127 131 133 135 132 130 131 137 138 139 142 136 129 133 134 130 125 124 124 123 121 111 113 102 95 77 41 15 8 6 6 5 4 5 5 5 6 5 5 4 4 3 4 5 5 6 6 5 6 6 5 4 5 6 9 13 18 28 45 63 73 76 70 56 50 46 36 26 23 20 20 16 14 16 18 14 15 16 15 21 22 28 64 112 118 128 134 128 123 127 124 124 126 127 129 130 130 130 129 129 129 129 129 129 131 131 133 134 136 137 138 138 136 136 134 135 136 137 135 134 135 135 135 135 134 133 132 139 132 126 137 136 132 132 131 131 135 137 134 132 137 137 139 138 118 110 121 131 134 135 131 128 127 128 130 130 128 125 121 118 116 119 110 101 90 
188 188 189 189 190 191 195 194 191 189 189 190 191 190 189 189 189 189 189 189 190 185 189 191 166 155 184 191 180 183 164 181 187 135 37 7 6 7 8 7 6 6 7 11 16 25 35 44 48 54 60 59 61 71 76 81 85 85 89 95 98 96 94 100 104 106 110 120 122 120 120 122 125 126 128 128 130 132 132 131 131 133 135 135 133 138 142 143 141 140 142 148 147 142 142 150 150 142 126 118 106 99 90 72 59 52 48 52 53 53 43 23 10 7 6 7 6 5 5 5 5 5 5 5 5 4 5 6 5 5 5 5 6 8 13 21 31 41 51 60 83 83 85 90 96 98 100 104 95 96 100 90 77 73 60 61 57 55 61 64 58 58 64 65 75 81 90 125 152 146 145 148 144 139 138 139 139 141 142 143 145 145 143 143 143 143 143 143 143 144 144 146 147 148 149 151 149 148 147 146 146 147 148 147 147 147 147 146 146 146 149 140 142 147 145 153 153 153 149 149 151 144 137 141 141 146 145 146 145 124 115 129 140 143 144 141 138 137 137 138 140 139 139 136 135 129 133 127 114 106 
189 189 191 191 192 193 194 193 193 191 191 191 192 191 190 190 190 190 190 190 193 186 188 192 163 147 178 182 181 197 174 180 179 145 86 71 66 68 66 54 42 33 31 36 43 50 57 63 66 71 78 76 80 94 100 96 88 93 103 98 111 123 115 113 116 117 119 127 127 127 131 133 136 138 139 139 141 145 144 144 145 147 148 147 146 153 158 157 153 153 152 152 156 157 161 165 158 147 138 125 110 99 79 42 21 13 11 11 10 11 10 7 7 5 6 7 6 6 7 9 7 6 5 5 6 6 5 7 10 17 28 46 64 83 99 118 131 134 132 131 143 143 143 143 144 147 151 142 140 151 165 163 153 151 155 159 156 157 166 169 159 153 159 155 155 156 157 167 156 149 148 152 153 153 154 152 152 153 154 155 155 157 153 152 152 152 152 152 152 153 155 155 156 157 158 159 159 157 156 155 156 157 158 158 158 158 158 158 158 158 163 150 150 154 135 122 115 112 111 122 150 155 148 155 155 154 150 151 154 139 137 145 149 152 154 151 148 147 145 144 144 145 145 144 144 146 143 132 145 141 
184 185 185 186 187 187 187 187 187 188 188 187 187 189 190 190 190 190 190 190 192 182 183 187 161 145 171 182 184 193 177 178 179 191 181 169 141 124 106 83 66 56 55 61 66 69 70 72 78 87 91 88 94 102 94 73 54 57 62 55 78 115 127 131 134 132 132 137 137 136 140 142 144 146 147 147 149 154 154 153 154 156 157 155 154 160 164 163 161 159 157 157 158 158 164 172 163 153 158 167 168 152 104 36 10 5 6 7 7 6 7 8 8 7 8 9 9 9 10 8 9 10 13 18 26 38 72 88 109 125 138 154 170 186 194 202 207 210 212 214 211 210 205 196 188 186 187 203 199 203 209 204 196 193 194 197 197 198 203 204 197 179 181 177 170 169 165 149 147 153 158 156 153 154 156 155 155 156 157 157 157 158 155 154 154 154 154 154 154 155 158 157 158 159 160 160 162 161 160 159 159 161 162 162 162 162 162 162 162 162 165 154 156 151 116 94 88 87 84 96 138 158 155 158 157 158 154 156 160 145 142 150 154 158 159 157 154 155 153 151 150 151 150 150 150 151 147 140 153 138 
185 186 186 187 188 189 188 188 190 191 191 190 190 190 190 190 190 190 190 190 192 186 188 194 178 167 184 187 180 181 181 188 168 180 167 144 114 94 81 71 67 66 69 76 83 89 93 97 101 106 109 109 118 121 101 78 69 79 81 69 88 129 145 144 147 145 146 152 152 150 153 155 157 158 157 158 159 160 160 160 160 161 163 162 158 158 159 161 161 159 162 173 168 162 163 167 157 147 153 140 115 91 62 24 10 14 12 10 11 10 9 10 10 11 13 16 19 24 31 48 63 83 101 120 146 165 159 177 195 205 208 211 217 227 226 223 220 217 216 216 218 218 218 216 215 212 211 202 199 199 201 200 199 201 184 185 185 185 186 185 182 171 166 168 164 164 163 140 136 153 162 158 153 154 155 156 157 157 157 157 157 158 156 155 155 155 155 155 155 157 157 157 157 158 158 158 162 162 161 159 160 161 162 163 164 164 163 163 163 163 163 157 164 157 130 127 140 150 136 128 150 165 159 154 152 158 160 164 160 134 122 141 156 161 162 160 158 159 157 155 154 153 154 155 155 157 171 172 169 167 
165 165 167 168 168 169 168 169 171 173 174 173 172 168 167 167 167 167 167 167 169 171 175 177 174 170 173 166 167 170 169 173 133 121 97 79 69 66 69 73 82 95 102 105 105 105 107 110 109 112 118 121 135 144 128 113 125 146 148 135 128 142 152 151 155 153 155 164 164 163 165 166 168 169 169 168 168 168 167 166 166 168 170 175 176 168 167 174 179 174 166 163 170 172 164 138 98 73 62 61 50 39 32 18 10 15 13 11 17 20 23 34 43 54 69 85 105 132 149 152 168 186 195 199 203 211 219 218 216 214 216 221 224 207 214 222 226 221 211 201 201 196 195 199 204 202 199 199 198 195 190 188 188 189 191 189 190 189 187 185 187 182 166 173 168 165 169 146 132 147 158 158 159 163 160 160 160 160 160 160 160 160 160 159 160 160 160 160 160 161 161 161 161 161 161 161 164 164 163 162 162 163 165 167 169 169 168 168 168 168 175 173 174 156 137 149 165 174 163 148 152 165 168 163 156 161 163 167 162 135 120 141 157 163 164 162 160 161 160 159 158 159 161 164 166 163 174 177 177 194 
119 119 120 120 121 122 121 123 125 127 128 127 126 126 126 126 126 126 126 126 125 128 131 129 131 131 123 111 122 123 101 100 77 73 68 73 81 92 95 95 100 106 109 111 113 116 123 131 130 130 136 133 140 150 143 134 149 159 150 150 139 143 160 162 166 164 165 173 173 170 171 172 174 174 174 174 173 174 173 172 173 175 177 178 172 158 155 165 173 167 153 134 115 93 74 56 34 22 19 23 20 17 21 25 25 36 50 63 83 91 102 138 146 161 170 173 180 195 207 200 204 210 214 215 209 204 206 207 210 214 218 217 215 216 213 213 215 214 211 207 194 184 179 185 194 194 190 194 196 194 188 185 183 182 186 184 184 183 180 180 184 192 169 177 175 168 176 157 149 158 161 162 168 170 161 164 165 165 165 165 165 165 165 164 165 165 165 164 164 166 167 166 167 166 167 167 168 167 167 165 166 167 168 172 173 173 173 173 173 173 171 171 173 157 146 164 170 168 166 160 156 163 168 161 160 166 161 162 165 150 148 155 158 164 166 164 162 163 167 170 170 173 177 184 189 185 191 192 200 186 
136 142 135 130 132 136 129 132 139 138 132 132 137 134 138 135 122 145 130 137 136 134 135 136 137 124 100 82 74 68 68 74 74 81 83 95 88 94 103 113 107 117 120 133 135 133 126 131 146 147 149 146 149 153 146 138 159 175 167 152 150 170 171 171 169 173 176 173 182 180 182 179 181 176 177 179 176 180 169 172 189 180 171 169 145 118 94 97 110 96 85 64 44 25 21 17 16 25 32 43 48 60 81 97 110 127 136 148 162 170 180 198 198 177 184 190 187 193 199 195 199 202 201 197 203 218 207 219 218 211 213 214 208 218 223 212 198 194 197 195 188 185 196 187 172 198 184 193 192 196 190 196 204 185 192 180 189 183 177 188 182 184 178 174 180 168 173 173 163 174 171 172 180 175 166 167 171 178 177 169 168 177 171 181 165 165 182 174 163 177 156 168 170 173 175 176 175 173 176 163 178 173 172 183 177 171 170 174 181 175 170 165 170 162 149 162 177 172 176 151 159 176 162 161 164 166 172 170 168 179 183 174 174 180 165 178 183 170 171 174 185 194 193 191 197 204 221 214 198 95 
105 112 104 100 102 104 110 110 107 109 111 109 105 106 109 112 109 103 96 102 106 107 112 116 121 112 91 78 68 67 81 87 86 91 90 103 95 103 114 128 122 134 126 135 146 143 129 125 146 157 159 159 161 163 156 147 165 179 181 164 156 176 176 185 180 186 188 181 189 182 186 188 185 186 191 188 185 189 185 191 201 181 180 198 183 155 143 151 141 128 127 111 91 73 78 80 88 119 149 147 148 161 180 182 176 187 199 188 181 198 200 185 195 200 204 202 201 204 204 211 219 212 210 206 205 225 214 210 217 220 209 208 222 218 220 218 216 213 206 195 196 210 211 188 171 217 220 192 188 194 202 193 186 203 201 181 193 198 192 194 193 199 199 184 190 181 188 191 183 185 189 190 185 181 183 195 180 184 190 195 199 183 183 195 190 187 184 176 189 186 180 194 181 190 193 185 200 192 187 190 186 182 194 186 190 187 190 194 182 180 193 188 190 178 158 164 177 168 177 145 153 175 167 175 176 172 179 177 169 177 175 176 187 201 186 191 184 170 196 205 197 202 211 214 212 219 193 113 71 22 
57 60 58 56 56 55 59 56 52 54 58 57 52 57 55 56 67 49 57 54 60 68 74 79 85 85 78 78 79 84 98 100 95 98 97 110 111 122 132 142 138 142 111 114 146 156 153 145 158 172 177 179 182 183 173 167 175 176 194 191 170 184 182 187 184 191 194 183 190 186 203 200 182 204 216 193 187 199 198 189 195 192 189 197 206 207 205 204 186 204 191 184 190 183 166 168 191 206 202 191 208 200 189 199 196 200 201 200 196 194 190 187 193 198 199 217 207 183 194 208 215 193 220 240 223 226 226 222 212 209 218 227 224 195 211 229 223 200 197 214 172 198 198 204 198 198 176 210 208 180 204 210 172 191 190 196 180 179 202 195 170 183 203 191 194 193 194 170 163 183 201 176 161 186 194 187 176 198 187 170 187 176 184 162 177 197 165 150 188 185 164 164 174 189 160 148 208 192 148 177 190 181 156 166 213 173 147 185 187 190 195 188 194 184 164 170 177 179 208 179 169 185 180 183 179 175 184 197 202 204 203 189 176 167 137 145 171 204 214 196 191 205 223 208 172 118 65 26 12 8 
45 47 46 46 45 43 44 47 50 48 47 47 51 51 49 50 54 48 66 63 64 73 78 79 83 88 88 89 88 92 98 98 99 111 108 113 124 139 148 157 160 154 104 105 153 172 184 182 179 183 189 191 193 191 179 143 112 109 146 175 167 193 198 201 201 211 216 204 212 199 199 166 132 179 201 148 145 192 182 137 151 207 178 132 166 206 168 136 159 226 163 140 190 202 148 141 193 186 127 139 195 166 119 160 204 166 128 175 209 147 135 201 202 134 139 207 176 118 154 204 177 127 165 197 141 117 181 217 160 120 181 217 151 124 177 214 172 116 133 215 180 145 114 160 185 146 104 178 185 108 130 190 136 95 141 196 128 106 176 170 97 138 201 205 203 211 197 130 97 161 191 123 113 176 178 96 111 180 156 98 134 192 145 90 128 172 112 87 145 193 110 96 169 184 101 101 195 172 79 113 184 150 72 120 208 111 63 141 198 200 202 198 202 180 148 138 129 130 177 175 171 196 201 198 195 195 196 205 197 166 150 121 101 90 58 63 88 111 151 169 170 169 149 110 71 35 12 7 7 9 
49 51 49 49 49 46 43 45 49 48 44 46 52 44 51 53 39 58 80 89 88 92 95 92 93 98 100 95 92 93 95 94 102 119 117 116 137 156 168 178 191 192 141 136 178 182 197 201 193 190 196 196 196 192 178 160 139 123 166 204 194 224 223 210 209 219 221 209 214 208 200 135 95 160 193 118 108 177 172 97 103 205 163 85 133 190 133 81 125 215 126 85 158 182 108 97 176 173 86 112 192 153 80 129 209 136 77 152 203 104 84 188 199 91 100 190 149 80 121 194 141 90 155 215 136 85 165 231 143 77 171 232 120 85 164 219 154 79 103 223 195 109 66 136 171 111 68 164 175 77 95 186 129 54 126 201 99 74 175 164 68 106 195 208 195 213 196 106 62 144 184 99 85 160 171 73 96 192 168 78 114 217 131 70 132 192 104 65 147 197 77 66 168 177 73 91 193 168 59 89 185 120 47 101 193 89 40 127 202 205 204 203 209 185 149 131 112 111 167 173 171 199 208 206 205 209 207 208 168 95 64 53 52 47 22 26 42 42 50 55 56 53 40 28 25 16 8 9 7 5 
37 38 36 35 36 35 38 37 35 36 38 39 38 41 44 34 33 92 116 112 93 91 92 87 87 91 91 88 89 95 99 98 105 117 125 124 152 173 186 187 197 215 191 184 205 198 207 210 209 210 214 213 212 209 195 204 203 168 192 204 174 194 207 217 212 218 218 203 208 217 221 146 112 181 219 143 118 186 200 115 106 205 177 105 145 195 158 102 134 215 142 100 178 203 121 106 192 199 111 127 200 172 96 131 205 148 99 167 212 124 104 192 193 117 127 199 170 108 139 227 158 104 162 213 135 83 169 219 143 89 169 224 138 86 156 213 166 97 112 203 188 121 92 169 188 121 86 171 174 98 114 184 142 81 137 186 99 92 175 157 88 125 210 213 197 215 211 129 95 166 204 135 112 170 200 119 118 190 184 107 122 195 150 90 139 206 140 93 153 200 112 108 189 192 113 138 206 189 110 135 211 141 128 158 222 159 115 176 205 208 198 197 213 202 182 177 158 160 215 200 180 197 203 203 201 209 212 214 157 62 29 35 46 42 20 30 48 38 31 24 18 14 8 8 21 17 5 7 8 7 
41 43 39 37 39 41 41 37 32 33 37 38 35 50 35 18 40 105 123 99 89 93 93 88 88 89 86 84 89 95 99 101 105 111 111 104 138 171 191 188 193 205 205 205 208 215 225 220 224 226 229 228 230 231 219 214 204 178 202 209 182 207 226 240 234 240 241 229 238 234 223 178 162 199 224 184 164 211 233 178 167 215 205 177 189 214 208 163 183 232 189 172 217 230 171 159 214 218 174 180 219 211 165 181 224 189 169 206 231 191 181 221 214 184 191 220 209 181 188 238 195 168 210 241 203 174 217 234 199 171 204 232 204 177 213 240 225 188 188 227 208 179 148 184 192 173 172 217 215 183 188 220 208 180 202 226 185 189 224 204 194 192 226 221 218 223 228 194 164 207 220 183 178 209 219 188 180 221 231 201 206 234 218 184 193 231 214 181 202 230 204 205 212 223 206 204 211 208 192 195 212 191 204 198 224 213 196 215 214 212 222 227 233 214 197 199 182 169 205 184 172 196 205 216 215 218 212 212 159 64 40 54 65 69 52 61 63 39 34 22 10 10 8 9 26 24 5 6 7 8 
94 98 89 84 89 96 92 94 97 94 91 96 105 110 63 46 101 114 117 104 93 91 89 84 83 81 75 82 91 93 92 95 101 106 84 63 103 152 193 198 206 196 199 204 199 224 234 217 219 220 223 222 228 232 224 230 236 216 236 232 201 225 227 222 220 229 235 231 245 238 234 233 237 228 229 232 224 225 226 227 234 222 216 232 227 228 231 200 234 244 221 224 225 231 217 222 235 224 220 231 229 224 219 224 235 220 219 220 221 217 217 223 237 218 219 222 221 226 225 233 227 222 221 214 213 224 226 227 227 223 211 208 216 224 218 214 210 196 192 200 188 219 213 218 213 211 206 217 219 217 206 217 235 215 186 212 220 212 200 190 222 197 189 182 196 183 187 199 192 224 204 186 221 235 199 203 222 229 210 183 175 176 171 223 219 182 169 173 202 220 222 213 169 193 218 180 196 216 224 198 169 199 153 140 153 155 155 183 220 216 219 224 224 204 195 210 202 186 215 194 192 214 212 218 218 219 207 225 209 138 150 169 145 131 115 132 139 132 101 38 9 6 7 7 19 19 5 6 8 8 
44 60 75 43 45 49 45 55 80 60 55 62 67 55 57 81 113 109 89 82 81 69 65 71 56 39 38 50 54 51 59 76 81 87 68 36 84 150 164 198 208 217 172 186 180 181 224 200 210 190 183 213 205 218 224 225 241 243 228 204 238 218 147 110 106 119 107 139 219 238 222 231 236 230 230 238 236 232 230 226 177 168 230 212 189 166 207 231 216 238 181 165 210 225 204 163 165 236 229 244 208 156 167 219 221 170 152 212 214 134 147 235 204 133 184 223 159 157 239 226 236 207 152 126 108 125 152 210 210 157 132 107 117 148 198 184 124 106 119 116 102 188 200 141 109 98 117 149 219 200 121 162 222 227 118 141 231 219 148 126 191 118 104 146 111 91 153 128 113 212 144 133 219 222 156 96 184 218 147 97 97 104 122 200 158 109 88 88 92 126 219 200 96 147 195 108 127 210 207 128 103 167 104 57 92 118 105 161 236 221 209 235 217 210 197 213 237 233 235 212 208 235 238 226 221 232 217 225 201 216 222 219 171 126 130 124 150 130 79 30 20 26 25 27 32 29 18 16 22 21 
7 17 30 8 8 9 7 14 39 12 9 18 27 29 84 157 135 101 81 67 63 57 55 54 34 18 18 26 28 27 33 44 41 40 36 18 39 98 157 192 200 226 164 144 141 158 211 188 212 200 161 161 146 187 241 246 241 248 241 215 239 198 100 41 33 43 47 99 203 242 229 232 236 240 244 245 241 238 231 211 84 96 176 213 122 76 137 228 224 222 145 73 131 212 205 72 99 191 226 229 182 78 80 211 211 113 69 158 223 163 165 224 168 90 159 218 128 109 228 219 204 140 98 126 191 175 143 183 146 105 144 182 155 149 173 115 106 165 173 123 86 173 155 105 137 158 162 76 125 179 102 139 212 229 90 99 202 203 119 98 193 94 101 154 94 85 180 114 76 196 128 97 199 230 194 187 222 168 81 144 171 177 190 197 74 93 169 201 140 68 148 217 176 214 200 91 116 226 221 115 99 197 168 72 83 158 209 220 224 227 219 234 218 223 209 212 228 217 211 201 200 222 235 229 223 227 220 244 212 225 222 222 208 187 198 165 146 86 62 38 24 25 22 29 45 42 25 22 27 27 
3 16 31 4 3 3 7 8 31 7 7 11 20 52 142 180 87 47 46 46 41 36 35 36 32 31 40 40 36 30 28 30 25 22 23 20 28 47 121 195 200 230 192 152 156 180 224 217 200 188 190 210 184 198 229 234 227 234 243 233 247 211 118 53 61 99 123 165 219 240 249 243 243 247 245 234 231 241 208 132 75 111 102 176 89 85 96 181 235 190 98 83 92 166 116 90 81 123 215 207 128 84 91 126 148 94 87 97 195 234 202 233 187 88 151 222 116 81 217 226 212 137 83 122 204 134 121 159 111 75 138 192 117 130 161 83 113 211 220 161 63 149 118 93 181 226 222 124 83 137 78 119 207 221 103 106 214 217 119 86 189 161 151 169 86 81 189 118 67 195 135 74 167 217 220 205 215 161 65 169 221 220 211 176 57 135 213 210 168 64 123 223 217 230 189 91 99 214 205 103 106 210 206 171 102 92 181 245 236 229 241 247 229 242 224 203 202 200 202 218 232 239 251 241 237 231 223 249 229 243 242 233 227 184 154 134 127 82 53 23 10 8 5 10 26 25 11 9 10 12 
3 18 36 3 4 3 3 3 36 9 6 8 23 78 141 152 94 61 47 39 44 46 44 44 42 34 27 26 27 24 21 25 28 37 46 55 77 80 139 228 234 239 237 216 233 227 235 244 231 218 233 248 228 230 247 242 224 225 237 231 246 240 210 184 182 214 224 234 250 252 252 246 244 246 243 233 233 235 182 81 160 202 81 90 108 178 113 91 187 129 97 182 146 91 81 174 173 83 152 155 82 167 178 69 83 124 176 99 121 213 213 234 181 76 122 208 118 64 165 185 179 125 62 94 153 109 85 143 115 77 127 139 84 93 167 111 100 156 168 148 66 172 151 99 154 172 162 86 85 164 101 93 172 205 79 86 167 166 103 95 187 173 129 125 77 84 185 153 73 188 144 67 128 146 161 222 229 197 80 101 151 164 172 206 74 85 137 153 119 78 162 240 226 228 192 100 78 151 140 92 115 173 145 136 87 64 122 197 221 221 235 223 213 241 239 220 220 224 218 230 234 227 232 217 213 216 221 235 210 214 177 156 174 140 111 120 124 82 62 28 12 9 5 10 27 24 7 6 5 7 
3 18 36 4 4 5 3 7 43 6 12 39 70 76 73 60 46 46 43 41 36 31 27 24 25 25 23 19 23 32 41 60 83 116 127 101 141 213 207 230 242 233 244 243 250 242 228 248 247 246 245 248 237 241 252 252 246 245 245 227 229 241 246 246 238 238 230 230 247 244 234 241 247 246 248 251 251 214 176 114 195 226 163 98 162 228 180 111 160 116 159 218 201 112 151 203 220 135 124 135 131 201 225 138 116 177 211 177 129 173 242 233 151 69 99 197 159 98 152 127 158 191 150 149 143 118 137 190 176 132 147 132 126 136 218 193 142 138 142 136 54 142 185 137 126 121 119 126 171 228 164 113 138 138 119 129 169 140 124 156 213 165 134 139 132 153 201 185 107 205 188 123 162 142 151 205 231 244 207 151 140 120 108 229 217 161 139 129 139 161 223 242 226 233 232 179 155 194 177 177 208 217 174 182 184 175 187 223 247 244 250 235 226 243 246 233 237 238 229 229 232 239 251 244 245 228 185 135 136 191 167 136 157 132 109 134 132 76 54 21 6 5 3 5 16 14 2 2 1 3 
2 11 25 2 2 2 4 12 61 51 66 70 46 37 41 37 32 33 28 21 20 22 24 23 25 36 56 80 116 153 178 204 219 233 233 180 201 246 228 239 236 230 249 232 243 245 233 245 236 240 246 252 252 247 230 235 251 253 253 241 228 234 237 234 245 251 251 249 244 244 245 251 253 246 242 248 248 220 210 203 232 222 231 206 236 231 234 210 215 175 234 229 224 202 204 239 194 226 186 201 232 222 240 233 194 232 231 238 219 223 250 236 196 106 100 179 208 196 232 225 209 231 216 207 204 211 236 238 232 220 197 175 200 236 243 242 223 215 211 179 78 138 230 231 214 220 224 212 230 210 208 224 238 225 223 233 232 209 215 234 230 224 228 221 213 233 228 204 156 230 237 223 241 210 212 241 245 207 226 220 212 234 235 222 213 228 232 209 225 241 239 214 223 230 243 243 227 226 207 219 234 227 218 237 239 208 210 234 240 218 234 221 223 223 225 221 229 236 248 249 231 222 189 161 117 74 45 22 49 132 147 149 175 132 100 121 124 77 52 16 2 1 1 2 10 9 1 1 0 2 
4 14 32 8 9 13 35 39 60 61 41 36 40 38 36 27 17 20 25 31 38 50 84 134 164 184 211 197 200 215 220 236 234 226 241 240 240 235 219 251 242 239 252 232 235 252 251 248 247 253 242 232 243 246 247 242 242 250 251 253 247 240 245 251 244 243 252 252 251 252 252 253 252 245 238 234 232 240 242 246 252 248 234 245 245 228 235 242 239 223 238 250 243 242 238 249 227 246 237 244 240 233 244 237 212 234 237 219 239 249 210 217 233 172 139 167 209 232 243 228 223 243 245 247 229 222 230 226 236 238 234 231 247 243 217 230 239 237 237 221 140 166 226 234 222 219 223 223 249 246 238 237 216 243 212 217 243 232 243 244 218 237 242 232 227 238 241 241 187 221 228 245 247 239 234 237 249 233 249 245 228 237 216 232 243 240 243 244 223 229 226 222 250 246 226 217 245 244 235 240 239 240 249 217 214 238 249 248 241 245 238 225 248 236 233 231 232 199 202 160 98 72 39 28 17 7 5 6 47 138 137 130 152 129 114 122 117 72 52 18 1 1 0 1 10 9 0 0 0 2 
3 15 42 24 33 50 63 48 31 35 27 28 21 22 28 39 63 88 99 122 120 91 72 81 92 93 96 101 103 93 94 127 156 169 161 165 177 203 207 198 216 226 235 241 243 250 247 242 242 246 246 237 249 248 247 248 249 244 234 252 250 238 242 252 246 242 251 250 241 243 235 231 235 245 248 242 242 240 243 239 216 251 247 223 226 249 233 244 223 244 222 242 223 241 245 225 247 229 251 247 228 226 247 251 244 241 230 239 245 233 236 249 245 238 235 228 233 226 207 246 249 237 220 242 229 237 241 241 229 215 215 213 241 219 231 241 241 204 222 245 225 243 236 236 244 220 237 226 228 231 234 247 209 244 248 228 237 226 226 227 231 248 225 231 234 215 226 249 234 244 225 236 224 241 233 245 235 228 219 205 238 213 235 249 234 245 220 234 226 240 250 237 235 229 239 229 247 234 239 244 241 244 246 249 251 247 224 207 203 207 186 169 181 124 87 64 50 65 86 43 10 6 3 8 8 2 1 5 49 143 150 142 151 129 117 115 116 83 58 18 2 1 0 1 10 10 0 0 0 2 
16 43 59 48 41 33 24 26 38 25 30 53 82 118 159 142 173 187 195 181 120 33 12 12 13 15 13 14 13 13 14 18 23 27 27 32 41 47 46 47 55 67 77 86 94 102 111 121 136 151 165 182 195 205 212 217 221 225 230 235 238 237 238 236 228 236 249 247 241 248 245 246 238 238 244 225 231 236 244 242 235 234 251 244 231 244 237 237 226 240 232 228 238 239 243 244 225 246 244 237 244 238 231 243 245 246 252 245 243 243 249 233 229 244 227 231 249 249 244 235 236 233 245 226 227 241 247 239 240 240 240 236 240 240 234 231 242 245 245 237 219 252 225 204 228 248 237 239 239 230 232 237 245 235 243 224 220 237 244 240 242 234 223 222 237 240 219 239 235 243 230 241 236 235 229 233 233 220 212 236 227 236 222 226 215 241 218 223 214 221 198 206 185 193 182 185 187 151 135 140 145 97 85 77 80 73 81 32 29 29 23 19 43 10 8 6 5 19 80 37 1 1 1 6 6 2 2 5 46 136 153 148 144 138 108 119 115 78 54 16 1 0 0 2 10 8 0 0 1 2 
80 111 109 74 63 56 29 27 37 11 13 46 102 129 162 130 125 111 100 83 47 10 5 7 8 9 6 8 8 8 8 7 7 7 6 7 9 9 7 8 10 11 11 13 14 15 16 18 20 21 23 25 29 34 40 46 54 62 67 68 73 84 89 96 109 113 108 102 102 104 103 114 117 122 132 124 144 165 186 187 150 117 134 145 124 132 126 126 135 150 121 112 115 111 122 148 108 116 115 110 123 144 118 111 107 103 114 129 114 108 110 102 108 132 115 95 96 96 96 117 114 95 104 100 104 140 128 94 100 101 95 106 128 90 95 93 91 106 124 92 86 85 166 235 172 87 86 85 84 91 112 102 86 87 101 96 105 103 83 77 74 69 89 92 78 77 69 69 80 89 67 70 70 68 73 94 64 55 56 60 59 81 51 48 44 52 53 74 58 37 27 29 26 36 33 25 18 10 11 19 24 7 5 4 5 8 19 2 1 1 2 3 24 2 3 2 4 16 73 33 1 1 0 6 5 1 1 4 43 131 147 147 145 140 108 119 115 78 52 15 1 0 0 2 10 8 0 0 0 2 
20 40 42 18 13 10 5 12 33 8 4 12 22 22 39 29 25 21 19 15 9 2 4 7 7 8 6 6 6 7 7 6 5 4 4 4 4 4 4 5 7 10 11 12 11 10 10 10 10 9 9 9 9 11 13 11 9 10 11 11 12 14 14 15 18 16 11 13 15 16 19 16 14 16 27 39 62 53 33 19 9 7 27 43 8 8 8 7 14 22 8 8 8 7 11 29 7 7 8 7 10 29 13 6 6 6 9 21 12 7 7 6 8 21 17 7 6 7 8 20 21 8 8 8 6 24 25 5 6 7 5 12 27 4 6 6 4 10 24 6 8 22 117 162 72 11 8 4 4 8 22 15 4 6 7 8 17 15 4 4 4 3 14 19 6 6 5 4 11 18 4 4 5 4 8 26 4 3 4 3 6 23 6 2 2 2 6 21 11 2 1 2 2 10 9 1 1 0 2 10 17 2 1 0 1 7 23 2 1 1 1 2 25 2 2 1 4 14 68 30 1 1 0 5 5 1 1 3 42 127 144 146 146 140 110 119 116 78 52 15 1 0 0 2 10 8 0 0 0 2 
3 15 22 5 3 3 2 7 24 4 4 10 12 11 33 24 17 14 14 12 6 2 4 5 5 7 7 6 6 6 6 6 5 5 4 4 4 5 7 9 11 11 9 9 9 8 8 8 7 7 8 8 8 7 7 10 11 10 12 15 16 13 12 11 11 11 9 11 9 5 8 18 37 44 36 26 35 23 5 2 1 2 15 28 1 1 2 1 8 20 2 1 2 1 4 26 1 1 1 1 3 29 7 1 1 2 4 22 10 2 2 2 4 20 17 4 4 4 5 20 25 6 5 5 1 18 27 2 3 2 2 11 30 2 3 4 2 8 30 4 4 50 135 91 37 8 4 2 2 6 29 20 2 4 2 5 20 19 2 3 3 1 14 23 5 4 5 3 14 27 4 4 5 4 11 32 1 1 2 1 6 25 7 1 2 2 6 27 14 2 1 1 2 16 15 1 2 0 1 10 18 2 1 1 1 5 20 1 0 0 1 3 29 2 2 1 3 14 68 30 1 1 0 5 5 1 1 4 43 131 147 145 143 138 108 121 118 80 52 14 1 0 0 2 10 8 0 0 0 1 
4 16 21 2 2 3 4 10 29 4 6 14 16 12 37 26 14 13 13 10 6 2 3 2 3 4 5 6 6 5 4 3 3 3 3 3 4 5 6 7 7 8 9 8 8 8 8 8 7 7 8 8 9 9 10 9 8 10 12 15 16 15 13 12 15 12 7 10 21 45 70 46 24 10 5 5 16 13 1 2 2 2 10 22 1 2 2 1 8 27 2 1 2 1 4 31 1 1 1 2 4 35 7 1 1 1 4 26 12 2 2 3 6 26 21 4 4 4 4 19 26 5 4 5 1 21 29 3 3 2 2 13 31 2 3 3 2 7 35 5 3 39 71 18 16 7 2 1 2 4 26 19 2 2 2 4 19 19 1 2 2 1 11 18 3 3 3 2 10 25 2 3 3 2 9 39 3 2 2 1 6 20 6 1 2 2 4 24 13 1 1 1 2 14 13 1 1 0 1 9 17 1 1 1 0 5 22 1 0 1 1 2 25 2 2 2 4 15 68 29 1 1 1 5 5 1 1 4 45 133 146 141 137 133 107 121 120 83 52 13 1 0 0 2 10 8 0 0 0 2 
4 18 29 3 3 3 2 9 37 6 4 8 8 8 35 24 12 13 13 9 5 3 3 2 3 3 3 4 4 3 3 3 3 3 3 4 5 7 8 8 8 9 9 8 8 8 7 7 7 8 7 6 5 6 8 10 13 18 18 13 12 15 14 10 10 15 46 68 50 31 22 12 2 0 0 1 17 22 2 2 1 1 12 29 0 1 1 0 5 22 1 1 1 1 5 29 1 1 1 1 3 30 6 1 1 1 3 23 11 2 2 4 6 26 22 4 5 4 4 21 27 4 3 4 1 19 25 3 2 2 2 12 29 2 2 2 2 5 33 4 3 13 21 9 21 9 1 1 2 3 24 17 2 2 1 3 16 18 1 2 2 3 12 19 4 3 3 3 10 27 3 4 4 3 10 28 2 1 2 1 6 18 5 0 1 2 3 18 10 1 3 1 2 15 13 1 1 0 1 10 19 1 1 1 0 8 27 1 1 1 1 2 25 2 3 3 5 15 66 29 1 2 1 5 5 1 1 4 44 130 139 136 134 130 104 119 118 81 51 13 1 0 0 2 10 8 0 0 0 2 
2 15 30 3 3 3 3 7 34 5 4 10 15 13 44 26 10 11 10 4 3 3 3 3 3 2 3 3 3 2 2 3 3 4 3 3 5 7 8 9 10 11 11 9 9 9 8 7 8 9 8 7 6 7 9 9 10 11 11 9 11 16 18 49 83 58 36 14 3 4 16 11 3 1 2 2 17 21 3 3 2 1 9 24 1 1 1 1 5 20 1 0 1 1 5 24 1 0 0 0 2 23 5 1 0 1 3 20 11 3 2 3 5 24 21 4 5 4 6 23 26 4 2 3 1 16 23 3 2 2 2 10 32 1 2 1 2 5 34 4 3 6 7 10 23 7 1 1 2 5 27 18 2 2 1 3 17 19 2 2 4 3 14 19 3 3 3 2 9 26 3 4 3 3 9 29 3 4 7 6 12 34 10 4 7 8 10 28 15 3 5 3 4 20 17 2 3 3 4 16 27 3 2 3 3 13 33 2 2 1 2 5 33 3 4 5 8 15 65 29 1 2 1 7 7 2 1 4 44 128 135 135 135 130 103 116 113 77 48 12 1 0 0 2 10 8 0 0 0 2 
7 20 32 4 5 6 6 12 43 8 7 11 12 11 43 24 11 15 14 6 3 3 3 3 3 2 2 3 3 2 2 2 3 3 3 5 6 8 8 9 10 10 8 7 7 7 7 6 5 6 7 8 9 10 11 13 13 12 17 30 46 56 56 79 62 13 7 10 4 3 12 8 1 1 2 1 17 22 2 1 1 1 10 25 1 1 1 1 5 18 1 1 0 1 6 24 2 1 1 1 3 23 5 1 0 1 4 21 11 3 2 2 5 24 21 3 3 3 4 17 19 3 2 3 2 15 23 3 2 3 3 8 36 1 2 1 2 6 36 4 3 12 10 7 18 6 1 1 1 5 27 17 1 1 1 3 16 17 1 1 3 2 15 19 2 3 4 2 9 24 2 3 2 3 8 29 3 5 10 8 11 37 11 6 8 8 11 27 12 4 6 3 6 25 20 3 5 7 6 16 24 3 3 4 4 15 32 2 3 2 2 7 38 4 4 6 11 17 66 29 1 3 2 9 9 3 2 4 46 130 135 135 138 131 103 113 109 72 46 12 1 0 0 2 10 8 0 0 0 2 
26 38 47 22 23 25 22 36 80 21 24 30 35 33 64 38 29 29 25 7 2 3 2 2 1 2 3 3 2 2 2 2 3 4 4 5 7 8 9 9 9 9 7 7 10 8 5 5 6 6 6 8 12 10 12 19 28 44 57 62 40 17 13 41 57 14 16 5 2 4 20 13 3 2 1 3 19 21 4 3 2 2 11 25 1 1 1 1 7 17 1 1 1 1 5 31 1 1 1 1 4 22 5 1 1 1 5 20 10 2 2 2 6 22 17 3 4 5 3 16 20 3 2 3 2 17 25 2 3 2 2 7 26 1 2 1 1 9 24 6 3 12 9 6 18 7 1 1 1 4 24 18 2 2 1 4 16 12 2 2 3 3 17 24 3 2 3 3 9 24 3 3 3 3 9 30 3 4 6 5 9 30 9 3 6 4 8 26 12 3 2 3 3 17 17 1 2 2 2 14 17 2 2 3 4 11 26 2 3 3 2 5 38 4 4 5 9 19 60 27 1 3 2 8 8 2 2 4 52 137 127 121 131 116 105 92 100 65 41 12 1 0 1 3 11 7 0 1 0 2 
19 34 39 16 16 20 19 28 58 20 24 28 29 30 61 41 23 24 19 6 3 2 2 2 3 3 4 3 2 3 2 1 3 4 4 6 8 9 9 9 9 7 7 10 12 10 6 6 8 7 6 5 9 29 51 63 60 43 33 31 19 8 10 48 74 20 10 11 12 10 28 18 7 8 7 10 30 33 12 11 10 9 21 38 6 7 9 7 17 30 6 5 6 6 12 43 3 6 6 5 10 33 9 5 6 4 11 31 19 10 12 9 15 32 23 7 6 9 9 27 29 8 8 10 7 26 28 7 8 7 10 18 33 4 7 7 6 14 32 9 7 13 8 11 24 9 2 2 4 7 25 18 4 4 4 5 20 19 4 4 8 6 21 26 5 6 7 5 16 27 5 5 6 5 12 29 4 4 5 5 11 29 8 2 6 6 9 25 13 4 3 3 3 18 18 3 4 4 4 16 19 4 4 5 4 10 29 5 4 5 3 7 30 5 4 5 6 12 57 31 1 2 1 8 7 1 3 3 44 116 96 83 97 105 86 70 71 55 37 10 1 0 0 2 10 6 0 1 0 3 
15 24 29 16 16 17 17 20 32 16 16 16 14 17 37 32 18 20 13 4 3 4 6 2 3 4 10 6 2 2 2 2 4 4 5 7 9 9 8 9 8 8 8 8 9 10 8 6 6 6 9 21 53 129 148 80 30 19 19 27 24 17 22 52 77 25 13 22 25 20 43 29 20 26 25 26 41 37 20 22 22 17 28 43 13 16 19 14 23 37 12 15 19 17 22 53 10 15 16 14 18 42 16 13 18 15 23 44 30 23 27 21 32 45 34 21 20 22 21 43 45 21 26 31 22 42 38 19 24 24 30 38 46 12 21 24 19 26 47 18 19 20 16 23 38 17 14 10 18 21 38 28 15 15 16 14 36 33 15 17 24 18 37 43 18 21 23 18 36 44 15 20 22 18 28 44 15 18 17 17 23 38 18 9 18 19 22 40 24 18 16 15 11 29 27 9 13 16 13 30 35 16 15 20 16 27 45 18 17 17 15 24 46 14 14 16 17 14 67 46 2 4 6 8 8 5 6 3 36 87 65 56 65 73 52 46 43 38 28 10 2 0 1 3 12 7 1 1 1 3 
49 51 62 58 56 52 51 53 61 50 46 45 42 41 47 48 39 38 14 2 3 10 15 2 3 7 18 11 3 3 6 9 11 8 6 7 8 8 8 8 8 7 8 8 7 7 7 6 7 10 22 65 100 97 108 91 47 37 40 48 36 27 36 64 82 37 34 40 39 34 53 42 34 41 40 39 52 48 33 35 35 29 41 56 28 28 32 26 36 55 24 27 29 26 31 61 21 27 29 24 28 54 29 25 33 27 33 54 40 31 36 33 32 46 38 32 35 32 23 44 49 30 37 40 30 47 45 27 34 37 36 42 54 22 30 35 29 35 58 27 25 27 24 26 37 22 26 22 28 27 43 31 21 25 21 23 41 32 22 30 29 21 41 46 26 30 31 26 41 44 21 28 30 24 35 50 22 32 34 29 29 38 22 17 24 21 24 40 25 16 16 17 15 32 31 16 18 21 15 27 33 19 19 23 24 36 36 18 27 24 20 33 42 16 16 19 22 20 61 40 6 12 10 11 11 8 10 11 58 122 112 106 102 105 85 103 106 104 46 4 2 1 1 3 8 5 1 1 2 2 
120 120 129 134 131 131 129 128 139 134 129 131 133 142 127 127 124 106 32 5 5 13 18 3 5 13 21 9 3 5 14 15 11 8 6 7 8 7 7 8 8 6 6 9 8 5 5 7 12 46 74 43 19 13 24 42 33 23 29 46 43 36 40 68 85 38 40 38 32 42 64 53 42 45 42 47 66 66 44 41 39 36 58 73 40 34 38 35 50 78 37 33 34 34 44 76 35 37 38 35 43 78 54 36 43 33 40 70 58 40 42 48 40 66 54 39 41 41 34 62 65 42 44 44 40 62 66 40 42 47 40 53 86 36 40 43 40 51 83 47 43 50 46 46 65 44 40 47 45 47 71 51 35 41 38 40 65 54 39 44 38 35 61 67 42 44 45 42 61 61 34 38 37 35 52 80 38 50 54 46 47 67 41 40 48 37 45 74 51 32 34 38 36 61 58 39 38 43 36 54 61 40 39 39 41 63 66 36 48 47 36 55 69 37 35 37 42 45 71 41 16 20 11 21 25 15 15 19 52 77 69 66 56 51 37 47 47 48 26 8 8 7 7 10 15 10 7 7 10 8 
100 109 105 101 97 115 116 108 118 111 111 112 114 115 93 98 106 85 23 5 3 11 22 7 6 18 23 8 4 12 20 11 5 5 6 7 8 7 7 8 8 9 7 6 6 6 6 8 33 101 94 27 17 20 22 30 23 14 15 26 22 10 15 55 72 25 14 15 13 20 32 26 16 15 15 22 33 31 16 11 9 10 25 32 13 10 12 11 19 38 14 8 9 11 20 34 13 10 9 10 17 36 25 9 13 11 16 34 28 14 11 15 17 38 28 10 8 13 16 34 32 15 12 11 14 28 32 15 12 14 11 22 50 10 10 10 11 17 38 19 12 14 16 22 41 23 12 19 16 22 39 25 14 13 17 14 34 33 15 12 10 13 28 30 15 14 13 13 31 30 13 10 9 11 21 44 14 16 16 14 21 43 17 15 19 13 20 41 29 16 17 20 19 34 30 18 16 20 19 35 39 19 17 18 16 31 50 15 13 15 12 23 41 22 20 18 17 27 67 41 6 6 7 15 17 9 7 8 15 12 6 9 11 10 7 6 5 5 5 5 7 7 6 6 7 7 7 6 10 6 
56 67 61 60 53 66 67 58 67 59 64 61 57 59 58 66 64 46 20 13 6 11 23 15 8 19 24 9 9 23 23 9 6 6 7 9 9 8 7 8 9 10 8 5 5 6 9 25 77 94 56 49 70 53 55 64 50 48 50 61 56 41 48 80 97 62 45 48 48 53 65 62 51 52 49 55 68 67 52 46 43 39 59 67 49 44 52 44 50 78 44 39 38 39 48 64 42 35 36 36 43 64 55 34 46 45 49 64 55 44 40 43 42 57 46 32 30 35 41 55 53 35 33 30 34 48 48 36 31 35 30 39 58 27 26 28 26 31 54 31 26 24 26 31 50 35 28 31 30 35 50 38 33 28 30 28 49 44 28 28 25 27 41 42 26 26 24 24 37 39 24 21 21 23 28 46 23 27 23 22 31 47 21 18 21 18 21 35 29 19 20 21 21 36 32 22 19 20 19 36 38 18 19 20 18 27 50 14 14 15 14 20 38 19 20 18 16 21 58 36 4 6 8 11 9 6 5 8 17 20 15 13 12 13 21 21 19 13 11 11 13 15 13 11 11 13 16 13 16 12 
61 68 68 73 61 67 66 60 71 63 75 72 66 64 69 75 56 31 22 23 17 14 17 22 12 24 24 10 13 26 17 8 7 6 7 10 10 8 8 8 9 8 7 8 8 4 19 73 92 70 69 70 69 67 73 97 116 126 122 123 122 123 137 140 152 160 147 157 156 144 141 148 142 148 139 137 144 147 139 142 141 121 139 146 140 137 150 130 126 162 125 140 130 122 131 153 127 121 133 126 126 152 146 120 151 138 137 146 135 137 139 140 128 130 118 121 120 123 124 130 134 113 116 110 115 126 122 117 111 119 109 113 121 107 106 109 100 102 135 101 118 108 107 106 127 111 115 111 114 119 135 119 126 116 112 113 141 120 108 123 112 106 128 128 104 106 103 103 106 116 97 95 96 97 95 115 91 108 96 93 103 112 89 87 93 89 90 108 100 95 96 93 86 109 97 78 83 86 78 105 108 77 84 82 82 92 121 70 83 83 75 80 108 72 79 79 74 77 96 64 34 39 36 42 41 36 34 33 45 52 47 43 40 37 58 59 51 28 24 28 34 37 33 32 31 34 39 34 37 32 
55 58 66 58 55 60 57 66 68 64 64 64 67 67 63 69 59 22 8 20 30 22 18 36 19 27 29 20 24 30 14 14 13 13 11 10 8 8 8 9 9 10 7 8 9 11 54 94 73 61 66 66 60 58 61 69 74 73 70 70 75 82 80 75 74 89 84 92 84 80 72 81 84 84 85 82 82 86 85 93 98 90 81 80 86 93 85 93 80 83 84 88 89 86 88 96 94 91 99 92 87 89 94 92 89 96 93 92 94 97 100 100 97 83 82 91 95 92 89 82 88 90 94 100 97 86 87 95 102 101 97 95 97 103 103 103 99 93 91 95 113 109 105 104 105 109 112 106 105 109 107 108 117 120 119 110 105 108 114 116 115 109 110 111 112 113 115 116 110 114 113 114 119 118 107 114 115 115 115 115 115 116 111 118 124 121 115 113 116 123 124 119 116 120 121 114 123 127 124 118 115 117 122 121 127 124 114 123 134 125 122 123 115 114 125 131 121 118 99 78 77 80 77 77 69 73 82 71 59 55 52 48 46 45 59 59 51 38 21 23 38 34 33 40 36 37 37 37 42 41 
55 50 48 48 54 52 46 54 64 66 65 60 65 67 58 69 55 20 13 13 24 31 33 27 35 34 48 51 57 28 14 35 38 36 23 21 16 8 7 10 9 7 9 8 9 38 82 83 61 61 65 66 66 67 70 66 60 60 59 58 59 61 61 59 58 61 59 58 59 60 58 61 59 56 57 56 58 64 60 54 53 59 57 53 51 50 54 57 50 52 53 54 57 56 54 56 54 53 58 55 53 55 56 55 53 55 55 55 56 56 54 53 57 52 52 54 53 51 52 48 50 50 50 53 50 45 52 43 39 42 47 47 43 43 49 55 57 56 54 54 51 51 51 52 53 55 56 62 60 60 56 54 56 57 52 57 59 56 53 55 61 59 58 58 58 57 57 56 57 57 54 53 56 56 51 56 57 57 57 57 58 58 55 58 61 59 56 55 58 58 57 55 54 56 57 53 57 58 56 53 51 53 56 55 56 56 57 62 62 51 50 57 61 57 55 54 52 56 61 59 52 51 53 55 48 50 56 52 50 52 54 52 53 48 48 51 61 56 25 17 34 34 34 39 39 40 40 40 35 34 
57 50 37 33 34 24 28 34 35 47 63 67 70 70 61 76 52 20 25 21 20 34 53 45 62 57 52 53 73 53 33 41 34 25 21 17 13 8 7 8 7 6 7 7 19 98 81 66 64 65 66 66 67 65 65 63 62 63 63 60 59 59 62 63 62 58 61 54 60 62 67 67 62 58 62 64 61 60 65 66 60 56 62 68 66 60 65 54 54 59 60 54 57 58 57 59 59 57 58 57 58 60 59 58 58 58 58 59 59 58 55 52 56 55 56 55 51 49 50 49 48 46 43 42 39 35 35 38 40 40 40 40 42 45 47 46 44 43 45 48 49 51 54 56 58 60 60 59 58 60 58 56 59 60 53 58 61 59 57 57 59 55 55 54 55 54 54 55 60 60 57 54 56 57 54 52 52 52 52 52 52 52 53 56 57 55 53 54 57 56 57 56 54 56 58 55 56 57 55 53 51 53 55 59 55 51 52 55 53 49 54 58 57 55 55 55 52 49 56 59 53 54 58 54 51 53 53 49 49 51 52 48 52 50 48 50 63 59 24 13 33 40 38 40 39 41 42 43 39 41 
59 60 49 42 46 40 30 39 50 54 65 67 64 61 56 63 33 10 18 26 31 30 46 79 68 45 33 31 42 101 40 35 20 13 10 7 8 11 9 6 6 8 6 12 79 90 74 58 69 67 65 66 67 66 64 63 64 66 65 62 61 62 65 63 65 62 72 60 66 62 61 62 60 58 62 66 65 60 59 67 68 57 61 68 62 59 59 44 55 55 58 62 59 57 58 60 59 57 55 57 61 62 59 59 61 61 60 60 60 60 58 56 58 57 57 56 54 50 48 51 50 48 47 47 48 48 51 50 48 44 38 32 29 38 42 43 40 39 42 43 44 45 47 50 53 56 58 53 55 57 56 56 56 57 59 55 52 56 59 56 50 56 57 58 59 60 61 62 58 58 57 57 57 57 56 56 56 56 56 55 55 55 52 52 53 52 50 51 53 52 53 53 52 54 56 54 54 54 52 51 50 51 53 52 49 50 55 57 56 57 55 54 52 48 47 49 52 55 57 57 57 60 61 55 52 53 52 52 53 54 52 52 54 51 52 50 56 57 25 12 34 44 42 40 36 38 38 41 44 47 
61 60 49 28 21 21 16 40 72 66 61 62 62 61 62 56 29 12 14 25 30 51 79 57 26 26 34 50 51 67 71 32 17 14 15 14 15 17 11 6 7 9 12 50 129 67 64 69 61 58 58 60 63 63 62 61 61 62 61 60 61 63 63 57 62 62 73 62 65 59 58 61 60 59 63 65 65 64 57 58 63 66 63 60 62 63 62 61 82 61 54 67 58 54 56 57 55 52 49 50 56 59 56 56 59 58 55 54 55 57 57 57 57 56 55 56 56 51 45 49 50 52 55 58 61 66 59 44 37 39 41 33 24 32 46 56 56 55 53 48 39 39 39 41 44 49 52 56 58 59 58 56 54 54 61 57 54 55 56 55 52 50 50 51 52 53 53 54 55 56 59 62 60 59 59 58 57 57 56 56 55 55 56 57 56 55 54 54 54 52 55 56 54 55 58 57 57 56 54 54 54 55 55 53 53 57 58 53 49 49 54 57 58 55 51 50 55 54 49 49 54 52 48 52 49 45 48 54 58 56 54 60 58 47 53 48 50 58 30 16 37 42 40 42 39 40 38 41 43 34 
45 59 70 53 39 34 39 52 54 44 47 53 54 52 56 48 32 23 21 31 52 78 63 21 40 53 46 54 82 44 103 42 38 37 33 31 27 17 9 6 7 7 40 104 66 68 57 63 61 65 66 65 63 61 60 59 60 62 63 62 62 64 63 61 65 65 62 55 61 62 60 63 61 60 63 62 58 57 63 59 56 62 62 57 61 60 52 65 77 54 50 54 49 50 53 53 55 54 46 45 51 57 55 54 57 55 52 51 51 53 53 53 53 53 52 52 54 51 44 46 46 48 49 48 49 54 52 53 55 53 47 37 30 39 52 57 51 47 45 41 37 36 36 36 39 42 45 47 51 53 54 53 50 51 50 54 55 51 47 49 54 55 54 54 54 54 53 53 51 52 56 59 57 54 57 53 52 51 50 50 49 49 54 55 54 53 52 50 49 50 53 55 52 52 54 54 55 53 51 52 53 53 52 53 54 52 48 48 52 55 59 52 47 55 60 56 49 54 56 58 62 56 52 62 61 54 54 57 56 52 50 53 48 43 55 51 46 49 28 23 47 43 37 43 43 45 44 42 36 21 
15 40 92 122 127 121 118 81 31 18 23 24 21 17 22 19 13 16 21 33 83 64 35 49 46 42 61 46 82 67 65 71 64 63 41 30 19 12 7 6 8 27 105 137 102 111 119 106 114 110 113 109 100 96 96 96 97 103 106 106 102 101 101 105 106 99 67 65 82 98 94 97 93 91 94 96 88 59 33 28 27 24 27 38 52 48 30 37 37 56 94 78 83 89 88 81 85 89 71 66 75 86 84 83 88 87 85 85 85 85 82 79 84 90 89 85 87 88 84 82 81 82 81 74 73 77 71 87 91 72 46 32 30 59 74 75 66 64 65 63 65 65 65 65 65 66 68 62 68 70 71 69 65 65 55 58 61 63 63 64 65 62 61 62 62 62 62 62 67 66 69 71 67 66 71 69 68 67 66 65 64 64 62 61 60 59 57 54 51 53 58 59 55 55 57 57 56 54 53 54 56 56 54 52 54 54 51 57 58 50 45 40 37 41 45 46 50 56 51 44 44 49 50 44 44 43 40 41 40 40 45 46 45 42 51 48 44 40 20 24 57 46 31 33 32 34 34 29 21 16 
2 10 40 84 115 120 105 55 13 6 7 5 5 3 5 6 5 11 19 35 86 53 39 75 26 39 67 55 84 66 68 85 42 39 34 17 8 9 7 7 18 66 101 108 116 116 127 125 123 127 133 130 122 119 122 125 129 137 144 143 138 134 133 141 139 127 80 79 103 134 136 138 135 135 141 141 129 69 11 4 7 4 5 13 25 22 9 7 8 50 129 125 135 141 138 121 121 127 108 102 112 126 125 124 130 132 132 132 132 130 123 119 129 140 140 133 135 140 138 134 133 139 140 131 133 143 127 141 138 115 95 84 77 97 118 130 131 133 133 127 125 127 126 126 123 124 128 124 132 129 125 122 116 111 97 95 99 109 118 115 105 109 110 113 115 115 115 120 123 122 123 121 115 116 123 117 114 113 112 111 110 109 106 103 103 103 101 96 90 90 97 100 96 95 99 101 97 93 90 93 99 100 94 90 98 102 93 81 54 26 12 14 20 16 10 15 43 81 85 69 65 80 80 51 23 14 13 16 19 25 41 60 68 66 66 60 56 50 21 16 45 36 20 18 15 15 15 11 8 11 
3 4 6 9 14 20 13 8 4 3 4 4 4 3 2 9 16 23 29 39 66 51 66 56 34 94 81 45 97 63 78 76 39 29 21 12 8 8 6 16 47 59 35 18 17 25 25 20 20 23 23 22 22 23 22 22 23 24 25 26 28 28 29 29 29 31 26 20 24 31 33 34 37 44 46 35 27 17 5 4 1 1 1 2 3 5 5 4 5 19 38 33 30 27 44 41 32 29 31 33 32 35 35 35 40 38 41 43 43 41 38 36 38 39 39 40 41 42 44 43 42 47 50 49 56 68 52 65 60 54 70 84 74 59 54 59 73 79 72 65 64 66 61 66 60 65 76 78 80 71 64 71 76 65 62 58 62 65 71 71 62 62 64 71 72 66 66 77 78 83 81 74 73 76 75 77 74 72 73 73 73 72 72 69 69 73 75 73 68 66 69 73 73 74 79 84 77 73 71 74 84 87 77 75 83 88 78 55 27 8 2 1 1 1 1 5 27 72 95 95 90 92 76 40 11 1 1 1 1 6 24 64 87 97 99 87 68 53 24 3 3 3 3 3 3 2 2 2 2 2 
3 3 3 2 2 2 2 2 2 2 4 4 3 3 3 12 18 21 23 28 67 51 47 60 39 101 79 61 79 44 105 76 54 32 23 15 12 6 10 37 60 22 2 1 2 2 1 1 2 2 2 1 1 1 1 1 1 1 1 1 1 2 2 2 3 4 3 2 1 1 1 1 1 3 4 3 3 4 2 2 2 1 1 0 1 3 6 7 4 4 4 2 3 2 4 6 6 2 3 6 4 2 2 1 1 1 2 2 2 2 1 1 1 1 1 1 1 1 1 1 1 2 2 2 2 4 2 4 3 2 4 5 4 2 3 5 10 11 8 5 3 2 3 5 7 8 5 5 4 3 3 3 4 4 4 3 3 4 3 2 3 4 3 3 3 3 3 4 4 4 3 3 3 4 4 3 2 2 2 2 2 2 2 2 2 2 2 3 3 2 2 3 3 3 5 7 5 5 5 5 6 6 4 3 4 5 4 2 1 0 1 0 0 1 0 1 4 12 22 34 38 35 20 5 1 0 0 1 1 1 2 7 9 9 9 8 8 8 4 1 0 0 1 1 1 1 0 0 0 1 
2 4 4 4 3 2 1 2 2 2 3 3 3 3 2 6 8 9 12 17 58 52 29 53 34 42 51 82 52 32 117 78 51 39 33 25 21 7 27 61 29 3 2 2 3 3 2 2 2 3 3 2 2 2 2 1 1 1 1 1 1 2 2 3 5 5 3 3 2 1 1 1 1 1 2 1 1 3 3 2 3 1 1 1 1 2 5 6 3 2 2 3 5 4 3 6 9 3 4 7 4 2 2 2 1 1 2 2 2 2 2 1 1 1 1 1 1 1 1 1 1 1 2 1 1 1 1 2 1 1 1 1 1 1 1 1 2 2 1 1 1 1 5 9 10 13 6 5 2 1 1 1 1 2 2 2 1 2 1 1 2 2 1 1 1 1 1 1 1 1 1 1 1 2 1 1 0 0 0 0 0 0 0 0 0 0 0 1 1 1 1 1 1 1 2 4 5 2 1 3 3 1 1 0 1 1 0 0 1 1 0 0 0 0 0 0 0 1 1 1 1 1 0 0 0 0 1 1 1 1 1 1 1 1 0 0 0 1 1 1 0 0 0 1 0 0 0 0 0 0 
3 4 4 4 3 2 2 2 2 2 3 3 3 3 3 3 5 8 14 21 53 78 35 29 61 72 78 68 35 62 114 73 40 31 22 18 24 29 59 44 10 2 2 1 3 4 3 2 2 2 3 2 2 2 2 1 1 1 1 1 1 1 1 3 5 4 2 2 1 1 1 1 1 1 1 1 1 6 8 3 3 3 2 1 1 1 2 2 1 2 2 2 5 5 2 3 8 4 5 5 2 2 2 2 2 1 1 1 1 1 1 1 1 1 1 1 1 1 1 1 1 1 1 1 1 1 1 1 1 1 1 1 1 2 1 1 1 1 0 1 1 2 10 19 16 22 17 9 5 2 1 2 2 2 2 3 1 2 1 1 1 2 2 1 1 1 1 1 1 1 1 1 2 2 1 1 1 0 0 0 0 0 0 0 0 0 0 0 1 0 1 1 0 0 1 3 6 3 2 3 2 0 0 0 0 0 0 0 0 0 0 0 0 0 0 1 0 0 0 1 1 1 1 1 0 0 0 0 1 1 1 1 1 1 0 0 0 1 1 1 0 0 1 1 1 0 0 0 1 0 
2 3 3 3 3 3 2 3 2 2 3 3 4 4 6 8 15 19 23 28 38 90 75 29 43 61 55 27 40 101 95 52 41 33 24 15 14 76 63 12 3 2 2 2 2 3 3 1 1 2 2 2 2 3 2 2 1 1 1 1 1 1 1 3 6 3 1 1 1 1 1 1 1 1 1 1 1 6 8 2 1 4 3 0 1 1 2 3 3 2 2 2 3 4 3 2 6 6 9 5 2 2 1 1 1 1 1 1 1 1 1 1 1 1 2 2 1 1 1 1 1 1 1 1 1 1 1 1 1 1 1 1 1 0 1 1 1 1 1 0 1 1 12 28 25 28 26 10 7 3 2 3 3 1 3 4 1 1 3 4 1 3 4 3 1 1 1 1 1 1 1 2 3 2 1 1 1 1 0 0 0 0 0 0 1 0 0 0 1 0 0 1 0 0 1 1 3 5 6 3 1 0 0 0 0 0 1 1 0 0 0 1 1 0 0 0 0 0 0 0 1 1 1 0 0 0 0 0 0 0 0 0 1 1 1 0 0 0 0 0 0 0 1 1 0 0 0 0 0 0 
2 3 3 3 3 3 3 3 3 3 4 3 3 4 8 12 22 24 22 22 26 52 89 76 40 26 34 47 77 91 68 29 30 38 35 21 40 76 18 5 2 2 2 2 2 2 2 1 1 1 2 2 2 2 2 1 1 1 1 1 1 0 1 3 4 2 1 1 2 2 2 2 1 1 1 0 1 1 1 1 1 1 1 1 1 1 1 4 6 4 2 1 1 2 5 3 4 6 10 5 2 2 2 1 1 1 1 1 1 1 1 1 1 1 1 1 1 1 0 0 0 0 0 0 0 1 1 1 1 1 1 1 1 1 1 1 1 1 1 1 1 0 10 31 31 25 22 6 4 2 4 9 7 2 3 4 3 2 7 8 4 4 6 5 2 1 2 2 1 1 1 2 2 2 1 1 1 0 0 0 0 0 0 0 0 0 0 0 1 0 0 0 0 0 0 0 0 5 9 2 0 0 0 0 0 0 0 0 0 0 0 1 1 0 0 0 0 0 0 0 1 1 1 1 0 0 0 0 0 0 0 1 1 0 0 0 0 0 0 0 0 1 1 1 0 0 0 0 0 0 
2 3 3 2 2 1 3 3 2 3 4 3 2 2 6 7 11 11 15 23 29 35 51 95 72 66 68 85 84 61 51 29 17 23 29 45 77 23 2 3 5 3 2 2 2 2 2 2 1 1 2 2 2 2 2 1 1 1 1 1 1 1 2 3 2 1 1 1 2 2 2 2 2 1 1 1 1 1 1 2 1 0 1 1 0 0 0 1 3 3 2 1 1 2 8 6 4 5 7 6 2 2 3 2 1 1 1 1 0 0 1 1 1 1 1 1 1 1 0 0 0 0 0 1 1 0 1 1 1 1 2 2 1 1 1 1 1 1 1 1 1 1 10 30 28 17 14 3 2 3 11 20 15 6 4 2 4 3 11 10 7 6 8 6 2 1 2 2 1 0 1 2 2 1 1 1 1 1 0 0 0 0 0 0 0 0 0 1 1 1 0 0 0 0 0 0 0 3 5 1 0 0 0 0 0 0 0 0 0 0 0 0 0 0 0 0 0 0 0 0 0 0 0 0 0 0 0 0 0 0 0 0 0 0 0 0 0 0 0 1 0 1 1 1 1 1 1 0 0 0 
3 4 4 3 2 2 2 2 2 2 3 3 2 2 3 2 4 8 16 26 27 38 36 43 57 75 61 59 49 40 44 44 21 15 30 81 47 6 3 3 5 3 2 1 1 2 3 2 1 1 1 1 1 1 1 1 2 2 1 1 1 1 1 2 1 1 1 1 1 1 2 2 1 1 1 1 1 1 2 1 0 1 1 0 0 1 1 0 1 1 2 2 1 1 8 9 5 3 5 6 2 2 2 1 1 1 1 1 1 1 1 0 0 0 0 1 1 1 1 1 1 1 1 1 1 0 1 1 0 0 1 1 1 0 1 1 1 1 1 0 1 2 8 21 16 8 6 1 1 4 14 22 20 11 3 2 3 3 8 6 5 5 6 4 1 1 1 1 0 0 0 1 1 1 1 1 1 0 0 0 0 0 0 0 0 0 0 1 1 1 0 0 0 0 0 0 1 1 1 0 0 0 0 0 0 0 0 0 0 1 1 0 0 0 0 0 0 0 0 0 0 0 0 0 0 0 0 0 0 0 0 0 0 1 1 0 0 1 1 1 0 0 0 1 1 1 1 0 0 0 
3 4 3 3 2 2 2 2 2 2 3 3 3 2 2 3 5 12 14 13 17 32 34 31 39 30 23 32 43 33 33 45 28 26 47 60 13 1 4 3 4 3 2 1 1 2 2 2 2 2 2 2 2 2 1 2 2 3 3 2 1 1 1 1 1 1 1 1 1 2 2 2 2 1 1 1 1 1 1 0 0 1 1 0 1 1 1 0 2 1 2 3 2 2 4 7 6 3 6 7 2 2 2 1 1 1 1 2 1 1 1 0 0 0 0 0 1 1 1 1 1 1 1 1 1 1 1 1 1 1 1 1 1 0 1 1 1 1 1 1 1 3 5 9 7 4 2 1 1 4 10 11 21 15 2 4 2 4 6 3 5 4 4 3 2 1 1 1 0 0 1 1 1 1 1 1 1 0 0 0 0 0 0 0 0 0 0 1 1 0 0 0 0 0 0 0 1 1 1 0 0 0 0 0 0 0 0 0 0 1 0 0 0 0 0 0 0 0 0 0 0 0 0 0 0 0 0 0 0 0 0 0 0 0 0 0 0 1 1 1 0 0 0 0 0 1 1 0 0 0 
3 4 3 2 2 2 2 2 2 3 3 3 2 2 3 3 5 7 6 7 17 29 21 21 42 31 17 23 36 25 16 25 29 51 59 19 4 1 1 4 2 2 2 1 1 1 2 2 3 3 3 3 3 2 2 2 2 3 3 2 2 1 1 1 1 1 2 2 2 2 3 2 2 1 1 1 1 1 1 1 1 1 1 1 1 1 1 1 3 1 2 3 3 3 3 3 5 4 7 8 3 2 1 1 1 0 1 2 1 1 1 1 1 1 1 0 0 1 1 1 0 0 0 1 1 1 2 2 1 1 1 1 1 1 1 1 1 1 1 1 1 2 3 5 4 2 1 1 1 3 6 5 18 17 2 5 2 4 7 3 5 6 5 4 3 2 1 1 0 0 1 1 1 0 0 0 0 0 0 0 0 0 0 1 0 0 0 1 2 0 0 0 1 1 1 1 1 1 1 0 0 0 0 0 0 0 0 0 0 0 0 0 0 0 0 0 0 0 0 0 0 0 0 0 0 0 0 0 0 0 0 0 0 0 0 0 0 0 1 1 0 0 0 0 0 0 1 0 0 0 
3 3 3 2 2 2 2 2 3 3 3 3 2 2 2 2 3 3 4 10 19 19 10 17 39 27 12 20 31 16 12 10 44 73 36 5 3 3 1 2 2 2 2 2 1 1 2 3 3 3 3 3 3 2 1 1 2 3 3 3 2 2 2 1 2 2 2 2 2 2 2 2 2 1 1 1 1 1 1 1 1 1 1 1 2 1 1 2 7 2 2 3 3 3 2 2 5 5 8 9 3 1 1 1 1 1 1 1 1 1 1 1 1 1 1 0 0 1 1 1 0 0 0 0 1 1 1 1 1 1 1 1 0 1 0 1 1 1 1 1 1 1 2 2 3 2 1 2 1 1 3 4 14 12 4 5 2 9 16 6 5 5 12 9 5 3 1 1 0 1 1 1 0 0 0 0 0 0 0 0 0 0 0 1 0 0 0 1 2 1 0 0 1 1 1 1 1 1 1 1 0 0 0 0 0 0 0 0 0 0 0 0 0 0 0 0 0 0 0 0 0 0 0 0 0 0 0 0 0 0 0 0 0 0 0 0 0 0 1 0 0 0 0 0 0 0 1 0 0 0 
4 4 3 2 2 2 3 3 3 3 3 3 2 2 2 2 3 3 4 10 16 8 6 22 30 19 11 19 29 18 7 22 67 53 7 2 2 2 2 1 1 1 1 2 2 2 2 3 3 3 3 2 2 1 1 1 1 2 2 2 2 2 2 2 3 2 1 1 1 1 2 1 1 1 1 1 1 1 1 2 2 1 1 2 1 1 3 4 10 3 1 2 2 3 3 4 7 7 8 9 3 2 2 2 1 1 1 1 1 1 1 1 1 1 1 1 0 0 0 1 0 0 0 1 1 1 1 1 1 1 1 0 0 1 1 1 1 1 1 1 1 2 4 2 2 2 2 1 1 2 4 4 8 5 6 4 3 15 23 8 7 4 15 12 4 3 1 1 0 0 0 0 0 0 0 0 0 0 0 0 0 0 0 0 0 0 0 2 3 1 1 0 0 0 1 1 1 1 1 1 0 0 0 0 0 0 0 1 0 0 0 0 0 0 0 0 0 0 0 0 0 0 0 0 0 0 0 0 0 0 0 0 0 0 0 0 0 0 0 0 0 0 0 0 0 0 1 0 0 0 
4 4 3 3 2 2 3 4 3 3 3 3 3 3 3 3 4 4 4 7 10 4 7 31 21 11 10 20 23 14 14 59 52 15 2 2 1 1 2 2 1 1 1 1 1 1 1 2 3 3 2 2 2 2 1 1 1 1 1 2 2 2 2 2 3 2 1 0 1 1 1 1 1 1 2 1 1 1 1 1 1 1 1 1 1 2 6 3 6 3 3 1 2 4 5 7 9 7 7 8 2 2 3 3 2 2 1 1 1 1 1 0 1 1 1 1 1 1 0 1 1 1 1 1 1 1 1 1 1 1 1 1 1 1 1 2 2 1 1 2 0 3 8 5 4 4 3 1 1 2 3 2 4 3 6 2 2 12 15 5 12 3 6 4 2 2 0 0 0 0 0 0 0 0 0 0 0 0 0 0 0 0 0 1 0 0 1 2 3 2 1 0 0 0 1 1 1 1 1 0 0 0 0 0 0 0 0 1 0 0 0 0 1 1 1 0 0 1 1 0 0 0 0 0 0 0 1 1 1 0 0 0 0 0 0 0 0 0 0 0 0 0 0 0 0 0 1 0 0 0 
3 3 4 3 2 3 4 4 3 3 3 3 3 4 4 3 3 3 3 5 8 5 10 28 16 8 9 21 15 7 50 71 15 3 2 2 2 1 1 2 2 2 2 1 1 1 1 2 2 3 3 3 3 2 2 1 1 1 1 1 1 2 2 2 2 2 1 1 1 1 1 1 1 1 2 1 1 1 1 1 1 0 1 1 2 11 18 5 2 3 4 2 2 4 4 5 6 4 5 7 2 2 3 3 2 3 1 1 2 2 1 1 1 1 1 1 1 1 1 1 1 1 1 1 1 1 1 1 1 1 1 1 1 1 1 2 2 1 1 1 1 3 9 8 6 9 5 11 4 2 1 4 11 12 6 2 3 7 6 3 15 6 2 1 2 2 1 1 0 0 0 0 0 0 0 0 0 0 0 0 0 0 0 1 0 1 1 2 3 2 1 1 0 0 1 1 1 1 1 0 0 0 0 0 0 0 0 1 0 0 0 1 1 1 1 1 1 1 1 0 0 0 1 1 0 0 0 1 1 0 0 0 0 0 0 0 0 0 0 0 1 1 1 0 0 0 0 0 0 0 
2 3 5 4 3 4 4 3 3 3 3 3 3 3 4 4 3 4 4 4 5 8 11 15 14 8 8 14 13 30 73 31 2 3 2 2 2 2 3 2 3 3 2 1 1 1 1 1 2 3 3 4 3 2 1 1 1 1 1 1 1 1 1 1 1 1 1 1 1 1 1 1 2 1 1 2 2 2 2 1 0 1 1 2 6 33 62 28 9 3 3 3 3 3 2 1 2 2 4 7 2 2 3 3 2 3 1 1 1 1 1 1 1 1 1 1 1 1 1 1 1 1 1 1 1 1 2 1 1 1 1 1 1 1 1 2 2 2 2 1 1 2 5 5 4 13 8 24 12 7 2 5 14 17 4 1 2 2 1 2 8 9 3 1 2 1 1 1 1 1 0 0 0 0 0 0 0 0 0 0 0 0 0 1 0 1 1 1 2 1 1 1 0 1 1 1 1 1 1 0 0 0 0 0 0 1 1 0 0 0 0 1 1 1 1 1 1 1 0 0 0 0 0 0 0 0 0 0 0 0 0 0 0 0 0 0 0 0 0 0 1 1 1 0 0 0 0 0 0 0 
2 3 6 5 4 4 4 4 4 4 4 3 3 2 3 4 4 4 4 4 5 10 10 9 12 9 8 8 25 75 39 4 4 2 2 2 1 2 4 3 3 3 2 2 2 2 2 1 2 2 3 3 3 2 1 1 1 1 1 1 1 1 1 1 1 1 1 1 1 1 2 2 2 1 1 2 2 2 1 1 1 1 2 2 12 61 105 76 37 5 2 4 4 3 3 1 1 1 4 7 4 2 2 3 3 2 1 1 1 2 2 2 1 1 1 1 1 1 1 1 1 1 2 2 1 1 2 1 1 1 1 1 1 1 2 2 2 3 3 1 2 2 2 2 3 15 7 17 10 9 3 2 7 7 3 3 2 2 1 2 5 10 4 2 1 1 1 1 1 1 0 0 0 0 0 0 0 0 0 0 0 0 1 1 1 1 0 1 1 1 1 1 1 1 1 1 0 1 1 0 0 1 1 1 1 1 1 0 0 0 1 0 0 0 0 1 1 1 0 0 0 0 0 0 0 0 0 0 0 0 0 0 0 0 0 0 0 0 0 1 1 1 1 1 0 0 0 0 0 0 
2 3 5 5 5 4 4 5 5 5 4 4 3 2 3 4 4 4 5 5 7 9 10 10 9 9 9 16 65 60 6 3 4 2 2 2 2 2 2 3 4 4 3 2 2 2 2 2 2 2 2 2 2 2 1 1 2 1 2 2 1 1 2 2 2 2 1 2 2 2 2 2 2 1 1 1 1 1 1 1 1 1 2 2 16 72 108 111 73 12 3 4 4 3 4 2 2 2 4 8 5 3 2 4 3 2 2 1 1 2 2 2 1 1 1 1 1 1 1 1 1 2 2 2 1 1 2 1 1 1 1 1 1 1 2 2 3 8 8 1 2 1 2 1 2 12 8 10 4 7 6 4 5 2 4 4 2 4 3 3 7 8 3 1 1 2 1 1 1 0 0 0 0 0 0 0 1 0 0 1 1 0 1 1 1 1 0 0 0 0 1 0 1 1 1 1 0 0 1 1 0 1 1 1 1 1 1 0 0 0 0 0 0 0 0 1 1 1 0 0 0 0 0 0 0 0 0 0 0 0 0 1 0 0 0 0 0 1 1 1 0 0 1 1 0 0 0 0 0 0 
1 2 4 5 6 6 5 5 5 5 4 3 3 3 4 4 4 4 5 6 10 9 9 11 10 9 13 49 71 16 3 3 2 2 2 2 3 2 2 3 4 3 3 2 2 2 2 2 2 1 2 2 2 2 1 1 2 1 2 2 2 2 2 2 1 1 1 2 2 2 2 2 2 2 2 1 1 1 1 1 1 1 1 3 21 73 104 118 97 30 11 5 3 3 4 5 3 2 5 8 5 4 3 4 3 2 2 1 1 1 2 1 1 1 1 1 1 2 1 1 1 1 2 1 1 1 1 1 1 1 1 1 1 2 2 2 4 14 13 2 2 1 1 1 1 6 16 33 10 11 22 16 10 6 14 9 2 6 5 5 11 8 3 1 1 2 1 1 1 0 0 0 0 1 1 1 1 1 1 1 1 1 1 1 1 1 0 0 0 0 1 0 1 1 1 1 1 1 1 0 0 0 1 1 1 1 1 0 0 0 0 0 0 0 0 1 1 1 0 0 0 0 0 0 0 0 0 0 0 0 0 1 0 0 0 0 0 1 1 1 1 0 1 1 0 0 0 0 0 0 
1 2 3 5 6 5 5 4 4 4 4 3 2 3 4 4 4 4 6 7 10 11 8 8 9 11 40 65 29 5 2 2 3 3 2 2 3 2 2 3 3 3 3 2 2 1 1 2 2 2 2 2 2 2 2 2 2 1 2 2 1 1 2 1 1 0 1 2 2 2 2 2 2 2 2 1 0 0 1 1 1 1 2 5 31 87 106 111 110 67 45 21 9 6 4 6 5 3 6 9 5 4 4 5 4 2 3 2 1 1 1 1 1 1 1 1 1 2 1 1 1 1 2 2 1 1 2 2 1 1 1 2 2 2 1 2 3 9 9 2 2 2 2 1 2 4 17 65 15 24 57 34 14 9 17 16 3 6 4 4 7 7 3 1 1 1 1 0 1 1 0 0 1 1 1 1 1 1 1 1 1 1 0 1 1 1 0 0 0 0 0 0 0 1 1 1 1 1 0 0 0 0 1 1 0 0 0 0 0 0 0 0 0 0 0 0 1 1 0 0 0 0 0 0 0 0 0 1 0 0 0 1 0 0 0 0 1 1 1 1 1 0 1 1 0 0 0 0 0 1 
2 2 3 4 6 5 4 4 3 3 3 3 3 3 4 4 3 5 6 7 9 10 11 9 7 30 74 40 9 4 3 5 3 3 2 3 3 3 2 2 3 3 3 3 2 1 1 2 2 2 2 2 2 2 2 2 2 2 2 2 1 1 1 1 1 1 1 2 2 2 3 3 3 2 1 1 0 1 1 1 1 2 2 8 48 107 111 103 110 103 91 61 35 21 8 6 5 3 6 8 4 3 3 4 3 2 3 2 1 1 1 1 1 2 2 1 1 2 1 1 1 1 2 2 1 1 2 2 2 1 1 1 2 2 2 3 3 2 2 2 2 2 3 3 3 2 19 89 26 39 64 25 10 9 13 19 4 4 2 1 2 2 1 1 1 1 1 1 1 1 0 0 1 1 1 1 1 1 0 0 1 1 0 0 1 1 0 0 0 0 0 0 0 1 1 1 1 1 0 0 0 0 0 0 0 0 0 0 0 0 0 0 0 0 0 0 0 0 0 0 0 0 1 1 1 0 0 1 1 0 1 0 0 2 1 0 1 1 1 1 1 1 2 1 0 0 0 0 0 1 
3 2 3 3 6 6 4 3 3 3 3 3 3 3 4 3 3 5 7 8 10 8 10 10 21 61 58 14 4 10 3 6 3 2 2 2 3 3 3 2 3 4 4 4 3 2 1 2 2 2 2 2 1 1 1 2 2 2 3 3 2 1 1 1 1 1 1 1 2 2 3 4 3 2 1 0 1 1 1 1 1 2 2 14 67 115 112 107 110 112 108 100 83 63 25 8 5 6 7 9 5 2 2 3 3 2 2 2 2 1 1 1 2 3 3 2 1 2 1 1 1 2 3 3 2 1 2 2 3 2 1 2 2 2 3 8 8 3 2 4 2 1 2 3 3 8 46 89 39 37 32 6 8 10 12 13 6 8 4 1 1 1 2 2 1 1 1 1 1 1 0 0 0 0 0 1 1 1 0 0 1 1 0 0 0 0 0 0 0 0 0 0 0 1 0 1 0 0 0 0 0 0 0 0 0 0 0 0 0 0 0 0 0 0 1 1 1 0 0 0 0 1 1 1 1 0 0 1 1 0 1 1 4 16 13 3 1 1 1 1 1 5 13 7 1 0 1 0 1 1 
3 2 3 5 8 8 5 4 4 3 3 3 3 3 4 4 4 6 8 9 13 9 7 16 50 76 17 7 3 9 7 5 4 2 2 2 3 4 3 3 4 5 5 5 4 3 2 2 2 2 2 2 1 1 2 2 2 2 2 2 2 2 2 1 1 1 2 2 3 3 3 3 3 2 1 1 1 1 1 1 1 2 3 22 84 115 109 116 112 109 102 111 113 104 63 18 6 8 9 12 7 5 4 5 3 2 3 2 2 2 2 1 2 4 4 2 2 3 2 1 1 2 4 4 2 1 2 3 4 3 2 2 3 2 3 9 10 5 3 3 1 3 1 1 7 28 64 47 32 23 13 4 6 6 9 5 6 8 4 1 1 1 2 2 1 0 1 1 1 1 0 0 0 0 0 0 1 1 0 0 1 1 0 0 0 0 0 0 1 0 1 0 0 1 1 1 1 0 0 0 0 0 0 0 0 0 0 0 0 0 1 0 0 1 2 2 1 1 1 1 1 1 2 2 1 1 0 1 1 0 1 1 5 22 19 4 1 3 7 5 2 11 24 12 2 0 1 1 1 1 
2 2 5 9 13 9 5 5 5 4 2 2 3 4 4 4 5 7 10 10 11 10 10 38 68 38 5 5 5 3 8 7 6 4 3 3 3 4 3 2 3 5 5 5 4 3 2 2 2 2 2 2 1 1 2 2 2 1 2 2 1 2 2 1 1 1 2 2 3 3 3 2 2 1 1 1 1 1 2 2 2 2 3 27 96 115 108 118 109 113 108 105 105 111 105 37 8 7 10 13 9 8 7 7 3 3 3 3 3 3 2 2 2 4 4 2 2 4 3 2 2 3 4 4 2 2 3 4 5 4 2 2 3 6 9 12 8 4 3 2 1 3 2 7 13 30 36 24 28 18 11 8 4 12 7 4 9 4 1 1 1 0 1 1 1 1 1 1 1 1 0 0 0 0 0 0 1 1 0 0 0 0 0 1 1 0 0 1 1 1 1 0 0 1 1 1 1 0 0 0 0 1 1 1 1 1 1 0 0 1 1 1 1 1 1 1 1 1 1 1 1 1 2 2 1 1 1 1 1 0 1 1 3 12 12 2 6 33 65 38 8 8 17 8 2 1 1 1 1 2 
2 4 13 23 15 9 6 7 6 3 2 3 4 4 4 5 6 8 10 11 8 10 36 61 37 5 5 3 5 3 5 6 6 5 4 3 3 3 3 2 3 4 4 4 4 3 2 2 1 1 2 2 1 1 1 2 2 2 2 2 2 2 2 1 1 1 1 2 2 3 3 1 1 1 1 1 1 1 2 3 3 2 5 37 104 113 113 117 111 113 110 106 103 108 117 69 20 6 8 12 11 8 7 6 4 4 4 2 4 5 3 2 2 4 3 2 2 2 4 3 4 4 4 5 3 2 4 6 8 5 4 2 2 6 10 10 12 15 7 7 4 3 4 8 14 27 28 14 19 20 14 6 5 15 7 5 7 3 1 1 1 1 1 1 1 1 1 1 1 1 1 1 1 1 1 1 1 1 0 0 0 0 1 1 1 0 0 1 1 1 1 1 1 1 1 1 0 1 1 0 0 1 1 2 1 1 1 1 1 1 1 1 1 2 1 1 1 1 2 2 3 3 1 2 2 2 1 1 1 1 1 1 2 4 4 1 7 39 74 43 8 3 5 2 1 1 1 2 5 11 
5 12 31 42 17 7 8 9 6 4 3 4 3 4 5 6 7 8 9 11 9 23 57 44 9 4 4 3 4 5 4 4 6 6 5 5 4 4 4 3 3 4 4 4 4 3 3 2 2 2 3 3 2 1 1 2 2 3 2 2 2 2 2 1 1 1 1 2 2 3 3 1 1 2 2 2 2 1 1 3 3 3 9 47 108 112 116 117 114 110 108 113 113 109 115 103 45 13 8 11 9 7 8 7 4 4 5 3 4 8 7 4 3 5 4 3 3 2 4 7 8 6 6 6 4 4 6 10 12 6 4 2 4 6 6 6 18 32 13 9 11 4 7 8 16 37 57 15 14 25 16 3 3 10 5 4 3 2 1 1 1 1 1 1 1 1 1 1 1 1 1 1 1 1 1 1 1 1 1 1 0 0 0 1 0 1 1 1 1 0 0 1 1 1 1 1 0 1 1 1 1 1 1 1 1 1 1 1 1 1 1 1 1 2 2 1 2 3 4 3 3 3 2 2 2 2 1 1 1 1 1 1 1 1 1 1 4 17 29 16 3 1 2 1 1 1 1 2 15 43 
11 35 73 66 24 9 17 13 6 4 4 4 4 5 6 6 7 8 9 10 10 33 41 14 5 3 3 4 4 5 3 4 6 6 5 6 5 4 5 4 3 4 4 4 4 4 3 3 2 2 3 4 3 2 1 2 3 3 2 2 2 2 2 1 1 1 1 2 2 3 2 2 2 2 2 2 2 1 1 2 2 7 31 71 110 112 114 114 113 111 109 114 118 105 110 123 78 32 12 12 8 10 25 20 7 9 9 5 3 14 20 5 4 5 4 3 4 4 3 6 10 8 7 4 6 8 10 18 18 7 2 1 4 5 6 8 13 21 9 8 11 3 6 7 11 30 56 31 18 36 20 6 2 4 3 4 3 3 1 1 1 1 1 1 1 1 1 1 1 1 1 1 1 1 1 2 1 1 1 1 1 1 1 1 1 1 3 3 1 0 0 1 1 1 1 1 1 1 1 1 1 1 1 1 0 1 1 1 1 1 1 2 2 3 3 2 3 3 5 5 3 3 2 2 1 2 3 2 1 1 1 1 1 1 1 1 1 4 6 3 1 1 1 1 1 1 1 4 29 80 
16 58 105 72 24 11 28 21 8 5 5 6 6 7 7 8 9 10 10 9 8 19 14 4 6 4 3 4 5 5 4 4 6 6 5 5 5 4 4 3 2 3 4 4 5 5 4 3 3 3 3 4 4 2 2 2 3 3 3 2 2 2 2 1 1 1 2 2 2 2 2 2 2 2 2 2 2 1 1 3 3 19 75 110 113 113 113 112 112 112 111 112 116 102 103 122 100 58 24 22 17 30 66 59 31 27 17 7 8 37 43 9 6 6 5 8 8 5 4 3 8 10 9 5 15 12 13 27 24 9 3 2 3 4 6 7 6 14 13 15 13 4 9 18 24 41 61 27 30 59 26 6 3 2 5 7 5 5 2 1 1 1 1 1 1 1 1 1 1 1 1 1 1 2 2 2 2 1 1 1 1 1 1 2 1 1 2 3 1 1 1 1 1 1 1 2 1 1 1 1 1 1 1 1 1 2 2 1 1 1 1 4 5 3 4 3 3 2 4 5 3 3 2 2 1 6 13 7 2 2 1 1 1 1 1 1 1 1 1 1 1 1 1 1 1 2 5 21 56 93 
24 73 119 75 26 15 36 35 17 8 8 9 7 7 7 8 10 11 10 8 7 6 4 5 8 6 5 5 5 5 4 4 4 5 4 5 4 4 4 3 3 3 4 4 5 5 5 4 3 3 2 3 3 2 2 2 3 3 3 3 2 2 1 1 1 2 3 3 1 1 1 2 2 2 1 2 2 1 2 3 3 29 100 127 116 114 112 112 112 113 112 112 114 109 105 110 107 90 57 50 49 69 102 95 72 69 44 20 35 81 70 31 26 26 23 40 26 5 6 5 8 9 10 14 43 23 15 37 29 11 5 3 3 3 3 4 6 27 36 26 16 9 22 48 63 72 59 25 29 45 17 3 3 3 5 7 5 5 2 1 1 1 1 1 1 1 1 1 1 1 1 1 2 2 2 2 2 2 2 2 2 2 2 2 1 0 1 1 0 1 1 1 1 1 1 2 2 2 1 1 2 2 1 2 2 2 2 1 1 2 7 17 12 4 5 5 2 4 3 3 2 4 4 2 2 16 40 15 2 2 2 1 1 1 1 1 2 1 1 1 1 1 1 1 1 3 17 55 83 88 
37 89 135 105 50 30 57 61 32 9 7 9 6 5 6 7 8 9 8 6 6 5 6 7 6 7 6 5 5 4 3 3 3 3 4 5 5 5 5 4 4 4 3 4 5 5 5 5 4 3 2 3 3 3 3 3 3 4 4 4 3 2 1 1 1 2 4 4 2 1 1 2 2 1 1 2 2 1 2 2 4 38 104 121 117 115 113 112 111 112 112 110 110 115 112 103 109 114 91 81 86 102 109 105 104 109 82 52 77 113 92 73 71 75 69 96 54 7 7 11 10 8 7 16 67 46 31 61 41 15 5 3 4 3 3 3 8 36 43 20 15 14 34 74 94 87 41 28 13 12 6 2 3 2 3 4 3 3 1 2 2 1 1 2 2 1 1 1 1 1 1 1 2 2 2 2 2 1 1 2 2 2 2 2 2 2 1 1 1 1 1 1 1 1 2 2 2 2 2 2 2 1 1 2 2 2 3 2 2 6 30 54 31 8 8 6 2 3 2 3 3 6 5 3 7 39 72 25 3 2 2 1 1 1 1 1 1 1 1 1 1 2 1 2 5 13 38 81 91 83 
47 104 132 119 73 58 92 96 53 15 6 6 6 4 4 6 6 7 6 6 6 6 8 6 3 5 5 4 4 4 4 3 3 3 4 6 6 6 7 6 5 4 3 3 4 5 5 5 4 3 3 4 4 3 3 3 3 4 5 5 3 2 1 1 1 2 4 4 3 2 2 2 2 1 2 2 2 2 2 2 9 58 114 121 117 116 115 114 113 111 111 108 107 112 114 106 108 114 103 93 101 111 106 107 117 115 103 89 102 114 101 100 106 108 105 117 75 24 17 16 10 10 7 20 79 72 70 90 56 29 9 3 6 6 3 5 31 75 64 19 9 12 34 80 99 91 38 14 8 7 3 2 2 2 2 3 2 2 1 2 2 2 2 2 2 1 1 1 1 2 2 2 2 2 2 2 2 1 1 1 1 1 1 2 3 2 1 1 1 1 1 1 1 1 2 2 2 2 2 2 2 1 1 3 3 5 10 8 8 18 61 94 58 25 20 10 7 4 4 12 5 5 5 6 29 70 93 42 10 4 3 2 2 2 1 1 1 1 1 1 2 3 3 6 22 47 70 93 94 91 
65 136 126 108 81 91 118 122 87 39 14 7 6 4 4 6 6 6 7 8 7 6 5 3 4 4 4 4 4 4 4 4 4 4 5 6 6 6 7 6 5 4 3 3 3 4 5 5 4 4 4 5 5 3 3 3 3 4 4 4 3 2 1 1 1 2 3 3 3 3 3 3 2 1 2 3 2 3 3 2 15 76 121 121 117 117 116 115 113 111 112 115 111 110 114 119 112 106 106 96 101 109 106 110 117 105 101 111 108 109 109 97 113 107 110 103 93 77 48 30 8 16 26 58 107 86 109 98 65 57 26 8 8 8 8 18 63 99 86 43 22 27 55 98 101 91 43 7 23 23 3 3 2 2 3 3 2 2 1 2 1 3 2 2 1 1 2 2 2 3 3 3 2 2 2 2 1 1 1 1 1 1 1 2 3 1 1 2 2 1 2 1 1 1 1 1 2 2 2 2 2 1 2 3 3 9 22 22 22 46 80 105 79 56 42 16 16 16 18 26 5 3 5 11 57 90 95 64 27 8 3 2 2 3 2 2 2 2 1 2 3 4 3 10 49 86 86 85 90 95 
81 137 128 110 84 100 117 120 114 80 32 9 7 6 6 6 5 6 7 8 6 5 4 4 4 4 3 4 3 5 6 5 6 5 6 6 6 5 6 7 6 4 4 3 2 5 4 5 4 4 5 6 5 4 4 4 4 3 4 4 3 2 2 1 1 2 2 2 2 3 3 3 2 2 4 3 2 3 2 3 13 82 120 115 117 116 114 113 113 113 113 114 112 109 110 113 110 109 105 89 97 108 101 101 113 110 107 111 108 108 112 106 108 110 110 104 103 91 63 39 14 25 47 86 120 94 111 101 90 85 58 27 14 12 25 52 85 96 96 94 71 76 89 103 100 94 76 59 42 18 3 3 3 2 3 3 2 2 1 2 1 3 3 2 1 2 2 3 2 4 3 4 3 3 3 2 1 1 1 1 2 1 1 2 1 1 2 2 2 2 2 1 1 1 1 1 1 2 4 2 2 2 3 3 2 14 51 55 58 77 94 96 88 85 63 36 36 48 68 47 10 6 8 25 70 90 91 80 54 15 3 7 7 3 2 2 2 2 2 1 4 9 9 27 71 93 88 86 88 90 
75 119 124 119 100 116 119 116 120 97 46 15 9 7 7 6 4 5 6 7 6 4 4 4 5 5 5 5 3 7 7 5 7 6 6 6 7 6 6 7 6 4 4 4 2 5 5 6 5 4 5 5 5 5 4 5 4 4 4 4 2 2 2 1 1 2 2 2 2 2 3 3 3 3 4 3 2 2 3 7 25 90 117 113 117 115 113 113 113 113 114 113 111 109 109 109 108 111 106 91 98 109 102 102 113 112 110 108 106 108 110 112 106 112 108 106 107 94 73 56 35 51 75 102 120 96 108 106 106 100 80 49 28 24 45 81 103 101 99 107 99 102 105 106 105 102 99 83 51 18 7 6 4 3 4 3 2 2 2 2 2 2 5 4 2 3 3 4 3 4 5 7 5 3 3 3 1 2 1 2 2 2 2 1 1 1 1 2 1 2 1 1 1 1 1 1 2 2 3 2 2 2 5 6 4 27 80 85 86 93 99 93 94 99 82 66 70 78 99 80 37 20 15 39 80 93 92 87 71 26 11 23 19 8 5 4 4 5 4 2 5 19 32 61 89 92 91 91 90 91 
81 115 122 125 114 126 124 119 120 104 65 28 13 8 8 7 5 5 6 7 7 4 3 5 6 5 5 6 4 8 7 5 8 7 6 7 8 8 6 8 9 7 5 6 3 5 5 6 4 4 5 5 4 4 4 4 4 3 3 3 2 2 2 1 1 2 3 3 3 3 3 4 3 3 3 2 2 3 6 16 57 101 114 117 117 115 113 113 113 113 114 113 111 109 109 109 109 111 110 100 103 110 109 108 112 110 109 107 106 108 109 110 107 109 105 104 110 104 90 81 69 88 101 107 114 96 107 108 110 109 96 75 58 54 73 101 114 108 100 102 105 106 106 106 105 105 105 102 78 48 35 24 11 5 5 3 2 2 2 2 2 4 6 5 5 4 4 7 3 4 7 6 7 16 16 6 2 3 2 2 2 3 2 2 1 1 1 1 2 1 1 1 1 2 1 1 2 3 2 2 2 2 11 13 13 48 101 103 99 97 99 99 99 101 92 87 93 96 98 88 54 24 18 51 86 92 95 93 90 55 43 59 47 26 21 21 18 15 10 4 8 33 61 86 89 85 90 90 90 90 
109 125 125 129 119 122 126 123 121 115 92 53 22 12 10 8 7 7 7 8 8 5 4 7 6 5 6 8 6 7 6 7 9 6 5 9 12 8 9 15 20 15 7 7 5 6 5 4 4 5 5 4 3 3 3 3 3 3 3 2 2 1 1 1 1 1 3 3 3 3 5 5 4 3 3 2 3 5 9 22 88 108 112 122 116 115 113 113 113 113 114 112 111 109 109 109 109 111 111 108 106 108 114 114 110 109 107 106 106 106 108 109 108 109 105 105 112 111 102 98 91 104 105 102 108 100 103 105 108 109 105 96 89 89 96 104 107 103 100 102 102 102 102 102 102 102 102 107 97 85 75 45 15 5 7 6 4 2 2 2 3 4 5 18 36 23 6 6 7 9 8 5 16 60 61 13 1 2 3 2 2 4 2 2 1 1 1 1 2 2 2 2 2 2 2 1 2 2 1 3 2 6 22 35 43 76 107 101 98 96 96 100 99 93 89 90 93 105 97 88 61 26 29 72 92 87 93 95 104 88 84 95 79 60 60 63 54 42 30 24 36 67 86 96 91 85 88 88 88 88 
123 129 126 129 126 124 127 124 120 122 114 79 39 23 15 8 7 9 9 8 9 7 6 9 7 8 17 17 9 6 6 13 17 9 7 18 23 11 17 38 50 35 14 9 8 6 6 4 5 5 5 4 3 2 2 2 3 4 4 4 3 3 2 1 1 1 3 4 3 3 5 5 4 3 3 3 5 6 8 23 100 112 111 122 117 115 113 113 113 113 114 112 111 109 109 109 109 110 110 112 108 107 114 114 108 108 107 106 106 107 107 107 108 110 109 109 112 110 105 107 101 106 106 104 109 107 103 104 105 105 104 104 104 104 102 99 99 100 102 103 101 102 104 104 104 102 101 98 98 102 99 61 22 11 15 9 5 4 4 4 4 4 12 48 90 61 20 17 26 21 10 8 27 83 90 24 2 1 2 2 1 3 2 1 1 1 1 2 2 2 2 2 3 2 2 1 2 2 2 2 6 27 44 66 81 101 105 96 98 97 91 95 96 91 91 95 94 101 95 100 81 48 58 90 94 87 95 91 99 96 92 100 93 86 92 97 87 73 67 67 81 96 93 94 97 94 92 91 91 91 
124 126 122 124 127 126 125 121 117 121 121 97 63 49 28 10 9 15 16 11 9 7 6 6 7 18 47 39 12 5 10 35 46 33 25 43 47 24 40 77 88 63 25 14 10 7 13 8 6 5 5 4 3 2 2 2 3 5 5 6 5 4 3 2 1 1 2 4 3 3 3 4 3 2 3 4 5 5 10 33 102 115 109 118 117 115 113 113 113 113 114 112 111 109 109 109 109 109 108 111 108 107 111 111 107 107 108 108 108 108 107 107 108 110 112 111 111 107 104 108 106 108 110 110 108 106 107 106 105 104 104 106 105 100 101 101 101 104 104 100 100 103 105 106 105 103 100 99 101 105 106 81 49 44 28 12 5 8 13 10 3 9 35 76 98 78 58 66 70 34 8 10 25 68 93 44 6 2 3 3 2 3 2 2 2 2 2 3 3 2 2 2 2 2 2 1 2 2 3 3 16 64 78 80 95 106 101 97 98 99 91 92 94 92 94 96 93 92 91 101 90 70 84 96 90 88 99 91 94 98 91 94 93 90 92 95 92 88 91 93 91 89 87 88 92 93 92 92 92 92 
126 129 122 117 123 124 124 121 118 122 121 110 97 94 55 22 26 45 43 24 12 8 6 5 10 35 86 73 26 11 25 79 94 78 64 81 82 54 78 107 109 86 49 36 21 16 37 17 8 6 5 4 3 2 2 2 3 4 4 5 5 4 3 2 2 1 2 3 3 2 2 3 3 3 3 5 6 10 29 68 107 117 110 116 116 115 113 113 113 113 114 112 111 109 109 109 109 109 108 108 109 109 107 107 108 108 109 110 110 110 109 108 108 109 110 109 106 105 105 106 109 107 109 109 103 103 108 106 105 107 107 106 102 97 103 104 104 106 105 98 99 100 101 101 101 100 99 97 99 98 99 89 77 84 49 22 14 26 40 27 9 16 63 104 103 96 91 89 104 53 11 11 28 68 100 66 13 4 3 4 3 4 5 3 3 3 3 4 4 2 2 2 2 2 2 2 3 3 4 10 43 91 99 85 93 98 95 97 95 95 95 94 93 94 92 90 88 94 96 98 91 86 99 102 89 86 102 92 94 104 95 93 93 89 87 90 92 91 97 100 91 86 93 95 94 92 90 89 89 89 
124 131 125 116 125 128 129 125 123 125 122 119 128 135 85 43 64 107 93 46 18 11 10 9 18 53 111 119 63 28 48 117 125 103 98 116 111 89 115 119 108 102 86 82 46 38 81 32 10 9 7 5 3 2 2 2 3 4 4 4 5 4 3 2 2 1 1 2 3 2 2 3 4 3 3 4 8 24 67 122 114 116 112 118 116 115 113 113 113 113 114 112 111 109 109 109 109 110 109 107 111 111 104 104 110 109 110 111 111 110 110 109 107 107 107 106 103 105 108 110 113 104 104 105 104 112 106 103 104 108 109 105 100 102 107 103 99 102 104 100 104 102 100 98 100 102 104 101 107 102 101 99 95 107 80 53 47 69 86 62 30 46 87 106 101 103 102 96 107 86 31 24 53 99 105 72 15 4 3 4 4 6 7 5 3 2 3 4 4 4 3 3 2 2 2 2 2 4 6 29 88 100 101 96 101 97 94 98 94 94 98 92 90 94 94 91 94 95 92 93 93 93 94 91 87 87 102 87 85 97 86 90 96 94 95 98 99 94 88 93 91 88 95 93 89 91 92 92 92 92 
122 124 121 120 122 124 126 126 125 125 123 122 125 124 113 92 89 114 106 54 22 17 20 32 57 91 119 134 98 64 84 121 120 113 113 117 116 112 117 117 114 112 110 116 88 75 107 68 34 37 18 7 5 3 3 3 3 4 7 3 5 4 4 3 2 2 2 2 2 3 2 3 5 5 5 7 17 53 106 122 110 119 118 114 112 112 112 112 112 112 111 111 111 111 111 110 108 108 110 109 110 109 107 106 108 109 108 108 108 108 109 109 110 108 108 107 106 107 108 107 107 105 105 106 105 108 105 104 104 105 105 104 103 104 105 104 102 102 102 102 103 103 102 102 103 103 105 103 104 103 102 101 100 103 97 92 93 101 103 93 80 92 101 102 100 102 103 102 96 92 88 63 86 100 96 75 13 3 3 4 5 4 8 6 4 5 5 5 6 7 3 3 2 2 2 2 3 6 22 66 96 94 100 98 101 103 99 94 91 94 94 92 91 92 93 92 93 92 92 92 92 92 92 91 90 89 91 87 86 89 86 90 90 88 92 93 90 90 90 90 90 89 90 89 88 88 90 92 93 92 
