UP
20 17 17 20 21 19 19 23 24 25 24 22 20 19 18 19 21 24 24 23 21 19 17 16 18 17 18 26 26 22 21 17 19 19 19 17 19 20 20 20 19 19 15 15 15 17 17 15 12 12 11 15 19 21 21 17 22 17 16 14 16 16 17 19 15 17 19 16 15 14 17 18 14 15 18 15 12 11 12 15 17 17 18 19 17 14 12 10 11 15 19 19 19 20 18 14 11 11 14 18 21 19 18 16 25 21 20 19 13 6 5 5 4 5 5 4 5 5 7 20 16 5 4 5 5 5 4 4 4 4 3 2 3 4 4 4 4 4 4 4 5 4 5 6 6 5 5 4 6 8 22 17 14 15 6 10 15 6 5 5 5 4 5 4 5 4 7 12 7 5 7 7 6 5 12 12 8 14 12 6 6 7 7 7 6 4 4 5 5 5 4 12 70 87 17 5 7 6 7 6 5 5 11 18 15 13 10 7 7 6 8 12 11 9 12 15 14 19 28 29 20 14 13 12 9 8 10 17 19 12 12 14 16 14 17 20 16 8 3 3 2 7 10 10 10 8 5 14 16 6 
20 18 18 21 22 18 19 21 21 23 23 19 17 17 17 18 22 26 27 27 24 20 18 18 20 18 20 29 27 21 20 16 17 17 17 15 16 16 16 16 18 17 16 16 16 19 26 26 18 10 12 16 16 17 20 22 31 20 16 12 14 15 17 17 15 20 24 17 14 13 14 17 13 14 16 9 4 3 5 10 16 16 15 17 13 8 5 4 5 10 16 19 21 21 15 7 4 3 8 14 20 21 17 15 24 21 20 20 13 5 5 5 4 4 4 2 3 4 7 16 13 4 4 5 5 5 4 4 5 4 3 2 3 5 4 4 4 4 4 4 4 5 6 7 7 5 4 3 8 17 39 22 10 10 3 7 14 6 5 5 5 4 5 4 5 5 6 12 6 4 6 7 7 6 12 12 9 15 12 5 6 7 6 7 5 4 5 6 5 5 5 15 82 110 30 13 11 7 7 8 8 11 21 22 12 13 14 12 10 8 9 10 8 8 11 13 13 14 18 18 12 9 10 11 10 8 9 15 17 10 8 8 9 17 19 20 14 7 4 5 4 10 14 13 12 10 7 15 16 6 
18 17 19 22 23 20 18 13 8 11 17 18 19 21 18 16 18 22 20 17 16 17 17 18 20 16 17 26 23 16 18 16 16 15 17 15 12 7 5 8 18 15 16 22 17 17 39 51 32 11 9 12 18 18 20 38 68 34 18 14 13 16 16 16 17 27 40 26 15 14 15 18 14 15 16 7 2 2 2 7 18 20 17 19 15 4 2 3 2 8 16 18 19 20 15 5 1 1 5 13 19 22 14 14 21 20 19 19 13 5 3 4 3 2 2 1 2 3 7 14 12 4 4 4 4 5 5 6 7 4 2 3 4 6 4 3 4 4 4 4 3 3 4 6 6 4 3 3 7 24 48 24 10 11 4 7 15 5 4 4 5 5 5 4 6 6 7 14 7 4 6 8 10 8 12 12 10 14 10 5 4 4 4 9 7 4 5 6 5 5 5 12 28 37 37 30 17 8 7 8 6 14 33 25 11 15 23 25 16 8 7 8 7 9 13 14 12 14 17 15 10 10 12 12 9 8 9 14 15 8 6 8 9 16 19 20 16 6 4 4 3 7 7 9 10 7 8 16 14 6 
22 19 18 20 21 19 15 8 6 12 19 19 18 19 18 16 17 18 17 16 17 18 16 16 17 14 17 26 17 13 16 17 17 15 16 14 13 8 5 6 15 14 15 18 16 18 29 34 25 13 13 14 16 14 20 46 96 49 25 18 17 18 17 16 16 32 56 40 20 13 13 16 14 16 16 7 2 1 2 7 18 20 19 25 17 4 1 1 2 11 23 22 19 17 13 5 2 1 5 13 17 18 14 17 21 17 18 17 11 4 2 4 3 1 1 1 2 1 5 15 13 4 3 3 3 4 4 5 6 3 2 3 4 6 4 3 5 4 4 4 3 3 4 5 6 4 3 3 7 24 45 24 11 10 3 6 12 4 3 5 6 5 4 5 8 8 8 17 10 6 7 10 14 11 15 16 12 16 13 7 6 6 6 11 9 6 7 7 6 6 7 11 21 36 51 47 28 13 8 7 5 12 32 33 20 21 27 27 17 8 7 7 6 6 8 9 8 10 15 14 8 7 9 8 7 6 8 13 14 8 7 9 9 12 14 16 14 6 4 3 3 6 5 7 9 6 5 14 14 6 
21 18 17 19 18 16 16 14 12 16 21 18 16 17 18 17 17 16 14 15 17 18 16 16 17 14 17 27 19 16 21 21 22 17 17 19 17 11 6 6 17 19 17 16 16 16 16 15 14 11 14 15 15 15 20 38 56 28 17 16 17 18 17 18 17 32 53 36 18 15 15 18 19 20 18 8 2 1 3 9 19 18 16 19 14 4 2 2 3 9 14 17 18 17 13 6 2 2 5 12 17 15 12 17 21 17 18 17 10 3 2 3 4 2 1 2 3 1 6 18 12 3 1 2 3 2 2 4 4 2 2 3 5 6 4 4 5 4 3 4 4 2 3 5 7 4 3 4 7 23 43 24 12 9 3 6 11 3 3 6 6 4 4 5 7 7 8 18 11 6 6 8 12 10 14 16 11 15 13 8 6 5 6 11 10 7 7 7 6 7 14 18 22 36 51 48 34 18 9 7 5 11 28 33 23 18 20 20 13 7 6 6 6 5 5 5 4 8 13 15 8 7 8 7 6 6 11 16 15 7 5 7 5 8 9 10 9 4 3 3 4 6 4 6 9 6 4 14 16 8 
18 18 19 21 20 16 11 7 6 10 15 17 19 20 17 15 16 15 14 14 15 17 16 17 19 16 18 27 17 16 20 18 18 15 16 16 14 8 4 4 13 16 19 16 15 14 13 10 8 10 11 11 14 17 17 20 19 13 14 16 15 15 14 20 21 36 54 33 18 19 14 15 17 18 14 6 2 1 2 8 18 20 18 20 13 4 1 1 2 9 18 19 20 20 13 4 1 1 5 13 18 19 13 15 22 20 19 18 11 3 2 4 5 3 1 3 4 2 7 20 13 2 1 2 2 2 1 4 4 2 2 4 5 6 4 4 5 4 2 4 4 3 3 5 7 4 3 5 8 24 43 25 14 9 3 6 11 3 3 6 6 3 3 4 4 5 7 16 10 4 5 6 7 6 13 14 10 13 11 7 5 5 6 11 11 9 8 7 6 7 9 9 8 10 10 10 12 12 8 6 8 13 22 21 14 9 10 10 9 6 6 7 7 5 5 4 4 7 13 14 7 6 7 6 5 7 13 19 15 5 4 4 3 8 6 5 5 3 4 5 7 8 5 8 11 7 6 16 20 11 
22 20 21 23 23 19 14 8 9 12 17 19 22 22 17 14 16 19 19 17 16 18 16 16 19 17 21 31 20 21 24 18 17 17 20 15 12 9 8 7 15 14 16 15 14 16 21 23 18 15 15 11 12 15 16 17 10 11 19 20 15 15 17 10 13 33 62 47 27 19 16 16 17 17 15 12 9 9 9 12 17 18 16 17 14 10 9 9 8 10 15 16 17 19 18 14 12 13 15 16 17 23 18 16 24 22 19 18 11 3 2 5 5 3 2 3 3 3 8 19 16 4 2 3 4 3 2 5 5 3 3 6 7 8 4 5 6 5 3 4 5 4 3 5 7 4 3 5 9 26 43 27 16 10 4 5 12 4 4 6 6 4 3 4 3 3 7 15 10 4 6 6 5 5 14 14 11 14 11 7 6 6 8 14 13 11 9 8 7 8 10 8 7 8 8 9 16 15 7 6 10 16 18 14 9 6 6 7 7 7 8 9 8 6 6 6 5 8 13 13 6 5 6 5 5 8 12 18 14 6 5 6 4 9 6 5 6 4 6 7 9 11 8 10 13 10 10 17 22 14 
24 20 18 19 20 19 23 28 28 30 28 21 18 19 19 17 19 25 26 23 21 19 15 14 16 15 22 36 32 31 31 20 17 16 19 19 18 19 21 19 23 16 11 13 13 18 35 46 38 30 27 17 12 13 18 30 73 71 68 48 23 15 16 16 17 34 73 79 61 40 22 15 16 17 19 26 31 36 30 21 17 14 12 12 26 42 58 61 46 29 21 17 15 15 22 38 48 48 35 17 12 20 20 15 20 18 17 17 11 4 3 6 5 3 4 3 4 4 9 18 16 4 3 4 4 4 3 7 7 4 5 8 9 10 5 6 8 6 4 5 5 5 4 6 7 5 4 6 10 27 43 28 17 11 5 5 12 5 5 7 7 5 5 7 5 5 9 17 12 5 8 8 6 6 15 14 13 15 10 7 7 7 9 14 14 11 9 8 8 9 9 7 6 7 10 12 14 13 8 6 10 15 16 14 9 7 6 6 6 6 7 8 8 7 7 7 6 9 14 13 6 6 7 5 6 10 14 19 16 8 6 7 5 9 8 8 9 6 8 8 9 12 9 11 13 11 12 17 23 15 
19 17 16 18 18 17 17 19 21 24 23 19 18 20 20 17 19 21 22 21 19 16 14 14 16 14 18 28 22 20 20 14 13 12 13 16 14 16 17 16 18 13 10 13 13 15 25 32 28 28 24 17 15 15 18 29 33 27 29 26 19 19 21 15 12 14 28 33 34 24 15 11 13 13 14 21 25 28 24 19 16 15 16 18 18 21 24 23 21 18 19 21 18 16 18 25 29 26 22 17 13 18 16 12 17 16 15 16 11 5 4 7 6 4 5 5 5 5 10 18 14 5 4 4 4 4 4 8 8 5 5 8 10 11 6 6 9 7 5 5 5 5 5 6 6 5 5 7 10 28 43 28 17 10 7 6 13 5 6 9 8 5 5 11 9 8 11 17 13 8 8 9 11 9 14 14 14 15 10 8 8 8 10 15 15 12 9 9 9 10 11 10 7 8 12 15 14 11 7 6 7 9 11 12 9 7 6 5 5 5 6 8 8 7 8 7 7 10 15 15 8 7 8 6 7 11 17 20 18 10 7 7 5 9 9 9 10 7 8 8 9 12 9 10 13 10 11 20 25 16 
14 16 19 23 21 16 13 12 13 14 15 16 19 20 17 14 13 12 11 11 12 13 14 16 18 14 13 18 11 10 13 13 18 18 17 14 11 10 10 9 14 12 13 14 12 10 11 11 10 13 10 10 16 17 13 15 21 13 14 17 16 15 14 17 18 16 17 14 17 15 16 14 20 20 15 16 15 16 18 18 17 15 14 16 15 17 16 14 15 15 16 17 19 20 18 16 16 17 17 19 21 22 12 10 18 17 15 15 12 6 6 8 6 4 5 5 6 5 9 18 14 6 5 5 5 5 5 8 9 5 5 7 9 10 6 6 9 8 5 5 5 5 6 6 6 6 7 8 10 28 42 27 17 10 8 9 15 5 7 10 9 5 5 14 13 11 12 16 13 11 9 11 18 13 13 15 16 16 11 10 11 10 11 18 18 14 11 11 13 12 12 10 9 8 10 14 16 12 6 5 6 5 6 8 7 6 5 5 5 5 7 9 8 7 8 8 7 11 16 14 7 7 8 5 6 11 16 18 17 10 7 7 7 10 9 8 8 5 7 9 9 12 8 10 13 9 9 23 28 17 
15 19 21 22 20 17 14 14 14 13 13 15 17 19 17 14 12 12 12 12 12 13 15 16 16 14 13 22 15 15 14 14 17 18 17 16 13 11 10 10 12 12 12 12 13 13 13 13 12 10 11 13 14 15 16 18 19 14 15 17 18 18 18 19 18 17 17 18 19 19 18 19 20 19 19 21 19 20 20 18 16 15 14 15 18 20 20 20 19 18 19 18 18 19 19 19 20 21 19 17 19 20 18 15 16 16 16 15 13 6 5 13 9 3 4 5 5 5 11 18 14 8 6 6 6 7 7 9 11 8 6 7 11 12 6 7 9 9 6 5 7 7 7 7 6 6 9 10 12 28 37 29 18 11 9 11 14 6 8 10 10 6 7 15 15 16 17 18 17 15 16 15 19 16 13 13 16 18 12 10 11 10 10 16 17 15 10 9 13 16 13 13 12 9 11 16 15 10 6 5 4 4 5 7 7 6 6 5 4 5 6 7 7 6 8 9 8 10 14 13 9 7 6 5 7 13 17 17 14 10 10 7 7 10 8 8 9 7 6 8 8 11 10 10 11 10 12 24 26 16 
16 20 21 21 21 18 15 14 14 14 14 15 17 18 17 15 13 14 14 13 13 13 14 15 14 14 13 23 14 13 13 13 15 16 16 15 13 10 9 9 9 10 12 12 13 14 14 13 13 11 12 13 14 14 14 15 13 12 15 18 19 17 17 17 16 15 15 16 17 18 16 18 19 17 17 17 15 16 16 15 15 17 16 15 14 15 16 16 17 17 18 16 15 16 16 17 17 17 16 16 16 18 18 15 14 16 17 16 14 7 6 15 11 5 6 7 6 6 13 18 12 7 5 5 6 6 7 10 14 12 8 9 13 14 9 9 12 12 8 6 9 9 8 10 9 8 11 12 13 29 39 30 19 14 12 12 17 8 10 12 13 9 9 17 14 17 18 19 20 21 21 17 19 16 13 13 16 18 11 9 11 12 11 15 14 14 13 11 13 15 13 12 11 10 11 14 15 11 8 6 5 4 6 7 7 6 6 5 4 5 6 7 6 5 8 10 9 11 14 14 11 9 8 7 9 14 20 20 16 11 11 7 6 9 7 8 9 7 7 9 10 11 10 10 11 10 14 19 25 17 
15 18 19 19 19 17 14 12 13 14 14 15 17 17 15 14 13 14 14 13 12 12 14 14 13 13 13 22 15 13 13 16 17 16 17 15 13 12 11 12 12 12 12 13 13 14 14 13 12 11 11 12 13 13 13 12 12 13 16 18 17 14 14 17 17 17 17 18 19 19 17 19 21 20 19 16 13 15 14 13 15 18 17 14 13 14 14 14 14 14 15 16 16 17 17 17 17 16 16 16 14 15 16 15 14 14 14 14 13 7 7 16 13 7 8 9 8 7 14 22 21 13 9 8 9 10 9 10 16 15 11 10 13 15 9 8 13 15 10 7 10 10 8 10 11 9 11 13 12 27 40 29 19 17 12 11 17 9 10 13 13 9 11 18 15 16 18 20 22 25 23 16 18 16 15 14 19 21 13 8 11 13 11 15 14 13 15 14 15 15 14 12 10 11 12 12 14 12 8 6 5 5 6 7 7 6 5 4 3 4 5 6 6 6 8 10 10 12 15 15 11 11 11 9 10 14 20 20 15 9 11 7 5 8 7 8 9 7 7 8 10 11 10 11 12 12 16 26 27 16 
15 17 17 17 17 15 12 12 13 14 15 16 17 17 14 13 13 14 14 13 12 13 14 13 13 14 14 23 16 11 13 17 16 14 15 13 12 11 11 12 12 11 12 12 13 13 13 13 13 11 10 10 11 12 12 11 13 14 16 16 14 13 13 15 15 15 16 17 17 17 15 16 18 18 17 15 12 15 15 14 15 17 16 12 13 15 15 14 14 14 14 14 15 15 16 16 16 16 17 16 13 13 15 14 14 14 14 15 14 10 10 18 16 9 11 12 9 9 16 25 24 16 10 8 9 10 9 12 19 19 13 12 15 17 10 9 15 19 12 8 12 11 8 12 13 11 12 15 12 26 40 28 18 19 12 12 19 12 10 14 14 9 12 18 13 16 18 20 23 23 21 15 19 19 18 17 19 23 15 9 11 13 11 14 14 14 14 13 16 18 14 12 11 12 11 10 12 11 7 6 5 5 6 7 7 5 4 3 3 4 5 6 7 6 8 10 11 13 16 16 12 12 12 11 11 14 19 19 13 8 11 8 6 9 9 9 10 8 7 8 9 10 9 11 12 13 17 29 19 8 
16 18 18 18 17 14 11 12 13 13 14 15 17 17 15 13 12 13 14 14 13 12 14 13 13 14 14 22 17 11 13 16 14 12 14 13 11 10 11 11 10 9 11 11 12 13 13 13 13 11 9 9 9 11 11 11 11 12 13 13 13 13 15 14 14 14 15 16 17 17 14 14 15 16 15 14 13 13 14 14 15 16 16 15 13 13 13 13 13 14 15 14 14 14 15 15 15 16 17 16 12 13 15 15 14 15 16 16 14 10 8 13 14 9 10 10 7 8 15 23 23 17 11 9 9 10 9 12 19 18 12 11 14 17 11 10 16 18 11 7 11 11 7 10 12 11 12 14 15 27 41 30 20 22 12 14 19 15 11 14 13 9 11 16 12 15 17 19 21 21 20 15 22 23 22 19 17 21 16 9 11 12 12 13 14 16 12 11 17 19 13 12 13 12 10 9 9 8 6 5 4 4 5 7 6 5 4 4 3 4 5 6 7 7 8 9 10 13 16 17 12 12 13 12 13 16 20 19 13 8 13 11 9 11 10 11 12 11 10 10 9 10 9 11 12 11 13 26 17 9 
17 18 18 18 18 14 12 12 13 14 14 14 15 16 15 12 11 12 13 14 13 12 13 12 12 14 13 20 19 14 14 16 14 13 14 14 12 11 12 13 12 11 10 11 11 12 12 12 12 11 9 8 8 9 10 10 9 11 13 13 14 15 15 16 16 16 17 19 19 18 16 15 15 16 15 14 14 13 13 14 15 15 15 15 12 10 11 11 11 12 14 15 15 15 15 15 15 16 16 14 12 13 15 14 14 14 13 14 12 9 7 8 12 9 10 8 6 7 13 18 16 15 11 8 9 10 10 13 19 17 11 10 14 16 12 11 16 18 12 10 14 12 9 12 13 12 13 13 16 25 37 30 22 23 14 15 19 18 13 15 12 9 12 17 13 18 20 19 21 23 22 17 24 26 23 19 19 23 18 11 11 12 13 13 15 18 14 13 19 19 13 14 16 13 11 11 9 7 6 5 4 4 5 6 6 4 4 4 4 4 5 6 7 6 6 7 9 11 15 16 12 11 12 12 13 17 20 17 11 7 11 10 10 10 10 11 12 12 11 12 11 12 11 11 10 7 8 18 19 11 
17 17 17 20 22 20 18 19 21 22 22 21 20 19 18 15 14 15 16 16 15 15 17 16 16 18 15 22 21 16 15 15 15 14 15 14 12 11 12 14 14 12 10 10 11 11 11 11 11 9 9 8 8 8 8 8 9 11 13 13 14 14 13 15 15 15 16 17 16 15 16 14 14 14 13 11 12 11 12 13 14 14 13 12 11 10 10 10 9 10 11 13 14 14 14 14 14 14 13 12 11 13 14 13 12 12 12 14 13 13 12 13 21 19 19 17 14 14 19 19 14 18 16 13 15 17 18 21 27 24 17 16 19 21 18 16 20 24 24 24 25 19 18 20 20 19 19 15 14 19 25 24 22 21 18 22 23 26 20 22 17 17 17 20 15 20 22 20 21 23 22 16 23 25 24 22 28 28 18 13 13 13 14 16 15 17 18 17 20 20 15 14 15 14 12 11 9 8 7 6 5 4 4 5 5 4 4 4 4 4 4 5 6 6 6 7 9 10 13 14 12 12 13 11 13 17 18 14 9 6 8 8 9 9 10 11 11 12 11 11 13 13 11 11 10 7 7 20 27 16 
19 19 19 24 31 33 33 36 41 45 44 38 34 33 32 29 28 30 31 29 27 27 31 29 29 32 26 32 29 26 22 21 22 24 23 19 15 12 13 14 13 11 10 11 11 11 10 10 9 7 7 8 8 7 7 7 9 10 10 10 12 13 12 15 14 14 14 13 12 11 14 12 12 13 11 10 10 9 9 10 12 14 13 10 8 8 8 7 7 8 9 10 11 13 15 16 15 13 11 10 11 12 12 11 10 11 11 14 14 17 16 17 30 29 29 26 22 22 24 21 15 23 23 19 20 23 24 25 32 29 21 20 22 24 24 20 20 25 30 30 26 23 24 26 24 23 21 13 11 12 15 19 20 20 22 26 25 32 26 28 20 23 20 20 15 19 19 17 18 19 18 12 18 22 26 29 33 26 14 12 15 14 17 22 15 12 18 18 18 20 17 11 10 12 11 8 8 9 8 7 5 4 4 4 4 4 4 4 4 4 4 4 5 6 6 8 9 10 12 15 14 16 16 14 15 19 19 14 12 9 10 8 11 12 13 13 13 13 12 11 11 11 10 11 12 10 11 25 34 21 
33 29 30 39 48 47 47 52 57 59 57 51 49 47 46 43 41 42 44 41 38 39 40 37 36 37 33 36 33 30 25 22 25 32 37 35 33 29 25 21 17 14 11 11 10 10 15 15 10 5 6 8 9 8 8 9 11 8 6 7 10 13 14 16 14 19 26 21 12 9 12 11 12 13 12 11 13 9 8 8 10 14 13 10 7 6 5 5 7 8 9 9 11 14 16 19 19 16 11 9 10 11 11 11 10 10 10 12 12 13 12 13 22 21 21 22 22 20 21 18 13 20 19 17 18 20 20 21 27 22 16 15 16 21 22 16 15 19 24 22 19 20 23 23 17 15 15 9 11 12 12 16 19 19 23 26 22 34 27 27 23 21 18 19 16 16 15 14 13 14 13 10 15 22 28 32 29 18 9 11 15 18 23 28 15 8 18 21 19 20 16 11 13 19 16 9 8 9 8 8 6 5 4 3 3 4 5 5 4 4 4 4 5 6 7 8 9 11 13 16 15 18 20 17 17 22 22 15 13 12 11 10 12 14 14 13 12 11 12 11 10 11 10 12 14 15 15 24 30 20 
67 62 62 69 73 68 68 73 75 73 70 70 75 78 76 71 63 60 62 58 52 53 53 52 50 47 44 42 39 35 30 26 27 36 45 48 44 41 36 32 28 26 20 20 15 17 29 31 18 7 8 10 10 8 9 12 17 10 6 7 10 12 13 12 10 22 38 30 14 10 10 8 9 11 12 12 12 10 9 9 8 11 11 9 7 6 5 5 6 8 10 10 11 12 14 21 25 19 11 10 12 11 11 12 11 11 11 11 10 8 7 8 10 8 9 16 22 23 25 21 13 15 13 15 17 16 16 17 23 17 12 10 12 19 17 13 14 19 21 22 25 28 29 24 13 9 11 9 11 14 14 14 16 16 17 24 21 44 36 33 30 19 16 18 20 15 12 13 10 12 13 11 15 22 24 25 25 16 10 13 16 20 23 26 18 9 23 34 30 23 17 21 30 36 30 20 12 9 6 9 9 7 6 4 5 6 7 8 5 5 5 5 6 6 6 7 9 11 14 17 15 17 19 16 18 23 23 14 10 12 10 12 11 13 13 13 11 10 11 12 13 15 15 14 16 18 18 24 27 17 
76 75 73 72 71 70 75 82 83 82 80 83 91 98 101 97 89 84 86 84 79 79 84 89 91 88 84 80 77 76 73 69 66 67 67 56 38 30 33 35 35 36 33 33 29 31 43 42 25 11 12 12 11 9 11 15 17 11 8 9 11 10 9 6 5 13 25 24 14 11 10 7 7 10 13 10 7 8 8 7 7 8 9 8 6 6 5 5 6 9 12 13 13 11 14 24 29 20 11 11 13 14 13 14 13 12 13 14 12 10 9 10 11 10 11 15 29 38 34 26 14 15 14 16 18 16 18 18 23 20 12 11 14 17 15 13 16 21 24 28 35 37 34 28 17 9 9 7 10 15 16 16 16 13 13 15 20 47 41 37 30 19 18 17 18 15 11 12 12 14 16 12 13 16 14 13 21 18 14 14 19 18 15 23 27 20 31 46 38 25 23 31 38 34 30 24 15 10 8 8 10 8 7 8 9 7 9 11 8 7 7 6 6 6 7 8 10 12 16 19 15 14 14 13 19 26 24 13 9 10 10 13 13 14 15 15 14 13 12 12 18 19 17 14 14 16 16 24 27 16 
23 27 27 24 22 26 32 36 37 36 35 38 43 47 51 54 55 56 62 68 69 70 75 82 88 90 89 88 87 90 92 95 94 93 89 68 42 30 30 32 31 31 32 33 30 32 40 35 21 13 14 14 13 12 12 15 13 9 8 10 11 8 6 4 3 5 9 10 7 7 9 8 9 11 12 9 7 8 9 8 7 7 8 7 7 6 6 5 6 9 12 15 13 10 12 24 29 19 11 12 15 16 16 16 14 13 16 17 15 11 10 12 12 12 12 13 31 41 31 24 17 15 15 19 20 17 20 21 25 23 14 11 16 15 14 14 18 22 22 23 28 29 23 22 17 11 10 9 10 17 20 20 19 15 14 15 17 35 24 23 22 16 18 14 14 12 8 9 10 10 12 10 9 10 8 8 14 13 15 12 17 15 21 53 75 55 46 49 35 27 29 29 22 14 12 12 12 11 10 8 10 9 6 10 9 7 9 10 8 7 7 5 5 6 7 8 10 12 15 17 13 11 10 11 20 30 25 12 7 8 8 12 12 12 12 11 12 13 12 14 14 15 13 10 10 11 13 23 26 15 
8 11 12 10 8 11 12 11 12 12 11 11 12 12 13 14 13 12 12 14 15 12 12 12 13 15 16 17 20 22 25 31 37 42 43 42 31 20 16 19 22 21 21 21 20 22 25 20 11 8 10 13 14 13 11 11 7 6 7 9 9 7 6 5 4 3 4 5 5 6 7 10 13 12 9 8 10 10 10 9 9 6 6 6 7 7 5 5 6 8 9 11 10 7 8 15 19 14 10 11 15 16 16 17 15 14 16 18 14 10 10 10 10 11 10 11 28 32 22 23 19 16 16 21 21 18 21 23 26 26 15 13 17 14 17 16 21 26 25 23 24 22 16 19 20 15 15 16 14 22 25 26 25 22 22 22 20 29 13 14 15 12 16 10 10 10 7 6 7 7 9 8 8 9 7 7 10 8 12 9 13 14 41 128 160 94 62 57 37 31 34 25 13 9 8 8 12 13 12 8 11 10 6 9 8 6 7 9 7 6 6 5 6 7 8 8 10 13 14 13 11 10 9 11 22 31 25 13 7 8 7 9 8 9 11 12 15 15 14 15 10 9 8 7 7 9 11 22 24 14 
6 7 8 6 4 4 6 9 11 11 11 10 10 12 14 14 12 9 7 8 10 12 11 11 10 10 9 9 10 11 14 18 23 26 29 35 33 17 6 6 11 13 13 13 13 15 16 12 7 4 5 8 9 9 8 7 4 4 6 7 6 5 6 5 4 3 4 5 5 6 6 10 15 13 9 9 12 11 12 10 11 6 5 4 7 6 4 4 6 8 7 7 6 6 5 6 8 9 9 10 13 14 15 16 15 14 15 16 14 10 9 8 8 9 8 10 24 23 21 28 22 21 20 25 25 21 22 24 28 29 20 18 22 18 18 15 17 23 25 24 24 26 20 24 26 21 20 22 26 34 36 37 37 35 37 27 28 33 14 14 13 9 13 7 7 9 8 7 6 7 10 10 10 10 8 8 14 8 9 9 13 15 52 146 139 52 31 35 20 14 13 10 7 7 7 6 5 8 12 8 11 10 7 9 7 6 7 9 7 7 7 6 7 9 9 9 10 12 13 10 11 11 10 12 19 25 22 13 9 10 8 9 7 9 13 17 19 17 15 14 10 8 6 6 7 9 10 22 23 12 
6 6 8 8 6 5 5 7 8 9 9 9 11 13 13 12 11 9 7 7 9 11 12 14 14 14 12 12 15 18 23 27 31 33 37 53 49 26 7 3 6 9 8 7 7 8 8 7 5 4 5 5 6 8 9 8 5 5 5 5 5 5 5 5 3 3 5 5 4 4 6 10 15 16 15 14 12 12 15 11 15 7 7 5 7 6 4 4 7 8 6 5 6 6 5 5 5 8 8 8 11 12 13 14 13 14 15 14 15 14 10 9 9 9 7 9 16 15 19 29 30 32 30 33 35 29 27 26 32 33 27 28 29 27 32 23 22 28 31 32 35 38 31 36 36 30 30 31 31 38 36 37 39 36 37 23 27 31 10 10 9 7 10 7 7 9 10 10 7 7 9 9 10 11 10 11 21 11 7 10 14 13 31 68 57 19 13 15 10 8 7 9 10 8 8 10 8 6 8 9 9 9 9 9 7 7 7 8 7 8 8 7 8 9 9 8 8 10 10 8 10 10 9 9 11 14 14 10 10 12 9 9 7 8 9 13 12 11 12 8 8 6 6 6 6 7 9 19 18 9 
4 4 7 9 6 6 6 6 6 5 5 7 12 17 20 18 16 13 10 9 12 14 16 20 22 24 23 21 20 24 28 30 32 36 39 41 42 34 18 7 5 8 8 6 6 6 6 5 4 7 6 6 6 8 10 9 8 6 5 5 6 5 5 10 7 6 8 7 5 6 8 12 16 17 18 18 15 15 18 12 17 9 8 6 7 6 5 6 7 7 6 6 7 8 7 7 6 7 7 8 10 11 11 12 11 13 14 11 14 16 11 9 10 8 8 8 8 10 16 23 30 37 33 33 37 31 25 24 31 30 29 29 26 26 25 19 18 20 20 20 22 18 16 19 18 16 17 18 18 22 22 24 26 21 18 14 24 28 6 6 6 7 8 7 8 8 8 10 8 5 7 7 8 11 10 11 20 12 6 9 10 9 13 15 14 8 7 6 6 7 7 9 9 6 6 9 9 7 8 13 9 6 8 7 7 7 7 7 7 8 9 7 7 8 8 7 7 8 9 8 9 9 8 7 7 8 9 8 11 14 10 9 8 9 8 17 18 18 19 7 5 5 6 5 5 7 12 19 16 6 
4 4 7 9 7 6 8 8 6 4 3 7 14 20 20 19 19 19 16 17 20 21 21 22 23 25 27 28 31 33 33 32 33 39 43 36 42 55 46 20 6 5 12 9 8 8 7 7 7 8 8 7 7 9 10 8 11 7 5 6 7 7 6 14 8 6 8 7 6 9 10 15 17 15 15 17 19 17 17 10 16 8 9 6 8 8 7 7 7 6 5 7 7 7 8 8 7 6 6 8 10 10 10 10 10 11 9 6 10 14 9 7 8 7 7 6 5 10 18 18 19 27 22 21 26 20 16 19 25 21 22 21 16 17 15 14 17 19 16 15 16 16 16 18 16 15 18 18 15 19 20 24 26 20 15 10 26 35 10 7 6 7 7 8 9 7 5 7 6 6 7 6 7 9 9 9 14 13 8 8 6 8 10 8 9 7 7 7 10 9 7 7 7 8 7 6 8 9 12 23 13 6 8 6 8 8 7 7 7 8 10 8 7 9 9 7 7 8 10 10 10 9 8 8 8 7 9 9 13 16 11 10 9 10 15 45 57 54 44 10 4 6 8 7 7 12 22 23 18 6 
6 7 7 9 12 12 10 9 9 7 6 8 11 16 21 22 22 23 24 21 19 21 24 26 27 30 29 27 33 34 35 37 38 37 38 40 39 41 55 58 27 4 8 11 7 8 9 5 6 6 7 6 6 8 8 8 8 6 7 8 6 5 7 13 13 5 6 6 7 7 8 14 17 17 18 16 16 17 14 10 19 8 7 5 6 7 7 8 8 7 7 8 8 5 5 7 6 7 8 7 9 11 8 8 10 10 8 5 9 12 7 6 7 6 6 7 7 6 15 14 12 18 17 15 19 20 15 16 19 15 23 29 19 18 20 17 18 19 18 17 16 15 14 14 13 15 20 18 16 21 21 28 26 28 23 11 14 14 5 7 8 4 4 8 11 8 6 8 7 6 6 6 7 8 9 10 18 23 24 9 7 11 14 14 8 6 8 9 9 8 8 8 6 5 7 7 6 6 21 56 47 12 4 6 9 9 9 7 7 9 9 8 8 8 8 7 7 8 10 9 7 7 7 8 9 7 8 8 9 11 8 9 8 10 19 60 76 79 67 14 3 9 8 6 7 32 54 38 20 5 
10 10 10 13 16 15 12 9 10 9 8 9 12 17 22 23 22 22 24 24 21 20 23 25 26 30 30 28 31 34 37 38 36 32 29 38 47 43 46 62 48 17 9 11 9 4 5 8 9 5 6 5 6 8 7 7 9 7 7 8 7 6 9 12 11 6 6 6 7 7 7 13 14 13 13 11 11 12 12 10 17 7 8 7 7 7 8 8 8 8 8 7 7 6 8 11 9 8 9 8 10 10 8 8 10 11 9 6 10 12 7 7 8 7 7 8 7 7 16 15 11 14 13 13 14 13 12 16 20 15 17 19 14 15 19 18 19 21 21 19 19 19 20 23 21 21 23 19 13 17 16 19 22 42 60 39 14 7 5 9 10 7 6 7 9 6 6 9 10 7 6 7 8 9 9 7 21 23 19 9 9 11 12 11 7 6 8 7 7 6 5 6 5 5 7 8 9 8 15 34 29 11 6 7 9 9 9 8 8 10 10 8 6 7 7 7 7 10 11 9 8 8 7 8 9 8 9 9 10 12 9 10 9 8 10 25 26 26 26 6 6 6 5 5 5 11 19 26 17 5 
11 11 12 14 16 15 12 9 9 9 8 9 11 16 22 24 23 22 24 26 25 23 23 23 25 28 28 27 30 33 37 40 42 41 38 36 46 46 46 61 66 48 12 8 10 7 5 8 6 5 7 6 7 9 9 9 9 8 8 9 8 8 10 12 9 8 6 7 8 9 9 13 14 12 11 9 9 10 12 12 16 7 8 7 8 9 9 9 10 9 9 8 7 7 9 14 11 9 9 10 11 10 7 9 10 9 9 7 11 12 8 7 8 8 7 9 9 9 19 17 11 11 12 13 13 12 12 16 20 17 13 12 12 13 17 16 18 20 19 17 17 16 17 19 17 17 19 16 17 21 20 19 17 26 34 25 13 10 6 8 8 7 9 9 9 7 7 11 11 8 7 7 8 9 9 7 19 16 12 8 9 10 10 9 7 8 8 8 9 8 8 9 8 7 9 9 9 6 6 12 11 7 6 6 7 8 8 8 8 9 10 8 7 8 8 7 8 12 14 12 11 11 9 9 10 9 11 11 13 16 13 14 11 11 10 14 12 12 15 8 6 4 5 5 4 4 7 20 17 7 
11 11 12 14 15 14 12 10 10 10 9 9 10 14 20 25 25 23 24 28 27 21 16 14 16 20 20 19 20 21 23 25 29 33 37 35 35 41 49 49 53 63 31 10 9 10 7 6 5 6 8 7 8 10 10 10 9 8 8 9 8 8 10 11 8 10 6 7 7 9 8 13 14 12 11 9 9 10 13 12 15 8 9 7 7 8 8 9 9 8 8 9 8 6 6 9 9 7 9 10 11 9 6 8 9 8 8 8 12 13 8 7 8 7 7 9 9 10 20 17 9 8 9 11 12 11 12 13 16 15 11 9 11 11 15 14 15 16 14 12 12 14 14 15 12 13 17 17 10 11 12 14 15 14 13 6 11 16 6 6 7 7 10 10 11 10 10 11 10 9 8 8 8 9 10 11 18 11 9 8 11 11 11 11 11 12 10 9 12 11 11 13 11 9 10 9 9 9 9 10 11 12 13 12 10 9 10 9 9 10 11 10 7 6 6 6 8 11 13 13 9 9 7 8 8 6 8 9 12 15 13 14 11 10 11 13 13 14 16 15 11 10 14 11 11 9 15 17 19 11 
11 11 12 15 15 14 13 13 12 11 10 10 10 12 19 25 27 25 25 28 29 25 17 13 17 23 23 22 22 22 22 23 25 30 36 40 31 35 41 37 37 50 59 28 9 8 8 6 8 6 8 7 8 10 9 9 8 7 8 8 8 8 10 11 9 12 7 7 7 8 7 10 12 11 11 9 9 11 12 11 13 9 11 8 7 7 7 8 8 7 7 9 9 6 5 8 8 7 9 10 11 9 6 8 8 8 10 10 12 12 10 9 9 8 8 9 9 10 18 14 7 6 8 10 11 11 11 11 13 14 12 11 13 12 14 13 14 14 12 10 11 12 12 12 10 11 15 14 9 7 7 8 10 10 9 6 10 13 6 9 11 10 12 10 11 12 11 12 10 12 13 12 11 11 12 15 19 13 12 13 15 15 16 17 16 17 13 10 14 13 12 13 12 11 13 12 12 13 11 10 11 14 14 14 14 16 16 16 15 14 15 15 13 10 9 11 15 16 17 16 11 10 10 12 11 8 11 12 14 18 18 21 16 11 13 16 19 22 23 25 25 27 29 22 28 26 32 24 32 25 
11 11 13 16 15 14 14 14 13 12 11 10 10 12 18 25 28 27 27 28 31 32 22 18 22 27 28 26 28 32 35 36 37 40 44 43 38 34 34 36 37 40 59 60 25 10 11 10 10 9 10 8 9 11 11 11 11 11 11 11 11 12 13 14 14 16 12 11 11 12 8 11 12 12 14 13 11 13 11 11 13 12 14 11 10 10 10 11 11 10 9 11 13 11 10 13 13 12 14 14 14 14 11 12 12 12 12 11 11 11 12 12 12 14 13 14 13 13 19 15 13 12 12 13 15 15 15 13 15 17 18 18 17 17 15 15 16 16 14 13 15 13 15 17 14 13 15 14 15 15 15 11 11 10 13 14 12 16 14 16 14 16 16 12 13 15 14 15 15 15 17 18 16 14 14 15 19 15 17 17 17 17 19 20 18 19 17 15 19 20 18 20 19 18 21 20 21 24 22 20 21 22 21 23 24 24 24 25 23 20 21 22 18 14 13 17 22 23 22 16 11 11 13 16 17 13 14 15 16 19 20 25 20 16 15 17 21 24 25 27 32 30 26 21 27 27 24 29 40 32 
13 13 16 19 17 16 17 17 15 13 13 12 12 14 19 26 28 28 29 29 30 29 21 17 16 14 13 13 14 18 21 23 23 26 28 28 34 35 35 39 44 43 45 71 55 27 19 17 14 16 18 14 14 16 16 16 18 19 18 18 18 19 21 20 21 20 20 18 18 18 15 16 14 14 18 18 16 18 14 14 18 17 18 18 17 17 18 18 18 17 16 15 18 19 17 21 21 20 22 19 18 21 19 17 18 18 17 17 18 20 20 17 16 19 19 20 18 17 23 18 22 22 19 17 20 21 19 19 21 20 22 22 19 22 19 18 19 18 17 17 19 20 23 26 21 19 22 20 16 17 22 19 20 18 22 17 17 27 24 20 15 19 19 14 17 21 18 17 18 18 17 17 17 16 15 14 16 14 18 16 16 17 18 18 15 17 20 19 22 23 23 27 27 25 27 25 26 26 20 18 19 18 17 20 23 24 24 25 23 20 22 22 16 14 13 15 18 20 19 13 10 11 11 14 16 14 14 14 12 13 15 20 16 15 13 15 16 17 19 21 25 24 19 17 17 18 15 22 31 23 
17 17 21 25 23 22 22 22 19 18 17 18 19 19 21 26 28 28 30 31 32 31 25 19 11 5 3 3 3 5 6 6 6 7 9 10 20 33 40 39 43 54 42 62 73 48 25 24 23 24 25 20 19 21 21 22 22 24 23 22 22 24 25 22 26 21 25 23 23 22 21 22 16 16 21 21 19 25 20 21 24 22 21 25 24 23 23 24 23 22 21 19 21 22 19 21 23 23 25 21 19 25 23 19 21 22 25 30 37 42 38 25 17 18 19 21 19 19 24 18 22 24 19 16 19 20 18 21 24 19 21 19 15 23 22 21 21 19 17 17 20 18 20 22 17 16 21 21 18 15 18 18 23 21 22 17 22 30 20 19 17 17 17 14 21 26 20 16 15 18 15 12 12 14 15 13 13 12 17 15 16 18 19 17 12 14 19 18 16 16 18 22 23 21 23 21 23 23 17 14 15 14 12 17 19 18 19 20 19 16 17 21 21 20 19 18 19 22 24 20 19 19 16 17 22 21 20 18 14 14 16 21 18 16 14 18 17 15 20 19 20 23 23 23 15 18 21 21 30 23 
20 20 24 27 27 26 25 24 22 23 24 24 22 21 23 25 29 30 30 31 33 32 29 27 19 7 1 1 1 1 1 1 2 2 2 3 9 27 44 45 43 48 48 48 61 69 45 23 21 21 22 24 22 19 21 20 22 21 19 22 20 18 23 19 21 19 20 22 21 19 21 20 15 17 21 20 19 26 18 24 21 21 19 21 22 19 17 17 17 18 20 16 19 19 12 13 15 17 20 16 14 21 16 14 16 16 24 30 31 39 39 23 16 13 14 14 12 14 18 13 15 18 16 14 13 15 16 18 17 14 16 13 10 18 19 17 17 19 18 16 18 15 16 16 15 16 20 19 18 16 18 15 17 20 18 16 21 26 18 16 17 15 13 16 19 19 17 16 16 20 16 12 12 15 14 11 12 17 23 18 14 18 26 28 19 19 18 18 18 21 23 16 14 21 22 27 33 29 23 21 17 14 18 19 18 18 17 19 15 17 19 26 33 36 30 22 22 27 30 30 28 26 20 22 27 25 23 23 22 22 22 22 18 18 18 22 22 20 25 30 28 31 32 39 31 24 37 22 33 27 
20 21 24 26 27 26 25 23 23 23 24 24 23 22 24 26 30 32 30 31 34 33 31 32 26 13 4 3 2 2 3 3 3 3 3 2 4 15 34 44 44 43 47 46 51 69 65 36 19 15 19 22 20 20 21 17 19 19 17 22 18 13 18 16 18 19 16 19 17 16 20 18 17 20 20 17 16 20 13 21 18 19 17 18 19 15 13 12 10 12 14 12 14 14 11 14 15 14 15 14 13 15 10 12 12 8 15 20 17 24 27 18 15 12 13 13 9 11 13 10 12 14 14 13 13 15 16 14 14 14 15 11 8 15 15 14 13 16 17 15 19 16 16 16 18 23 26 23 19 19 19 13 12 17 14 17 22 24 18 16 20 20 18 22 21 17 18 22 22 22 25 23 17 14 11 8 11 17 24 22 19 23 35 39 30 31 24 23 25 29 31 19 16 24 25 31 32 31 29 24 20 21 26 23 18 21 18 19 15 22 22 28 38 41 34 25 25 30 33 33 33 31 27 29 32 28 27 30 28 27 31 32 28 30 33 35 36 34 36 39 39 40 34 39 37 31 43 28 35 29 
23 23 26 28 27 26 26 27 27 26 25 26 26 27 28 28 30 31 30 32 35 35 33 34 31 21 13 11 6 6 6 6 6 6 6 7 4 9 24 40 45 46 44 49 49 57 72 60 29 20 28 31 27 30 31 21 23 26 28 36 31 23 27 20 23 26 21 22 19 20 28 23 26 30 26 24 22 24 18 22 23 20 21 22 24 20 18 17 14 15 16 16 15 16 22 30 30 23 17 19 18 12 10 19 15 4 10 14 11 17 20 16 18 19 19 14 9 8 9 10 15 16 17 16 15 15 15 17 20 24 24 15 11 19 21 16 11 13 16 17 21 15 16 18 23 30 31 26 22 21 21 16 16 21 18 23 24 22 13 12 21 27 25 29 30 28 30 31 28 28 34 30 17 11 9 8 8 12 18 21 22 26 33 34 30 32 24 22 24 25 28 25 24 21 18 20 20 21 24 22 26 29 31 33 29 36 33 29 21 30 31 37 45 48 45 39 36 40 43 41 45 50 49 53 55 49 54 56 55 61 75 71 55 58 63 63 62 61 53 44 47 45 39 39 45 40 32 27 33 33 
25 24 27 28 26 25 28 31 30 29 26 26 27 31 34 31 31 31 30 31 34 35 33 35 35 29 25 24 24 24 23 23 22 22 21 18 15 18 27 38 44 48 46 48 50 49 62 71 53 28 29 37 32 32 39 22 27 32 34 44 42 35 42 32 38 42 33 31 27 30 39 25 28 34 31 37 38 36 29 28 30 21 22 22 30 25 23 27 29 32 30 31 24 22 35 42 45 40 29 33 30 16 14 30 22 4 10 13 12 17 18 19 25 34 30 14 7 5 5 9 17 21 22 18 13 11 12 17 23 29 28 18 16 25 29 16 7 10 17 20 23 17 20 25 31 36 34 28 25 26 26 21 19 21 19 24 22 16 8 6 14 21 22 29 33 34 37 36 29 39 35 21 10 8 10 10 9 11 14 18 20 22 25 24 22 24 18 17 18 17 19 25 25 14 8 9 14 16 26 31 48 52 46 60 59 74 72 55 34 45 49 54 55 56 58 55 49 50 54 53 63 76 81 88 89 81 93 88 90 106 119 102 79 82 88 88 86 85 67 44 44 43 44 39 41 35 15 14 21 27 
27 25 27 27 24 24 29 33 33 31 27 25 26 31 36 32 31 31 30 31 33 33 33 35 37 34 31 32 37 37 36 36 36 35 35 31 32 35 37 37 39 46 48 43 49 47 48 66 70 46 31 33 30 32 39 27 31 36 37 47 48 45 53 41 47 53 42 37 30 35 49 27 25 32 34 48 55 46 38 32 37 24 26 28 35 31 29 35 38 40 37 38 29 25 36 38 42 47 40 44 39 20 17 34 25 4 9 12 12 19 17 19 26 40 34 12 4 3 3 7 14 20 21 15 8 7 9 13 17 20 18 13 14 22 30 16 8 12 23 30 34 29 34 41 45 42 34 27 27 33 33 25 19 16 16 19 19 17 12 9 12 13 24 31 35 37 43 49 47 50 27 9 5 7 10 11 12 13 14 15 15 17 19 17 17 16 13 14 14 11 11 16 14 8 7 8 13 19 35 36 54 64 54 67 74 102 99 74 44 59 66 67 60 60 66 66 56 55 59 62 76 95 104 112 110 97 101 90 98 114 114 100 93 81 88 88 89 90 67 39 37 36 38 25 18 17 7 4 8 14 
28 27 29 26 22 26 32 34 34 32 28 26 25 27 30 26 27 30 31 32 33 31 32 34 36 35 31 31 34 34 35 35 36 36 37 38 40 42 41 39 38 40 46 40 46 46 47 58 62 76 51 24 27 33 29 31 33 39 39 47 46 41 47 39 44 48 39 33 26 29 46 24 19 26 28 40 47 40 33 24 30 22 30 43 50 47 47 42 30 26 24 25 18 16 22 20 23 30 31 33 28 16 15 29 21 4 8 9 12 18 15 20 26 37 34 15 6 4 3 5 9 14 15 11 8 11 16 18 19 15 9 8 11 14 23 20 18 23 32 40 49 50 54 59 58 46 32 25 28 38 39 32 24 20 23 19 20 24 24 23 26 26 38 44 43 42 49 58 58 41 17 6 7 10 10 11 12 12 11 10 10 11 14 15 15 11 10 12 11 7 6 6 5 7 10 9 9 16 32 25 29 40 33 35 52 85 77 59 42 60 61 62 63 64 71 71 61 59 61 61 72 89 97 105 100 80 59 50 62 82 82 77 78 59 65 66 69 70 51 30 31 23 22 11 4 7 6 3 5 10 
23 23 24 20 16 23 29 28 27 25 23 22 21 21 19 19 22 28 32 34 34 31 32 34 35 34 31 30 33 34 35 37 38 39 40 39 38 39 40 42 41 39 41 41 42 45 51 52 46 87 71 22 20 23 12 23 26 31 29 33 30 24 26 30 33 36 31 28 20 22 32 18 13 17 16 17 20 23 18 9 10 11 28 57 69 69 69 50 22 12 12 10 8 8 11 10 8 9 11 12 11 8 12 26 19 3 7 9 12 19 16 31 44 50 47 40 25 13 11 13 15 17 18 18 21 27 32 32 34 22 9 9 17 15 24 37 44 47 49 50 60 68 65 66 65 52 37 29 33 41 37 30 25 20 25 19 17 21 24 28 39 46 48 51 48 45 46 43 33 16 9 9 12 13 13 13 11 9 9 8 9 11 13 16 17 11 13 13 10 8 5 5 8 13 13 10 7 11 25 21 15 20 18 16 27 44 35 32 30 45 39 41 50 54 58 58 52 50 48 41 46 56 60 67 65 44 14 9 20 45 57 48 40 34 37 39 41 40 30 19 18 7 6 4 3 5 4 3 6 12 
15 16 16 11 9 17 24 20 18 17 17 18 18 16 12 13 18 26 30 32 32 33 33 34 35 35 32 31 32 33 34 36 37 39 39 38 38 38 39 41 42 40 38 41 40 44 48 44 47 71 77 49 25 14 12 23 25 29 25 26 25 22 25 28 27 28 27 27 19 19 32 24 19 21 18 13 16 23 19 13 14 16 32 60 64 61 60 45 22 15 14 14 15 15 17 19 13 8 7 6 6 6 14 30 20 2 8 9 13 19 20 53 75 65 60 77 60 29 26 30 22 19 20 26 33 35 31 29 36 24 9 12 26 22 34 56 68 74 74 67 69 65 54 52 57 54 42 34 38 36 23 16 13 10 13 13 11 12 14 18 33 47 50 49 45 44 44 31 14 6 9 13 13 14 17 15 11 9 9 10 12 13 13 17 20 15 19 17 14 15 12 9 13 18 15 17 13 12 26 27 19 29 28 16 17 21 19 23 21 27 22 21 23 28 30 28 28 27 24 19 20 25 28 35 37 27 17 15 15 26 38 34 26 18 18 20 20 18 14 10 7 3 3 2 3 4 3 3 7 13 
16 16 17 11 9 19 26 22 20 19 19 20 22 18 10 12 17 24 29 31 32 34 34 34 34 36 34 32 32 32 33 34 35 37 37 35 39 40 38 38 39 40 39 41 39 42 41 39 54 50 69 80 44 15 18 27 27 33 26 28 29 28 32 27 22 21 23 25 19 17 31 29 26 26 20 14 18 22 22 20 22 24 32 44 38 30 30 31 23 19 19 18 20 19 18 21 14 8 7 7 6 7 15 32 19 2 6 9 13 17 22 60 79 50 43 73 64 30 31 35 13 10 11 16 20 15 10 9 17 13 4 10 27 23 26 39 49 58 62 53 46 36 26 26 34 39 35 28 31 26 14 10 9 8 10 11 11 13 12 14 23 34 37 32 28 29 30 22 10 7 12 14 10 13 17 14 8 8 9 9 11 11 9 14 18 15 20 18 15 19 17 11 10 12 16 25 21 15 22 24 19 36 35 14 11 16 19 24 18 17 15 15 13 16 17 15 15 15 16 15 16 20 24 31 34 28 28 27 18 10 12 21 23 12 13 14 14 11 8 7 7 5 4 3 2 4 4 6 8 15 
20 19 18 13 11 20 28 25 24 25 23 21 23 23 12 17 21 23 29 32 33 34 36 34 32 35 34 31 33 34 34 34 35 36 36 36 37 39 40 40 40 40 41 39 39 40 43 43 43 50 60 70 67 35 13 20 20 37 31 34 33 31 28 24 14 9 10 13 14 12 20 24 29 28 18 12 14 19 26 16 11 16 35 40 29 22 23 27 17 11 12 12 13 13 10 7 7 7 7 4 3 4 10 24 16 3 5 11 13 16 23 35 38 22 19 25 23 15 14 20 7 8 9 7 4 6 9 6 10 9 6 9 19 19 17 23 27 23 24 17 14 15 11 15 20 26 31 20 21 20 16 14 13 11 11 11 12 11 9 10 16 22 25 24 24 24 20 15 13 12 14 13 11 14 16 11 6 8 11 8 7 8 7 10 12 13 15 15 15 17 14 10 10 14 18 23 24 22 21 19 19 22 21 14 13 15 18 20 19 16 15 17 18 18 22 19 13 15 20 20 19 25 28 31 31 24 17 18 16 14 16 21 23 15 17 18 19 17 14 9 7 4 4 4 4 4 4 4 8 14 
20 20 20 14 11 17 26 26 24 24 22 20 23 22 11 19 25 26 30 30 31 33 34 32 31 33 33 30 29 30 33 34 33 34 37 35 36 38 39 40 41 41 41 43 45 45 43 42 41 55 44 63 90 64 26 17 14 28 31 31 24 23 24 24 12 6 7 10 10 8 14 17 20 19 13 9 11 15 28 20 9 16 35 24 11 12 17 20 13 11 9 8 8 7 6 6 6 8 6 4 4 4 7 17 12 3 7 11 10 14 19 16 13 9 6 6 5 4 5 13 18 14 12 10 8 11 15 11 12 12 10 12 17 16 16 19 19 14 14 11 12 9 8 13 19 25 28 19 16 18 16 17 18 16 17 13 13 11 10 12 17 20 22 21 21 21 18 12 10 10 13 14 13 16 17 12 8 9 11 10 9 8 7 10 12 13 14 13 13 17 15 12 14 17 16 19 20 21 22 20 19 18 18 19 21 20 18 19 20 19 18 19 19 21 24 23 19 21 27 28 22 26 28 22 17 16 16 18 20 22 24 23 21 19 20 21 22 21 24 21 14 14 14 13 11 9 8 6 9 14 
24 25 26 18 13 19 26 24 21 19 18 17 20 19 10 17 23 25 29 30 30 30 31 30 29 30 30 28 27 28 32 35 32 33 38 36 36 36 37 38 40 40 41 43 44 43 41 41 43 53 44 51 71 80 58 25 11 15 22 23 14 14 14 20 11 6 7 10 10 8 9 10 13 15 13 13 18 20 34 27 11 15 29 20 7 7 10 10 11 13 10 8 7 6 8 7 7 8 8 6 8 7 7 15 11 3 8 12 10 12 15 9 4 2 2 2 3 6 9 21 29 22 18 17 16 19 24 20 11 10 9 8 12 14 13 13 13 10 12 13 17 15 14 18 22 24 24 18 20 21 18 18 18 17 19 14 16 15 12 12 14 17 19 18 18 18 15 11 9 8 11 13 12 14 15 12 11 11 13 15 12 10 10 13 14 15 14 12 14 19 15 10 13 14 11 12 13 15 15 13 15 16 15 18 21 19 17 18 21 22 22 20 17 19 20 20 21 21 24 25 19 25 31 25 20 25 32 25 20 18 20 23 24 18 20 23 25 20 21 21 38 37 34 25 15 10 10 7 8 11 
20 22 23 16 11 16 22 21 18 15 14 15 18 16 8 13 17 19 26 31 33 30 30 31 31 31 30 30 31 28 31 35 33 33 38 39 39 38 38 38 40 41 41 40 39 39 40 42 46 49 51 52 49 66 72 38 13 8 13 16 11 11 10 17 11 8 10 11 10 8 7 7 10 13 13 15 23 25 31 34 26 19 22 20 15 12 11 12 17 24 22 14 9 8 11 10 7 7 8 7 7 7 6 10 8 5 9 12 9 9 9 7 4 2 4 5 7 14 16 25 36 32 32 31 27 27 29 23 9 8 8 6 9 14 8 9 12 13 17 15 18 16 15 15 15 15 16 19 27 26 19 16 15 15 18 24 29 30 28 26 24 21 16 14 14 15 14 11 10 12 16 17 14 15 19 19 15 12 14 19 18 14 16 17 17 16 14 13 14 19 17 13 15 16 13 14 17 15 10 8 12 18 17 15 16 16 16 19 21 20 19 19 20 21 18 18 22 22 21 24 20 23 30 26 21 24 25 21 18 16 13 14 18 21 18 19 23 19 16 14 20 19 14 6 2 2 4 4 4 4 
19 20 21 14 10 16 23 23 19 15 14 16 19 17 8 14 18 18 25 31 34 33 33 35 35 34 33 35 39 30 29 33 34 35 38 39 38 38 39 40 42 43 42 40 40 41 42 43 43 48 48 60 60 53 52 41 22 12 17 18 12 12 13 15 13 13 14 12 9 7 9 9 11 12 11 12 18 19 19 35 44 33 24 20 19 16 14 16 17 25 31 34 30 25 29 28 21 21 27 27 23 22 22 25 26 25 26 24 20 21 19 19 21 21 27 23 21 27 21 21 26 28 29 24 18 16 16 12 7 11 14 11 14 17 6 8 14 21 23 14 13 20 19 17 16 16 24 39 29 30 24 19 17 15 17 31 33 35 41 43 34 21 10 7 7 8 8 8 8 10 13 14 11 12 14 15 11 8 9 14 14 11 13 18 17 14 14 14 15 17 17 14 14 14 12 15 17 14 9 8 13 19 19 17 17 18 18 20 18 15 16 18 20 19 14 14 19 19 16 16 19 18 23 26 24 24 18 19 21 19 14 19 30 29 17 13 16 18 20 16 14 14 8 2 0 1 3 5 3 2 
22 22 23 16 12 18 27 27 22 17 17 21 24 21 10 18 22 22 26 29 31 31 31 34 35 33 32 36 44 35 29 30 34 36 35 27 28 29 30 32 34 35 38 41 44 44 41 38 35 42 47 53 53 55 56 48 44 38 42 29 15 11 15 15 16 19 21 19 16 16 18 18 19 19 17 17 22 22 17 25 30 34 34 24 15 12 16 15 11 15 25 33 30 24 25 27 25 26 31 31 24 21 22 24 29 30 24 15 14 22 23 23 28 30 28 19 16 22 14 14 21 22 19 12 7 6 6 6 5 11 16 19 28 33 16 12 15 21 26 22 27 20 18 12 10 8 11 23 34 39 35 30 24 18 18 16 26 34 32 27 23 21 20 17 17 18 20 21 22 20 23 27 26 26 27 26 25 20 20 25 26 22 23 23 19 16 18 20 19 18 16 12 9 8 8 10 11 10 10 11 11 12 15 20 22 20 20 20 18 18 23 23 18 17 13 13 17 19 16 15 23 19 22 26 29 38 37 34 35 30 21 22 33 31 21 15 17 19 21 15 13 15 11 4 1 2 4 8 4 3 
19 20 20 14 9 14 24 28 24 19 19 24 27 23 12 18 22 20 24 28 31 30 30 34 35 32 31 34 40 38 30 26 31 36 32 19 19 20 21 21 22 22 29 34 36 31 26 27 31 39 49 42 40 55 63 58 65 69 74 52 34 20 23 25 25 27 29 29 29 32 29 27 29 31 28 26 32 33 20 17 12 17 24 22 18 19 22 17 15 23 26 24 22 20 23 28 30 27 23 23 20 11 11 15 19 24 25 20 18 27 32 31 32 27 19 14 20 37 27 24 32 31 24 14 9 8 8 7 7 11 17 26 38 39 29 19 20 22 24 24 36 30 26 20 19 15 12 18 30 35 33 30 27 22 25 22 33 38 31 24 25 31 24 20 20 21 21 20 20 20 23 26 26 28 29 28 24 19 16 18 19 17 17 19 19 20 24 25 23 22 22 18 15 14 12 14 16 14 15 15 12 11 18 25 25 23 22 24 25 26 30 31 29 27 25 24 26 29 29 38 49 37 30 24 27 48 54 51 63 64 35 14 9 7 8 6 4 4 7 4 3 6 6 4 3 6 9 12 8 7 
24 25 26 18 11 16 24 26 22 18 18 24 26 22 11 15 16 14 20 28 34 33 33 38 39 36 34 35 34 40 32 24 28 34 31 19 19 19 18 17 16 15 21 25 24 17 14 20 32 45 43 42 53 50 41 57 68 76 86 79 75 49 45 46 39 34 33 32 33 35 32 30 32 33 29 26 30 32 17 14 8 7 9 12 21 23 18 12 19 34 27 13 11 13 17 23 23 17 14 21 22 8 6 13 16 19 30 33 26 26 28 27 26 20 11 9 21 45 32 25 34 32 25 16 11 8 8 8 12 19 27 36 38 27 25 23 30 28 19 11 15 19 19 18 26 26 18 21 17 19 18 19 22 26 35 48 36 27 28 36 36 28 33 32 32 33 31 27 26 23 23 23 23 26 30 33 29 23 20 20 22 22 20 17 17 21 26 26 23 23 24 22 21 21 18 20 22 22 24 22 17 21 33 34 31 31 29 32 33 29 26 28 32 32 32 30 28 30 33 44 57 49 42 30 39 83 96 69 75 86 60 28 18 17 24 18 11 14 30 34 25 33 33 27 26 30 35 37 30 31 
24 28 24 18 14 16 28 28 23 19 19 23 26 23 11 15 19 14 21 22 31 33 29 30 34 36 36 34 30 37 35 28 24 29 33 24 27 31 32 31 27 25 28 33 31 23 19 24 35 43 44 46 49 49 48 50 53 54 60 69 77 80 87 80 66 54 46 38 36 39 37 39 42 36 22 14 12 12 7 5 6 7 9 10 11 18 18 15 19 24 18 8 6 10 15 18 19 19 18 22 24 14 10 15 14 15 23 23 25 25 23 22 13 11 6 9 28 35 24 18 27 24 19 14 16 10 12 10 14 26 28 28 25 21 19 21 27 30 20 14 21 14 11 11 19 33 18 15 17 24 19 14 18 23 25 33 39 27 28 30 27 25 27 16 16 20 23 16 17 17 26 28 25 31 35 36 39 35 30 32 38 41 40 38 41 46 50 51 47 41 44 46 45 46 46 45 43 47 49 43 53 55 49 60 60 59 58 56 65 60 59 66 60 59 58 51 42 44 47 45 45 41 53 58 56 71 77 72 74 73 60 48 46 47 60 54 46 47 44 63 51 50 49 38 48 60 66 59 57 52 
22 25 19 14 10 13 25 26 22 19 20 23 24 22 13 17 22 18 25 24 32 34 30 30 34 36 36 36 34 36 38 33 25 27 36 29 32 36 38 38 37 36 39 42 41 36 33 36 43 47 48 49 50 50 49 48 48 48 51 57 59 62 69 74 80 82 83 82 71 55 47 41 32 22 12 8 9 6 5 5 6 11 15 10 7 12 12 14 13 12 11 9 9 11 16 19 21 24 24 20 18 19 16 10 8 10 19 26 28 23 22 26 14 9 5 8 37 54 32 15 24 20 15 16 21 12 13 11 16 32 33 27 18 16 18 20 25 28 20 15 25 19 18 15 20 29 18 15 21 22 21 26 36 34 27 40 49 27 20 18 14 12 14 7 7 10 12 9 12 28 61 81 72 74 79 82 82 76 68 71 78 81 78 77 78 81 85 84 81 77 83 83 78 83 83 79 77 79 80 77 90 87 72 77 78 81 76 78 79 78 75 78 62 55 59 58 48 48 52 55 57 49 52 53 54 68 72 70 72 70 59 53 52 53 67 63 53 50 40 55 56 56 57 46 54 60 59 56 57 53 
24 26 21 15 10 15 27 25 21 19 20 23 24 21 13 18 25 21 28 26 30 31 31 31 33 34 33 34 35 31 35 33 23 24 35 33 34 36 37 39 41 42 40 41 42 42 42 42 42 45 46 47 47 47 46 45 50 51 53 53 50 49 53 61 67 67 69 83 86 67 51 39 26 17 11 9 11 11 11 10 6 6 10 9 9 11 10 15 10 6 7 10 9 9 15 19 20 22 27 22 17 22 19 9 6 10 20 28 28 21 24 29 17 10 6 10 49 75 39 13 19 16 11 16 20 10 11 12 20 33 36 40 35 31 35 30 33 44 39 30 34 25 32 30 36 35 23 11 18 18 20 35 56 55 37 36 47 25 15 13 12 11 8 5 7 9 10 8 15 34 75 92 74 74 84 91 93 87 81 84 90 92 88 82 77 80 87 86 81 80 84 78 74 84 88 82 83 86 90 88 94 87 74 74 72 75 70 81 71 78 74 74 58 47 54 61 52 49 53 56 63 55 52 52 55 65 68 68 69 66 58 53 53 54 67 65 55 53 43 53 51 52 55 47 54 57 53 55 59 58 
20 21 19 13 9 15 27 26 21 19 21 24 25 21 13 17 24 21 28 26 25 27 30 31 29 30 30 29 32 27 29 29 23 23 32 34 34 35 36 37 40 41 41 41 42 44 45 44 42 45 46 47 48 49 50 50 50 51 54 54 49 46 49 57 53 42 41 59 76 72 74 65 52 42 29 20 17 12 10 13 13 9 9 10 12 11 8 14 12 6 7 8 6 7 12 17 15 16 20 19 16 15 13 10 9 11 18 22 20 18 25 23 13 12 7 12 45 58 27 8 11 11 9 18 25 15 16 15 22 23 23 42 52 50 60 57 64 76 71 61 72 64 64 49 53 52 51 28 18 21 21 25 41 45 27 26 39 20 11 11 13 13 6 6 10 13 13 10 15 43 86 98 77 82 95 98 92 88 83 87 93 96 94 84 77 83 97 95 85 85 86 77 76 95 103 95 95 96 102 98 94 87 83 86 81 81 75 94 74 85 79 74 62 52 57 65 61 56 55 59 67 65 63 65 61 63 70 71 71 66 59 56 57 60 69 68 59 60 52 61 60 57 60 53 61 64 62 58 62 61 
16 18 18 14 7 13 25 26 20 18 20 24 25 20 11 16 22 19 24 24 21 24 26 23 20 24 28 28 30 28 27 27 28 29 31 35 36 37 39 40 41 42 41 42 43 43 43 43 43 45 45 46 48 50 51 52 49 49 52 53 49 47 50 54 46 39 40 49 59 62 72 71 69 67 58 45 38 27 11 7 9 8 7 6 11 11 7 13 17 14 13 9 6 6 10 13 11 11 12 14 14 9 8 12 14 13 14 15 13 15 25 18 11 14 9 15 34 30 14 6 10 13 11 20 25 19 19 14 16 12 10 25 36 40 46 52 57 59 52 54 81 72 75 61 62 58 66 42 18 18 20 21 29 34 25 33 50 27 14 12 13 11 7 7 11 15 16 12 16 34 80 107 94 96 101 95 98 96 92 94 100 104 105 92 84 89 100 97 88 90 92 83 83 104 112 98 91 93 105 102 95 90 91 95 90 89 83 102 80 86 79 71 67 65 63 65 68 63 59 64 72 72 66 64 65 65 70 73 72 66 60 58 59 59 65 69 61 60 51 52 57 55 60 53 59 60 58 56 57 53 
21 20 24 19 9 15 25 24 18 16 19 22 23 18 10 15 20 16 19 22 19 21 19 12 9 15 26 29 30 31 28 28 34 37 34 36 38 42 45 47 48 48 48 50 50 48 46 49 52 54 54 54 54 55 56 57 59 58 60 61 59 57 59 58 53 53 57 56 54 58 59 58 61 67 69 69 70 71 39 10 4 5 6 5 6 6 3 8 16 18 15 12 10 8 10 11 10 10 10 12 13 10 7 8 10 9 8 10 9 10 18 13 9 11 9 14 22 11 7 7 10 14 11 14 16 15 13 9 8 7 9 14 17 29 26 25 24 24 21 25 43 43 58 69 68 53 54 38 11 7 12 21 25 29 27 35 50 27 15 12 10 9 9 7 9 11 14 12 17 30 79 122 108 98 95 95 94 91 86 86 89 92 93 91 89 90 91 89 88 94 95 87 85 97 99 83 69 71 87 89 88 85 83 83 78 78 74 83 77 78 77 66 58 62 59 57 61 58 52 51 58 61 50 45 59 66 59 65 63 57 53 51 50 43 51 62 58 58 45 36 36 40 52 50 53 52 50 57 55 48 
22 19 24 21 10 16 23 21 16 16 19 22 21 16 10 14 17 13 14 19 16 18 14 6 4 12 26 30 30 30 28 29 35 40 38 39 42 47 51 54 56 57 63 66 67 65 64 67 72 77 76 75 75 75 77 77 80 74 74 78 78 76 76 77 77 77 77 74 73 76 80 75 71 74 75 79 86 84 61 39 29 25 28 24 22 21 16 23 33 37 36 30 28 25 20 20 21 21 20 19 19 17 12 8 8 8 6 9 10 9 14 11 10 10 8 12 15 6 5 6 8 11 9 9 10 15 10 6 5 8 12 13 11 26 22 13 8 11 13 11 14 18 28 41 38 28 29 27 9 2 8 17 19 19 17 19 27 14 9 8 7 7 8 5 5 6 8 8 13 25 61 92 83 73 69 75 72 70 69 69 70 69 68 62 64 66 63 63 70 75 76 72 68 69 67 56 42 40 51 55 59 58 53 52 49 49 46 45 56 54 62 57 49 51 55 56 55 56 53 41 42 52 45 40 61 69 51 59 59 54 51 50 47 35 43 62 64 67 54 37 30 40 61 64 68 66 67 74 68 60 
20 15 20 19 9 16 21 19 16 17 21 22 19 14 9 13 15 9 10 17 15 18 14 6 5 15 29 31 31 30 30 32 35 39 44 48 50 53 57 60 62 64 66 69 71 72 73 75 78 83 82 82 82 84 86 88 92 82 80 86 90 89 87 87 93 89 82 87 95 93 96 93 90 90 86 85 89 68 51 55 70 72 69 62 67 67 55 65 66 63 68 64 65 66 56 54 57 55 51 50 49 46 41 36 36 34 26 30 32 29 32 24 24 25 22 22 26 16 13 13 14 16 14 10 11 21 11 9 9 7 9 10 7 16 15 10 8 13 14 11 12 20 12 17 15 19 22 29 24 16 19 19 20 21 12 7 11 4 4 5 6 7 8 6 5 4 5 5 9 13 28 43 49 52 47 45 47 49 52 55 55 52 49 35 39 49 49 54 63 64 67 71 66 59 61 58 44 39 48 49 56 57 54 58 59 57 51 36 61 53 70 70 55 52 68 79 68 71 81 63 50 70 78 72 83 80 61 73 75 70 68 69 66 54 59 79 82 91 81 60 47 60 86 86 87 87 94 98 91 82 
15 11 17 18 8 13 17 14 13 15 18 20 17 13 9 11 12 8 9 15 16 20 20 18 18 24 32 32 32 31 33 35 35 38 44 46 48 50 50 53 56 58 52 55 60 62 62 63 67 67 70 72 72 73 76 78 83 71 66 72 81 84 84 81 86 83 79 84 91 88 86 89 91 89 86 85 85 57 32 48 77 91 90 83 89 90 82 88 85 81 85 87 90 91 86 87 90 86 81 82 83 81 78 76 77 74 62 63 67 65 66 62 62 59 59 60 60 51 51 51 49 52 49 42 40 47 42 36 36 31 25 26 22 24 20 19 22 24 22 17 23 39 25 22 21 29 32 40 42 36 38 30 32 33 21 13 18 9 10 10 9 8 8 7 9 7 5 8 11 8 12 24 56 72 56 57 63 64 74 79 72 67 62 41 53 69 60 80 79 75 82 90 82 78 85 86 72 60 68 71 78 87 84 86 89 87 76 50 92 70 86 94 79 77 92 98 84 87 103 85 61 87 102 99 104 88 72 87 94 86 88 84 83 71 73 94 93 98 99 76 59 72 94 94 96 94 102 102 100 94 
10 8 13 13 8 10 12 9 10 11 13 14 13 11 10 10 10 9 10 13 16 18 23 28 31 32 32 32 32 33 35 35 34 35 37 36 37 37 37 39 42 43 44 46 48 46 42 42 47 51 55 59 60 60 61 63 63 52 43 46 56 65 69 70 71 72 73 73 73 74 70 75 78 74 75 79 78 61 39 57 69 79 83 78 78 78 79 81 82 83 84 86 87 85 87 91 91 88 84 85 89 89 87 86 88 88 82 79 83 84 82 86 88 84 88 90 86 82 85 86 80 84 82 77 75 80 84 73 68 73 72 71 60 61 57 60 60 56 58 58 58 61 48 35 33 39 36 39 39 38 43 36 38 36 27 25 31 26 28 35 25 19 17 18 18 15 15 20 22 20 16 28 75 94 77 82 90 92 98 101 99 95 91 64 68 89 75 94 91 92 94 103 91 89 98 99 87 70 75 81 85 99 97 95 97 97 86 54 101 75 81 90 87 94 103 102 93 98 105 87 67 93 100 96 104 87 71 86 98 92 99 90 88 70 72 95 95 94 100 76 58 72 94 100 105 96 100 99 103 99 
10 8 8 8 9 11 12 10 11 11 12 11 10 10 10 11 11 10 9 11 12 10 15 20 22 22 24 26 26 29 32 33 32 33 33 33 32 32 33 35 35 34 38 34 30 26 21 20 24 35 38 42 44 44 45 46 45 36 29 29 35 43 49 51 52 55 57 57 56 55 51 56 59 59 63 70 73 68 66 73 74 72 70 69 70 70 71 73 74 74 74 76 76 75 76 79 79 76 74 75 78 78 76 76 77 79 78 76 79 79 77 78 81 81 83 84 81 79 80 80 77 79 80 78 79 83 86 74 60 70 75 78 69 71 80 83 74 69 76 87 86 76 81 61 53 57 52 55 45 45 55 48 48 50 48 38 42 48 53 74 60 59 51 61 53 51 53 51 52 53 41 50 81 85 83 76 84 95 95 91 96 96 95 79 65 91 91 86 93 99 95 105 92 89 94 94 86 74 80 82 84 96 95 96 98 98 91 56 90 83 82 71 71 85 101 103 98 105 107 82 74 100 100 90 99 88 71 85 97 94 101 94 91 68 69 92 94 95 95 70 56 72 96 102 106 94 95 97 100 95 
13 12 9 9 12 13 12 12 13 13 12 12 11 11 11 12 12 11 10 11 10 9 9 8 6 5 7 11 13 16 19 21 23 24 25 26 25 27 29 29 26 23 18 15 12 10 8 9 13 20 23 26 28 28 28 28 29 26 23 22 25 29 32 30 31 33 35 35 34 33 34 37 39 41 46 54 60 60 74 59 64 61 58 61 61 61 61 63 63 63 64 64 65 65 67 69 70 69 68 69 72 73 73 72 73 74 72 71 73 73 70 69 70 71 71 71 71 72 72 71 71 71 71 71 73 73 69 50 38 29 20 32 43 40 48 40 39 40 37 43 58 71 97 67 52 54 67 90 83 59 65 58 57 65 70 52 58 73 74 84 76 82 75 93 88 91 87 77 82 81 75 82 94 83 85 78 78 86 104 98 83 90 88 84 79 92 96 94 91 92 92 102 92 92 95 96 91 81 88 87 86 96 96 97 99 98 97 66 88 98 95 68 67 83 96 95 89 94 95 72 62 80 82 78 86 77 62 75 83 76 76 75 77 59 57 71 70 72 69 54 49 58 72 74 78 70 72 68 69 64 
13 14 13 12 13 12 11 12 13 14 13 12 13 13 13 13 12 11 11 11 12 11 9 6 4 2 2 2 2 3 4 4 5 6 7 9 10 12 14 13 11 11 11 10 9 9 9 11 14 14 15 17 18 18 18 17 18 19 20 20 19 20 20 21 22 23 23 23 24 24 23 24 26 28 32 39 45 46 54 26 46 53 49 52 52 51 50 49 50 52 53 52 51 53 55 57 58 58 57 57 59 61 62 63 63 64 64 65 66 65 63 61 61 65 65 64 65 69 69 67 67 64 65 67 70 69 62 50 47 21 3 22 49 32 13 20 38 42 36 15 20 54 61 23 16 12 35 73 67 24 26 29 28 31 37 40 49 74 68 48 44 39 45 48 61 76 58 53 64 59 69 64 74 79 77 71 67 58 75 84 81 95 82 73 86 86 84 97 86 86 92 98 90 94 96 94 91 83 91 90 87 96 94 94 97 93 99 82 91 103 106 78 75 88 92 84 76 78 81 69 50 51 53 53 53 44 35 43 45 39 35 39 45 39 36 41 37 39 37 35 37 36 39 35 38 36 41 41 41 38 
11 11 13 13 11 10 10 11 12 13 12 12 13 13 13 13 12 12 12 13 13 13 12 11 10 8 5 3 3 2 2 1 1 1 1 1 1 2 2 2 3 6 9 9 10 11 11 11 13 13 13 14 15 15 14 13 13 14 15 14 14 13 14 15 15 14 14 14 15 16 16 17 18 20 24 29 36 41 34 9 35 48 42 43 43 43 42 42 43 45 47 44 43 45 47 47 48 49 48 47 48 49 51 51 50 50 51 53 55 54 54 52 52 58 59 56 57 63 63 59 57 55 56 60 63 61 58 58 55 22 5 33 67 44 6 25 54 56 55 15 9 43 29 11 24 12 18 52 12 9 29 25 6 11 45 16 8 27 21 19 36 40 37 12 25 44 24 26 33 32 38 16 28 49 36 30 37 36 25 42 78 74 51 39 51 69 84 78 81 88 85 86 80 87 91 87 85 80 89 89 86 93 90 88 93 89 95 93 91 90 99 89 94 103 101 91 87 91 95 90 75 69 63 56 52 49 45 40 37 35 32 32 32 28 28 31 28 31 27 31 34 30 30 26 28 27 31 33 33 31 
12 11 13 14 12 13 14 13 13 12 12 12 12 13 13 13 13 12 13 13 14 14 13 13 14 13 10 8 8 7 5 4 3 4 4 3 2 2 1 1 2 5 6 7 9 11 11 10 11 13 13 13 14 14 13 12 13 12 11 10 10 11 12 12 11 9 9 9 10 11 13 13 14 17 19 23 29 34 21 4 25 34 32 31 33 33 34 36 36 37 38 38 38 40 41 40 41 42 44 45 45 45 47 47 46 45 47 51 52 53 56 55 53 55 57 52 50 55 57 55 56 54 53 54 55 52 52 58 40 14 8 34 53 49 11 13 23 23 23 6 7 9 7 25 50 21 5 26 5 12 43 30 4 15 75 16 3 16 9 29 63 83 71 12 9 16 7 20 35 25 22 3 9 17 6 11 26 46 25 35 64 29 14 11 10 44 101 67 73 72 60 60 57 70 81 83 84 78 84 83 80 87 82 81 87 85 88 93 87 77 85 88 92 99 97 94 98 105 104 100 108 108 100 90 89 94 85 67 55 53 42 35 28 28 28 29 27 32 25 30 30 28 30 28 30 27 29 30 29 28 
15 14 15 15 15 16 16 14 13 13 13 13 12 12 13 13 13 13 13 12 12 13 12 11 11 12 12 11 11 10 9 8 7 8 8 9 6 5 3 2 3 5 7 7 8 10 11 11 12 13 12 11 12 13 13 12 12 11 10 10 11 11 11 13 13 12 11 11 11 11 12 11 11 13 14 16 19 25 14 3 13 11 11 10 11 12 14 17 18 17 15 15 17 19 20 21 21 23 26 27 27 28 31 33 32 32 36 40 41 43 49 49 46 47 50 43 37 41 43 43 50 50 51 52 52 49 52 60 41 19 21 40 41 51 25 10 9 13 10 10 15 6 15 49 55 28 6 13 12 4 11 8 2 9 22 6 9 20 12 15 30 30 20 9 19 36 19 19 21 22 13 2 8 11 3 14 29 48 37 36 35 11 11 11 3 16 81 64 59 46 44 47 41 53 70 76 80 70 69 66 60 66 65 66 70 69 70 75 77 73 78 79 74 77 75 76 83 87 82 81 94 96 99 97 100 110 112 107 99 92 70 66 61 46 34 25 23 29 21 25 24 23 26 26 29 25 26 28 28 28 
15 15 15 14 15 13 13 14 12 13 14 14 14 13 13 13 14 14 13 11 10 11 14 16 16 15 13 13 14 14 14 13 12 12 11 6 5 5 5 3 2 3 6 6 6 7 7 8 10 11 10 9 10 11 11 11 10 10 10 11 11 10 9 12 12 12 11 10 10 9 11 10 10 11 10 10 13 19 12 3 7 1 1 0 0 1 2 3 3 2 1 1 1 2 3 3 4 5 5 5 5 7 9 11 11 9 9 11 12 13 18 18 17 21 23 18 13 14 15 16 22 25 29 33 37 39 40 42 45 32 39 47 31 40 30 25 22 32 30 38 27 20 33 55 33 47 21 24 32 13 14 7 3 8 8 9 31 29 19 7 14 11 7 16 37 61 43 42 49 45 15 3 13 15 5 10 20 12 13 15 7 10 19 26 10 3 38 58 44 34 47 51 39 45 58 63 67 55 50 45 39 42 43 46 48 47 49 53 64 72 72 78 79 81 78 76 82 80 76 80 78 70 75 78 71 63 53 80 96 92 73 92 113 90 60 35 27 36 26 31 31 30 32 31 35 32 34 34 33 34 
16 16 16 16 15 15 16 16 17 18 19 20 20 20 19 20 20 21 22 22 23 24 24 25 25 26 27 28 28 25 25 27 29 27 23 14 10 6 3 2 2 2 3 2 2 2 2 3 6 7 8 8 7 7 7 8 8 8 7 7 8 8 8 9 8 8 8 8 9 9 8 9 9 9 9 8 8 13 7 7 10 0 1 1 1 1 2 4 4 3 1 1 0 1 1 2 2 2 1 1 1 1 2 3 2 1 0 1 2 3 3 2 2 1 2 5 5 3 2 4 5 3 2 3 5 6 8 9 7 7 7 8 7 5 7 7 10 13 16 23 27 26 21 20 26 23 25 26 43 31 25 14 10 22 32 42 47 48 43 34 28 26 28 41 42 46 47 50 42 47 24 15 30 38 23 11 10 12 18 11 8 26 39 49 30 5 26 37 29 52 58 61 46 24 47 49 54 48 37 30 22 17 17 21 23 25 29 38 49 58 59 61 63 68 76 72 74 77 74 74 67 70 75 77 72 25 16 45 53 57 61 38 58 75 72 50 32 32 35 33 30 34 36 36 35 38 40 38 37 38 
29 29 29 29 28 27 28 28 29 29 30 30 31 31 32 32 33 33 34 34 34 32 33 33 34 34 35 36 38 35 35 37 39 37 34 31 28 22 16 10 6 3 2 1 1 0 1 2 4 6 7 7 7 6 6 6 6 6 6 6 7 7 7 7 6 6 6 5 5 5 5 6 7 7 8 7 7 10 7 8 12 2 2 2 1 1 2 3 3 2 1 0 0 0 1 2 3 3 2 1 1 2 4 4 3 2 1 2 3 3 3 2 1 1 1 3 5 3 3 4 4 2 1 1 2 5 8 5 3 1 1 4 6 3 2 3 3 2 3 6 6 6 4 3 4 3 5 7 8 7 7 5 4 9 14 9 11 14 15 16 19 22 26 33 26 25 27 34 34 38 31 28 33 37 36 34 30 30 42 38 29 44 45 49 45 19 36 35 30 50 46 46 42 28 52 51 52 52 49 44 36 28 26 27 34 42 45 50 55 58 59 58 56 56 59 54 57 63 61 64 63 66 66 68 70 34 21 16 11 13 32 29 15 30 40 45 42 43 41 37 49 41 35 34 37 39 40 41 40 40 
38 38 39 38 37 36 36 36 36 36 36 36 36 35 34 34 34 34 34 34 33 33 33 33 33 33 33 32 30 28 27 29 30 29 28 35 34 33 31 24 16 10 8 5 3 1 1 1 2 4 5 6 6 6 5 5 6 5 5 5 6 6 6 6 6 6 6 5 5 5 5 5 6 7 7 7 7 8 8 11 16 9 8 8 11 11 12 13 12 10 8 7 6 6 6 7 8 8 5 3 3 4 5 6 5 3 2 3 4 5 4 2 2 2 2 4 5 4 3 3 3 2 1 0 1 5 9 4 2 0 0 3 5 2 3 4 3 1 2 4 3 2 1 0 0 0 1 2 1 2 1 1 1 2 4 3 2 2 1 1 2 3 2 3 2 2 2 4 3 4 6 6 5 5 8 12 17 12 10 8 8 14 16 20 25 19 20 21 24 31 25 27 28 21 35 33 33 38 42 42 41 40 39 39 38 37 40 43 45 48 51 52 50 53 58 56 62 71 64 59 64 65 59 60 66 52 54 24 9 3 18 52 20 9 19 33 43 44 39 35 32 35 39 42 42 41 39 42 42 42 
34 34 35 34 33 33 32 32 32 32 32 31 31 31 29 29 29 28 28 28 28 30 29 29 29 28 27 29 32 31 31 32 33 32 30 28 26 26 29 29 27 23 22 19 14 10 6 3 2 3 4 4 5 5 5 5 7 6 6 6 6 5 5 5 5 6 6 6 6 6 5 5 6 5 5 5 5 6 8 11 14 13 12 13 12 11 11 11 12 12 11 13 14 13 13 13 13 13 15 17 16 17 19 19 17 15 15 16 17 17 15 13 12 11 9 9 8 6 4 5 7 7 7 5 5 8 11 7 6 4 3 6 6 2 2 3 3 2 2 4 4 3 2 1 1 1 2 3 2 3 1 1 1 1 3 4 3 1 1 1 2 3 1 2 1 1 2 2 2 1 1 1 1 1 1 2 3 2 2 2 2 3 4 3 3 2 2 5 9 6 6 9 8 5 7 7 7 7 7 8 10 11 12 12 13 15 17 19 20 23 26 29 30 34 42 42 48 54 50 52 59 59 58 64 72 68 80 72 62 37 35 66 26 5 6 10 16 21 28 39 38 44 45 39 35 39 46 41 42 43 
30 30 30 30 29 28 28 28 28 28 28 28 29 30 31 31 30 30 29 29 29 30 30 29 28 28 27 26 26 25 25 26 26 26 26 30 26 24 26 29 30 28 25 25 25 22 18 14 10 5 5 4 4 4 3 3 5 4 4 4 5 5 4 4 4 4 5 5 5 4 4 4 4 4 4 4 3 4 6 7 8 9 8 9 12 12 11 11 13 14 15 13 13 14 15 17 18 17 17 17 17 18 19 19 18 18 19 18 18 19 19 18 20 23 20 18 14 12 12 14 16 17 20 19 17 17 19 16 15 18 16 12 10 7 9 7 9 11 10 12 13 9 8 6 5 4 6 7 5 6 3 3 3 4 7 5 3 2 1 1 2 4 3 3 1 0 1 2 3 4 2 2 2 1 1 2 2 1 1 1 1 2 3 5 2 1 1 5 8 3 2 4 3 1 1 1 1 1 1 1 1 2 2 2 2 2 3 3 3 3 4 5 5 6 7 8 10 13 15 21 24 24 28 37 38 41 58 66 80 86 78 91 55 16 9 5 4 4 7 14 19 27 38 43 45 47 49 43 44 44 
29 30 30 29 28 28 28 28 28 29 29 29 29 29 29 29 29 28 27 27 27 28 27 27 26 25 24 25 29 29 28 29 29 29 28 28 25 24 25 27 27 25 23 24 24 25 26 25 22 15 13 10 8 6 4 4 3 2 2 3 3 3 3 3 3 3 3 3 3 3 3 3 3 3 4 4 4 3 4 5 4 6 4 5 7 6 6 6 7 8 8 9 10 11 13 13 13 13 14 15 15 16 18 19 19 20 21 20 20 21 23 23 22 22 22 21 18 19 23 26 25 24 26 27 25 24 26 24 24 30 27 19 17 18 16 11 17 21 18 19 20 19 20 17 17 14 16 15 14 15 13 12 12 12 14 18 15 11 8 8 9 11 10 9 5 5 4 6 6 6 4 4 3 2 2 5 7 4 2 1 1 2 5 6 3 1 1 3 4 2 2 3 3 3 1 1 0 1 1 1 1 1 1 1 1 1 1 1 1 1 1 1 1 1 1 1 3 7 8 7 7 6 8 12 9 10 16 18 23 36 41 56 68 69 56 43 27 12 4 3 5 7 14 25 37 41 40 45 45 44 
34 35 35 35 34 33 33 34 33 33 32 32 32 31 28 28 28 28 27 27 28 29 28 28 27 26 26 25 24 25 25 24 24 24 25 25 25 25 26 27 27 26 27 27 26 26 29 30 27 29 27 23 20 17 14 12 7 5 5 4 4 3 3 3 3 3 3 3 3 3 3 3 3 3 4 4 4 4 3 5 4 5 4 4 5 5 4 4 5 5 6 6 6 7 7 7 6 6 7 8 8 9 10 11 11 11 12 12 12 14 15 15 14 14 15 16 17 18 21 22 20 19 19 20 20 21 23 23 22 25 23 19 21 22 25 21 26 28 26 27 26 23 24 22 24 21 23 20 20 20 22 20 17 18 18 17 16 15 15 16 17 18 17 19 17 19 17 15 14 14 14 13 12 10 11 15 12 13 12 10 9 9 10 10 8 6 6 7 8 8 6 5 4 5 2 3 2 2 2 2 1 2 2 2 2 1 1 1 1 1 1 1 1 1 1 1 3 6 8 7 6 4 5 7 2 2 2 2 4 6 8 12 18 23 28 42 56 63 61 54 20 11 6 7 12 18 23 43 42 42 
43 44 44 43 43 42 42 42 42 40 39 38 37 37 37 37 37 37 37 37 37 37 37 36 35 35 34 33 31 32 32 31 31 31 32 30 31 31 30 30 31 31 33 34 32 32 35 35 30 36 35 34 35 33 30 26 23 20 15 11 8 6 4 3 3 3 3 3 3 4 3 3 3 3 3 3 3 4 3 6 4 5 4 4 4 4 4 4 5 6 6 6 6 6 6 6 6 7 7 7 7 8 8 8 8 8 8 8 10 11 11 10 9 10 10 11 12 13 12 11 11 11 12 12 12 14 16 15 15 15 13 14 17 15 17 16 18 17 16 19 17 16 16 15 17 17 19 15 15 14 18 15 13 17 17 20 20 21 21 21 20 19 18 20 17 20 18 19 20 18 21 19 17 20 20 16 14 18 16 13 14 15 17 17 18 14 15 16 16 17 17 16 10 13 8 13 13 14 13 12 12 12 12 11 10 10 8 8 8 8 7 6 5 5 5 4 5 7 6 6 5 3 5 7 2 2 2 2 2 1 2 2 2 3 6 11 18 25 31 34 45 40 27 14 8 8 11 38 38 39 
46 46 46 46 47 47 46 44 44 43 43 43 43 44 45 45 46 46 45 45 44 44 44 43 42 42 42 41 39 39 39 39 39 39 39 39 39 39 38 37 38 40 40 40 40 39 40 39 38 41 41 42 41 40 39 39 41 38 34 30 26 23 19 11 8 6 5 4 4 3 3 2 2 3 3 4 4 4 4 6 5 5 5 5 4 5 5 5 5 6 6 6 6 7 7 7 6 6 7 7 8 8 8 8 8 8 7 8 8 9 9 9 9 9 9 9 10 11 10 10 10 11 11 10 10 11 12 12 12 11 10 12 12 10 10 11 11 10 11 11 10 9 11 12 13 12 13 13 12 11 11 10 10 11 10 12 12 13 13 14 13 13 13 13 13 14 13 14 13 13 15 15 15 17 18 17 15 17 17 16 17 17 18 16 17 18 17 14 16 21 22 18 13 13 13 16 17 17 17 15 15 15 15 15 14 14 13 12 13 14 15 14 14 14 14 12 12 12 12 12 12 11 11 12 10 10 11 11 10 9 8 7 8 10 9 8 8 7 9 11 22 24 24 24 21 15 10 34 35 36 
47 47 47 47 48 49 49 49 47 46 45 45 45 45 46 47 48 48 47 46 46 45 44 43 42 42 43 43 43 43 43 43 43 43 43 42 43 42 41 41 42 43 42 42 42 42 41 41 41 41 42 43 41 40 40 41 45 44 43 43 42 40 37 33 27 21 16 12 8 6 5 4 3 3 3 3 3 3 4 5 5 5 5 5 5 6 6 5 6 7 6 6 7 8 9 8 8 8 7 7 8 9 9 9 10 9 9 8 8 8 8 8 8 9 9 9 10 10 10 10 10 10 10 11 11 12 12 12 12 11 11 13 12 10 11 12 12 12 13 12 10 11 11 11 11 10 10 11 12 11 9 8 8 8 8 9 9 9 10 10 10 10 8 9 9 9 9 9 8 8 8 9 9 10 11 13 11 10 11 11 11 11 11 10 12 15 12 9 10 15 16 13 10 9 11 14 14 16 16 16 15 15 15 15 16 15 15 14 15 16 18 18 17 17 17 16 15 16 16 17 17 17 16 17 16 16 15 16 16 17 17 17 19 23 24 26 29 29 32 36 34 35 37 41 43 37 29 33 36 34 
48 48 48 48 49 50 51 52 50 48 46 45 45 45 45 46 47 47 46 46 45 45 44 43 43 42 43 44 45 45 45 45 45 45 45 42 43 43 42 41 42 44 42 42 41 41 41 42 42 41 42 42 41 39 40 40 41 41 41 42 42 41 39 40 38 35 32 29 25 22 17 13 9 7 5 4 3 3 3 3 3 3 4 5 5 6 8 7 8 10 11 12 14 16 18 17 17 17 15 14 15 15 13 12 12 11 10 10 9 9 9 9 9 10 10 11 12 12 13 13 12 12 14 17 18 17 17 20 20 18 17 18 16 14 15 16 15 14 15 14 11 13 13 13 12 11 11 12 13 11 9 8 7 8 8 7 7 7 8 8 7 7 7 7 7 7 7 7 6 6 7 7 8 8 9 10 8 8 8 8 8 8 8 7 8 9 8 5 5 7 8 7 6 6 8 10 11 11 12 11 11 10 11 11 11 11 11 10 11 12 13 13 13 13 13 13 13 13 14 15 15 15 15 16 16 16 14 15 16 18 19 20 21 23 25 30 35 39 46 54 56 57 60 65 71 67 56 27 33 35 
49 48 48 48 49 49 49 48 47 46 45 45 45 45 44 45 45 45 45 44 44 45 44 43 43 43 43 44 44 44 44 44 44 44 43 42 42 42 41 41 42 43 41 41 41 41 41 42 42 42 42 43 41 40 40 41 43 41 40 40 40 38 36 37 38 39 40 40 37 34 33 30 25 21 18 15 12 9 6 4 3 3 3 5 7 9 10 11 12 15 17 19 21 23 24 24 23 23 23 24 25 26 25 24 24 24 22 22 22 20 18 16 15 16 17 19 20 21 21 22 23 23 26 29 30 29 27 29 29 27 27 30 31 29 29 30 28 27 27 25 21 24 26 27 25 22 19 17 16 13 11 10 9 7 6 6 6 6 6 6 7 7 6 6 6 7 7 6 6 6 6 7 7 7 7 8 8 8 7 7 7 7 7 7 7 7 6 4 4 4 5 5 4 5 6 7 8 8 8 8 7 7 7 7 7 7 7 7 7 8 8 8 8 9 9 8 8 9 9 10 10 10 10 11 11 11 11 11 12 13 13 14 14 15 16 19 23 26 31 38 42 46 53 62 71 71 61 16 29 39 
48 47 47 47 47 48 46 42 42 43 43 45 46 45 43 43 43 43 43 43 43 42 41 40 40 40 40 41 41 41 41 41 41 41 41 41 41 41 40 39 40 42 40 40 40 41 41 41 41 42 43 43 42 40 40 41 44 42 41 41 41 40 39 37 38 39 39 39 37 36 37 36 36 36 34 32 28 26 21 13 8 6 7 8 10 11 11 12 14 17 18 18 18 18 18 18 18 20 20 20 23 24 25 25 26 28 30 30 31 31 31 32 30 29 30 32 34 35 36 37 38 40 41 42 41 43 43 41 42 40 40 46 51 51 53 54 54 54 56 55 50 51 55 59 59 54 46 41 31 21 16 15 13 9 6 5 5 5 6 6 7 7 5 5 5 6 6 6 5 5 5 5 5 5 5 5 6 6 6 5 5 6 6 6 6 6 5 5 4 4 4 5 5 5 6 6 6 7 7 7 7 7 7 7 7 7 6 6 6 7 8 7 6 7 7 6 6 7 7 7 7 7 7 6 6 6 7 7 7 7 8 8 9 9 9 11 12 13 15 19 21 23 27 34 42 44 40 11 25 37 
46 46 45 45 45 45 44 42 42 42 43 44 45 44 42 42 41 41 42 42 41 39 39 38 38 38 38 38 39 39 39 39 39 39 39 39 40 40 39 38 39 41 40 40 40 40 40 40 40 40 41 41 40 39 38 40 39 38 37 38 39 40 39 36 37 37 37 37 38 40 35 35 38 40 40 37 33 33 28 19 13 10 10 11 12 11 10 11 13 15 16 16 16 16 16 16 18 21 24 26 27 27 26 25 25 25 25 24 25 28 34 40 42 41 43 45 47 49 51 53 55 60 61 58 57 65 71 75 76 73 71 76 83 85 90 95 96 100 107 108 102 98 102 107 111 109 103 98 62 39 25 21 16 11 7 5 4 4 4 4 5 5 4 4 4 4 4 4 4 4 4 5 4 4 4 4 5 5 5 5 5 5 5 5 5 5 5 5 5 4 4 5 5 5 6 5 5 6 6 6 6 6 6 6 6 6 6 6 6 6 7 7 7 7 7 6 6 6 7 6 6 6 6 5 5 5 5 5 5 6 6 7 8 7 7 8 9 9 10 12 12 12 12 14 18 20 19 9 18 24 
45 45 44 44 44 44 45 45 44 43 43 43 43 42 41 40 39 39 40 40 41 41 40 40 39 39 39 39 40 40 40 40 40 40 39 39 40 40 38 38 39 40 40 40 39 38 38 37 37 37 38 39 38 36 36 37 39 37 36 37 38 38 38 36 37 38 37 37 39 42 37 36 37 38 36 32 28 25 21 17 14 14 15 15 15 13 12 14 15 17 21 28 32 34 35 37 40 45 48 50 53 53 52 51 52 50 44 39 34 32 35 39 46 55 56 58 62 67 72 76 82 90 94 91 92 102 112 116 122 122 121 126 132 133 140 144 143 144 149 148 139 139 134 130 128 124 118 111 70 42 24 18 13 8 6 4 4 3 3 3 3 3 3 3 3 3 3 4 4 4 4 4 4 3 3 4 4 4 4 4 4 4 4 4 4 4 4 4 5 4 4 4 4 5 5 5 5 5 4 5 5 5 5 5 5 5 5 5 5 5 5 6 6 6 6 6 6 6 6 6 6 6 5 5 5 5 5 5 5 5 5 6 6 6 6 7 7 6 6 7 7 9 10 10 11 10 8 5 11 14 
45 44 43 43 43 43 45 46 45 44 43 42 42 41 40 39 38 38 39 40 41 42 42 41 41 41 41 41 40 40 40 40 40 40 40 40 40 40 39 38 39 41 40 39 38 37 36 35 35 37 38 38 37 36 36 37 43 41 40 40 41 41 41 39 40 41 38 36 36 38 39 39 38 38 38 35 32 32 30 29 30 32 33 32 28 26 26 25 21 22 30 46 56 60 64 67 69 72 72 73 78 82 84 86 89 90 88 85 81 75 69 64 68 78 79 83 88 100 109 115 121 130 137 139 140 147 149 142 153 155 150 148 146 141 142 139 130 121 117 109 98 99 91 81 72 62 52 45 31 18 11 8 5 3 3 3 3 3 2 2 3 3 2 2 2 2 3 3 3 3 3 3 3 2 2 3 3 3 3 3 3 3 3 3 3 4 4 4 4 4 4 4 4 4 4 4 4 4 4 4 4 5 5 4 4 4 4 4 4 5 5 4 5 5 5 5 5 5 5 5 5 5 5 4 4 5 5 5 4 4 4 4 5 5 5 6 6 5 5 5 6 7 8 8 8 7 5 3 9 16 
45 45 44 44 44 45 45 44 44 43 42 43 43 42 41 40 39 38 39 40 41 42 41 41 40 40 40 40 41 41 41 41 41 41 41 41 40 39 38 39 39 40 39 38 38 38 37 35 34 39 40 40 39 37 36 37 40 39 39 40 42 44 44 39 40 42 42 42 42 44 44 43 43 44 47 49 48 55 58 59 60 60 58 56 52 50 50 46 39 38 44 60 73 81 86 87 87 89 93 98 104 108 110 111 112 115 119 127 132 128 125 121 115 113 111 114 119 127 135 139 139 142 142 148 152 145 146 135 136 128 113 99 86 76 69 63 53 43 35 28 22 17 16 15 14 11 8 6 4 4 4 4 3 2 2 3 3 2 2 2 2 3 2 2 2 2 2 2 2 3 3 3 2 2 3 3 3 2 2 3 3 3 3 3 3 3 3 3 4 4 4 3 4 4 3 3 4 3 3 3 3 4 4 4 3 3 3 3 3 3 4 4 4 4 4 5 5 5 5 5 5 4 4 4 4 4 4 4 4 4 4 4 4 3 4 5 5 4 4 5 5 5 5 4 5 5 4 3 14 28 
46 46 46 46 47 48 46 43 43 43 43 44 45 45 43 42 41 41 42 43 44 44 43 43 42 41 41 41 41 41 41 41 41 41 41 42 38 36 37 38 35 32 32 32 33 34 34 33 32 40 42 44 44 41 40 41 46 46 46 47 50 53 54 54 55 58 61 64 66 67 74 73 70 72 76 78 77 81 87 92 92 87 82 79 85 86 82 81 83 83 80 89 102 113 116 114 112 116 116 116 119 121 123 123 123 125 126 128 126 114 121 126 119 115 108 106 104 97 93 95 93 82 67 74 84 64 71 57 47 39 37 36 32 28 24 22 21 19 18 18 18 18 18 18 19 18 16 15 14 14 14 13 12 11 10 11 10 8 8 7 7 7 6 6 6 6 5 5 4 5 4 3 3 3 4 4 4 3 2 2 3 2 2 2 2 2 2 2 2 2 2 2 2 3 3 3 3 2 2 3 3 3 3 3 4 4 3 3 3 4 4 4 4 4 4 4 4 4 4 4 5 4 3 4 4 3 4 4 4 5 3 3 3 3 4 5 4 4 5 4 4 3 4 4 5 5 5 8 22 40 
45 45 45 45 46 47 47 45 44 44 44 44 45 45 44 43 42 42 43 44 45 44 43 43 42 41 41 40 41 41 41 41 41 41 41 41 39 39 38 33 25 19 17 17 15 14 15 17 20 33 35 41 47 54 60 65 72 73 74 76 80 84 87 89 92 97 103 109 113 115 118 119 120 121 123 122 120 121 124 130 133 132 124 114 114 112 108 107 111 113 113 112 113 116 115 107 103 103 103 98 90 80 74 71 70 66 58 53 51 45 38 32 25 24 25 21 17 17 17 14 9 4 4 16 32 18 14 7 10 16 22 27 26 25 27 27 28 29 29 30 31 34 33 33 34 35 34 34 33 33 33 32 31 29 28 27 26 25 24 24 22 21 19 19 19 18 18 17 17 17 16 13 12 12 13 13 12 9 7 8 8 7 8 7 6 6 5 5 4 4 4 4 4 4 3 3 3 3 3 4 3 2 2 2 3 3 3 2 2 3 3 3 3 3 3 3 3 4 3 3 3 2 2 3 3 3 4 4 3 4 3 3 3 3 4 4 3 3 4 4 5 4 6 9 10 10 13 17 26 36 
45 44 44 44 45 46 46 46 45 45 45 45 45 45 43 42 41 41 42 43 43 42 41 41 40 40 39 39 39 39 39 39 39 39 39 39 40 41 42 39 32 26 17 15 10 6 5 6 8 19 22 32 47 67 85 97 103 103 102 102 102 103 104 109 111 112 114 115 116 115 104 103 105 102 97 92 90 85 83 84 89 89 81 70 55 46 39 33 30 28 27 23 19 18 16 15 14 13 12 9 8 6 6 6 7 8 7 5 5 6 7 7 6 5 7 5 8 15 10 3 1 6 11 18 26 17 15 13 20 32 42 45 43 40 39 39 40 40 40 40 40 38 37 36 38 40 41 41 36 36 37 37 37 37 36 36 36 37 40 41 41 39 36 35 36 36 37 38 39 41 39 34 32 32 34 34 31 26 23 25 26 24 25 22 21 21 19 17 17 16 16 16 15 13 12 10 10 9 9 9 7 5 5 6 6 5 5 5 5 5 5 5 5 5 4 4 3 3 3 3 3 3 3 3 3 2 3 5 4 5 4 4 2 4 6 7 6 6 7 5 5 8 16 24 25 25 27 31 31 32 
45 45 44 44 45 45 46 46 45 44 43 43 43 43 41 41 40 39 40 41 41 40 40 40 39 39 39 39 39 39 39 39 39 39 39 43 42 42 45 47 47 47 49 43 34 25 22 23 28 31 31 34 42 52 60 64 58 57 56 54 53 52 51 51 51 49 47 45 43 41 40 42 44 41 38 37 38 38 38 38 38 36 32 28 26 24 19 14 10 7 6 6 6 5 4 4 4 3 4 4 5 5 4 4 4 3 4 8 10 12 11 7 4 2 3 4 15 35 17 2 3 16 21 13 9 8 13 24 31 38 39 36 32 31 37 37 37 37 35 32 31 32 32 32 34 36 36 36 35 36 37 39 40 41 42 36 36 37 39 42 43 43 43 42 41 41 41 43 44 43 40 37 36 38 40 40 39 34 33 37 38 37 38 35 34 35 33 32 32 32 35 36 34 31 28 26 25 24 23 20 16 14 14 18 20 19 19 18 18 18 18 18 17 16 15 15 11 6 4 5 4 4 4 4 3 2 6 11 12 14 12 10 5 5 6 5 5 6 7 7 8 17 30 39 41 40 38 38 34 32 
45 45 44 44 45 45 45 44 43 41 41 41 41 41 41 41 40 40 41 41 41 41 41 41 40 40 40 40 41 41 41 41 41 41 42 48 46 44 44 45 47 48 42 40 38 39 41 43 45 48 43 39 38 39 39 37 38 39 40 40 40 41 41 39 39 39 39 39 38 37 32 32 33 33 33 35 39 38 38 39 37 35 34 34 37 38 38 35 32 29 26 26 24 22 20 20 19 18 17 17 17 12 5 3 3 2 8 26 35 33 20 6 2 1 1 1 10 28 12 1 1 3 4 5 17 28 34 37 39 39 36 33 34 36 35 36 37 37 37 35 35 38 39 40 42 43 41 39 41 42 42 43 44 45 46 43 40 37 36 37 37 37 43 41 38 35 33 33 33 32 30 29 30 31 33 33 33 32 31 33 34 34 34 31 30 31 31 30 31 31 31 31 31 32 33 33 33 34 31 25 21 21 25 29 32 34 33 33 32 32 32 33 33 31 32 33 25 12 7 6 6 7 7 6 4 4 14 26 30 31 26 23 16 14 12 7 5 6 7 13 18 32 37 32 35 41 38 35 34 34 
45 44 43 43 43 44 43 41 41 40 40 40 40 42 43 43 43 43 43 43 43 44 44 43 43 43 43 43 44 44 44 44 44 44 44 45 45 45 45 43 42 41 39 38 39 42 44 43 41 41 39 38 39 41 43 44 36 35 35 35 34 33 33 35 36 36 36 36 36 35 34 33 31 29 27 27 29 29 30 32 30 29 31 34 31 30 35 39 41 42 43 38 34 35 36 36 36 36 34 34 34 21 6 4 6 6 11 24 19 14 7 2 1 1 1 0 2 7 4 1 2 0 0 2 19 33 31 37 37 35 33 34 40 45 45 44 44 44 44 43 43 41 42 44 46 45 43 40 37 36 35 34 33 33 33 39 36 33 33 33 34 35 34 34 33 32 32 32 32 36 35 34 34 35 35 34 34 33 33 32 31 31 30 30 30 31 30 29 29 30 28 27 27 28 29 30 30 32 30 24 21 24 29 32 32 30 30 30 30 29 29 30 30 28 32 35 28 15 9 10 10 12 13 11 7 8 23 33 34 34 29 31 28 29 28 22 20 15 10 17 25 38 39 31 33 36 33 29 32 34 
42 41 41 41 40 41 41 39 39 39 39 40 41 42 44 44 45 45 44 44 44 44 44 44 44 44 44 43 42 42 42 42 42 42 42 39 41 44 44 43 42 41 48 48 45 42 39 37 36 44 43 41 39 37 37 39 43 43 42 40 37 35 33 37 38 37 36 35 33 32 26 22 19 16 13 11 9 10 11 11 11 12 12 13 14 16 19 21 22 23 24 25 28 31 32 29 26 25 22 25 31 20 5 4 11 18 22 18 8 5 1 0 1 1 0 0 0 1 1 0 0 1 1 2 22 45 43 41 40 39 38 39 43 45 41 40 38 36 34 33 33 34 34 34 36 37 36 34 36 35 33 32 31 31 31 31 30 29 31 32 34 34 29 29 30 32 34 35 36 35 33 32 32 32 31 30 29 29 29 28 27 26 25 27 28 29 28 27 27 28 30 31 31 31 30 30 29 30 29 27 26 28 30 31 31 31 32 32 33 32 32 32 31 31 33 36 33 26 22 21 19 20 22 18 13 15 28 30 27 29 26 27 27 27 30 31 36 23 11 20 31 32 34 35 34 31 30 29 31 32 
41 40 39 39 39 39 39 39 39 39 39 40 41 42 43 43 44 44 43 43 42 42 42 42 42 42 42 41 39 39 39 39 39 39 39 39 39 39 38 37 38 39 36 38 38 35 34 37 41 36 38 38 36 35 36 38 36 37 38 38 37 36 35 34 35 36 36 36 35 35 34 32 29 26 24 20 17 11 9 8 9 10 9 8 8 8 9 9 9 10 11 12 13 14 12 7 4 3 4 9 17 11 1 1 4 7 8 8 11 18 6 1 1 0 0 0 1 0 1 1 1 1 1 1 15 40 40 40 41 42 42 41 39 38 37 35 34 33 33 34 34 31 30 30 31 33 34 34 34 34 33 33 33 35 36 36 35 34 35 34 32 31 32 32 33 33 32 31 30 32 31 31 31 32 31 30 28 29 30 29 28 28 28 28 29 31 31 30 30 32 30 28 29 29 30 30 31 30 30 32 33 32 30 30 30 29 30 30 31 31 31 31 31 31 31 31 31 32 34 32 26 25 26 21 16 19 37 32 29 35 30 29 28 30 28 26 35 26 17 41 50 29 24 28 26 25 31 31 30 29 
27 27 26 26 25 25 25 26 27 27 27 27 26 27 29 29 30 31 32 34 33 32 32 33 34 35 35 35 36 35 34 33 34 35 35 34 34 34 34 34 34 34 34 34 34 34 35 35 36 36 36 36 35 35 35 35 38 37 36 35 34 34 34 38 37 36 34 33 33 32 33 33 34 34 32 28 25 19 16 13 10 9 9 9 8 7 7 7 7 7 6 6 7 6 3 1 0 0 1 3 5 3 1 0 1 1 2 9 28 28 6 1 0 0 1 1 0 0 1 0 1 1 1 2 12 34 38 33 33 34 34 33 31 30 32 32 32 32 32 32 32 32 31 31 33 34 34 33 35 35 35 36 35 35 35 35 34 32 31 31 32 33 35 34 32 31 30 30 30 28 29 29 30 30 29 27 27 28 28 28 29 29 29 31 31 30 29 29 29 30 29 29 29 29 29 30 30 30 30 30 30 29 29 29 28 28 28 28 29 29 31 30 29 29 28 28 28 28 28 28 27 25 22 15 11 17 28 33 30 31 32 30 30 28 32 29 29 24 19 56 60 33 28 31 30 30 29 29 30 30 
15 15 14 14 13 13 13 13 13 13 13 13 13 13 13 13 13 13 14 14 14 13 13 14 15 15 15 15 14 14 14 15 16 17 18 21 21 21 21 21 21 21 22 23 23 24 24 25 25 28 28 29 29 29 29 29 30 30 29 29 29 30 31 28 27 27 27 27 27 27 23 23 23 23 22 20 18 21 19 15 11 9 7 7 7 6 6 6 5 5 4 4 4 3 1 0 0 0 0 1 2 1 1 1 1 1 1 4 16 21 7 1 0 0 0 0 1 3 2 0 1 1 1 3 15 27 26 28 28 29 30 31 32 32 31 31 31 31 31 31 31 29 28 28 30 31 32 31 31 31 32 32 32 32 32 30 30 28 27 27 28 29 30 30 28 26 25 25 24 24 24 26 26 26 25 25 24 24 24 24 24 24 24 26 27 26 26 26 27 27 27 27 27 27 27 27 28 27 27 27 27 27 26 26 26 27 26 26 26 27 27 27 26 26 26 26 26 26 25 27 29 27 21 11 9 16 28 32 28 28 30 28 28 31 32 31 30 18 12 45 62 33 26 29 29 30 28 29 29 29 
16 16 16 16 15 15 15 14 14 14 13 14 14 13 12 11 10 10 10 10 10 9 9 9 10 10 9 9 8 8 9 9 9 9 9 10 10 10 10 10 11 11 12 12 12 12 13 13 13 14 15 15 15 15 15 14 14 14 14 15 15 15 16 17 19 19 20 20 20 19 17 17 17 17 16 15 15 14 13 10 7 5 4 4 4 4 4 4 4 4 4 3 2 1 1 0 0 1 0 0 1 0 0 1 1 1 1 2 6 10 6 2 1 1 0 0 3 6 3 1 1 1 2 7 17 21 19 23 23 22 22 23 25 25 25 25 25 25 24 24 24 25 25 25 27 28 29 28 25 26 27 27 27 27 27 25 25 23 23 23 23 24 24 23 22 21 20 19 18 18 19 20 21 21 20 20 21 22 22 22 22 22 22 21 20 21 22 23 23 23 23 23 23 22 22 23 23 23 24 24 24 24 24 24 25 25 25 24 24 24 25 25 25 25 25 25 25 25 25 26 27 21 13 6 6 14 26 29 25 25 27 24 25 28 26 29 28 15 10 44 60 32 25 27 27 28 26 28 29 29 
31 30 30 29 29 29 29 28 28 27 27 28 28 27 25 24 23 21 21 20 20 19 19 18 18 17 16 16 17 17 16 16 15 15 15 17 17 18 18 18 18 18 14 14 14 14 14 14 14 12 13 13 12 12 11 10 10 9 9 9 9 9 10 9 9 10 10 9 9 8 8 7 7 7 6 6 6 6 6 5 4 3 3 2 3 3 3 3 2 3 3 3 2 1 1 0 0 1 1 1 1 1 1 1 1 1 1 1 2 3 2 1 1 1 1 1 2 3 2 1 2 3 5 8 12 15 17 20 19 18 18 19 20 21 22 22 22 22 22 21 21 21 20 20 22 23 23 23 21 21 22 22 23 23 23 22 21 20 20 20 20 21 18 18 18 18 17 16 15 15 15 16 17 17 17 17 17 17 17 17 17 17 17 17 17 19 20 21 21 21 21 20 20 19 19 19 20 21 22 22 22 22 23 23 23 24 23 23 23 23 24 24 25 25 25 25 26 26 26 26 18 10 5 2 3 11 22 28 26 25 26 24 25 25 22 25 23 14 11 41 52 32 28 28 27 28 28 29 30 29 
37 37 37 37 36 36 36 37 36 35 34 35 37 37 35 34 33 32 31 31 31 30 30 29 28 27 26 25 25 26 27 27 27 28 27 27 27 27 27 27 27 27 31 30 30 28 28 27 26 25 25 23 22 19 17 16 16 16 14 13 13 12 12 13 14 14 14 12 11 10 7 6 6 5 5 5 5 3 3 3 3 3 3 3 2 2 2 2 2 1 2 2 2 2 1 0 0 0 1 1 1 1 1 1 1 1 1 1 1 1 1 1 1 1 1 1 1 1 1 1 1 2 3 4 4 6 9 10 10 11 12 13 14 14 16 16 15 15 14 14 14 14 13 13 14 15 16 15 15 16 16 17 17 17 16 17 16 16 16 16 16 16 14 14 15 15 14 14 13 13 13 14 15 15 15 15 14 14 14 14 14 14 13 14 16 17 19 20 20 20 19 19 18 18 18 18 18 19 19 20 20 20 21 21 21 20 20 20 21 22 23 23 24 24 24 24 24 25 26 23 10 3 1 1 2 6 17 27 27 25 25 24 27 25 24 25 18 11 7 22 37 30 31 30 26 28 29 29 30 29 
37 37 37 37 37 37 37 37 36 36 35 36 37 38 38 37 36 35 35 35 35 34 35 35 34 34 33 32 31 31 31 32 32 33 33 33 33 33 32 32 32 32 33 32 31 29 28 27 26 26 25 23 21 19 17 16 14 13 12 11 10 9 9 10 10 10 10 10 9 8 6 5 5 4 4 4 4 3 3 3 3 2 2 2 2 2 3 3 2 3 3 3 4 4 3 1 1 1 1 1 1 1 1 1 1 1 2 3 3 3 3 3 3 3 3 3 3 3 3 3 3 2 3 3 3 4 5 5 5 6 7 8 8 8 9 9 9 8 8 7 7 9 9 9 9 10 10 9 10 10 10 10 10 10 10 11 10 10 10 10 10 10 9 9 10 10 10 10 9 10 10 10 11 11 11 11 11 11 11 12 12 12 12 12 12 13 14 14 15 15 14 14 14 14 14 15 15 15 16 16 16 16 16 16 16 15 15 16 17 18 19 20 21 20 20 20 20 20 21 17 5 1 1 1 1 3 11 20 22 20 19 19 23 21 23 24 15 8 3 7 19 19 25 25 21 23 24 23 23 22 
39 39 39 39 39 39 39 38 38 38 38 38 38 38 39 38 36 35 35 35 35 34 34 34 34 33 32 31 30 29 28 27 27 26 26 25 24 24 23 22 22 21 20 20 19 18 17 16 16 16 15 14 13 12 11 11 9 8 8 7 6 6 6 6 6 6 6 6 6 6 6 6 5 5 5 5 5 6 6 5 5 5 5 5 6 7 9 10 10 10 11 10 9 9 8 6 5 6 6 7 8 8 7 7 7 8 9 10 10 11 13 12 11 11 11 11 12 12 12 13 13 12 11 13 14 14 12 11 12 12 12 11 11 11 11 11 10 10 9 9 9 10 10 9 10 10 9 9 8 8 8 8 8 8 8 8 8 8 8 8 8 7 8 8 7 7 7 7 7 7 7 7 7 7 7 8 7 7 7 8 8 8 8 8 8 8 8 9 9 9 9 10 10 10 10 11 11 12 12 12 12 12 12 12 12 12 12 12 13 14 15 16 16 16 16 15 15 15 14 11 3 1 1 1 1 2 7 13 14 13 13 13 15 15 15 18 13 6 2 2 7 9 15 17 16 17 17 15 16 15 
39 39 39 39 39 39 39 38 39 40 40 39 38 38 37 35 34 32 31 31 31 29 29 28 26 24 22 22 21 20 19 19 18 19 19 17 16 15 15 14 13 13 13 13 13 13 12 12 12 13 12 11 11 12 13 13 14 13 13 13 13 14 14 13 13 13 14 14 15 15 14 15 15 16 17 17 17 16 16 16 16 17 18 19 22 26 29 28 24 22 22 22 21 19 17 17 18 18 19 19 20 20 19 18 18 19 21 22 22 20 20 22 22 21 21 21 20 20 21 21 21 23 22 22 24 24 22 21 21 20 19 19 20 20 19 19 18 17 16 15 15 17 16 16 15 15 15 14 13 13 13 13 12 12 12 11 11 11 11 11 11 10 10 10 9 8 8 8 8 7 7 7 7 7 7 7 6 6 7 7 8 8 8 8 7 7 7 7 7 7 7 7 7 8 8 9 9 10 10 10 9 9 9 9 10 10 10 10 11 11 12 13 14 13 13 12 11 11 10 7 3 1 1 1 1 3 7 11 10 10 11 10 11 12 8 12 10 4 1 1 3 4 9 13 14 16 14 12 13 13 
39 38 39 40 39 39 39 39 40 41 41 39 39 37 35 34 32 30 29 30 30 28 27 25 23 22 20 20 22 21 20 20 20 22 22 21 21 20 20 20 19 19 21 22 22 22 21 21 21 24 23 23 23 23 24 25 27 25 25 28 29 27 27 28 28 27 28 28 29 30 28 27 28 29 30 29 28 28 29 29 31 33 35 36 37 38 38 35 30 28 27 28 27 26 26 27 27 25 26 26 26 26 26 25 24 25 27 29 28 26 24 25 26 25 25 25 24 23 24 24 24 26 25 24 25 26 26 25 25 23 22 23 23 22 23 22 22 21 21 19 19 21 22 21 20 18 20 21 19 20 19 18 18 18 18 17 17 17 18 18 16 15 15 15 14 13 12 11 11 11 11 11 11 11 12 13 13 12 13 14 14 14 14 13 12 11 11 11 11 11 12 12 12 11 11 11 12 11 11 10 10 10 10 10 10 10 10 10 10 10 11 12 12 12 12 12 12 12 11 9 6 4 4 4 4 6 12 13 11 11 11 10 11 12 8 11 10 3 1 1 2 2 6 11 13 13 12 12 12 12 
40 39 41 42 40 39 40 40 42 42 41 39 39 39 38 37 35 33 33 35 37 36 34 33 32 31 31 32 33 33 32 32 32 33 33 30 31 31 31 31 31 31 34 34 34 34 33 33 32 33 33 32 32 32 33 33 34 32 33 36 35 34 36 35 35 34 34 34 34 34 34 33 31 32 33 32 30 35 38 40 41 41 40 38 36 35 33 31 30 29 29 29 28 27 28 29 29 28 27 27 27 27 26 26 26 26 28 29 29 27 26 27 28 28 27 27 28 29 28 28 27 27 26 26 26 27 27 27 26 23 22 23 24 22 24 23 23 23 24 23 21 21 22 21 24 23 28 25 21 23 23 20 21 22 22 22 22 21 21 21 20 18 18 18 18 18 17 16 16 16 16 16 17 18 19 20 20 18 19 20 20 18 19 19 19 19 18 18 18 17 18 17 17 18 17 16 16 15 14 13 13 12 12 13 13 12 12 10 10 10 11 12 11 11 12 13 14 14 15 14 12 10 10 10 10 12 16 16 15 14 12 11 10 12 9 11 9 3 2 3 2 2 5 9 9 9 9 10 10 10 
40 39 42 42 40 40 41 41 43 43 41 40 41 41 40 39 38 37 37 40 42 40 39 38 37 37 38 38 37 38 38 39 38 37 36 35 35 35 35 36 36 36 38 38 37 36 36 36 36 34 34 33 33 33 34 34 35 35 36 36 33 33 38 36 36 35 35 33 32 31 34 33 30 31 33 34 34 41 45 46 45 42 37 33 30 29 30 32 33 33 33 30 29 29 29 29 29 30 29 29 29 29 28 28 28 28 29 31 30 27 26 28 30 30 29 28 29 30 30 29 27 27 27 27 27 27 27 27 26 23 22 22 24 26 24 24 25 26 27 26 25 22 23 22 30 35 40 32 23 25 24 23 23 25 25 26 25 24 23 22 22 21 19 19 20 20 20 20 20 21 21 21 21 21 21 21 23 22 22 23 22 19 19 22 22 22 21 21 21 20 20 19 19 21 22 21 19 18 18 17 17 16 16 17 17 15 14 12 11 12 12 12 12 12 13 14 16 16 17 17 16 15 16 16 16 15 14 15 15 14 12 10 10 11 9 9 6 2 6 8 5 4 7 10 9 9 9 9 9 8 
42 41 43 42 40 41 43 42 43 43 41 40 41 41 40 40 39 38 39 42 42 38 37 36 36 36 36 35 34 34 36 36 35 34 33 35 34 34 34 35 36 36 35 35 34 35 35 35 36 36 36 35 35 36 37 37 40 38 36 37 36 35 36 35 36 36 36 35 33 31 34 33 33 34 37 40 42 46 46 44 40 37 34 31 29 28 31 33 34 34 34 32 32 33 33 30 29 29 29 30 29 29 29 29 28 29 31 32 31 28 26 28 28 27 25 24 25 26 26 25 25 26 26 26 26 26 25 25 24 24 24 23 24 28 25 24 25 26 27 26 25 25 28 25 30 35 43 37 23 25 25 24 25 26 27 26 26 26 25 23 23 23 22 21 22 23 23 23 22 23 23 24 24 24 23 23 25 24 24 25 24 22 22 23 23 22 22 22 21 21 22 22 21 21 22 22 21 20 21 20 20 19 19 20 18 16 15 14 14 15 16 16 15 14 15 16 17 17 17 17 16 17 17 17 16 14 13 13 14 14 14 14 13 10 12 11 8 5 12 16 13 9 12 14 13 13 13 11 10 9 
44 43 45 44 42 44 43 40 41 40 39 39 39 40 40 40 40 38 39 41 42 41 40 40 39 38 39 38 37 37 38 37 37 37 37 38 38 37 37 38 39 39 37 37 37 37 38 38 39 36 36 36 36 37 37 38 37 34 33 35 38 37 34 32 33 35 35 35 33 31 33 34 36 39 42 44 46 43 40 35 32 30 31 32 32 32 33 33 33 33 32 34 35 34 31 28 28 31 32 30 30 30 29 29 29 30 32 32 32 31 29 28 27 28 26 26 26 27 27 27 28 29 30 30 30 29 28 27 26 27 28 26 25 27 26 25 25 25 26 24 23 24 29 25 22 21 29 31 24 25 25 25 25 27 28 26 27 28 27 24 23 22 25 26 26 25 25 24 23 23 24 25 25 26 25 24 25 23 24 26 25 23 24 25 26 25 24 24 24 23 22 23 23 21 20 22 23 22 22 21 21 21 21 21 20 20 18 17 18 19 19 20 19 19 19 20 20 19 19 18 17 17 18 17 16 16 18 18 17 17 19 21 21 15 19 20 16 13 21 20 21 15 16 16 14 14 14 13 13 13 
44 44 45 43 41 45 45 42 43 44 42 41 41 41 40 41 39 38 38 39 40 41 41 41 41 41 41 41 41 40 39 39 39 40 41 40 40 40 40 39 40 40 40 40 40 39 39 38 38 36 35 35 36 36 37 38 30 31 33 33 34 34 33 34 35 36 36 36 34 33 36 40 45 47 47 46 45 41 37 35 33 32 33 34 37 38 36 34 33 33 33 33 32 30 27 26 29 35 34 32 31 31 31 30 30 31 32 31 32 34 33 30 28 29 28 28 28 29 29 29 29 30 31 31 31 30 30 31 29 28 28 26 26 27 29 28 28 29 29 28 26 26 30 26 23 17 21 23 27 27 28 28 28 29 31 30 30 30 29 28 28 27 28 29 29 28 27 27 26 26 27 27 28 28 27 26 26 25 25 27 26 25 25 26 26 26 25 25 24 24 22 23 25 22 21 23 23 23 24 24 24 24 23 23 24 26 23 23 23 23 22 23 24 24 24 25 25 25 24 23 22 22 23 24 24 23 24 24 24 24 26 27 27 25 27 26 23 19 25 19 19 14 15 14 12 13 13 16 17 19 
42 42 43 40 38 43 44 40 43 44 42 40 39 39 40 41 40 38 38 39 40 37 38 39 39 39 39 39 39 38 37 36 37 38 39 39 39 39 39 37 36 36 42 42 42 41 39 37 35 37 37 37 37 38 39 40 32 38 39 35 32 34 36 36 36 36 36 35 34 33 37 43 49 50 46 41 38 35 35 36 36 35 34 32 35 36 34 32 31 31 31 29 28 30 31 31 31 32 32 32 31 31 31 30 30 30 29 29 30 32 33 31 29 28 27 27 29 29 28 27 29 29 29 30 29 29 29 30 32 29 26 27 29 29 29 28 28 29 30 29 28 32 31 29 29 20 20 22 28 27 28 29 27 28 31 30 29 28 29 32 33 32 29 29 29 30 30 30 29 30 31 30 30 29 28 28 29 28 28 30 29 27 27 27 27 26 25 25 25 24 23 25 26 23 23 25 24 23 24 24 24 24 23 23 24 25 24 24 26 26 24 24 25 24 25 26 27 27 26 26 25 25 27 29 29 28 26 26 26 27 27 27 27 30 26 23 20 17 22 16 16 14 17 18 18 21 21 24 25 26 
45 45 46 42 41 46 45 39 42 44 43 40 39 40 44 46 46 45 45 47 47 45 45 44 43 41 39 39 39 39 39 39 39 39 39 40 40 41 40 38 35 34 40 41 42 42 40 38 36 35 35 35 36 37 38 39 37 38 36 36 42 48 47 43 42 42 42 42 42 42 41 46 53 53 49 43 39 40 42 42 43 43 42 41 42 42 41 40 38 37 36 38 38 36 34 33 30 27 28 30 30 29 29 28 28 28 28 29 27 25 25 28 29 28 29 30 31 30 29 28 30 29 29 29 29 29 28 29 44 47 41 44 49 47 43 42 42 42 42 40 39 43 39 37 35 21 23 37 43 41 42 43 41 40 45 44 42 41 44 44 37 30 27 27 28 29 29 29 29 30 29 28 28 28 28 28 28 27 27 29 29 27 28 29 29 28 27 27 27 26 27 27 24 22 30 42 43 39 38 39 39 39 38 36 37 37 36 38 40 39 34 35 40 39 39 40 41 40 39 38 38 38 39 41 40 40 39 34 29 25 23 24 24 25 20 18 18 15 20 17 20 19 23 24 25 29 28 28 29 29 
61 61 61 58 57 60 59 60 67 68 67 63 61 60 60 62 63 63 63 66 66 61 58 50 44 39 35 34 34 35 36 37 36 35 33 32 33 34 34 31 28 25 25 27 30 32 31 30 28 30 30 30 30 31 32 33 32 26 22 34 63 76 68 71 72 73 74 76 77 78 68 70 78 79 75 65 62 75 78 76 74 75 78 80 77 76 76 75 73 70 67 71 63 43 28 24 25 27 27 26 26 26 25 25 25 25 26 27 24 18 17 22 25 23 23 25 26 25 23 23 23 22 22 21 22 21 21 33 70 86 77 81 89 83 91 88 86 85 84 81 78 70 67 61 48 29 39 76 92 89 90 90 87 86 92 91 90 91 90 77 53 34 25 25 25 25 26 26 25 24 24 24 24 25 26 27 22 19 20 24 24 24 25 24 23 23 22 22 21 21 24 25 20 20 41 77 87 85 85 87 88 86 85 83 86 87 84 83 85 77 64 70 91 90 87 88 87 85 83 82 81 81 83 84 80 79 76 56 36 25 21 22 23 19 17 18 19 17 22 22 25 24 26 24 21 22 21 21 22 23 
113 108 111 109 111 97 74 97 123 110 108 107 111 110 110 109 113 112 107 113 121 120 106 68 40 24 19 22 20 20 21 22 23 22 21 20 21 21 21 21 17 12 16 23 23 24 24 22 23 22 22 22 22 22 22 22 19 18 11 28 97 126 114 117 117 117 118 117 113 109 101 100 97 99 99 65 66 112 128 126 118 116 114 110 107 106 103 102 101 102 104 104 78 43 25 19 18 21 21 19 19 18 18 18 18 19 16 15 16 8 8 16 20 18 15 16 17 17 19 20 20 20 18 18 18 12 7 22 95 128 107 108 121 103 107 105 103 104 106 110 111 94 96 76 49 50 63 102 116 115 108 104 106 107 101 97 106 108 98 76 48 27 18 17 17 16 16 17 16 17 17 17 17 17 17 17 11 8 11 17 19 16 18 19 20 20 19 20 19 17 15 18 13 7 36 118 120 111 108 111 112 107 104 108 108 110 106 101 115 90 61 74 120 127 114 115 114 118 111 113 110 110 113 117 114 112 101 64 34 22 14 17 17 16 17 18 19 19 20 19 18 17 15 11 8 11 20 18 17 17 
111 112 115 108 99 76 59 94 127 122 125 120 116 109 109 107 109 107 102 106 108 92 79 50 32 20 13 14 19 19 18 18 18 16 15 15 16 15 15 15 11 8 9 14 14 14 14 12 12 12 12 13 13 13 12 12 10 7 4 22 90 121 110 98 95 93 89 85 81 79 88 93 88 76 67 44 52 92 103 95 84 79 78 75 80 83 82 80 79 78 78 64 46 32 21 14 11 10 10 10 10 10 9 9 9 10 8 8 9 5 5 9 12 12 11 11 12 11 11 10 8 8 8 9 9 8 5 9 57 86 68 61 70 66 69 67 65 64 63 63 63 57 53 37 29 50 60 61 67 67 63 61 64 65 62 58 60 57 49 40 31 22 12 11 10 9 10 10 10 11 11 11 10 10 9 9 7 6 9 13 12 9 10 10 9 9 9 9 9 8 9 11 7 4 26 94 97 82 80 81 79 74 71 72 69 62 59 61 63 47 37 58 96 84 74 77 67 67 63 60 60 61 64 67 65 57 39 32 22 16 9 10 10 12 12 12 11 10 9 9 10 11 11 9 6 8 15 13 12 12 
59 60 62 56 49 35 29 61 83 76 75 65 59 51 50 49 49 47 44 46 45 37 33 23 19 15 10 10 9 9 8 8 8 7 6 7 7 7 7 7 5 3 6 10 11 11 10 9 10 9 10 10 11 11 10 10 13 8 3 11 45 58 46 41 42 41 37 33 32 33 34 37 36 27 21 13 21 46 52 45 37 35 36 35 30 28 28 28 28 28 27 21 17 17 15 14 13 13 13 14 13 13 13 13 14 13 11 11 13 9 7 10 14 13 13 14 14 13 12 12 14 13 14 14 13 13 11 9 43 63 46 35 36 34 30 29 29 28 27 26 26 31 26 19 19 39 42 32 28 28 27 26 29 31 29 32 33 31 26 24 21 17 12 11 10 11 11 12 12 12 12 12 12 12 11 11 9 7 8 13 14 13 13 14 14 14 14 15 15 13 14 13 10 5 10 45 51 37 35 35 33 31 29 28 31 30 28 33 29 23 22 29 40 29 24 26 18 18 19 22 23 24 26 27 26 24 22 26 23 17 11 13 13 14 14 14 13 13 12 12 11 12 14 12 9 10 15 15 14 13 
33 31 32 31 32 28 22 41 53 42 39 36 35 35 39 39 38 38 36 36 36 37 39 32 27 24 21 23 26 25 26 26 26 25 24 28 29 29 31 32 28 21 15 22 25 26 26 24 27 25 26 28 29 30 29 29 20 23 13 13 46 65 56 53 56 57 53 49 51 56 59 62 68 62 61 49 53 59 59 56 50 50 52 52 56 60 61 64 64 63 62 67 65 50 32 25 25 25 25 26 26 26 26 27 27 28 27 28 30 22 16 21 28 27 25 27 28 27 26 28 28 27 28 28 23 24 24 12 39 66 66 66 68 67 66 67 68 69 70 70 69 69 65 63 54 67 74 74 74 75 72 71 76 78 76 73 77 78 76 68 54 39 27 23 22 24 26 27 27 26 26 27 27 28 29 29 26 16 12 20 30 31 29 28 28 28 28 29 30 28 26 25 32 20 15 59 96 85 82 81 80 78 77 77 79 76 80 86 75 78 73 61 73 71 65 67 56 59 62 66 67 70 72 72 72 70 69 68 50 34 24 31 29 27 27 28 28 29 30 30 26 26 28 25 17 18 25 29 28 27 
87 84 84 83 92 90 66 76 99 89 91 93 100 95 87 87 86 86 87 87 85 89 91 68 43 29 25 29 27 26 27 29 29 28 27 23 23 23 25 27 24 17 13 20 23 23 23 22 24 24 25 26 27 27 27 26 21 31 18 14 64 114 106 101 105 108 104 101 104 112 104 96 106 107 109 86 66 94 109 109 105 107 111 109 104 103 106 108 106 105 103 115 103 62 31 20 19 18 20 22 22 22 22 22 22 21 20 22 21 15 9 14 23 22 20 20 21 20 21 21 19 19 22 22 18 19 20 11 47 101 114 113 106 108 99 101 104 106 108 108 108 105 110 96 63 83 116 119 115 114 110 108 112 115 111 109 112 113 111 97 68 41 25 19 18 19 20 20 21 20 20 21 22 22 23 23 20 13 11 17 22 21 20 20 21 21 20 21 22 21 22 21 26 17 12 63 130 125 120 118 116 116 115 115 111 108 119 116 104 117 94 64 95 123 116 108 102 113 111 116 118 120 119 117 116 114 110 86 50 29 18 22 21 23 23 22 21 20 20 20 22 20 21 18 12 12 19 23 22 22 
121 121 122 116 119 110 75 84 123 123 125 122 127 126 127 128 126 128 132 129 122 123 120 81 44 23 18 22 22 22 22 22 22 21 21 23 23 22 22 23 20 15 12 20 22 22 20 18 20 23 23 22 22 22 21 20 18 22 9 8 64 127 116 109 112 113 110 106 107 112 120 106 110 107 105 77 44 98 124 124 118 116 115 111 111 111 111 108 105 103 100 103 84 50 30 22 19 19 20 20 20 20 20 20 21 18 16 16 15 12 8 12 21 21 18 17 17 16 17 17 17 18 20 19 15 15 14 6 52 124 126 107 90 98 100 99 100 99 99 99 99 96 103 78 42 82 138 120 104 104 99 96 99 100 95 103 101 98 93 81 56 34 25 18 16 17 17 15 16 17 17 17 17 17 17 17 12 10 13 19 19 16 18 19 19 19 18 19 20 18 22 18 15 9 10 62 134 125 115 110 107 107 106 105 102 105 114 105 98 105 75 51 90 128 119 104 102 114 108 113 113 112 110 108 108 107 96 71 44 29 18 18 18 20 19 17 16 16 16 16 17 15 16 15 10 10 17 20 19 18 
111 114 115 105 101 88 60 78 125 127 122 107 107 104 104 105 102 102 107 101 94 94 87 59 36 23 16 17 17 17 17 17 16 15 14 13 13 12 13 13 11 8 7 13 15 14 13 11 13 15 14 13 13 13 13 13 12 13 5 6 56 108 100 89 90 89 87 84 82 82 84 72 75 67 64 51 28 77 99 93 84 80 78 73 72 71 70 68 67 65 64 63 49 30 23 17 12 11 11 11 11 10 10 10 10 10 10 10 9 9 5 8 13 14 12 11 11 10 10 10 10 11 10 9 9 8 6 3 37 87 83 73 66 74 62 61 59 57 56 56 56 48 48 38 21 48 86 70 62 61 57 55 57 58 55 54 54 51 46 41 32 23 18 12 10 11 11 9 10 11 11 11 10 10 9 9 7 6 8 13 13 11 13 12 11 10 10 10 11 10 12 9 8 5 8 43 97 83 72 67 65 66 67 66 63 64 67 61 63 59 42 37 67 86 77 70 66 72 66 63 63 62 59 58 61 60 44 33 26 21 12 11 12 11 10 10 10 10 11 11 10 8 10 9 6 6 11 13 12 11 
61 63 62 55 53 46 30 46 82 82 74 61 61 60 59 59 56 56 59 54 48 48 42 29 24 20 14 13 12 12 12 12 12 11 11 12 12 11 12 12 10 8 6 12 14 13 12 11 13 13 13 12 12 13 14 15 11 12 7 7 34 58 53 47 46 46 46 45 43 40 43 38 43 36 37 36 26 55 66 58 48 44 43 41 38 37 36 36 36 37 38 39 31 24 26 22 14 15 18 18 17 17 16 16 16 17 18 15 14 17 11 11 18 20 18 19 19 17 16 16 17 19 18 18 22 22 19 13 28 51 41 41 39 44 42 40 37 35 35 35 36 35 29 38 32 40 57 57 42 42 40 38 40 42 39 36 40 41 37 34 33 31 27 18 16 19 19 18 19 18 18 18 17 18 17 18 21 14 11 17 21 19 18 19 20 19 17 18 18 17 18 18 19 14 11 29 60 45 34 32 31 33 35 35 34 36 35 35 42 33 26 33 47 49 42 42 38 40 37 36 37 35 33 34 38 40 38 32 34 32 17 15 17 16 16 15 15 15 16 17 16 14 17 17 11 10 17 19 18 17 
46 48 45 40 42 43 37 35 61 71 50 49 51 52 47 46 45 46 47 45 43 42 40 40 37 28 24 26 24 25 26 26 26 25 25 28 28 28 28 29 28 26 15 23 32 30 29 30 28 29 30 30 29 28 27 28 25 29 26 16 26 59 59 57 59 61 63 64 63 62 63 63 68 66 71 76 58 59 96 73 66 68 70 70 66 68 69 72 74 70 64 66 65 54 41 29 23 24 25 26 27 27 25 24 25 26 27 27 22 27 19 13 21 26 26 27 27 26 26 25 25 26 26 25 27 27 26 20 23 72 84 75 65 68 70 70 72 73 73 71 70 77 70 74 61 54 84 78 74 76 80 83 85 82 78 81 79 82 79 78 69 48 29 27 27 26 26 25 24 24 25 25 24 22 22 23 30 21 12 17 27 26 23 25 25 25 24 24 24 25 26 24 28 24 13 26 72 80 67 70 71 72 81 76 77 76 72 75 85 83 74 65 70 84 80 91 72 79 84 82 79 79 82 82 77 76 81 74 57 42 28 22 24 24 23 22 23 23 23 21 22 22 23 23 20 11 19 22 23 24 
