DOWN
4 4 4 4 4 4 4 4 4 4 4 5 5 6 5 4 4 5 5 4 4 4 4 4 4 5 5 5 5 4 4 4 4 4 5 5 5 5 5 5 4 4 4 4 4 4 4 5 5 5 4 4 5 6 5 5 4 5 4 3 4 5 5 5 4 3 4 4 5 5 4 4 4 4 4 4 4 5 6 6 5 5 5 5 5 5 5 5 5 5 5 6 6 6 6 6 7 6 4 4 5 5 5 5 5 6 5 5 6 5 5 5 5 5 5 5 5 5 5 5 5 5 5 5 5 5 5 5 5 5 5 5 6 8 8 7 6 7 7 6 5 5 6 6 5 5 5 5 5 6 6 5 6 6 6 6 6 7 7 7 7 7 7 7 7 7 6 6 5 5 5 6 6 5 5 5 5 5 6 6 6 6 6 6 6 5 6 6 7 7 7 6 6 6 5 6 6 5 5 5 5 6 5 5 5 5 6 6 5 5 5 5 5 4 4 4 4 4 4 4 4 4 4 4 5 5 5 5 5 5 5 5 5 5 5 5 5 5 5 5 5 5 5 5 4 4 4 4 4 4 
4 4 4 4 4 4 4 5 5 5 5 5 5 5 5 4 4 6 5 4 4 5 5 5 4 5 5 5 5 5 5 5 5 5 5 5 5 5 5 5 4 4 4 5 5 4 4 4 4 4 6 5 5 9 9 6 4 4 4 4 4 5 5 6 5 4 5 5 5 5 4 4 5 5 4 4 5 5 6 6 6 5 6 6 6 6 6 6 6 5 5 6 6 6 6 6 5 5 4 5 6 6 6 5 6 6 5 6 6 5 5 5 5 5 5 5 5 5 5 6 6 6 6 6 5 5 5 5 5 5 5 5 5 5 6 6 5 5 6 6 6 5 5 5 5 5 5 5 5 6 6 5 5 5 5 5 5 5 5 6 6 6 6 6 6 6 6 6 5 5 5 6 6 5 5 5 5 5 6 6 6 6 6 6 6 5 6 6 7 7 7 6 6 6 6 6 6 6 7 7 7 6 5 5 5 5 6 5 5 5 5 5 5 5 5 4 4 4 5 5 4 4 4 4 5 5 5 5 5 5 5 5 5 5 5 5 5 6 6 6 5 5 6 6 6 5 5 5 5 4 
4 4 4 4 4 4 4 4 5 5 5 5 5 4 4 4 4 5 6 5 4 5 5 5 5 5 5 6 5 5 5 5 5 5 5 5 5 5 5 5 5 5 5 5 5 5 5 4 4 4 6 4 3 8 9 5 4 4 4 4 4 5 6 7 6 5 5 6 6 5 5 5 5 5 5 5 5 5 6 6 6 6 5 5 5 5 6 6 6 6 5 5 5 5 5 5 5 5 5 5 6 5 5 5 6 6 6 6 6 6 5 5 5 5 6 6 6 5 5 6 6 6 6 5 5 5 5 5 5 5 4 6 4 3 4 5 7 7 5 6 6 5 5 5 5 5 5 5 5 6 6 5 6 6 5 5 5 5 5 5 5 5 5 5 5 5 6 6 6 5 5 5 5 5 5 5 5 5 6 6 6 6 6 5 5 5 5 6 6 6 5 5 6 7 7 6 6 6 7 8 7 6 5 5 5 5 6 5 5 5 5 5 5 6 5 4 5 5 5 5 5 5 5 5 5 5 5 5 5 5 5 5 5 5 6 6 6 7 7 7 6 6 7 8 6 5 5 5 5 5 
4 4 4 5 5 5 4 4 4 4 4 4 4 4 4 4 5 5 5 5 4 5 5 5 5 4 5 5 5 5 5 5 5 5 5 5 4 4 5 5 5 5 5 5 5 5 4 4 4 5 5 4 4 7 7 5 5 5 5 5 4 4 6 8 7 5 6 6 6 5 5 5 5 5 5 5 5 5 5 5 5 5 5 4 4 4 5 5 5 5 5 5 4 4 4 5 5 5 5 5 5 4 3 5 6 6 6 6 6 6 6 6 6 6 6 6 6 5 5 6 6 6 5 5 6 6 6 6 5 5 5 6 5 4 4 5 6 5 5 5 6 5 5 4 5 5 5 5 5 5 5 5 6 6 6 6 6 6 6 5 5 5 5 5 5 5 5 5 5 5 5 4 4 5 5 5 5 5 5 5 5 5 5 5 5 5 5 5 5 5 4 5 5 6 6 6 5 5 6 7 6 6 6 6 6 6 6 6 5 5 5 5 6 6 6 5 5 6 6 5 5 5 6 6 6 6 6 6 6 6 5 5 5 5 6 6 6 6 7 6 6 5 6 7 6 5 5 5 5 5 
4 4 4 5 5 5 4 4 4 4 4 4 4 5 4 5 4 4 5 5 4 5 5 5 4 4 4 5 5 5 5 5 5 5 5 5 4 4 5 5 5 5 5 5 5 5 4 4 4 5 5 6 10 12 10 8 7 6 5 5 5 4 6 8 7 6 5 6 5 5 4 4 5 5 4 4 5 5 5 5 5 5 5 5 5 5 5 5 5 5 5 4 4 4 4 4 5 6 5 4 4 5 5 5 5 5 5 5 5 6 6 6 5 5 5 5 5 5 5 6 6 6 5 5 5 6 6 5 5 5 5 4 6 7 6 5 4 2 4 5 6 5 4 4 5 5 5 5 5 5 5 5 5 5 5 5 5 6 6 5 5 5 5 5 5 5 4 4 5 5 4 4 4 5 5 5 5 5 5 5 5 5 5 5 5 5 5 5 5 5 5 5 5 6 6 6 5 5 5 6 6 6 6 6 6 6 6 6 5 5 5 6 6 6 6 6 7 7 6 5 5 5 6 6 6 6 6 6 6 6 6 5 5 5 6 6 5 5 5 4 4 4 5 5 5 5 6 6 5 5 
4 4 4 4 4 4 4 4 5 5 5 5 5 5 5 5 4 4 4 4 4 4 5 4 4 4 4 5 5 5 5 5 5 5 4 5 5 5 5 4 4 5 5 5 4 4 4 4 4 5 4 7 13 12 11 12 9 5 4 5 6 5 6 7 6 5 5 5 5 5 4 4 4 5 4 4 5 5 5 5 5 5 5 5 5 5 5 5 5 5 5 5 4 4 5 5 4 5 5 4 5 8 9 6 4 4 5 5 5 5 5 5 5 5 4 4 4 4 4 4 4 4 4 4 4 4 5 5 5 4 4 4 5 6 5 6 8 8 5 5 5 5 4 4 5 5 5 5 5 5 5 6 4 4 5 5 6 6 6 5 5 5 5 4 4 4 4 4 4 4 4 4 4 4 5 5 5 5 5 5 5 5 5 5 5 5 5 5 6 6 5 5 6 6 7 7 6 6 6 6 6 6 6 6 6 6 6 6 5 5 5 6 6 6 6 7 7 7 6 5 5 5 5 5 5 5 5 5 6 6 6 6 5 6 6 6 5 5 5 5 5 5 5 5 5 5 6 6 6 6 
4 4 4 4 4 4 4 4 5 5 5 5 5 5 5 5 4 4 4 5 4 5 5 4 4 4 4 5 5 5 5 5 4 4 4 4 5 5 5 4 4 4 4 4 4 4 4 4 4 4 4 6 9 8 8 11 10 6 3 4 5 5 5 6 5 5 5 5 5 5 4 4 4 5 4 5 5 5 5 5 5 5 5 5 5 5 5 5 4 5 5 5 5 5 5 5 4 5 5 4 5 8 10 6 4 4 5 5 5 5 5 4 4 4 4 4 4 5 4 4 4 4 4 4 4 4 4 4 4 4 4 5 5 4 3 6 13 16 6 5 4 5 5 5 5 4 5 5 5 5 5 6 5 5 6 6 6 6 6 5 5 5 5 4 4 4 4 4 4 4 5 5 5 5 5 5 6 5 5 5 5 5 5 5 5 5 5 5 6 6 5 5 5 6 6 6 6 6 6 6 6 6 5 5 5 5 6 6 5 5 5 6 6 6 6 7 8 7 6 5 5 5 5 5 5 5 5 5 6 6 6 6 6 6 6 6 6 6 6 6 7 7 6 5 5 4 5 6 6 6 
4 4 4 4 4 4 4 4 4 4 4 4 5 4 4 5 4 3 4 5 5 5 5 4 4 4 4 4 4 4 4 4 4 4 4 5 5 5 5 4 4 4 4 4 4 4 3 4 4 3 4 6 6 6 6 7 9 6 4 4 4 5 5 6 5 5 5 5 5 5 4 4 5 5 4 5 5 5 5 5 5 5 6 6 6 5 5 5 5 5 5 5 5 5 5 5 4 6 6 4 5 6 7 6 4 4 5 5 4 6 5 5 5 4 4 4 4 6 6 5 5 5 5 6 4 4 4 4 5 5 5 5 6 5 4 7 10 9 6 5 4 4 5 5 5 4 5 5 5 5 5 6 5 6 6 6 6 6 5 6 5 5 5 5 5 4 4 4 4 5 5 5 5 5 6 6 6 6 6 6 5 5 5 5 5 5 5 5 5 5 5 4 4 4 4 4 5 5 5 5 5 5 5 5 5 5 5 5 5 5 5 5 5 6 6 6 7 7 6 5 5 6 6 6 6 6 6 6 6 6 6 6 6 6 6 5 5 5 6 7 6 6 6 6 4 4 4 5 6 6 
4 4 4 4 4 4 4 4 4 4 4 4 4 4 4 4 5 4 4 5 5 5 5 5 5 5 5 5 4 4 4 4 5 6 5 4 5 4 5 5 4 4 4 5 5 4 4 4 4 4 4 5 5 5 5 5 6 5 5 5 6 6 6 5 5 5 5 5 5 5 4 4 4 4 5 5 5 5 5 5 5 5 6 6 5 5 5 5 4 5 5 5 5 5 5 5 6 5 4 6 6 5 3 3 4 6 4 4 8 6 5 4 4 4 4 4 5 6 6 4 3 4 6 9 5 4 4 4 4 5 5 5 5 4 6 5 4 5 5 5 5 5 5 5 5 5 5 5 5 5 5 4 5 5 6 6 6 6 6 6 6 6 6 6 5 5 4 4 5 5 5 5 5 5 5 6 6 6 6 6 5 5 5 5 5 6 7 6 6 6 6 5 5 7 6 5 4 5 6 6 6 6 5 5 5 5 6 6 6 6 6 6 6 6 7 7 7 7 6 6 6 6 6 6 6 6 6 6 6 6 6 6 7 7 6 6 6 6 6 6 5 6 7 6 4 4 5 5 5 5 
4 4 5 5 5 5 4 4 4 4 4 4 4 4 4 5 5 5 5 4 5 5 5 5 5 5 5 5 5 5 4 4 5 6 5 4 4 2 3 6 5 5 5 5 5 4 4 4 5 5 5 5 5 5 6 6 5 5 5 5 5 6 5 5 5 5 5 5 5 4 4 4 4 4 5 5 5 5 5 5 5 5 5 5 5 5 5 5 4 5 5 5 5 5 5 6 6 5 5 6 7 5 4 4 5 6 4 6 13 7 5 5 5 5 5 5 5 5 5 4 3 4 6 8 4 4 4 4 4 5 5 5 4 4 5 4 3 6 5 5 5 5 7 8 9 6 5 5 5 5 5 5 4 4 5 5 6 6 6 6 6 6 6 6 5 5 6 6 6 6 6 5 5 5 5 5 5 5 5 5 5 5 5 5 6 6 7 7 7 7 7 6 6 8 7 6 5 5 6 6 6 6 5 5 5 5 6 6 5 6 6 5 5 6 6 6 6 6 6 6 6 6 6 6 6 6 6 6 6 5 5 6 6 6 6 6 5 6 6 5 5 5 6 6 5 5 7 8 7 6 
5 5 5 5 5 5 5 5 5 5 5 6 6 5 5 5 6 6 5 5 5 6 6 6 6 5 5 6 6 5 5 4 4 5 5 4 3 4 4 6 7 6 5 5 5 5 5 5 6 5 5 5 5 5 5 5 5 5 5 5 5 6 6 5 5 6 6 5 5 5 5 5 5 5 5 5 5 5 5 5 5 5 5 5 5 5 5 5 5 5 6 6 6 6 6 6 6 5 5 6 6 7 9 9 7 7 5 9 15 8 5 5 5 6 6 5 6 5 6 5 5 5 6 7 4 4 5 5 5 5 5 6 4 4 5 7 9 9 5 5 5 6 10 14 14 6 6 5 6 6 6 5 4 4 5 6 6 6 6 6 6 6 6 6 5 5 6 6 6 6 6 6 6 7 6 6 6 5 5 5 6 6 6 6 6 6 6 6 6 6 6 5 5 6 7 6 5 5 5 6 6 6 6 6 6 6 6 5 5 6 6 5 5 5 6 6 6 6 6 6 7 7 7 7 7 7 7 7 6 5 6 6 6 6 6 6 6 7 6 6 6 7 6 6 6 6 7 7 6 6 
5 6 6 6 6 6 6 6 6 6 6 6 6 6 6 6 6 6 6 6 6 6 6 6 6 6 6 5 6 6 5 5 5 6 6 4 5 12 10 6 6 6 6 6 6 6 7 7 7 6 6 6 6 5 5 5 6 6 7 7 7 6 6 5 5 5 5 6 6 6 6 6 6 6 6 6 6 6 6 6 6 6 5 5 5 5 5 5 5 5 6 6 6 6 7 7 6 6 6 6 6 10 17 13 7 8 8 7 8 8 6 5 5 6 6 6 6 6 7 7 6 6 6 6 5 5 6 6 7 6 6 5 6 6 5 11 20 11 7 7 7 7 9 13 14 7 6 6 6 6 6 5 6 6 6 6 6 6 6 5 5 6 6 6 6 6 6 6 5 5 6 7 7 7 7 7 7 6 6 6 6 6 6 7 6 6 6 6 7 7 7 6 6 7 7 7 7 7 7 7 6 6 6 6 6 6 6 6 6 6 6 6 6 6 6 6 6 6 7 7 7 7 7 7 7 7 7 7 7 6 6 6 6 6 6 7 7 7 7 7 7 7 7 8 8 7 6 5 5 5 
5 5 6 6 6 6 5 5 5 6 6 6 6 6 6 5 5 5 6 6 6 6 6 5 6 6 5 5 6 6 6 6 6 6 6 4 6 18 14 6 5 6 6 6 6 7 7 8 7 7 7 6 6 6 6 6 6 6 7 6 6 6 7 9 8 6 5 6 6 6 6 7 7 6 6 6 6 6 6 6 6 6 5 5 5 5 5 6 6 6 6 6 7 7 8 8 8 8 8 7 8 12 18 12 6 8 9 4 3 8 6 5 5 6 6 5 6 5 6 6 5 5 5 5 5 6 6 6 6 6 6 5 6 7 5 12 20 11 7 7 8 7 5 6 9 7 7 6 6 6 5 5 6 6 6 6 6 6 6 4 5 5 6 6 7 7 6 6 5 5 5 6 6 6 6 6 6 6 6 6 5 6 6 6 6 6 6 7 7 8 7 7 7 7 7 7 7 7 7 7 7 6 6 6 7 7 6 6 7 7 7 7 7 7 7 7 7 7 7 7 7 7 6 6 6 6 6 7 6 6 6 6 6 6 7 7 7 7 7 7 6 6 6 7 7 7 5 5 5 6 
6 6 6 6 6 6 7 6 6 6 6 6 6 6 6 6 6 6 6 6 6 6 6 6 6 6 6 6 6 6 6 6 6 6 5 3 6 15 11 6 7 7 6 6 6 6 6 7 7 7 7 6 6 6 6 6 6 6 6 6 6 7 10 15 14 10 6 6 6 6 6 6 6 6 6 6 6 6 6 5 5 5 5 6 6 6 6 6 6 6 7 7 8 8 9 9 9 9 9 8 9 10 11 8 6 7 7 5 5 7 6 5 6 6 6 5 6 5 6 6 5 5 5 5 6 6 5 6 6 6 7 6 5 6 6 8 11 8 6 7 9 7 4 3 6 8 7 6 6 6 5 5 5 5 5 6 6 6 7 5 6 6 6 6 6 6 6 6 6 6 6 7 7 8 7 7 7 7 6 6 6 6 6 7 7 7 7 7 8 8 7 7 7 7 6 6 7 7 7 8 8 7 7 8 8 9 9 9 9 9 9 9 10 9 9 8 9 8 8 8 8 7 7 7 7 7 8 8 9 9 8 8 8 8 9 9 9 9 9 9 8 7 7 6 7 7 6 7 9 11 
9 9 9 9 9 9 10 10 9 9 9 8 8 8 8 8 8 8 9 9 9 8 8 8 8 9 9 9 9 8 7 7 7 7 5 3 5 7 7 8 10 9 8 8 7 7 7 7 7 7 7 7 7 7 7 7 7 7 8 8 8 8 11 15 16 11 7 5 7 8 8 7 7 8 8 8 7 7 7 7 7 6 7 8 8 8 8 8 8 8 8 8 8 9 9 9 8 8 9 9 9 7 4 5 8 7 7 11 11 6 6 5 5 6 6 5 6 5 6 6 5 5 6 6 6 6 6 6 6 7 7 8 5 5 8 6 5 9 6 7 8 8 6 6 6 8 7 7 7 6 6 5 6 6 6 7 8 9 10 8 8 8 8 8 7 7 6 7 7 8 9 10 11 12 12 12 11 11 10 10 10 10 10 10 10 10 11 11 12 10 9 10 11 10 10 11 11 11 11 12 13 11 11 11 12 13 13 14 14 13 13 13 14 13 12 12 12 12 12 11 11 11 12 12 12 12 13 13 14 14 13 12 12 13 13 14 14 14 15 16 15 14 13 14 14 14 14 14 16 18 
14 13 13 12 12 12 13 13 12 12 11 10 10 9 9 9 9 10 11 12 12 11 11 11 11 12 12 12 11 11 10 10 11 11 8 3 5 5 7 12 13 12 12 12 11 10 10 9 9 10 11 11 11 11 11 11 11 11 11 12 13 12 12 12 13 11 10 9 11 12 11 11 11 11 12 12 12 11 11 11 10 10 11 12 12 12 12 12 12 12 12 11 11 10 10 10 9 9 9 8 8 6 4 5 8 6 9 17 15 5 5 5 5 5 5 4 5 4 5 5 5 5 5 5 5 6 6 6 6 6 6 6 6 6 6 5 4 10 6 8 7 7 13 14 7 7 7 7 7 7 7 7 7 8 8 9 10 12 13 11 11 11 11 11 10 10 9 10 10 11 12 13 13 15 15 14 14 14 14 14 14 13 13 12 12 13 14 15 15 13 12 13 15 14 15 16 16 15 15 17 17 15 14 14 14 15 16 17 16 15 15 16 16 15 14 14 15 15 15 15 14 14 15 15 15 15 16 17 17 18 17 16 16 17 17 18 18 18 20 22 22 20 20 21 21 22 22 21 22 22 
16 15 15 15 14 14 15 14 14 13 12 12 11 10 10 9 9 10 11 12 12 11 11 11 11 12 12 12 12 12 12 13 14 15 11 6 6 7 10 15 15 14 15 15 15 15 14 14 14 14 15 15 15 15 15 16 15 15 15 15 15 16 16 14 14 14 16 16 16 16 15 15 15 15 15 15 15 15 15 14 14 14 15 15 15 15 14 14 14 15 15 15 14 14 13 12 12 12 10 9 9 9 7 8 7 6 9 15 12 4 5 5 5 4 4 3 4 3 3 4 4 4 5 4 4 5 6 6 6 5 5 4 7 5 4 4 5 9 6 7 6 7 16 18 7 8 7 7 7 8 8 8 9 9 9 9 10 11 12 13 13 13 13 13 13 12 13 14 13 13 13 12 12 14 14 14 15 15 15 15 16 15 14 14 14 14 15 14 15 14 13 14 15 15 14 15 15 14 14 15 16 16 16 15 15 16 17 17 15 15 15 16 16 15 15 15 15 15 15 16 16 14 14 14 15 15 15 15 17 18 17 16 16 17 19 19 18 19 20 22 23 22 20 19 20 21 22 22 21 20 
16 16 17 17 15 15 15 15 15 15 14 14 13 13 11 10 9 9 9 10 10 9 8 8 9 10 9 9 9 11 11 12 12 12 12 10 10 10 12 15 15 14 14 15 15 16 16 16 16 15 15 15 14 14 14 14 15 15 15 15 14 15 15 14 13 13 14 15 16 16 16 16 16 16 15 15 15 15 15 14 14 14 15 15 15 14 13 13 13 13 14 15 15 15 15 14 14 14 13 12 11 11 10 11 9 8 7 7 8 5 5 5 5 4 3 2 2 2 2 3 4 4 4 4 4 6 6 5 5 5 4 4 4 5 5 4 5 6 5 5 5 7 10 10 6 9 8 8 8 8 8 8 8 8 8 8 8 8 8 10 10 10 10 11 11 12 12 13 13 12 12 13 14 14 14 15 15 15 15 15 16 16 16 16 16 16 16 15 16 17 18 18 17 16 15 15 16 16 16 16 16 17 17 17 18 18 18 17 15 15 16 16 15 15 16 15 15 15 13 15 16 14 15 16 16 15 15 14 15 16 16 15 16 17 19 19 19 19 20 20 21 21 20 20 21 23 23 23 23 22 
15 15 16 16 16 15 14 14 14 13 12 12 12 13 12 11 11 10 10 9 8 7 7 7 7 7 6 6 7 8 9 10 10 10 10 11 11 10 11 13 13 12 12 12 12 13 13 14 14 14 13 12 12 12 12 13 14 14 13 12 11 11 11 11 10 11 11 12 12 12 13 13 13 13 13 12 12 12 13 13 13 13 13 13 13 13 12 12 12 11 12 12 12 12 12 12 13 12 12 11 10 10 9 8 8 9 6 4 5 6 6 6 6 4 2 1 2 2 2 2 3 3 3 4 5 5 5 4 3 3 3 2 3 3 3 4 4 5 3 4 4 4 5 6 4 8 8 7 7 7 7 7 7 7 7 7 8 8 8 9 9 9 9 9 9 10 10 11 11 10 10 11 12 13 14 14 14 14 14 14 15 15 15 16 16 16 16 16 16 16 16 16 17 16 14 15 15 15 16 15 15 16 16 17 18 18 16 15 15 16 16 16 15 15 15 12 12 14 12 14 16 15 15 15 15 15 14 13 14 15 15 14 15 16 16 18 19 19 19 20 20 20 20 21 22 23 24 24 23 24 
13 13 14 15 15 15 16 16 16 15 14 13 13 12 11 11 11 11 11 10 10 10 10 10 9 8 8 8 8 9 9 9 9 9 9 11 12 11 11 12 13 13 13 13 13 14 14 14 13 13 13 14 14 14 14 14 15 14 13 12 11 12 12 12 12 12 13 13 12 11 12 12 12 11 11 11 11 12 12 13 13 14 13 13 13 13 13 13 13 12 11 11 10 10 11 11 11 12 11 10 10 9 9 8 8 9 6 3 5 7 5 5 5 3 2 2 2 2 2 2 2 2 3 3 4 4 3 3 3 3 2 2 2 3 3 2 2 3 2 3 3 2 3 3 3 6 6 6 5 5 5 5 5 5 6 6 6 7 7 7 7 7 7 7 8 8 8 8 8 8 8 8 9 10 11 11 12 12 12 12 12 12 12 13 13 13 13 14 13 13 12 12 13 13 13 13 14 14 14 14 13 13 14 14 15 15 13 12 12 14 14 13 12 13 13 12 10 11 9 10 13 13 13 13 13 13 13 12 13 14 14 14 14 15 15 15 15 15 16 17 17 17 18 18 19 19 20 20 20 21 
18 17 17 18 19 20 20 20 19 19 18 17 16 16 16 17 17 16 16 16 15 15 15 15 15 14 14 13 13 13 12 11 11 10 10 11 12 13 13 13 15 17 17 17 18 19 19 18 17 17 17 17 17 17 17 18 18 18 17 16 15 16 17 17 17 18 18 19 17 16 16 15 15 13 13 13 13 14 14 15 15 15 15 15 16 16 17 16 16 16 16 15 15 14 14 13 14 14 14 13 13 13 12 13 11 11 10 9 11 9 8 8 5 2 2 2 2 2 2 2 1 2 3 4 4 3 3 3 3 3 3 2 2 2 2 2 2 2 3 3 3 3 4 4 4 5 5 5 5 5 5 5 6 6 6 6 6 6 6 6 7 7 8 8 9 9 8 9 9 9 8 9 9 9 10 10 11 11 12 12 13 13 13 13 13 13 13 13 13 13 13 13 13 13 14 14 15 15 14 14 15 14 14 15 15 15 14 13 13 15 14 13 13 13 13 11 7 7 6 8 12 13 12 13 13 13 13 13 13 14 15 16 16 17 17 16 15 15 16 17 18 19 19 18 18 18 18 18 18 19 
18 16 15 16 17 18 19 19 19 18 17 16 16 17 18 18 18 18 18 18 16 16 15 15 16 17 18 17 17 16 15 14 14 13 13 12 12 14 15 14 15 18 18 19 20 20 21 22 23 22 20 19 18 17 18 20 20 20 20 20 19 20 21 21 22 23 23 24 24 23 23 22 21 20 19 18 17 17 17 17 17 17 17 18 19 21 21 20 20 20 20 21 22 21 21 19 20 20 19 19 19 19 19 20 17 17 17 18 19 14 18 15 7 3 2 2 2 2 2 2 1 2 4 6 7 5 4 4 4 3 2 2 2 2 2 3 3 4 4 4 4 4 6 6 6 5 5 5 5 6 6 7 8 8 8 8 9 9 9 10 10 10 11 11 11 11 11 12 13 13 12 12 13 12 12 13 13 13 13 14 17 17 17 18 18 18 18 17 18 19 19 19 18 18 17 16 18 19 16 16 18 20 19 18 19 19 20 19 19 21 20 18 19 19 15 8 3 3 3 6 15 18 17 16 16 16 15 15 16 16 17 18 19 20 20 20 20 21 21 22 22 23 23 23 22 22 21 22 22 23 
16 15 14 13 14 16 18 18 18 18 17 17 16 15 15 15 15 16 16 16 16 15 15 15 16 18 18 16 16 16 16 16 16 18 18 14 13 15 16 14 14 16 16 16 17 18 18 19 19 19 19 19 20 20 19 19 20 21 21 21 20 21 21 21 21 22 22 23 22 22 22 23 23 22 22 21 20 20 19 19 18 18 19 20 21 23 22 22 21 18 19 21 23 23 23 22 21 21 21 21 21 21 21 19 20 24 22 18 20 18 22 18 8 3 2 2 2 2 2 2 1 2 6 9 7 6 5 5 4 2 1 3 2 2 2 3 4 4 6 5 4 4 5 6 5 5 5 5 6 6 7 8 8 9 9 11 12 12 13 13 13 13 12 12 12 11 13 14 15 15 14 14 15 16 16 16 15 14 14 14 17 17 17 17 18 18 18 17 19 20 21 21 19 18 18 16 18 19 16 16 18 20 19 17 18 19 21 21 21 22 20 19 21 20 15 7 2 2 2 4 13 21 21 20 18 17 16 16 16 16 16 17 17 18 19 20 21 21 21 20 20 20 21 23 22 21 21 21 21 22 
21 21 20 19 20 21 20 20 20 20 20 19 20 22 21 21 21 22 22 22 20 19 19 19 20 21 20 18 18 18 18 19 20 21 21 19 18 19 20 18 18 18 18 18 18 18 19 18 17 18 19 21 22 23 22 20 21 22 22 22 21 21 20 21 21 21 21 21 20 20 20 21 21 21 21 22 22 22 21 20 20 20 20 20 22 23 23 22 21 19 19 19 20 21 21 20 20 20 20 21 21 21 21 18 20 25 21 17 19 20 19 18 10 3 2 2 2 2 2 2 1 4 11 16 9 8 9 9 5 2 2 3 2 2 2 3 4 5 7 6 6 6 6 6 6 6 6 7 7 8 9 9 9 9 10 11 13 14 14 13 14 14 14 14 13 13 13 15 16 16 15 15 15 17 17 17 17 16 16 15 16 16 16 16 16 16 17 17 18 18 18 18 17 17 17 16 18 18 16 15 18 18 16 16 18 19 20 19 19 19 17 17 20 18 12 5 4 5 2 2 9 19 22 20 19 18 17 17 17 17 17 16 16 17 18 18 18 18 18 18 18 18 20 21 20 19 18 19 19 19 
18 19 18 18 18 20 20 21 21 21 21 21 22 23 22 22 21 22 23 24 24 25 25 25 25 24 24 23 22 22 22 22 23 23 22 23 24 25 25 25 25 26 25 25 23 23 22 22 23 22 22 21 20 20 21 23 24 24 24 24 23 22 22 22 22 22 22 22 22 23 23 23 23 23 22 23 23 23 23 22 22 22 20 20 22 23 23 21 20 23 24 22 21 21 20 20 21 22 22 22 22 22 22 24 23 24 22 20 24 22 22 24 17 6 2 2 2 2 2 2 2 6 15 24 18 17 18 15 8 3 2 1 1 1 2 4 7 9 9 10 11 10 9 9 11 10 10 11 11 12 12 13 12 12 13 13 14 15 15 14 15 16 18 18 19 19 16 18 19 19 18 18 18 17 18 19 20 21 21 21 19 19 20 20 20 21 21 21 21 20 19 18 19 19 20 18 21 22 18 17 20 20 20 21 23 24 24 23 22 21 18 19 24 20 11 3 4 7 3 2 10 21 22 21 21 21 22 23 23 23 22 20 20 20 21 20 20 20 21 23 24 25 25 25 24 22 21 21 22 22 
20 20 20 20 20 19 19 20 20 21 21 21 21 21 22 22 21 21 22 24 25 24 23 25 24 23 22 22 23 23 23 23 23 23 24 24 25 26 26 26 26 26 25 24 23 23 24 23 22 22 21 21 20 20 21 21 21 21 21 22 22 22 21 22 22 23 24 24 25 25 23 22 21 22 22 25 25 24 23 22 22 22 21 22 23 20 20 21 19 21 22 21 21 21 21 21 21 21 21 21 21 21 21 22 21 20 21 21 22 21 22 23 21 13 4 1 1 1 1 1 3 10 17 18 18 20 19 13 5 2 2 2 2 2 1 3 8 14 13 13 13 12 12 12 13 14 14 13 13 13 14 15 15 15 16 16 17 13 16 18 19 19 17 17 20 23 20 19 19 20 21 19 18 18 18 19 19 20 20 20 20 21 21 21 20 20 20 22 22 22 22 22 22 22 21 20 20 20 20 22 23 21 22 22 23 25 26 25 23 22 22 23 21 20 17 5 2 4 2 2 14 26 24 23 23 23 24 24 24 24 23 22 23 23 22 22 21 20 19 20 20 20 20 20 20 20 21 22 24 24 
21 21 21 20 20 20 19 20 20 20 20 20 19 20 21 22 22 21 23 24 23 22 22 23 24 23 22 22 22 23 23 23 23 23 23 23 24 25 25 25 25 26 25 24 24 24 25 25 24 24 23 23 23 22 22 22 21 21 21 21 21 21 22 22 22 23 23 23 23 23 22 20 20 21 22 22 22 21 21 22 23 24 23 24 24 21 22 23 22 21 22 22 22 22 22 22 22 23 23 23 23 23 22 22 20 20 21 23 23 22 22 23 23 19 10 4 2 2 2 4 10 20 24 20 22 23 21 12 4 1 2 2 2 2 2 2 5 14 17 17 17 17 17 16 15 16 16 15 14 14 15 17 20 20 21 21 21 15 19 19 20 21 19 18 19 22 24 23 23 25 26 24 23 23 23 24 24 25 24 24 24 25 24 23 23 22 22 25 25 25 26 26 26 26 25 24 23 23 23 23 24 22 22 22 23 23 24 24 23 23 25 25 23 23 20 8 3 3 3 8 20 23 20 21 21 22 21 21 22 22 21 20 21 21 21 21 21 21 21 21 21 20 18 16 15 15 16 16 17 20 
21 20 20 20 20 20 21 21 21 20 20 19 18 18 19 20 19 20 21 21 20 20 21 21 22 22 22 21 21 22 23 22 22 22 21 22 23 23 24 24 24 24 24 24 24 24 25 25 25 25 25 25 25 25 24 23 23 22 21 21 21 21 22 21 21 21 21 21 21 20 20 19 19 20 21 22 22 21 21 21 22 23 23 24 23 21 22 24 24 22 21 21 22 22 22 22 23 23 23 23 23 23 23 21 20 20 22 24 24 24 21 21 23 23 21 13 6 3 3 6 13 22 22 15 16 17 15 8 3 1 2 2 1 2 2 1 4 19 19 19 19 19 19 19 18 19 19 18 17 17 18 20 22 21 22 22 22 16 20 21 24 25 25 23 23 24 24 25 26 27 28 26 25 27 28 28 28 28 28 28 27 27 27 25 24 23 23 26 26 26 27 27 27 27 27 27 26 26 25 25 25 24 24 23 23 23 23 23 22 24 27 27 25 25 25 19 13 6 5 17 26 22 24 25 26 27 27 26 26 25 24 24 25 26 25 24 22 23 24 25 25 22 22 22 21 21 20 20 20 20 
20 20 20 20 20 21 22 22 22 22 21 20 19 19 19 19 18 18 18 18 18 20 20 20 20 22 22 21 21 22 22 22 22 21 21 22 23 23 24 24 23 23 23 22 23 23 24 23 22 23 24 25 26 27 26 25 24 23 23 22 23 23 23 22 22 21 21 20 20 20 19 19 19 19 20 22 23 22 21 21 21 21 22 22 21 19 20 22 23 21 20 21 21 22 22 23 22 22 22 22 22 22 22 21 21 21 23 24 24 23 21 21 21 22 24 18 8 3 2 4 7 11 10 7 6 7 6 4 2 1 2 3 1 2 2 1 5 25 23 22 21 20 20 20 20 21 22 21 21 20 21 23 21 21 21 21 21 15 19 23 27 29 29 28 28 28 23 24 25 27 27 26 24 27 27 28 28 28 27 27 26 26 25 25 23 22 22 24 24 25 25 25 25 26 26 26 27 27 27 27 27 26 25 25 24 24 24 24 23 24 27 26 24 26 28 28 25 11 6 21 30 25 27 27 27 27 27 27 26 26 24 24 26 27 27 26 25 25 27 28 28 26 25 26 25 25 23 22 21 21 
22 22 22 22 22 22 22 22 22 23 23 22 22 21 20 20 19 19 19 18 19 20 20 19 19 20 21 21 21 22 22 22 22 21 21 23 23 24 25 25 24 23 23 23 24 24 24 23 21 22 23 24 25 26 26 25 25 24 24 24 24 25 26 25 25 24 23 23 22 21 21 20 20 20 20 20 20 20 21 21 21 21 21 21 20 19 19 20 21 20 20 20 21 21 22 22 22 21 21 21 21 21 21 21 22 22 22 22 22 22 23 23 20 19 18 12 5 2 2 2 3 3 3 3 2 2 2 2 2 2 2 2 1 2 1 1 5 22 25 25 25 24 23 22 21 23 24 24 23 23 24 25 23 22 23 22 22 16 19 25 27 28 28 27 27 27 23 24 25 26 26 25 24 26 26 27 27 27 27 26 25 24 24 24 24 23 23 24 25 25 25 26 26 25 25 25 26 27 27 27 27 27 27 26 26 26 27 27 25 25 26 24 23 24 26 26 24 10 7 21 30 27 28 27 25 25 25 26 26 26 25 25 26 27 27 27 28 27 28 29 29 28 26 25 25 25 24 23 22 22 
21 22 22 22 22 22 21 21 22 23 23 23 22 21 21 21 22 22 22 21 21 21 21 20 19 20 21 21 21 22 22 22 22 22 22 23 24 25 25 26 25 24 25 25 25 25 25 24 24 24 24 24 24 24 24 24 24 24 24 25 25 26 27 26 26 25 25 24 24 24 24 23 22 22 21 20 19 19 20 20 21 20 21 21 21 22 22 22 22 21 20 20 21 21 22 22 22 22 22 22 22 22 22 22 23 23 22 21 21 22 23 24 23 20 15 8 2 2 2 2 2 1 1 2 2 2 2 2 2 2 2 1 2 2 1 1 4 11 16 19 23 26 27 25 24 25 25 26 25 24 25 26 26 25 26 24 24 17 21 26 26 25 24 23 23 23 23 24 25 25 24 24 24 26 27 27 28 28 28 28 25 25 26 26 26 25 25 25 25 25 25 26 26 26 26 26 26 26 26 26 26 27 27 27 27 28 29 29 27 25 25 24 21 21 23 23 16 6 7 20 25 27 32 29 27 26 27 28 28 28 27 27 28 29 28 28 28 26 26 26 27 27 26 25 25 26 25 25 25 25 
20 20 20 20 21 21 21 22 22 23 23 23 22 20 20 20 22 23 23 23 23 22 22 21 21 20 21 21 22 22 23 22 22 22 21 22 23 24 25 26 25 26 26 26 26 26 26 26 26 26 26 25 25 25 25 25 25 24 24 25 25 25 25 25 25 25 25 25 26 27 26 26 25 25 24 23 23 23 22 21 20 19 19 20 21 25 25 23 24 22 21 21 22 22 22 22 22 22 22 22 22 22 22 23 24 23 21 20 21 23 23 23 24 24 18 8 2 2 2 2 2 2 1 2 3 2 2 2 2 1 1 1 2 2 2 1 2 3 6 8 13 18 22 24 25 24 25 26 25 24 24 26 26 25 26 24 24 16 20 26 25 24 22 22 22 22 22 23 23 22 21 22 23 25 26 27 28 28 29 28 26 27 27 27 27 27 26 24 24 24 25 25 25 26 27 27 26 25 25 25 25 26 26 26 26 27 28 28 27 25 26 25 21 18 20 25 13 4 8 21 22 23 27 26 25 24 25 25 25 25 23 23 24 25 24 24 24 23 22 22 22 22 22 22 22 22 22 23 23 23 
21 21 21 21 22 22 23 23 23 23 23 23 22 22 21 21 23 24 24 24 24 23 22 23 23 22 21 22 22 23 23 23 23 21 20 21 22 23 24 24 25 25 26 26 26 25 24 25 25 26 26 27 27 28 28 28 27 26 26 26 26 25 25 25 26 26 27 27 27 27 28 27 28 27 27 27 26 26 26 24 23 21 18 16 20 26 26 24 23 23 23 23 23 23 23 23 22 22 22 22 22 22 22 23 24 23 21 21 23 26 26 22 23 25 19 9 4 3 2 1 2 2 1 2 2 2 2 2 1 2 2 2 2 2 2 2 2 2 2 3 4 7 11 17 21 24 25 26 25 24 24 25 25 24 24 23 22 15 19 24 23 22 23 23 22 22 23 23 22 20 19 21 22 21 22 23 24 25 26 26 26 27 27 26 26 25 24 24 24 24 24 25 25 25 25 25 24 23 24 25 25 24 24 24 24 25 26 26 25 24 27 28 23 15 17 24 15 5 8 21 24 23 18 19 20 20 20 20 20 21 20 19 20 20 19 19 19 19 19 19 18 16 16 16 16 15 16 17 18 18 
24 24 25 25 25 25 25 25 25 24 23 22 23 23 24 25 27 27 25 25 26 25 25 26 26 25 25 25 25 24 24 25 25 25 25 24 23 23 23 23 23 23 24 25 25 25 24 24 25 25 26 26 27 27 27 26 26 25 24 24 24 23 22 23 23 24 24 24 24 23 24 25 26 26 26 25 25 25 26 26 26 27 19 15 18 25 26 23 24 25 24 24 23 23 23 24 24 23 22 22 23 24 24 23 22 22 20 19 19 20 20 17 16 16 12 6 3 3 2 1 1 2 1 1 1 2 2 2 2 2 3 3 2 2 3 2 2 2 2 2 2 2 4 8 11 16 20 23 23 23 24 26 25 23 23 22 21 16 18 23 22 22 24 25 24 24 24 24 23 20 18 21 22 18 20 21 21 21 22 23 24 24 25 25 25 25 24 24 24 24 25 25 25 25 24 24 23 24 25 25 25 24 24 23 23 23 24 24 24 26 27 26 24 18 13 20 14 5 7 25 29 23 12 11 12 13 12 13 15 17 18 19 19 20 22 22 20 19 20 20 17 15 15 16 15 15 16 17 17 17 
26 26 26 26 26 26 26 27 27 26 25 25 26 27 29 30 31 30 29 29 31 31 30 30 29 28 29 31 29 27 27 27 28 29 30 30 29 29 28 28 27 26 26 25 24 22 21 20 19 19 19 18 18 17 16 15 15 15 14 14 14 13 13 13 12 12 12 12 12 13 14 14 16 16 17 17 16 16 17 18 20 21 16 11 13 18 19 17 19 19 18 18 17 17 17 19 19 18 16 17 19 20 20 18 17 16 15 13 10 8 7 8 7 5 3 2 2 2 2 2 2 2 2 1 1 2 2 2 2 3 2 2 2 2 2 2 2 2 2 2 2 2 2 2 3 4 11 16 17 16 20 24 24 22 23 23 20 18 19 24 24 24 25 26 26 25 23 22 24 20 18 22 22 18 22 23 21 20 21 21 21 22 23 24 25 25 25 24 24 25 25 25 26 26 26 25 26 27 28 26 25 27 27 26 24 24 25 25 25 29 29 23 27 26 16 15 12 5 5 29 31 19 8 2 2 4 3 4 6 8 11 13 13 15 19 21 22 23 25 24 21 20 21 21 20 21 22 23 21 20 
26 25 25 24 24 24 27 28 28 27 27 28 31 35 33 31 31 32 34 35 35 33 32 32 32 30 30 31 31 31 31 30 29 28 29 32 35 36 34 32 29 28 25 21 17 13 10 8 6 6 6 5 5 4 4 4 3 3 3 3 3 3 3 3 3 3 3 3 3 3 3 3 4 4 4 4 4 4 4 4 5 6 4 3 4 6 6 5 5 5 5 5 5 4 5 5 6 6 6 7 7 8 9 11 10 7 6 5 5 4 5 6 5 3 2 2 2 2 2 2 2 2 2 2 2 2 2 2 2 2 2 1 1 2 2 2 2 2 2 2 2 2 2 2 2 2 4 7 6 7 9 11 16 16 17 18 16 15 17 20 20 20 21 21 21 20 19 19 21 19 17 21 20 18 22 23 21 20 21 21 20 21 22 22 23 22 22 23 23 24 25 26 27 28 28 27 27 28 29 28 27 29 29 28 27 27 27 26 24 26 30 29 27 29 25 14 10 5 6 27 28 19 7 3 2 4 3 2 2 2 3 4 4 5 6 8 14 21 25 23 24 27 28 26 25 25 26 25 24 23 
27 26 26 25 24 24 25 26 26 25 25 26 28 30 28 27 27 29 32 32 31 30 31 33 35 33 31 29 31 32 32 31 29 30 31 30 27 22 16 12 10 10 8 6 5 3 3 2 2 2 2 2 2 2 2 2 2 2 2 2 2 2 2 2 2 2 2 2 2 2 2 2 2 2 2 2 2 2 2 2 2 2 2 1 2 2 2 2 2 2 2 2 2 2 2 3 4 4 5 5 5 5 6 6 5 4 4 5 5 5 6 5 4 3 3 3 3 2 2 2 2 2 3 3 2 2 2 2 2 2 2 2 2 2 2 3 3 3 2 3 3 3 3 2 2 1 2 2 2 2 3 4 4 4 5 6 5 5 6 9 9 9 9 10 9 9 11 11 13 12 11 13 12 13 16 16 15 15 16 15 16 16 17 17 17 17 16 15 15 15 16 18 19 21 23 22 22 22 23 23 22 19 19 19 19 18 18 16 14 14 19 22 17 20 25 12 7 3 4 19 24 21 13 8 4 2 2 4 4 2 2 3 3 3 3 3 6 17 22 19 21 25 25 25 24 23 24 24 23 23 
29 28 27 27 27 27 28 30 30 29 27 27 27 28 28 29 29 29 29 29 30 32 34 33 32 32 32 32 31 28 24 20 17 14 11 8 6 4 3 2 2 2 2 2 2 2 2 2 2 2 2 2 2 2 2 2 2 2 2 2 2 2 2 2 2 2 2 2 2 2 2 2 2 2 2 3 3 3 2 2 2 2 2 2 2 3 2 2 2 2 3 3 3 3 3 4 4 4 5 4 4 4 5 4 4 5 6 7 8 8 8 6 5 4 4 4 3 3 2 2 2 3 3 3 2 3 3 3 3 2 2 3 3 2 2 3 3 3 3 3 3 3 3 3 2 2 3 2 2 2 2 2 2 2 2 3 2 1 2 3 2 2 3 3 3 2 3 3 4 3 2 3 2 2 2 2 2 2 2 2 3 3 3 3 3 3 3 3 3 3 3 4 5 5 5 4 4 4 4 5 5 6 6 6 7 7 6 5 4 5 6 9 6 7 11 6 3 2 3 10 12 15 16 16 11 6 4 3 3 3 2 2 3 3 2 2 5 17 23 20 20 19 19 20 20 20 21 21 21 22 
27 26 26 27 28 27 27 30 32 31 28 27 28 30 29 29 28 27 26 24 25 31 34 32 30 32 32 28 23 17 10 6 4 3 2 2 1 1 2 2 2 2 2 2 2 3 3 3 2 2 2 3 3 2 2 2 2 2 2 2 2 2 3 2 2 2 2 2 2 2 2 2 3 3 3 3 3 3 2 2 2 2 2 2 2 2 2 2 2 2 2 3 2 2 3 3 3 4 4 4 4 4 5 6 6 6 7 7 7 7 9 8 6 6 5 4 3 3 2 2 3 3 3 3 3 3 3 3 2 2 2 3 3 3 3 3 3 3 3 3 2 2 2 2 2 3 3 3 3 3 3 2 2 2 3 3 2 2 2 2 2 2 2 2 2 2 2 2 2 2 1 2 1 2 2 2 2 2 2 2 2 2 2 2 3 3 2 2 2 1 1 2 2 2 3 3 3 3 3 3 3 2 2 2 2 2 2 1 2 3 2 4 3 2 2 1 1 2 2 4 2 2 1 3 5 9 10 6 3 2 2 2 2 3 2 2 6 21 30 30 29 25 21 22 21 21 20 21 22 23 
23 22 22 23 24 24 22 25 27 27 26 26 26 26 25 24 25 26 27 27 26 28 26 20 15 15 12 7 6 4 3 2 2 2 3 3 3 2 2 2 2 2 2 2 2 2 2 2 3 3 3 2 2 2 2 2 2 2 2 2 2 2 2 2 2 2 2 2 2 2 2 2 3 3 3 3 2 2 2 2 2 2 2 2 2 2 2 2 2 2 2 2 2 2 2 3 3 3 3 3 4 5 6 7 6 5 5 6 7 8 9 9 8 8 6 4 3 3 3 3 3 3 3 2 3 2 2 2 1 2 3 2 4 5 4 4 3 2 3 3 2 2 2 2 2 2 2 3 3 3 3 2 2 2 3 3 3 2 2 3 2 2 2 3 2 2 2 2 2 2 2 3 2 2 2 2 2 2 2 2 1 2 2 2 2 2 2 3 3 3 2 2 2 2 2 2 2 2 2 2 3 2 2 2 2 2 2 2 2 3 2 2 3 1 1 2 1 2 2 2 1 2 3 2 1 1 2 2 2 2 2 2 3 3 3 3 7 18 28 33 35 33 28 26 25 24 22 21 22 23 
22 21 21 21 22 23 24 26 26 27 27 27 27 25 25 26 27 27 28 28 26 19 12 6 3 2 1 1 1 1 2 2 3 2 1 2 2 3 2 2 2 2 2 2 2 2 2 2 2 2 2 2 2 2 2 2 2 2 2 2 2 2 2 2 2 2 2 2 2 2 2 2 2 2 2 2 3 3 3 3 3 3 3 3 3 3 3 3 3 3 3 3 2 2 3 3 3 2 2 2 3 4 5 6 5 5 6 7 8 9 9 8 8 7 5 3 3 3 3 3 3 3 2 2 2 2 2 3 2 2 3 3 5 6 4 3 3 2 3 3 3 3 3 3 2 2 2 2 2 3 3 2 3 2 3 4 4 3 2 3 2 2 2 2 2 2 1 1 1 1 1 2 2 2 2 2 2 2 2 2 2 2 2 2 2 2 2 2 2 2 2 2 1 1 2 2 3 2 2 3 3 3 2 2 3 3 3 2 2 3 2 2 2 2 2 4 2 2 1 2 2 3 3 3 4 3 2 3 3 2 2 2 2 2 2 2 4 8 12 16 21 25 28 28 28 25 23 22 24 24 
24 22 22 22 22 22 20 19 18 17 18 19 20 19 21 22 21 15 11 8 5 3 2 3 4 4 4 5 5 4 4 3 3 3 4 4 5 5 5 5 5 6 7 7 7 6 6 5 4 5 6 6 7 7 7 6 6 6 6 7 7 6 6 6 6 5 5 5 5 6 5 5 5 4 4 3 3 3 3 3 3 3 3 3 3 3 3 3 3 3 3 3 3 2 2 3 5 5 4 4 5 7 7 5 5 7 8 9 9 7 5 5 5 5 3 2 3 3 3 3 3 3 2 1 1 2 4 6 4 3 3 6 9 7 3 2 3 3 3 3 3 4 3 3 2 3 3 3 2 2 3 3 3 2 2 3 3 2 1 3 2 2 2 2 2 2 3 2 3 2 2 3 2 2 2 2 2 3 3 2 2 2 2 2 2 2 2 2 2 3 3 2 2 1 2 2 3 3 2 3 3 2 2 1 2 2 2 2 2 2 3 1 1 3 2 2 2 2 1 3 2 3 3 1 2 3 3 2 2 3 3 3 2 2 2 2 2 2 3 4 7 14 23 28 29 27 26 26 28 27 
19 19 24 27 26 23 23 26 28 27 24 22 20 18 19 15 10 8 5 3 4 4 5 5 5 4 4 5 5 6 7 7 8 9 11 13 12 11 12 12 11 14 16 16 16 17 15 11 13 17 16 17 17 17 17 15 10 14 19 15 17 19 17 15 18 18 17 17 18 17 16 15 14 13 14 13 12 12 11 11 11 11 12 11 9 10 12 12 10 12 11 8 7 9 10 8 5 5 5 6 7 6 5 6 7 8 7 5 4 4 3 4 5 4 4 3 3 2 2 1 2 2 3 3 4 6 8 8 6 5 5 5 4 3 2 3 3 2 3 3 3 3 3 3 3 2 2 2 2 2 2 2 3 2 2 3 3 2 1 3 2 1 1 2 2 2 2 2 3 3 3 3 3 3 2 3 3 3 2 2 2 2 2 2 2 2 2 2 2 2 2 2 2 2 2 2 2 2 3 2 2 3 3 4 2 3 2 3 3 3 3 3 3 3 3 3 3 3 2 2 2 3 3 3 3 3 3 3 3 3 2 3 4 4 3 3 3 3 2 2 3 5 8 14 21 24 31 37 28 24 
19 20 22 24 25 26 32 41 52 59 60 58 59 63 55 28 8 3 2 2 2 3 3 4 5 6 6 5 5 6 6 5 6 8 10 11 12 12 13 13 12 13 15 15 16 18 16 11 13 16 16 17 16 16 17 14 10 13 18 15 17 20 19 16 16 17 17 19 18 18 18 17 17 18 16 17 18 20 19 18 18 18 17 18 19 18 17 17 19 17 17 17 17 17 16 13 9 9 10 7 5 5 8 5 5 6 7 6 5 5 6 6 4 2 2 1 2 2 3 4 5 7 8 8 8 8 8 7 5 4 4 4 4 3 3 3 4 3 3 3 3 3 3 3 3 3 3 3 3 3 3 3 3 2 2 2 3 3 3 5 5 5 5 5 5 3 4 4 4 4 3 4 4 2 2 3 3 3 2 3 4 4 4 3 3 3 3 3 3 3 3 3 3 3 3 3 2 3 3 2 2 2 2 3 1 3 1 2 2 2 2 2 2 2 2 2 2 2 2 2 2 2 2 1 1 1 2 2 2 2 2 2 2 2 2 2 3 3 3 2 2 3 4 5 6 13 26 31 29 28 
12 13 13 14 15 16 15 19 23 29 36 45 54 64 62 46 32 27 23 17 8 6 4 4 3 3 3 2 3 3 3 3 5 9 13 14 17 17 16 17 17 17 17 17 19 20 18 14 15 19 19 20 19 19 21 17 12 15 20 19 20 23 23 20 18 19 22 22 20 21 20 18 20 23 21 18 18 20 20 19 18 18 18 19 21 19 18 18 20 17 18 20 19 16 14 11 10 9 6 5 5 6 7 6 6 7 7 6 5 4 3 2 2 2 3 5 8 6 7 8 9 9 8 7 7 7 6 4 4 4 5 3 4 3 3 3 3 3 3 2 2 2 3 3 3 3 3 3 3 3 3 3 2 2 2 2 2 3 4 5 8 11 12 13 11 10 13 13 11 9 8 8 9 12 11 12 13 13 14 14 12 11 10 9 9 9 9 10 10 10 9 9 10 9 8 8 5 9 10 4 5 8 8 9 5 9 7 8 7 7 7 7 7 6 7 7 7 6 6 6 6 7 7 7 6 7 8 8 7 6 6 6 4 3 4 4 3 3 3 3 2 2 2 2 3 6 10 14 24 28 
6 6 5 5 6 7 8 9 11 15 24 36 45 51 58 62 67 68 57 46 40 34 28 23 15 9 6 4 3 3 2 3 7 14 18 19 21 21 19 20 22 22 21 20 22 22 20 17 19 24 23 24 23 23 25 19 16 20 25 25 23 23 24 23 21 22 24 22 21 22 21 20 21 23 24 22 20 21 21 22 21 20 22 23 22 22 23 24 23 21 22 21 16 12 11 9 9 7 5 6 8 7 7 5 4 4 3 3 3 3 3 4 5 7 8 9 9 9 9 9 9 9 8 6 5 5 5 4 4 5 6 3 4 4 3 3 3 2 3 3 2 3 3 3 3 3 2 3 3 2 2 2 3 2 2 1 1 2 3 5 8 12 15 17 17 16 18 16 14 11 10 9 10 9 8 9 9 9 10 12 13 12 11 11 11 11 12 12 12 12 11 11 11 11 15 15 9 19 19 12 15 15 16 17 10 17 15 17 17 17 17 16 16 16 16 17 16 16 16 16 16 17 17 16 16 18 18 17 15 12 14 18 20 18 17 16 12 13 13 12 11 10 10 11 11 7 6 13 21 23 
4 4 4 4 5 5 6 9 13 18 25 33 38 43 53 57 54 54 56 58 60 58 58 57 49 38 29 22 15 11 8 9 13 19 21 20 21 20 19 21 23 23 22 22 23 23 21 18 21 25 24 26 24 24 26 18 18 23 26 28 24 23 24 24 22 23 24 22 22 22 22 25 23 21 24 26 23 22 22 24 24 23 25 25 24 24 25 25 25 25 24 18 11 8 7 6 5 5 7 7 5 5 7 9 8 5 4 4 5 7 12 16 20 21 17 12 9 8 8 7 8 9 9 9 7 7 7 6 6 5 5 4 5 5 4 3 3 3 3 3 3 3 3 4 4 3 3 3 3 3 3 3 3 2 2 1 1 2 3 5 6 8 12 15 16 16 17 16 15 13 11 11 11 13 12 12 12 11 12 14 14 13 12 12 12 13 13 11 11 11 10 10 10 11 15 16 10 21 20 18 21 17 19 19 12 19 18 20 19 19 19 19 18 18 19 19 19 19 19 19 19 20 20 20 21 22 22 20 16 15 20 28 29 24 27 30 29 29 28 29 29 29 29 31 28 24 31 37 27 20 
5 6 9 14 19 19 16 20 25 30 34 38 38 36 40 41 39 40 47 51 51 51 54 58 58 53 49 45 36 31 27 24 25 26 25 25 24 23 24 25 25 24 24 26 26 25 24 21 23 27 26 27 26 25 27 18 22 27 26 31 25 28 29 26 26 26 26 27 26 25 26 31 28 24 25 26 25 24 24 25 25 25 24 25 27 25 24 24 26 24 22 18 11 8 6 5 4 4 7 8 7 7 11 32 31 21 17 17 21 24 24 27 32 33 30 25 22 15 11 9 8 8 8 9 7 7 8 8 7 6 5 5 6 6 5 4 5 4 4 4 4 4 4 4 4 4 3 4 4 4 3 4 4 3 2 2 3 5 7 8 6 8 12 16 17 17 18 19 20 19 18 18 19 20 18 18 18 17 17 19 22 20 19 18 18 18 18 16 16 16 15 15 16 15 17 17 11 21 18 21 24 20 22 21 12 21 20 22 20 20 20 20 20 20 20 20 20 20 20 20 21 21 23 24 26 26 25 24 21 21 28 32 23 15 22 33 36 35 35 37 39 40 41 42 47 59 65 49 27 19 
5 6 11 19 29 33 30 32 33 34 36 38 40 40 38 39 42 44 42 43 47 46 46 48 50 50 50 50 47 45 40 33 33 30 29 32 28 26 29 28 26 27 28 31 29 26 26 24 26 31 30 31 29 29 31 21 28 31 26 34 30 32 29 27 31 31 27 27 30 30 28 27 28 30 29 25 27 31 30 27 26 29 30 29 29 29 29 29 29 26 27 27 20 16 15 14 14 11 11 18 24 25 27 48 47 35 30 30 32 35 33 35 39 40 38 37 36 30 26 20 16 13 11 9 8 8 8 8 7 7 6 5 6 5 5 5 5 5 5 5 5 5 4 4 5 4 4 4 5 4 4 4 5 4 4 3 5 10 16 17 16 19 23 23 21 21 21 22 22 22 21 23 23 22 21 22 23 21 21 23 25 24 23 22 22 21 21 22 21 21 20 20 21 21 23 20 14 24 20 25 23 21 24 22 12 21 21 23 22 23 23 23 24 23 24 24 24 23 24 24 25 25 25 27 28 28 28 29 29 30 36 37 23 13 21 37 43 41 42 45 49 51 48 49 61 71 56 33 22 20 
4 5 6 11 19 28 38 42 45 45 42 41 43 49 46 46 45 45 46 47 48 49 48 48 47 47 47 46 46 45 37 30 30 29 28 33 27 24 28 24 24 30 32 35 29 23 23 24 29 35 33 34 32 31 35 24 33 33 26 37 34 29 21 21 32 30 20 19 28 33 24 14 21 33 31 20 23 33 31 23 21 26 34 29 22 25 34 35 26 25 31 35 28 24 25 29 28 22 23 33 38 36 36 41 39 33 33 34 37 37 36 38 41 42 42 42 43 42 40 36 33 29 24 20 15 12 10 8 7 7 7 7 7 6 6 6 6 5 6 5 5 5 5 5 5 5 5 5 5 5 4 5 5 5 4 3 4 11 23 42 42 46 45 34 24 22 25 25 23 22 21 23 25 23 23 25 26 25 24 26 25 25 26 25 25 25 24 25 24 24 23 23 24 25 28 21 17 27 22 28 21 24 27 24 13 22 23 24 23 23 23 24 25 25 25 25 25 25 25 25 26 26 27 30 30 29 31 37 38 34 38 45 40 31 37 48 50 49 50 55 59 60 60 67 68 51 29 21 21 20 
4 4 4 5 7 13 22 30 43 55 55 47 44 50 52 51 49 50 51 49 48 54 55 53 52 51 49 45 45 46 37 26 25 23 22 30 21 25 29 13 19 28 30 34 27 19 24 27 31 38 36 36 35 33 35 27 32 38 30 39 37 27 13 13 31 32 15 11 26 35 21 7 16 35 31 14 16 31 32 18 14 21 33 22 10 17 33 31 16 16 31 33 21 18 27 33 26 18 25 42 38 24 22 35 34 22 20 28 38 35 24 30 42 39 30 31 40 47 35 30 37 46 40 25 17 22 21 18 14 11 10 9 8 7 6 7 7 6 8 7 6 5 5 6 6 6 6 6 6 6 6 7 6 5 4 3 3 8 26 62 62 63 52 38 25 23 29 25 26 27 27 25 28 26 26 28 30 28 30 30 26 27 28 27 26 28 31 27 26 26 26 27 25 25 30 22 19 28 27 27 24 26 28 27 15 26 26 27 24 25 25 26 27 27 26 26 25 25 26 28 29 30 31 32 34 34 35 40 42 39 42 50 50 45 50 54 53 58 60 61 66 69 73 74 56 31 18 19 22 20 
4 4 5 5 5 5 6 10 21 35 44 45 48 56 55 50 50 56 57 56 57 55 51 52 58 55 51 50 48 51 45 30 25 23 20 30 18 28 32 9 18 27 29 35 29 21 29 31 33 40 39 38 40 36 36 30 29 44 35 43 39 30 13 10 30 35 15 9 28 38 21 7 17 37 31 11 13 33 35 16 10 21 38 21 6 15 36 33 13 9 33 35 14 9 24 35 21 8 19 38 32 13 10 36 37 17 9 23 39 29 10 19 42 38 17 15 35 44 22 13 27 50 43 20 13 33 39 34 29 21 19 15 11 12 11 9 8 7 9 8 8 8 7 7 7 7 6 7 7 8 8 8 6 6 6 5 3 5 24 57 58 53 39 33 27 32 24 18 25 31 30 21 25 28 27 24 25 26 32 27 21 26 31 28 22 24 32 30 28 29 30 30 28 27 32 25 20 29 33 26 28 27 28 29 15 29 28 29 28 29 29 30 29 29 28 29 29 29 31 34 33 33 36 35 37 40 41 43 45 47 50 55 53 50 57 62 62 65 65 67 74 75 70 57 37 23 18 19 20 20 
5 4 5 5 6 6 6 6 7 9 16 28 39 50 53 53 53 56 60 61 61 57 53 53 58 56 55 55 53 54 49 36 34 31 29 39 29 34 37 19 26 34 36 43 37 28 34 34 36 43 43 42 44 41 40 32 30 46 38 47 44 35 18 15 31 37 20 13 31 41 24 11 22 42 35 13 15 37 38 17 13 26 45 25 8 17 41 37 14 11 36 41 17 8 22 42 27 10 17 35 32 15 12 38 42 19 10 25 40 26 7 15 44 45 17 11 39 43 18 9 22 44 37 15 10 40 53 43 44 32 30 19 13 19 22 17 17 14 13 10 11 12 10 8 7 9 8 9 9 10 9 8 8 9 10 10 5 4 15 34 45 41 30 33 33 42 15 10 22 33 24 11 15 30 29 15 13 23 35 20 12 22 34 31 18 16 26 34 33 33 34 34 33 32 36 27 21 32 37 29 31 31 31 32 16 30 29 32 32 32 32 32 31 30 30 32 34 34 34 37 34 34 38 40 39 42 49 50 50 53 56 60 60 58 64 71 73 68 69 79 82 68 49 34 25 20 20 20 19 19 
5 5 5 5 6 6 6 8 9 8 8 8 10 21 36 52 58 57 55 53 56 64 65 59 56 58 60 60 56 57 52 45 46 46 46 53 47 47 49 40 40 45 45 52 49 39 43 38 38 49 50 48 48 47 47 35 31 49 42 52 49 43 30 27 39 45 34 27 39 47 34 22 33 50 43 25 26 42 44 28 24 34 46 32 18 25 41 38 21 20 40 42 27 18 27 44 36 14 22 49 42 17 16 44 48 23 12 28 46 33 13 19 49 51 19 13 47 50 24 13 25 43 36 15 10 42 57 45 52 34 36 19 11 26 34 30 35 32 27 23 17 14 17 19 16 12 16 18 16 13 13 15 20 13 13 15 8 3 5 13 35 42 35 41 37 43 11 7 22 37 25 9 13 35 35 14 9 25 42 20 8 19 36 34 18 16 29 39 38 37 37 38 38 37 39 30 24 35 41 33 35 37 37 37 19 34 33 35 35 35 36 36 35 35 35 38 40 38 37 41 41 40 42 45 44 48 58 60 59 62 61 64 64 65 70 73 74 78 83 83 69 46 29 21 20 20 21 21 19 18 
5 5 5 5 5 5 8 9 10 9 7 4 4 6 15 26 32 37 46 58 65 60 57 59 62 61 61 63 60 59 57 53 57 59 59 60 59 56 59 59 52 56 53 58 57 49 52 41 39 56 59 52 50 52 54 39 33 51 46 55 52 52 47 45 51 54 51 50 50 52 48 39 46 57 52 45 44 47 50 46 43 45 54 50 43 46 53 50 42 40 50 46 45 41 44 48 46 30 38 57 51 32 33 50 51 35 29 42 55 45 29 32 50 49 27 23 51 57 36 26 36 50 44 28 21 47 56 47 56 32 38 31 18 36 44 37 48 46 42 43 29 21 31 39 29 19 28 34 27 20 21 28 36 18 14 19 14 5 3 7 32 46 43 49 41 42 16 12 27 42 33 16 19 34 35 16 11 25 42 22 10 21 38 38 23 23 39 42 41 40 40 40 41 42 41 34 29 38 43 36 42 43 43 42 23 39 38 40 37 38 39 40 40 40 40 42 44 43 42 47 53 53 50 54 57 60 65 68 71 73 70 69 70 76 82 82 80 84 78 59 38 24 20 20 20 20 22 21 20 20 
4 5 5 5 4 4 5 5 7 9 9 7 5 6 9 12 13 16 25 38 49 51 56 60 61 61 64 66 65 64 61 60 63 63 60 57 59 56 61 64 56 63 57 59 60 55 59 44 40 60 66 55 51 55 60 42 34 55 51 58 54 57 59 59 57 55 58 63 56 54 59 56 55 57 57 60 58 52 53 56 57 56 55 54 55 54 55 55 53 54 56 48 56 57 55 51 53 54 60 49 54 59 57 53 53 54 57 60 59 52 51 51 56 55 47 46 56 57 48 45 50 58 57 50 46 59 57 57 64 37 46 53 35 48 49 39 52 52 49 53 45 40 49 53 40 32 42 47 41 33 34 41 51 31 24 26 18 7 4 10 30 45 43 50 46 50 31 27 36 45 45 31 32 38 40 27 23 32 46 33 21 30 44 46 33 32 43 44 44 43 42 42 44 44 43 38 33 42 45 40 47 48 47 46 25 42 41 44 42 43 44 44 44 44 43 43 46 51 49 45 48 52 51 58 66 68 68 74 77 74 75 75 77 85 91 92 85 69 48 28 19 17 20 21 20 20 20 20 21 22 
4 5 5 4 3 3 2 3 6 10 11 9 8 10 12 13 11 8 8 9 14 28 44 49 50 60 66 63 65 67 65 63 64 65 65 61 62 62 66 67 61 67 60 61 62 59 64 49 44 59 65 58 54 58 64 46 36 60 57 63 56 60 63 64 57 53 56 62 58 56 62 64 59 55 58 61 60 58 56 56 59 63 62 60 58 59 64 66 60 57 59 51 56 55 55 56 60 62 70 59 60 62 60 58 57 61 65 62 57 57 60 60 59 62 67 65 58 60 60 60 60 60 61 62 64 66 55 65 68 42 49 65 51 55 49 42 56 58 58 52 52 56 57 54 53 50 50 51 52 51 49 47 57 50 43 36 23 9 6 17 27 46 50 53 51 53 49 45 48 48 54 45 45 49 53 47 46 47 56 48 38 44 53 53 43 39 44 47 48 48 47 47 49 49 47 41 36 46 49 44 51 51 49 48 26 45 44 48 48 49 49 48 47 46 45 46 49 59 50 26 20 24 31 45 55 57 63 73 73 70 82 90 92 93 91 81 61 41 28 22 21 22 23 22 21 19 19 20 22 23 
5 5 5 4 4 3 4 3 4 6 9 11 13 14 10 7 6 5 6 8 8 7 11 20 30 36 41 49 56 63 66 66 66 67 71 74 70 70 73 70 70 72 67 69 69 66 71 58 50 55 60 61 61 62 66 47 37 65 64 70 62 65 66 66 65 62 61 62 64 62 62 68 64 58 63 64 65 66 63 61 62 65 62 59 58 58 64 67 61 62 70 64 66 63 65 70 69 57 68 74 68 55 54 64 64 61 59 59 60 63 56 56 57 59 63 63 56 67 66 63 62 61 61 60 61 68 52 66 64 45 43 63 60 56 44 41 51 52 64 56 55 60 58 57 62 60 56 55 58 61 59 54 48 56 52 46 34 18 13 32 27 51 61 59 56 53 58 54 56 53 57 51 54 51 56 55 57 52 56 49 53 57 57 53 52 53 53 52 54 56 55 53 55 56 53 43 36 51 59 49 53 54 52 51 29 48 48 52 52 53 53 52 51 50 52 52 51 63 46 12 6 8 16 34 37 34 48 56 52 59 84 101 97 84 68 50 32 25 24 27 27 27 26 25 24 23 22 22 23 23 
5 5 5 5 4 3 3 4 5 6 8 9 9 6 4 3 4 4 6 7 8 10 11 8 4 4 15 34 43 53 61 66 68 66 68 78 72 70 71 67 74 76 74 76 77 74 77 66 56 52 55 61 64 63 66 48 40 68 69 75 66 70 70 70 76 78 74 70 76 71 64 72 72 66 71 75 74 72 71 72 70 65 62 65 68 65 66 69 67 63 69 64 68 68 69 67 69 65 69 64 71 72 66 64 69 70 67 71 73 65 66 68 71 71 68 68 73 70 63 58 62 67 67 63 58 74 57 70 65 52 40 38 44 42 38 44 57 60 58 64 65 63 65 64 57 61 63 64 61 60 62 64 63 69 57 50 42 22 12 55 29 52 61 58 61 59 57 54 60 58 59 52 60 57 61 59 62 56 58 50 60 61 54 51 57 68 69 57 60 62 61 59 60 61 58 43 37 56 65 53 54 58 57 56 32 53 53 57 53 54 55 56 56 56 58 55 52 64 47 11 6 8 16 37 30 22 35 37 25 30 55 72 65 44 26 22 25 24 26 27 25 27 29 30 30 29 27 25 25 25 
6 4 4 7 8 5 3 3 3 4 7 7 5 3 5 5 4 4 6 8 10 10 6 4 7 7 7 11 11 12 18 35 53 65 67 68 75 77 72 71 73 75 70 63 76 82 75 73 71 64 55 48 43 40 41 48 61 75 79 76 71 72 76 77 78 76 73 70 70 73 76 79 81 80 78 79 78 78 77 77 76 76 75 74 74 73 73 74 74 77 77 75 73 71 69 67 71 72 71 71 70 70 70 65 66 69 72 72 72 72 72 70 69 68 68 69 69 75 74 71 71 72 72 71 70 69 72 76 75 67 56 44 30 24 35 55 68 68 65 68 69 67 64 62 61 69 66 63 58 65 72 60 67 65 66 61 47 28 15 57 45 49 64 69 63 62 70 73 76 63 56 48 56 68 57 51 61 52 61 57 52 52 51 68 59 51 55 68 64 52 57 58 59 55 65 44 45 62 50 74 66 62 64 65 36 48 55 60 59 62 62 60 58 61 66 67 66 66 54 15 7 5 15 44 23 37 34 40 23 18 24 35 35 25 24 27 28 28 27 27 27 26 26 26 27 28 28 27 27 28 
4 4 5 6 8 8 6 5 3 3 7 8 5 3 3 3 3 3 4 6 7 6 4 4 7 10 11 10 7 5 6 11 17 26 35 40 54 67 73 80 81 84 88 89 94 85 75 75 73 72 69 67 65 64 63 64 68 71 74 78 82 78 74 77 80 80 80 79 78 78 79 78 75 71 67 76 82 82 82 82 82 82 80 78 78 80 80 80 81 78 77 77 77 77 77 77 78 77 77 76 76 75 75 72 71 73 74 75 75 75 76 76 75 75 76 77 78 77 76 73 73 73 73 72 72 73 74 78 79 72 64 68 71 73 73 70 65 61 63 67 70 71 72 74 77 68 75 81 78 72 70 71 76 72 74 69 54 32 17 69 56 57 67 69 66 65 59 78 64 26 16 19 30 42 59 52 34 36 36 31 47 59 45 38 41 51 48 56 52 57 61 49 55 57 62 58 39 64 62 65 60 58 59 62 38 54 64 67 63 65 66 64 62 65 63 52 52 54 47 14 6 6 19 38 21 26 18 25 23 23 26 34 35 30 31 33 30 29 29 28 27 27 27 29 29 30 30 30 30 30 
4 5 5 4 6 9 10 6 3 3 7 9 7 5 3 2 2 2 3 4 4 4 4 6 8 11 13 11 6 4 5 10 13 14 12 15 21 28 32 37 43 54 64 71 78 72 72 88 97 96 94 91 89 88 89 89 86 82 81 86 94 89 83 85 87 86 85 84 85 88 89 90 89 87 86 82 79 79 78 78 77 77 80 82 82 82 81 80 79 80 80 80 81 81 82 83 79 77 77 77 76 76 76 83 85 84 84 84 85 85 82 82 82 82 83 85 86 84 83 81 79 79 79 79 79 79 79 84 86 82 77 74 81 87 85 81 82 86 76 77 78 77 76 78 80 81 74 68 74 75 69 73 73 71 74 72 61 38 20 80 69 68 74 75 74 78 76 72 53 40 56 40 18 43 75 61 26 45 39 30 67 56 25 20 46 67 34 37 36 59 64 44 62 66 50 65 34 65 81 67 70 75 71 70 46 61 69 68 69 71 70 69 68 69 74 76 75 80 76 38 25 23 34 54 46 49 30 34 41 39 35 35 34 31 33 35 32 31 31 29 29 28 29 31 31 31 31 32 32 31 
4 5 5 5 5 7 8 5 3 4 8 9 8 7 4 4 4 3 3 4 4 5 9 11 9 8 9 8 4 4 7 12 14 13 12 11 12 14 15 17 23 31 33 36 44 47 59 74 76 77 79 82 87 91 89 87 87 86 83 83 86 90 92 93 92 90 88 86 81 79 81 84 85 86 86 91 94 93 91 90 88 87 91 93 92 90 87 84 82 87 90 89 88 88 87 87 90 91 90 90 90 90 89 88 86 84 83 82 84 85 85 85 84 84 84 85 86 85 86 84 81 80 81 82 81 80 79 82 84 83 80 85 82 78 78 80 81 80 82 82 80 77 74 75 78 88 86 75 78 83 77 79 78 77 81 84 81 56 30 78 74 76 80 78 79 86 84 73 45 26 40 39 29 59 75 52 29 57 56 40 86 52 25 28 65 78 29 29 30 55 55 37 60 60 46 67 38 61 80 69 75 85 76 73 51 66 72 69 75 75 75 74 74 74 75 71 68 74 74 50 38 41 60 77 83 86 69 70 70 48 39 35 33 32 34 35 32 32 32 31 31 30 31 32 31 30 30 31 32 31 
4 4 4 7 8 6 5 3 3 5 8 8 7 7 6 7 7 6 6 8 7 8 11 12 9 8 8 6 4 5 10 14 12 13 15 14 12 12 13 14 14 12 10 8 10 13 19 28 30 32 36 44 54 63 74 84 88 91 92 92 94 96 97 98 100 101 102 102 100 99 100 101 101 100 99 97 96 96 96 95 95 95 92 91 90 89 88 86 85 88 88 88 87 86 86 86 86 86 86 86 87 87 87 91 90 88 87 87 88 89 98 98 97 96 96 96 96 94 95 95 93 90 91 93 92 89 88 88 89 89 88 90 89 90 94 94 89 83 86 87 87 86 86 88 93 75 91 90 84 82 79 77 79 80 84 89 90 67 38 77 79 84 85 81 80 85 85 92 76 46 49 59 75 83 80 57 54 70 81 60 76 61 60 64 70 75 47 57 56 73 64 49 71 62 61 76 57 57 63 64 64 70 63 64 51 69 80 74 80 80 80 81 81 80 82 83 78 83 85 77 69 71 82 87 88 88 89 85 71 42 36 33 34 35 38 37 32 32 33 33 33 33 34 34 32 31 30 30 31 31 
5 3 3 7 8 5 3 3 4 6 7 7 6 7 8 9 9 9 11 12 12 9 9 9 8 10 11 6 5 8 15 15 11 12 14 14 12 11 12 12 11 10 8 4 4 6 8 13 15 15 16 19 24 28 33 36 39 41 43 45 49 55 59 62 65 70 75 77 82 86 86 88 89 88 89 92 94 96 98 101 102 104 103 102 103 104 105 108 110 109 109 109 110 110 111 112 110 109 110 110 111 111 112 106 104 104 104 105 106 107 99 95 94 93 93 93 93 91 95 96 93 91 92 97 94 92 91 90 91 91 91 83 86 90 89 86 87 91 89 90 91 89 88 90 93 95 90 91 87 90 97 85 89 90 92 93 97 78 48 85 91 96 95 89 85 85 75 83 92 88 93 84 87 96 93 86 93 81 98 88 81 75 88 92 72 79 82 91 89 94 84 75 94 77 80 86 80 63 58 67 65 67 63 66 58 75 88 80 87 85 85 86 87 86 84 83 78 83 82 87 82 88 95 94 92 87 82 63 48 37 35 33 33 35 37 35 32 32 33 33 33 33 34 35 34 33 32 31 31 30 
6 4 4 5 6 4 2 3 5 7 7 7 7 8 8 8 8 11 11 10 10 8 8 8 9 11 10 5 4 8 14 13 9 10 14 15 13 12 11 9 7 9 9 5 4 6 8 12 15 14 13 12 13 13 13 13 14 15 15 17 20 20 20 22 24 26 29 31 33 34 34 35 36 37 38 41 43 44 46 47 48 49 52 53 53 53 55 58 61 61 61 62 62 62 63 63 66 67 67 68 68 68 69 68 69 70 72 73 75 75 82 83 83 83 84 86 87 86 90 93 91 88 92 97 94 94 95 94 95 96 97 100 100 97 94 92 94 97 103 106 107 104 102 102 103 111 87 106 107 94 106 101 100 103 101 98 104 91 62 91 97 100 97 93 91 91 100 101 104 94 96 91 100 88 94 99 101 85 93 100 100 89 88 99 86 94 100 91 91 90 89 84 97 86 92 93 96 81 76 83 85 86 84 85 74 86 98 87 93 91 91 93 94 92 89 90 88 92 86 97 93 99 96 89 83 74 57 40 32 35 36 35 33 32 33 33 33 33 32 32 31 31 32 33 33 33 33 32 32 30 
5 5 4 4 5 4 2 3 5 7 8 9 9 9 9 6 6 9 8 5 5 7 9 11 11 10 8 6 5 9 14 11 7 8 12 14 13 11 9 6 4 8 11 6 5 8 11 12 12 13 13 14 14 14 12 12 12 13 12 11 11 10 9 9 9 9 9 10 10 10 10 10 9 9 10 11 11 12 12 12 12 12 14 14 14 13 14 15 16 18 18 18 18 17 17 17 18 18 18 18 18 19 19 20 21 22 23 24 25 25 30 32 32 33 34 35 36 35 37 39 38 37 39 42 41 42 43 43 44 45 46 49 48 51 61 71 67 57 54 56 59 59 59 60 61 65 68 131 124 65 72 91 81 84 81 77 85 79 57 84 88 89 88 88 89 89 92 93 94 88 98 93 94 89 98 106 100 105 98 106 101 105 95 108 106 102 98 97 99 96 102 93 98 97 101 103 103 100 100 96 103 105 104 105 91 98 111 95 99 95 95 98 100 97 94 99 101 106 93 106 99 104 89 66 53 44 30 29 28 32 36 36 33 33 35 35 34 33 32 31 30 29 28 29 30 31 32 32 31 32 
7 9 7 5 7 6 3 3 7 9 9 9 8 7 6 4 7 9 8 4 4 5 8 9 11 8 7 6 7 12 15 12 8 9 12 12 13 12 10 6 6 10 13 9 7 8 13 14 14 16 19 18 15 14 11 13 14 15 15 13 12 11 11 10 10 9 8 7 7 7 7 7 7 6 7 6 6 5 5 6 7 6 5 5 6 8 8 6 7 9 11 10 9 8 7 8 7 6 8 7 8 7 8 6 6 5 5 6 7 6 6 6 6 7 8 8 7 6 6 10 11 8 10 10 9 9 9 10 10 11 12 11 10 14 23 31 28 21 15 15 16 18 18 18 20 21 37 96 92 30 24 48 44 37 32 35 46 46 35 55 57 58 58 60 60 60 60 64 62 59 63 60 63 59 62 71 69 71 65 68 68 72 68 74 75 71 69 75 76 74 77 71 72 73 78 80 79 78 80 80 86 83 83 83 79 84 91 84 86 85 86 88 91 91 90 90 90 90 82 81 73 72 63 49 40 35 28 29 29 29 29 27 26 27 30 32 32 31 31 30 29 28 28 27 27 28 29 30 29 30 
12 13 10 6 8 5 4 3 8 9 8 7 5 5 3 4 9 10 8 4 4 4 6 6 12 10 10 9 9 11 14 17 13 10 11 10 11 12 12 10 10 13 14 13 11 11 15 16 16 17 18 17 13 10 9 17 22 23 24 21 21 19 19 20 19 18 17 15 14 13 14 15 15 16 17 17 16 14 13 14 14 11 11 12 17 22 18 10 8 10 12 12 10 8 9 11 9 8 10 9 10 10 10 10 9 6 5 7 9 9 11 10 8 10 11 9 6 8 7 15 16 9 10 8 7 8 9 10 12 14 15 20 18 18 21 25 24 22 24 22 21 22 21 21 23 23 37 57 50 24 22 31 31 19 15 22 33 33 26 33 34 35 36 37 37 36 36 40 38 35 31 30 37 33 31 40 43 38 38 37 39 39 40 41 41 40 40 43 43 42 41 41 40 42 48 48 48 47 48 53 57 55 53 52 54 56 56 56 57 57 57 59 62 65 65 62 61 60 58 52 46 42 41 43 43 40 36 35 35 35 31 26 23 22 23 26 28 28 27 26 26 27 27 26 24 25 27 27 27 27 
21 21 17 9 9 5 5 5 8 7 6 5 3 3 3 6 10 10 9 4 4 3 4 4 11 12 13 13 15 11 9 12 11 10 11 10 9 11 12 11 11 12 12 11 10 11 12 15 16 14 14 14 12 8 8 20 31 33 32 30 31 29 29 29 30 30 29 28 26 25 26 27 28 29 30 31 32 30 27 27 27 24 21 22 29 35 26 14 9 10 11 11 9 9 10 12 10 9 9 9 10 10 11 12 10 7 6 8 10 11 14 11 10 12 14 12 8 11 15 28 28 20 21 16 15 17 19 22 24 25 26 31 30 29 32 35 35 33 39 37 36 36 35 35 38 42 44 43 36 34 38 37 38 33 32 37 41 37 31 31 32 33 34 34 34 34 32 34 35 35 28 24 31 27 26 34 37 34 34 34 36 37 39 39 38 35 34 36 35 34 34 34 34 35 36 34 33 33 36 38 40 40 39 38 39 40 38 37 36 35 34 35 38 41 42 39 39 40 41 40 38 35 35 42 44 41 37 37 40 42 38 33 29 27 27 28 29 27 26 25 26 27 28 27 25 25 26 27 26 26 
29 29 22 11 10 7 8 8 9 6 4 4 2 3 4 10 9 9 12 7 5 4 3 3 8 12 13 12 13 10 6 3 5 9 12 11 11 10 10 8 7 7 6 6 7 7 6 9 11 9 8 10 10 7 6 19 32 33 32 32 33 30 30 31 33 33 33 33 32 32 32 32 32 32 32 32 34 35 32 32 33 32 28 28 32 35 26 15 10 11 12 11 10 10 11 14 11 10 8 9 7 8 8 9 8 6 5 7 8 8 9 8 7 9 11 10 7 9 16 32 34 30 33 27 27 28 30 31 32 31 31 30 29 29 30 31 33 33 38 36 36 36 36 36 38 43 32 34 39 37 35 34 36 37 38 39 38 35 33 34 34 36 36 36 36 36 35 36 38 41 32 25 35 27 26 34 36 34 36 36 38 40 42 42 40 37 36 37 36 35 35 35 37 37 36 34 32 34 36 36 35 34 34 35 36 37 36 36 36 34 32 31 33 35 36 35 34 35 37 37 37 35 37 40 41 37 33 34 37 38 37 36 36 36 36 35 33 31 29 28 28 30 31 30 29 28 29 29 29 29 
29 30 20 8 8 6 9 9 7 4 3 3 3 3 5 10 6 6 13 9 8 7 4 3 6 10 12 7 4 6 7 3 4 11 17 17 17 16 13 11 10 10 10 9 10 9 8 9 9 7 6 7 7 5 7 21 30 29 29 30 31 28 29 30 31 32 32 33 33 33 32 32 31 30 29 29 31 33 30 29 30 31 32 32 32 32 27 22 20 21 21 22 21 21 22 23 19 18 13 14 12 13 12 11 11 11 10 11 11 10 9 8 8 9 9 9 7 7 15 28 30 30 36 31 34 35 35 34 33 33 33 29 29 28 27 26 27 29 33 33 33 34 35 36 37 37 31 37 41 37 36 35 33 34 34 33 33 33 35 33 33 34 34 34 34 34 35 33 36 40 31 26 38 31 30 36 37 36 38 36 36 38 39 39 37 36 36 35 34 33 33 34 36 37 39 36 34 36 38 37 35 34 34 35 36 37 34 34 37 35 34 32 32 32 33 36 34 34 34 35 34 34 35 34 32 31 31 32 32 30 31 33 35 36 37 36 34 33 31 30 30 30 32 32 32 31 30 31 31 31 
30 30 17 5 5 6 7 6 4 4 4 4 5 5 4 5 3 5 11 8 9 10 7 4 5 10 12 9 6 5 5 5 9 20 29 29 29 28 28 27 25 24 25 24 23 22 21 23 23 21 19 18 17 18 18 29 33 31 32 33 33 32 34 34 35 35 36 36 36 36 35 35 34 33 32 35 39 41 36 33 34 35 38 37 35 36 35 34 34 35 37 38 38 37 37 37 36 36 30 32 29 30 30 28 28 26 23 24 25 24 22 22 23 22 20 19 20 17 27 35 33 33 36 32 35 35 34 33 33 34 35 34 33 32 29 27 26 27 31 32 33 34 37 39 39 39 42 42 34 39 49 40 39 39 39 39 38 38 38 35 35 36 36 36 36 35 35 32 33 38 32 28 41 34 32 37 36 35 38 35 34 36 36 35 35 36 38 36 36 35 35 35 37 37 36 33 32 33 35 34 33 33 33 33 33 32 30 29 30 30 31 30 29 27 29 32 30 29 29 29 28 28 28 26 26 29 32 31 28 25 26 27 28 28 28 28 29 29 29 29 28 27 28 29 29 28 27 27 28 29 
31 31 16 4 5 6 6 4 3 5 6 6 8 7 3 3 4 6 10 7 9 10 7 5 5 10 12 12 11 6 5 11 19 28 35 33 33 33 35 38 37 35 36 36 33 32 33 35 36 37 36 33 33 36 32 35 34 31 34 33 34 35 37 36 36 37 37 37 36 36 36 36 36 35 35 36 39 41 38 36 38 38 37 36 36 37 38 37 36 35 35 35 36 36 35 34 37 39 37 37 37 37 38 41 42 37 32 33 36 36 35 38 40 39 36 36 39 32 38 40 36 36 36 35 37 36 34 33 32 33 34 34 33 33 31 30 30 30 29 31 32 32 36 38 37 34 33 32 26 32 41 32 34 35 36 36 36 33 30 38 39 39 39 39 38 38 36 33 32 36 33 31 42 34 33 36 34 33 36 33 34 36 37 35 34 36 38 31 31 31 31 31 30 30 32 31 30 31 31 31 31 30 29 30 31 32 31 29 27 28 29 30 29 29 29 29 27 27 27 27 26 25 25 24 26 29 30 26 23 24 24 25 25 24 23 24 25 26 27 26 26 24 24 24 25 24 23 23 24 25 
22 23 13 4 6 8 6 4 3 8 9 7 9 8 6 6 8 8 10 8 8 8 5 4 5 10 11 11 11 10 12 22 26 25 24 24 23 23 24 26 28 29 29 28 27 27 27 26 25 27 28 27 28 30 28 30 26 26 28 25 28 29 29 29 29 29 29 30 29 29 29 29 29 29 28 25 24 26 25 26 29 29 28 28 28 28 30 29 27 28 29 28 29 30 30 29 30 28 31 28 30 29 30 29 30 28 25 25 27 27 24 25 26 26 26 27 29 29 31 29 28 29 28 30 33 33 32 31 29 28 28 30 30 30 31 32 32 31 27 30 30 30 32 34 32 34 28 33 33 31 34 31 31 32 32 32 32 30 28 31 31 31 32 31 31 30 28 28 26 27 27 26 32 31 30 32 30 30 33 29 28 32 33 31 29 29 31 29 30 31 31 30 28 27 29 30 30 30 29 30 30 28 27 28 30 32 33 32 28 29 30 31 31 31 31 29 28 28 28 28 27 27 27 26 26 26 26 23 23 23 24 24 25 24 24 24 24 24 25 25 25 25 24 23 24 24 22 23 24 24 
17 19 13 5 10 11 6 3 4 10 9 7 8 8 10 11 11 9 11 11 10 7 4 4 6 12 11 11 19 23 20 17 20 21 18 20 21 21 21 21 21 21 20 19 20 20 20 20 21 22 22 22 22 21 20 22 20 21 22 18 23 23 21 21 21 21 22 22 23 23 23 22 21 21 21 21 22 23 22 23 25 24 23 23 22 21 23 23 21 22 21 20 21 22 23 23 24 22 26 23 25 23 23 21 24 25 25 24 24 22 22 21 21 21 21 20 20 24 24 22 23 25 23 27 25 25 26 26 26 26 25 26 24 24 24 24 22 21 22 25 25 24 25 26 24 22 22 27 23 19 23 23 23 22 22 21 21 22 23 24 25 25 25 25 25 24 24 26 23 24 24 22 25 26 25 26 24 25 28 25 25 29 31 29 26 24 26 25 26 27 27 26 23 23 25 26 27 25 25 27 28 27 25 25 25 26 26 27 27 27 27 27 28 28 28 27 27 27 27 27 26 26 28 26 24 23 24 26 26 23 23 23 23 22 22 23 23 23 23 23 24 25 25 24 25 25 24 25 27 26 
18 17 9 7 10 7 5 3 7 7 8 8 6 7 9 9 8 11 11 10 8 3 2 4 8 15 16 14 19 21 20 20 22 20 18 18 18 19 20 21 20 20 20 20 21 21 21 22 21 20 21 23 24 23 23 23 23 23 23 23 24 23 22 22 22 23 23 22 22 22 22 22 23 23 23 23 22 22 21 21 20 20 21 22 23 23 24 23 23 22 21 22 24 25 24 23 21 22 24 25 25 25 24 23 23 24 24 24 25 25 22 21 21 21 21 21 21 21 21 20 20 21 21 22 22 21 21 21 22 22 23 24 22 20 19 20 21 22 21 22 22 22 23 23 23 23 24 24 23 22 22 22 21 21 22 22 22 21 21 19 20 21 21 22 22 22 22 22 22 22 22 22 22 22 22 22 22 23 23 23 21 21 22 22 18 17 19 19 19 20 20 20 19 18 18 18 17 16 16 17 19 21 21 22 22 22 22 22 22 22 22 22 22 22 22 21 21 21 21 22 22 23 22 21 20 20 22 24 23 21 20 20 20 21 21 22 22 21 21 20 21 22 22 20 20 20 21 21 21 21 
18 15 7 6 9 6 3 3 7 6 6 8 7 6 8 9 9 10 10 7 3 3 5 6 6 10 14 17 23 24 22 22 24 24 21 22 22 22 22 23 22 20 20 20 20 20 20 20 20 20 20 21 22 21 21 21 22 22 23 23 24 24 23 22 23 24 24 23 21 21 21 21 21 21 21 23 24 24 23 23 23 22 20 19 20 20 20 20 20 20 19 20 21 22 22 20 21 21 23 24 25 24 23 21 21 21 21 22 22 22 22 22 22 22 22 22 22 21 21 19 19 19 20 20 24 25 24 25 25 27 28 26 25 23 22 22 23 25 23 23 22 22 21 21 21 22 23 23 22 21 21 21 21 22 22 22 22 22 21 21 21 22 22 22 21 21 22 22 22 22 22 22 21 19 19 19 20 20 20 20 20 19 21 21 18 17 18 18 19 19 19 19 19 19 23 23 22 21 21 22 23 20 20 21 21 21 20 21 21 21 21 21 21 21 21 21 21 21 21 21 21 21 21 20 20 20 21 22 23 23 23 23 23 23 24 23 21 20 20 20 20 21 20 19 19 20 20 20 20 20 
17 15 8 7 9 5 3 5 8 6 4 6 8 8 8 9 9 8 8 7 4 3 5 4 3 7 12 15 20 19 16 17 20 20 20 20 21 21 20 20 20 20 20 19 19 18 18 17 17 16 16 17 17 17 17 18 19 20 21 22 23 22 21 21 21 22 21 21 20 20 21 21 21 21 21 20 20 20 20 20 20 19 20 19 19 19 19 20 20 22 22 22 22 23 23 22 19 19 20 21 21 21 20 21 22 22 22 22 22 22 22 22 22 22 22 22 22 23 23 22 21 21 21 21 18 18 18 18 19 20 20 24 23 21 20 21 22 23 23 23 21 20 20 21 21 23 23 23 22 21 21 20 21 21 21 21 21 21 21 23 23 23 22 22 21 21 20 20 21 21 21 20 20 22 22 22 23 23 23 23 24 24 25 25 22 22 24 23 23 24 24 24 23 23 22 23 23 22 22 23 24 25 25 25 25 25 25 25 25 25 25 25 25 25 25 26 26 25 24 24 24 24 24 24 24 25 25 25 24 22 22 22 22 22 23 24 25 24 24 24 24 24 24 23 23 23 24 24 24 22 
16 16 10 8 8 3 3 6 9 6 3 3 6 9 8 9 7 4 5 10 10 4 3 3 2 3 9 17 19 18 17 18 19 19 20 21 22 22 21 19 20 22 22 22 21 21 21 20 19 19 18 19 18 18 19 20 21 22 23 24 24 24 24 23 23 24 24 24 21 19 19 20 20 20 20 21 21 21 21 22 22 22 21 20 19 19 19 20 21 23 22 21 21 22 22 22 21 22 23 23 23 23 23 22 22 22 22 22 22 22 21 21 21 21 21 21 21 23 23 23 22 22 21 21 20 20 20 20 20 20 20 19 18 18 17 17 18 19 20 20 20 20 20 22 23 23 22 22 22 22 21 20 21 21 22 22 22 21 21 22 23 23 22 21 21 20 20 20 21 21 21 20 20 20 20 20 21 21 21 21 20 21 21 21 20 21 21 21 21 21 21 21 21 21 21 21 22 21 21 22 23 22 22 21 21 21 21 21 20 20 20 20 20 20 20 21 21 21 20 20 20 20 20 21 21 22 21 20 20 20 20 20 20 21 21 21 21 21 20 20 20 20 20 20 20 20 21 21 21 21 
16 15 8 7 6 3 5 7 9 7 3 3 5 8 8 9 6 3 5 11 11 5 4 3 1 2 10 18 18 17 17 19 18 16 17 18 18 18 17 16 16 17 17 17 17 18 18 19 19 19 19 18 18 18 17 17 17 18 18 18 18 20 20 19 20 20 21 20 19 18 19 19 19 19 19 19 20 20 20 20 20 20 20 20 19 19 19 20 21 21 20 18 19 19 19 19 19 19 20 20 20 20 20 21 21 21 21 21 21 21 21 21 21 21 21 21 21 22 22 22 21 20 20 19 23 23 23 22 21 21 20 19 18 18 17 18 18 19 20 20 20 20 21 22 23 22 21 21 22 22 21 20 22 22 23 23 23 22 22 20 20 20 21 20 20 20 21 21 22 22 22 21 20 20 20 20 21 21 21 21 20 21 21 20 20 21 21 21 21 20 20 20 21 21 21 22 23 23 22 23 23 21 21 20 20 20 20 20 20 20 20 20 20 20 19 19 19 20 20 20 20 20 20 21 21 22 21 20 20 21 21 21 21 22 22 21 21 21 20 20 20 19 20 20 21 21 21 22 22 21 
21 16 7 7 8 4 7 8 9 10 6 4 7 9 9 10 8 6 8 13 11 7 4 2 2 9 19 22 21 19 21 23 21 19 19 20 21 21 20 19 19 19 19 19 20 20 21 21 22 23 22 21 20 21 20 20 20 20 20 20 20 20 20 20 20 21 21 20 21 22 22 22 22 23 23 22 21 21 21 20 20 20 22 23 22 22 22 23 24 24 23 22 23 24 24 23 21 21 21 21 21 21 21 23 23 23 23 23 22 22 23 23 23 23 23 23 23 23 23 23 23 23 22 21 22 22 22 22 21 20 19 20 20 20 20 20 21 21 24 23 23 23 23 22 22 22 21 21 22 23 23 21 21 22 22 22 22 21 21 20 20 20 21 21 20 20 20 20 20 21 20 20 20 20 20 21 21 21 21 21 21 22 22 21 21 22 22 21 21 21 20 21 21 21 20 21 21 21 20 21 22 22 21 20 20 20 20 21 21 21 21 21 21 21 21 20 20 21 21 22 22 22 21 22 23 23 22 21 21 21 21 21 21 21 22 22 22 22 22 21 21 20 21 22 22 22 22 23 23 22 
24 17 7 7 10 7 9 8 7 10 7 6 9 9 9 10 11 10 10 11 11 8 3 1 4 19 31 28 30 28 27 29 28 27 28 28 29 30 30 30 30 29 29 29 30 30 30 29 30 31 30 28 28 29 30 29 29 30 30 30 31 30 28 27 28 29 29 28 27 26 26 26 27 27 27 29 30 30 29 29 28 28 27 26 26 26 27 27 27 28 28 28 29 31 30 29 30 30 30 30 30 30 30 28 27 27 26 26 26 26 25 25 25 25 25 25 25 26 26 27 27 27 26 25 27 28 28 28 28 26 26 24 24 24 24 24 25 25 26 27 27 27 27 25 24 24 23 23 25 28 27 25 23 24 24 24 24 24 23 24 25 25 25 24 23 23 23 23 23 24 23 23 22 20 20 21 21 21 21 21 22 23 22 20 21 23 22 21 21 20 20 21 21 21 22 23 24 23 22 22 22 23 21 20 19 20 20 21 21 21 21 21 21 21 20 19 20 20 20 20 20 20 20 20 20 20 19 19 20 22 22 21 22 22 23 21 20 20 20 19 18 17 18 19 19 19 20 20 20 21 
22 16 6 7 11 7 8 6 4 6 5 5 9 8 7 8 11 12 8 7 8 6 2 2 7 19 24 23 27 26 22 22 23 23 23 23 23 24 25 26 25 25 24 24 24 23 23 23 23 25 24 22 22 24 24 23 23 24 25 25 26 25 25 24 24 25 25 24 25 26 26 26 27 27 27 28 29 28 28 27 27 27 26 26 26 27 28 27 27 26 26 27 29 31 30 28 27 27 26 26 26 26 27 27 28 27 27 26 26 26 26 26 26 26 26 26 26 26 27 28 28 28 27 26 28 29 30 31 31 30 30 29 29 29 29 30 30 30 27 28 30 31 31 29 28 28 26 27 30 33 33 30 32 32 32 32 32 32 32 32 32 32 31 30 28 28 31 31 32 32 32 31 31 32 32 32 32 33 33 33 33 36 33 30 32 34 33 32 31 30 30 31 32 32 32 33 34 33 31 31 32 34 32 30 29 30 31 31 30 30 30 30 30 30 29 28 28 28 27 27 27 27 27 27 26 26 26 25 25 25 25 25 25 26 26 26 26 26 26 26 25 24 24 24 25 25 25 25 25 26 
15 10 5 6 9 6 4 4 3 4 3 5 7 7 8 8 8 7 5 5 7 3 2 4 8 14 17 17 18 17 16 16 16 16 16 16 16 16 16 16 16 17 17 17 17 17 17 16 15 16 16 15 15 15 16 16 16 16 16 17 17 17 17 17 17 16 16 17 17 17 18 19 19 19 19 20 20 20 20 19 18 18 20 20 19 18 18 18 18 17 17 18 18 19 19 18 18 18 18 18 18 18 19 19 19 19 19 19 19 19 19 19 19 19 19 19 19 19 19 19 19 19 19 19 20 20 20 20 21 21 22 20 21 21 22 22 22 22 21 21 22 22 22 21 20 20 18 18 20 21 21 21 21 20 21 21 21 21 20 22 22 22 21 20 19 20 23 21 21 22 23 23 22 20 21 22 23 23 23 23 23 23 22 21 21 22 22 23 23 23 23 22 22 22 22 23 22 22 22 22 22 25 25 24 22 21 21 22 22 22 22 22 22 21 21 22 22 22 22 22 23 23 23 22 22 21 21 21 21 20 21 21 21 21 22 22 22 22 22 22 21 21 22 24 23 23 23 24 23 24 
12 7 4 6 8 7 3 3 3 3 4 5 7 7 7 6 4 5 7 8 5 3 3 7 10 12 13 14 14 14 13 13 13 13 13 13 13 13 13 13 13 13 13 13 14 14 14 13 13 13 13 13 13 13 14 14 14 14 14 14 14 13 13 14 13 12 12 13 13 13 14 15 15 15 14 14 14 14 15 15 14 14 15 15 13 13 13 13 13 14 15 16 15 15 16 16 14 14 14 14 14 15 15 14 14 14 14 14 14 14 14 14 14 14 14 14 14 14 14 14 14 14 14 14 14 14 14 14 14 15 15 14 14 15 15 16 15 15 15 15 15 15 15 15 14 15 14 14 16 15 15 16 15 15 15 16 16 15 15 16 17 16 15 14 14 16 16 14 13 14 16 16 15 15 15 16 17 17 17 17 17 17 16 16 16 16 16 14 15 15 15 15 14 14 14 14 13 13 13 14 14 16 17 17 15 14 14 14 15 15 15 15 15 14 14 15 15 15 15 15 15 16 17 17 16 16 16 16 15 14 15 15 15 15 15 16 17 17 16 16 16 16 16 16 15 15 16 16 15 15 
11 6 4 5 8 7 4 3 3 3 3 4 5 4 4 3 3 6 8 6 3 3 6 12 15 13 13 15 15 15 16 16 15 15 16 16 15 15 15 15 15 15 15 15 15 15 15 15 15 15 16 16 17 17 17 16 16 16 16 16 16 15 15 16 16 15 15 15 16 16 16 17 17 17 17 15 14 14 16 16 16 16 16 15 14 14 15 16 15 15 16 17 15 16 17 17 16 16 16 16 17 17 17 16 16 16 16 16 16 16 16 16 16 16 16 16 16 16 16 16 16 16 16 16 16 16 16 16 16 16 17 16 16 16 16 16 17 17 16 17 17 17 17 17 16 16 14 15 17 16 15 16 16 16 16 16 17 16 15 16 17 16 15 14 15 15 17 16 15 16 17 17 16 15 15 16 16 16 16 16 16 16 16 16 16 16 15 15 16 16 16 16 15 14 15 15 15 15 15 16 16 17 17 17 17 16 15 15 15 15 16 16 16 15 15 15 16 16 16 15 14 14 14 14 14 13 13 14 13 13 14 14 14 14 14 15 14 14 14 13 13 13 13 13 13 13 14 14 13 12 
9 6 3 4 8 8 6 5 4 3 3 3 3 3 5 5 6 9 8 4 1 4 10 17 18 15 14 15 15 16 16 17 17 16 16 16 16 16 15 15 16 16 16 16 16 15 15 15 16 16 17 17 17 18 17 16 16 16 16 16 16 16 16 17 17 16 16 16 17 17 17 17 17 17 17 16 15 15 17 17 17 18 17 16 15 15 16 17 16 15 16 16 15 16 17 16 16 17 17 17 17 17 17 18 18 18 18 18 18 18 17 16 16 16 16 16 16 16 16 16 16 16 16 16 17 17 17 17 17 17 18 17 17 16 16 16 17 17 17 17 17 18 18 18 18 17 15 16 18 18 16 16 16 16 16 17 17 16 16 17 17 17 16 16 16 16 17 17 16 17 18 18 17 15 15 16 16 16 16 16 16 16 17 17 16 16 15 16 17 18 18 17 16 16 16 16 17 17 18 18 18 17 17 17 18 18 17 16 15 16 16 17 17 17 16 16 17 17 17 16 15 15 15 15 14 14 14 14 14 15 15 15 14 14 15 15 15 14 14 13 13 12 13 14 14 15 16 16 15 14 
8 5 3 3 6 8 7 7 6 4 4 4 5 7 9 9 9 10 8 4 3 7 14 17 17 15 14 14 14 15 15 16 16 16 16 16 16 16 15 15 16 17 16 16 16 16 15 16 16 16 16 16 16 17 16 16 16 16 16 16 16 16 16 16 16 16 16 16 16 16 16 16 16 16 16 15 15 15 17 17 16 16 16 15 15 15 16 16 15 15 16 16 15 16 17 16 15 15 16 16 16 16 16 16 16 16 16 16 16 16 16 15 15 15 15 15 15 15 15 15 15 15 15 15 15 15 15 15 15 15 15 15 15 15 14 14 15 15 15 15 16 16 16 16 16 16 15 17 18 18 16 16 17 16 16 17 17 17 16 18 17 17 16 16 16 16 15 15 15 15 16 16 16 16 16 16 17 16 16 16 16 16 17 17 16 15 15 16 16 17 17 16 15 15 16 16 16 16 17 18 18 17 17 17 18 19 18 16 15 16 16 17 17 17 17 16 17 17 18 17 16 17 18 17 17 17 17 17 16 16 16 16 16 15 16 16 17 16 15 15 14 14 14 14 15 16 17 17 15 15 
8 5 3 3 6 8 7 8 8 6 6 7 8 10 11 11 10 8 5 4 5 11 14 13 12 12 13 14 14 15 15 16 16 16 17 17 17 17 17 17 18 18 18 17 17 17 17 18 18 18 18 18 18 18 18 18 18 18 18 18 18 18 17 17 17 18 17 17 17 17 17 17 17 17 17 17 17 16 18 17 16 16 17 17 17 17 17 17 16 16 17 18 16 17 18 17 17 17 18 18 18 18 18 17 17 17 17 17 17 17 17 17 17 17 17 17 17 17 17 17 17 17 17 17 17 17 17 17 17 16 16 17 16 16 16 16 16 16 16 16 17 17 18 17 17 17 16 17 18 17 16 16 17 17 17 18 18 17 16 18 17 17 16 17 16 16 16 16 17 17 16 17 17 17 17 17 17 17 17 16 17 17 17 17 17 16 16 17 17 18 18 17 16 16 17 17 17 17 18 19 19 19 18 19 20 20 19 18 18 18 19 19 19 19 18 17 18 18 19 19 19 19 19 19 18 18 18 18 18 18 19 18 18 17 18 18 17 17 17 16 15 15 15 16 16 17 18 18 16 16 
10 6 3 3 5 8 7 8 7 7 8 8 8 9 10 12 11 5 3 4 7 11 13 11 10 11 12 13 13 13 14 14 14 15 15 16 16 17 17 18 18 18 17 17 17 17 17 18 19 19 19 19 19 19 19 20 20 20 20 20 20 20 20 19 19 20 20 19 19 19 19 19 19 19 20 20 19 18 20 19 17 17 18 19 19 19 20 19 18 18 19 19 18 19 20 19 19 19 19 20 20 20 20 20 20 20 20 20 20 20 19 19 19 19 19 19 19 19 19 19 19 19 19 19 19 19 20 20 19 19 18 19 19 19 19 18 18 18 19 19 19 20 20 19 19 20 18 18 20 19 18 18 19 18 18 19 19 18 18 21 19 18 18 19 18 17 17 19 19 19 18 19 19 18 18 19 19 19 18 18 18 18 18 18 18 18 17 18 18 18 18 18 18 18 18 18 18 18 19 19 19 19 19 19 20 20 19 19 19 19 19 19 19 19 18 18 17 17 18 18 19 19 19 19 18 18 18 18 18 18 19 19 18 17 18 18 18 17 17 17 16 16 16 17 16 17 18 17 16 17 
11 7 3 2 6 9 7 7 6 7 9 7 6 6 8 13 12 5 3 6 11 15 15 13 13 14 14 13 14 14 14 14 14 14 15 15 16 17 18 19 19 19 19 19 19 19 19 20 21 21 21 22 22 22 23 23 23 23 23 23 23 23 22 21 21 23 23 22 22 22 22 22 23 24 25 24 22 21 23 22 20 20 20 20 20 21 22 22 21 21 22 23 21 22 23 22 21 20 20 20 21 21 21 21 21 21 21 21 21 21 20 20 20 20 20 20 20 20 20 20 20 20 20 20 20 20 20 20 20 19 18 20 20 20 20 20 19 19 20 20 20 20 20 19 19 22 20 20 21 20 19 20 20 19 20 20 21 20 19 22 20 19 19 20 19 18 17 19 20 20 19 19 20 19 19 20 20 20 20 20 21 20 20 19 19 20 20 18 18 17 17 17 18 18 18 18 17 17 17 18 18 17 18 19 18 17 17 18 18 18 18 18 18 17 18 18 17 16 16 17 18 19 20 19 19 18 19 19 18 18 18 18 17 17 17 18 19 19 18 18 18 18 17 17 16 16 16 17 16 16 
11 6 3 3 6 9 6 6 6 7 10 7 5 4 5 9 8 3 3 9 17 20 19 17 17 16 16 18 19 19 19 19 19 19 19 19 20 21 22 23 24 24 24 24 25 25 25 26 26 26 27 27 27 28 29 29 29 29 29 29 29 28 26 26 27 29 29 28 28 28 28 29 29 31 32 30 28 27 29 29 27 28 25 24 25 26 27 27 26 25 26 26 25 26 27 27 25 25 26 26 27 26 26 25 25 25 26 26 26 26 25 25 24 25 25 25 25 25 25 25 25 25 25 26 24 24 24 24 24 23 23 24 24 24 24 24 23 22 24 23 23 23 23 22 22 23 22 22 23 23 22 22 23 23 22 23 23 22 22 23 21 21 21 22 21 20 21 23 24 23 22 23 23 22 22 23 23 23 23 23 24 23 22 21 21 22 22 23 22 21 20 21 21 22 21 21 21 21 21 22 22 22 23 23 22 21 22 23 23 22 22 23 22 21 21 23 21 20 20 21 22 22 21 21 21 20 20 20 21 22 23 22 21 20 20 20 21 20 21 20 20 20 20 20 19 18 19 19 19 17 
8 3 2 4 6 7 5 6 7 6 4 3 3 5 8 8 5 3 6 11 14 16 16 15 14 14 16 17 17 17 17 17 17 17 17 17 18 19 19 19 20 19 19 19 19 20 20 20 19 19 19 19 18 17 18 18 18 18 18 17 17 17 18 20 22 23 24 24 23 24 24 25 26 27 27 25 24 23 23 24 25 26 23 22 22 23 23 22 22 22 23 23 23 24 24 24 25 26 27 28 27 26 25 25 25 26 27 28 28 28 29 27 26 27 29 29 28 29 29 29 29 29 30 31 30 27 27 28 27 27 30 28 27 26 26 26 27 28 28 26 24 25 26 25 24 23 25 27 28 28 27 26 29 28 28 27 27 26 26 26 26 26 26 26 27 28 28 28 28 28 28 28 28 29 29 29 29 30 31 31 29 28 26 26 26 26 27 29 28 28 27 28 28 28 26 27 27 28 28 29 29 30 29 28 28 28 29 30 29 26 26 28 28 25 23 24 23 23 23 24 25 26 25 25 25 25 24 24 24 25 26 25 25 24 22 23 24 23 23 23 23 23 22 21 21 20 21 24 22 20 
7 3 3 5 5 6 5 6 7 5 3 2 3 5 10 7 2 3 9 13 12 14 14 14 14 14 15 14 14 15 15 15 16 15 14 14 15 15 15 15 14 13 13 12 13 13 13 13 13 13 13 13 12 12 11 10 10 10 9 9 8 8 8 9 9 8 8 7 8 10 10 10 11 11 11 11 11 10 10 10 10 11 10 10 10 10 10 10 10 11 11 11 11 11 12 12 11 11 11 11 11 11 10 11 11 11 12 12 12 12 11 11 11 12 13 14 14 14 14 14 15 15 16 17 19 17 17 18 17 17 18 21 21 20 20 20 21 21 23 21 19 20 20 20 19 16 17 18 19 18 18 17 23 22 22 21 21 20 20 20 19 18 18 18 20 21 23 23 24 25 25 26 26 25 25 25 25 25 26 27 27 27 26 27 27 29 29 28 28 28 28 28 29 29 29 29 29 30 30 30 31 32 31 30 28 26 25 25 27 26 26 28 29 27 25 27 27 27 27 28 28 29 30 30 29 29 28 28 28 27 28 29 30 31 31 30 29 29 29 28 27 27 28 29 29 27 29 32 30 26 
8 3 4 6 6 6 6 5 6 5 2 3 5 7 8 4 1 6 13 14 13 14 14 14 14 14 14 12 12 13 14 14 15 15 15 15 15 15 15 15 16 16 16 16 16 16 17 17 16 16 17 16 16 16 16 17 17 17 17 16 16 17 19 18 17 16 15 14 12 10 10 10 10 10 10 9 8 7 6 5 5 4 5 5 5 5 5 5 5 5 5 5 5 5 5 5 6 6 6 6 6 6 6 7 7 7 8 8 8 8 6 6 6 6 6 7 8 7 7 7 7 7 7 8 8 6 6 7 6 6 6 6 6 6 6 6 6 6 8 7 6 6 6 7 6 6 7 7 7 8 8 7 9 9 9 8 8 8 8 9 8 7 7 7 8 9 8 9 9 9 10 10 10 10 9 9 9 10 10 10 7 7 7 8 8 8 9 11 11 11 11 11 12 12 12 12 12 12 12 12 12 13 13 13 12 10 9 9 10 10 10 12 12 12 10 9 9 9 9 9 9 10 11 11 10 10 10 10 11 13 13 14 15 16 17 18 19 19 18 18 18 17 17 17 17 16 17 18 17 17 
10 3 3 6 7 8 7 4 4 3 2 5 9 9 5 2 4 16 20 16 17 17 17 16 16 16 15 14 14 14 15 15 15 16 17 17 17 16 16 16 16 15 15 15 15 16 16 16 15 15 15 15 14 14 13 12 12 13 13 14 14 14 14 13 13 12 12 12 15 17 17 17 17 16 16 16 16 15 13 12 11 10 10 10 10 10 10 10 10 9 9 9 10 10 10 10 9 9 9 8 8 8 8 6 6 6 7 7 7 7 6 6 7 6 5 5 6 8 7 7 6 6 6 6 7 7 6 7 6 5 6 8 8 7 7 7 8 8 10 9 8 7 7 8 8 6 6 6 7 7 7 8 7 7 7 7 6 6 6 7 7 6 6 6 7 8 6 6 6 6 6 6 6 6 6 6 6 6 6 6 7 7 7 6 6 6 6 6 6 6 6 6 7 7 6 6 6 6 6 6 6 6 6 7 6 6 6 5 6 5 6 6 7 6 6 7 7 7 8 7 7 7 8 8 8 8 8 8 8 7 7 7 7 7 8 9 9 9 8 8 8 7 8 8 8 8 8 9 9 8 
10 3 3 6 7 7 6 3 3 3 2 3 7 10 4 3 10 22 23 21 21 21 20 20 20 20 19 19 19 19 19 19 19 19 18 18 18 18 18 18 17 15 15 15 15 16 16 16 15 15 14 14 13 12 13 14 15 15 16 16 16 16 16 15 15 15 15 16 15 15 15 15 14 14 13 14 15 15 15 16 16 16 15 14 14 15 14 14 14 13 13 14 14 14 14 14 13 13 13 14 13 12 12 10 10 11 11 11 11 11 11 12 12 11 10 10 11 12 12 11 10 10 9 9 10 9 9 9 8 8 8 7 7 7 7 7 7 7 8 7 6 6 6 6 6 7 7 7 7 7 7 7 8 8 8 8 8 8 8 8 8 8 8 8 8 7 8 8 8 7 7 7 7 8 8 8 8 8 8 8 6 6 6 6 6 5 6 8 8 8 8 9 9 9 8 8 8 8 8 8 8 7 7 7 7 8 8 8 7 7 7 7 7 7 6 5 6 6 6 6 5 6 6 6 6 6 6 6 7 8 8 7 7 7 8 8 8 8 8 7 7 7 6 6 6 6 6 6 6 6 
9 4 6 8 7 5 4 4 5 6 5 4 4 5 3 6 13 16 18 21 21 20 20 21 22 22 22 22 22 22 22 21 21 22 23 23 23 23 23 23 24 25 24 24 24 25 26 25 25 25 24 24 22 22 20 19 19 19 19 18 17 19 20 20 20 19 19 19 17 16 16 16 16 15 15 14 14 14 14 13 13 12 13 13 13 14 13 13 13 13 13 14 14 14 14 14 14 15 16 17 16 15 14 16 16 17 17 17 17 17 15 15 15 15 15 16 17 15 14 14 14 14 14 15 12 10 11 12 11 10 10 12 13 13 13 13 13 13 13 13 13 12 11 11 11 9 8 8 8 7 6 6 7 7 7 7 7 7 7 6 7 8 8 7 6 6 5 5 6 6 6 7 7 7 6 6 6 6 6 6 7 7 7 7 7 7 7 6 6 6 6 6 7 7 6 6 7 7 7 7 7 7 7 6 6 6 7 7 6 6 6 6 6 6 6 8 9 9 9 8 8 8 8 8 8 8 8 8 7 6 6 6 6 6 7 7 7 7 7 7 7 7 6 5 5 6 5 5 6 6 
8 6 8 9 6 4 3 6 8 8 7 6 4 2 3 10 15 12 13 17 17 16 16 17 19 19 18 18 18 18 18 18 18 19 21 21 21 21 22 22 22 21 21 21 21 22 22 22 22 22 23 23 23 22 24 27 27 26 25 24 23 22 22 23 23 23 23 22 22 22 23 23 22 22 22 23 24 23 22 21 19 18 19 19 20 20 20 20 19 20 20 20 20 21 21 21 19 18 19 19 19 18 18 16 17 17 17 17 17 16 14 13 13 13 14 14 14 16 16 16 16 16 17 17 17 16 17 18 17 15 16 14 14 14 15 15 14 14 15 16 16 15 13 12 13 14 14 14 14 13 11 11 11 11 11 11 11 11 11 11 12 12 12 11 11 10 8 8 9 9 9 10 10 10 9 9 9 9 9 9 7 7 7 7 7 6 6 7 7 6 6 7 7 7 6 6 7 7 7 7 7 8 8 8 7 7 7 7 7 7 7 7 6 6 7 7 7 7 7 7 7 7 7 7 7 6 6 6 6 6 6 6 7 7 7 6 5 5 5 6 6 6 6 7 7 8 7 6 7 8 
7 5 6 7 4 3 5 9 9 6 5 5 4 3 5 13 18 14 12 15 15 13 13 14 14 14 13 12 12 13 13 13 14 13 12 12 13 13 14 14 14 14 14 14 14 14 15 15 15 16 17 18 18 18 19 21 21 21 20 20 20 20 21 23 24 25 25 24 23 23 24 24 24 24 23 21 21 22 23 23 23 23 21 21 21 21 21 21 21 21 21 21 21 22 22 22 22 22 21 20 20 20 21 22 22 22 23 22 22 22 22 21 19 19 20 20 19 18 18 17 17 17 17 17 16 15 16 17 16 15 16 14 15 15 16 15 15 14 14 15 16 15 13 12 12 13 14 16 16 16 15 14 15 16 16 16 16 16 16 15 15 14 14 14 14 14 14 14 14 14 14 13 14 14 14 13 13 13 13 13 13 13 13 12 11 10 9 9 9 9 9 9 9 9 7 7 8 8 8 9 8 8 8 8 8 8 7 7 7 7 8 7 7 7 8 8 8 7 7 7 7 7 7 7 7 7 7 7 6 5 6 6 6 6 5 5 6 6 6 6 6 7 6 6 6 7 6 5 7 7 
6 6 7 5 4 4 7 10 9 7 7 7 6 5 7 10 12 11 10 10 12 11 11 11 11 10 10 10 10 10 11 11 11 12 13 14 14 15 15 16 15 14 13 13 14 14 15 15 16 15 14 14 14 14 14 15 14 14 14 14 15 14 14 15 15 16 16 16 17 18 18 18 18 18 18 18 18 19 19 19 19 20 20 20 19 19 20 19 19 22 24 24 24 24 25 26 25 25 25 25 25 25 25 24 24 24 24 24 24 24 24 24 23 23 23 23 23 23 22 22 21 20 21 21 21 20 20 20 20 19 19 18 19 19 20 19 19 18 17 17 17 16 15 15 15 16 17 17 17 17 17 17 14 15 14 14 14 14 14 15 15 15 16 16 16 16 17 17 17 17 17 17 17 17 17 16 15 15 15 15 15 14 13 13 13 13 13 15 15 15 15 15 15 15 13 13 12 12 12 12 12 10 10 10 9 9 8 8 8 8 8 8 7 7 8 8 8 8 7 7 7 7 7 7 7 7 7 7 7 6 6 6 6 6 6 6 6 6 6 6 6 5 6 6 6 6 6 5 5 5 
6 8 8 6 5 6 10 13 11 9 10 11 9 7 7 8 8 8 9 9 9 9 9 9 9 8 8 9 9 9 10 10 10 10 11 11 12 12 12 12 12 11 11 11 11 12 12 13 13 12 12 11 11 11 12 13 12 12 12 12 13 15 16 17 17 18 18 17 15 13 13 13 13 13 13 14 15 16 16 15 16 17 17 17 16 17 18 18 17 17 17 17 17 17 18 18 21 21 21 21 21 21 21 20 20 20 20 21 21 21 22 22 22 22 22 22 22 26 26 25 24 24 25 25 23 23 23 23 24 24 24 23 23 23 24 24 23 23 24 24 24 24 25 24 25 21 20 20 20 20 21 21 19 19 18 17 17 17 16 15 16 16 16 16 16 15 15 15 15 15 15 15 15 17 17 16 16 15 15 15 16 15 15 15 15 16 16 13 14 14 14 14 14 15 16 15 14 13 13 14 14 14 13 13 13 13 13 12 12 11 12 12 12 13 13 13 12 12 11 11 10 10 10 10 10 10 10 10 9 9 9 9 9 9 9 8 8 8 8 8 7 7 7 7 8 8 7 7 7 7 
7 9 9 8 6 8 11 12 10 9 11 13 11 8 8 7 6 7 9 9 8 8 8 8 8 8 8 8 8 8 8 8 9 9 9 9 9 10 10 9 9 9 9 9 9 9 10 10 10 10 10 10 10 10 10 11 11 10 10 11 11 11 11 11 12 12 12 12 11 11 11 11 11 11 11 12 12 13 13 12 13 14 14 14 13 14 15 16 15 17 18 18 18 18 19 19 17 17 16 16 16 16 15 15 15 15 16 16 17 17 19 19 19 19 19 19 19 18 18 17 17 17 18 18 21 22 22 22 22 22 22 22 22 22 22 22 22 22 21 21 22 22 23 23 24 22 23 23 23 23 23 23 24 23 23 22 22 21 21 22 22 22 22 22 21 20 19 19 19 19 19 18 18 18 18 18 18 18 18 17 15 15 15 15 15 16 16 14 15 15 15 15 15 15 16 15 14 14 14 14 14 15 15 15 15 16 16 16 15 14 15 16 15 16 17 16 15 15 14 14 13 13 13 14 14 13 13 12 12 12 12 12 12 12 12 12 12 12 12 12 11 11 10 10 10 10 10 10 10 10 
8 9 9 7 7 8 10 9 8 8 10 11 9 7 8 8 8 8 8 8 8 7 8 8 8 8 8 7 7 8 8 8 8 9 9 9 9 9 9 9 9 8 8 8 8 8 9 9 9 9 9 9 9 9 9 9 9 9 9 9 9 9 10 10 11 11 11 10 11 11 11 11 11 11 11 10 10 11 11 11 11 12 12 11 11 11 12 13 13 13 14 14 14 14 14 14 13 13 13 13 13 13 13 12 12 12 13 13 14 14 15 15 15 15 15 15 15 17 17 17 17 18 18 18 18 18 18 17 17 16 16 17 16 16 15 16 16 17 16 16 17 18 19 19 20 19 19 20 20 21 21 21 21 22 22 22 22 22 23 23 23 23 23 22 22 21 22 21 21 20 20 19 19 20 20 20 20 20 20 20 18 18 17 17 16 16 16 16 16 16 16 17 17 17 19 18 18 17 17 17 17 15 15 16 16 16 16 17 17 16 16 16 15 15 16 16 16 15 15 14 14 14 15 15 16 16 15 14 13 13 13 13 13 13 13 14 14 14 14 14 14 13 14 14 15 15 15 14 14 13 
9 9 8 7 8 9 9 8 7 8 10 10 8 7 9 10 9 9 8 8 8 8 8 8 8 8 8 8 8 8 9 9 9 9 10 10 10 10 10 9 9 9 9 8 8 9 9 9 9 9 8 8 8 9 8 8 8 9 9 8 8 9 9 9 10 10 9 9 9 10 10 10 10 10 10 9 9 10 10 9 10 11 10 9 9 9 10 10 10 11 11 10 10 10 11 11 10 10 10 10 11 11 11 10 10 11 11 11 12 12 12 12 12 12 12 12 12 13 14 14 14 15 15 15 15 15 14 13 13 12 12 13 12 12 11 12 12 13 15 15 15 16 16 16 17 15 15 15 15 16 16 16 16 17 17 18 19 19 20 18 18 19 19 18 18 18 19 19 18 18 17 17 16 17 17 18 18 18 19 19 19 18 18 17 16 16 16 18 18 18 19 19 19 19 18 18 18 17 17 17 17 16 16 16 16 16 16 17 17 16 17 17 15 14 15 16 16 16 16 15 15 15 15 16 16 16 15 14 13 13 13 13 13 13 13 13 13 13 13 13 13 13 13 14 15 15 15 14 14 13 
10 9 8 9 11 11 9 9 10 11 12 11 9 9 10 10 10 9 9 9 9 9 9 9 9 9 9 10 10 10 10 10 10 10 10 10 11 11 10 10 10 10 9 9 9 9 9 10 10 9 9 8 8 8 9 9 9 9 9 9 9 9 9 9 9 9 9 9 9 9 9 9 9 9 9 9 9 9 9 9 9 9 10 9 9 9 9 9 8 9 10 9 9 9 9 10 9 9 9 9 10 10 10 10 9 10 10 10 10 10 10 10 10 10 10 10 10 9 10 10 11 11 11 11 11 11 11 11 11 11 11 11 11 11 11 11 11 11 12 12 12 12 12 12 13 12 12 12 12 12 12 12 13 13 13 14 14 14 14 15 15 16 16 16 16 16 16 16 16 15 15 14 14 13 13 14 14 14 15 15 15 15 15 15 15 15 15 15 15 15 16 16 16 16 15 15 15 15 15 14 14 15 15 15 15 15 16 16 17 16 17 17 15 15 16 16 16 16 16 16 16 16 14 15 16 16 15 14 14 15 15 15 15 15 15 15 15 14 14 14 14 14 14 14 14 14 14 13 13 13 
10 9 9 10 12 11 10 10 11 12 12 10 10 12 11 10 9 9 10 11 11 11 11 10 11 11 11 11 11 11 11 11 11 11 11 11 11 12 12 12 11 10 10 10 10 10 10 10 10 10 9 9 9 9 10 10 10 9 9 10 10 10 11 11 11 11 10 10 10 10 10 10 10 10 10 10 10 10 9 9 9 9 10 10 9 9 10 10 9 9 10 9 9 9 9 9 9 9 9 9 9 10 10 10 10 10 10 10 10 10 9 9 9 9 9 9 9 9 9 10 10 10 10 10 8 9 9 9 10 10 10 11 11 11 11 11 11 11 10 10 10 10 10 10 10 11 11 11 11 10 10 10 11 11 11 11 11 11 11 12 12 13 13 14 13 13 13 13 12 12 12 12 12 11 12 12 12 12 12 12 13 14 14 15 15 15 15 14 14 14 14 15 15 15 15 15 16 16 15 15 14 13 13 14 14 14 15 15 15 14 16 16 15 14 15 15 15 15 15 15 16 15 14 15 15 16 15 15 16 17 17 17 17 17 17 17 18 17 17 17 17 18 18 18 18 18 18 18 17 17 
10 9 9 11 11 9 10 10 11 11 10 10 10 11 11 10 9 9 11 11 11 11 11 11 11 11 11 11 11 11 11 11 11 11 11 11 12 12 12 12 12 12 11 11 11 11 11 11 11 11 10 11 11 11 12 11 11 10 10 11 11 11 11 11 11 11 11 10 11 11 11 11 11 11 11 12 12 12 11 10 10 10 10 10 10 10 11 11 11 11 11 11 10 10 10 10 11 10 10 10 10 10 10 10 10 10 10 10 10 10 10 10 10 10 10 10 10 9 9 9 10 10 10 9 8 8 8 9 9 9 10 10 10 10 10 10 10 10 9 9 9 9 9 10 10 10 10 10 10 9 9 9 10 10 10 10 10 10 10 9 9 10 10 10 9 9 10 10 10 10 10 10 10 11 11 11 11 11 11 11 11 12 13 13 14 13 13 14 14 14 14 15 15 15 14 15 15 15 15 14 13 11 12 12 13 14 14 15 14 14 15 15 13 13 13 13 13 14 14 14 14 14 14 14 14 15 15 16 16 16 16 16 16 16 16 17 17 16 16 16 17 17 18 19 19 19 19 18 18 18 
10 10 10 11 10 9 10 10 11 11 10 10 10 10 10 10 10 10 11 11 11 10 10 10 10 10 10 11 11 11 11 11 11 11 10 11 11 11 11 11 12 12 11 11 11 12 11 11 11 11 11 12 12 12 12 12 12 11 11 12 12 12 12 12 12 12 12 11 12 12 12 12 12 12 12 13 14 13 12 11 11 11 12 11 11 11 12 12 12 12 12 12 11 11 11 11 12 12 11 11 11 10 10 11 11 11 11 11 10 10 10 11 11 10 10 10 10 10 10 10 10 10 10 10 9 9 9 9 9 9 9 9 10 10 11 11 10 10 9 9 9 9 10 10 9 10 10 9 9 9 8 8 9 9 9 9 10 10 10 9 9 9 9 9 8 8 10 10 10 10 10 10 10 10 10 10 10 10 11 10 9 9 10 10 9 9 9 9 9 9 9 10 10 10 10 11 11 11 11 10 10 10 11 11 12 13 14 14 13 13 13 13 12 11 11 11 12 12 12 13 13 13 13 13 13 14 14 15 15 14 14 15 15 15 14 14 14 13 13 13 14 15 14 13 13 13 13 13 13 13 
11 11 11 11 11 11 11 12 12 11 11 11 11 11 11 11 11 11 11 11 11 11 11 11 11 11 11 11 11 11 12 12 12 12 12 12 12 12 11 11 11 12 11 11 12 12 12 11 11 11 12 12 11 11 11 11 11 12 12 11 11 11 12 12 12 12 12 12 12 12 12 12 12 12 12 13 13 12 11 11 12 12 13 13 12 12 12 11 11 12 13 13 12 12 12 12 12 12 12 11 11 11 11 11 11 12 12 12 12 11 12 12 12 12 11 11 11 12 12 11 11 11 11 11 10 10 10 10 10 10 9 11 11 12 12 12 12 12 11 11 10 11 11 11 10 10 10 10 10 10 9 9 10 10 10 10 10 10 10 9 9 10 9 9 9 9 10 10 10 10 10 10 10 9 9 10 10 10 10 10 10 10 10 10 9 9 9 9 9 9 9 10 10 10 10 10 10 9 9 9 9 9 9 10 10 10 10 10 9 9 9 9 10 10 10 9 9 9 10 10 10 10 11 11 12 12 12 12 12 12 12 13 15 15 13 13 13 12 12 12 12 14 13 11 12 12 12 12 12 13 
10 10 10 10 10 10 11 11 12 12 12 12 12 11 11 11 11 11 11 12 12 12 12 13 13 13 13 12 12 12 12 13 13 13 13 14 14 14 14 14 14 14 13 13 14 14 13 12 12 12 13 13 13 13 12 11 12 12 12 12 11 11 11 12 12 12 12 11 11 11 11 11 11 11 11 12 12 11 11 11 11 11 12 13 12 12 12 12 11 12 12 12 12 12 12 12 11 11 12 12 12 12 12 12 12 13 13 13 13 12 12 11 12 12 12 12 12 12 12 12 12 12 12 12 12 12 13 13 12 12 11 12 12 13 13 13 13 13 12 11 11 11 12 12 11 12 12 12 11 11 11 11 11 11 11 11 11 11 11 10 10 10 10 10 10 10 11 11 11 11 11 11 11 10 10 9 9 9 9 9 10 10 10 10 9 9 9 9 9 9 9 9 9 10 10 9 9 9 9 9 9 9 9 9 9 9 9 9 8 8 8 8 8 9 9 9 9 9 10 10 10 9 9 9 10 10 10 10 9 8 8 9 10 10 9 8 8 8 8 8 8 8 9 10 10 10 10 10 10 10 
7 7 7 7 7 7 8 9 9 10 10 10 10 10 10 10 10 10 10 10 9 10 10 11 11 11 11 11 11 11 11 11 11 12 12 13 13 14 14 14 14 14 14 14 15 14 14 13 13 13 13 13 14 14 14 13 13 12 12 13 13 13 13 13 14 14 13 13 13 13 13 13 13 13 13 14 14 13 13 13 13 13 13 13 13 12 12 12 12 12 12 12 12 12 12 11 11 10 11 12 12 12 12 11 11 12 12 12 12 11 11 11 11 11 11 11 11 11 11 12 12 12 12 12 13 13 13 13 13 13 12 12 12 12 13 13 13 13 13 12 12 12 13 13 12 13 13 13 13 13 13 13 13 13 13 13 13 13 12 12 12 12 12 12 12 12 12 12 12 12 12 12 12 12 12 12 11 11 11 11 11 11 11 11 11 10 10 10 10 10 10 10 10 11 11 11 11 11 10 10 10 11 10 10 10 10 9 9 9 9 9 9 9 9 9 10 9 9 10 10 10 9 9 9 9 9 9 9 9 8 8 9 9 9 8 8 9 10 11 10 9 8 9 9 9 9 9 9 9 9 
7 7 7 7 7 7 7 7 8 8 9 9 9 8 8 8 8 8 8 8 7 7 8 8 8 8 8 8 8 8 8 9 9 9 9 9 9 10 10 9 10 11 10 10 11 11 11 11 11 11 10 11 12 12 13 13 12 12 12 12 13 14 14 14 14 14 14 14 14 14 14 14 14 14 14 15 15 15 15 15 15 15 14 14 14 14 14 14 14 14 13 13 13 13 13 13 12 12 13 13 13 13 13 12 12 12 12 12 12 12 12 12 11 11 11 11 10 11 11 12 12 12 12 12 12 12 12 12 12 12 12 12 11 11 12 12 12 12 12 12 12 12 13 13 12 13 13 13 13 13 13 13 14 13 13 13 13 13 12 12 12 12 12 13 13 14 13 12 12 12 12 12 13 14 14 14 13 13 13 13 13 13 13 13 13 12 12 13 13 13 13 13 13 13 13 13 13 13 13 13 13 13 12 12 12 12 12 11 11 11 11 11 11 11 11 11 10 10 11 11 11 10 10 10 10 10 10 10 10 10 10 10 10 10 10 9 9 9 10 9 8 7 8 9 9 9 8 8 8 9 
8 8 8 8 8 8 8 8 8 9 9 9 9 8 8 8 8 8 8 8 8 8 8 8 8 8 8 8 8 8 7 7 7 8 8 8 8 8 8 7 7 7 7 7 7 7 7 8 8 7 7 8 8 9 10 10 10 10 9 10 10 11 12 12 12 12 12 12 12 11 11 11 11 11 11 12 12 12 12 12 12 12 13 13 13 13 14 14 14 14 14 14 14 15 15 15 14 14 14 15 15 14 14 15 15 15 15 15 15 15 14 14 14 14 13 13 13 13 13 13 14 14 14 14 13 12 13 13 13 13 13 12 12 12 13 13 13 13 12 11 11 12 13 13 12 11 11 11 11 11 11 11 12 12 12 12 11 11 11 12 11 11 11 12 12 13 12 12 12 12 12 12 12 12 12 12 12 12 12 12 13 13 14 13 13 13 12 13 13 13 13 13 13 13 13 13 14 14 14 14 14 13 13 14 14 14 14 13 13 13 13 13 13 13 13 12 12 12 12 13 12 12 12 12 12 12 12 12 11 10 11 11 10 10 10 10 9 9 9 9 8 8 9 9 9 9 9 8 8 9 
8 8 8 8 8 8 8 8 9 8 8 8 8 8 8 8 8 8 8 9 9 9 9 9 9 9 9 8 8 8 8 8 8 9 9 9 9 9 8 8 8 8 8 8 8 8 8 8 8 8 8 8 9 9 9 10 10 9 9 10 10 10 10 10 11 11 10 10 9 9 9 9 9 9 9 8 8 9 9 9 9 9 9 9 9 9 9 9 9 10 11 11 11 11 11 12 12 12 12 12 12 12 12 13 13 13 13 13 13 13 13 13 14 14 14 14 15 15 15 15 15 15 15 15 14 14 14 14 14 15 15 14 14 14 14 14 14 15 14 13 13 14 15 15 15 13 13 13 13 13 14 14 13 13 13 13 13 13 13 13 13 13 13 13 14 14 13 12 12 12 12 13 12 11 11 11 11 11 11 11 11 12 12 12 12 11 11 12 12 12 12 12 12 12 12 12 12 12 12 12 12 13 13 13 13 13 13 13 13 13 13 13 14 14 14 13 13 13 13 13 13 12 12 12 12 12 12 12 12 12 13 12 12 11 12 13 15 14 13 12 13 13 12 11 11 11 11 11 11 11 
6 6 6 6 6 6 7 7 7 7 7 7 7 7 7 7 7 7 7 7 8 8 8 8 8 8 9 9 9 9 8 8 8 9 9 10 10 10 9 9 10 10 11 11 10 10 11 10 10 10 10 10 10 10 10 10 10 10 10 10 10 10 10 10 10 10 10 10 10 9 9 9 9 9 9 9 9 9 10 10 10 10 9 9 9 8 8 8 8 8 9 9 9 9 9 9 9 9 8 8 8 9 10 10 10 9 9 9 9 10 10 10 10 10 10 11 11 12 12 12 12 12 12 12 12 11 11 11 12 12 12 12 12 12 12 12 13 13 14 13 13 14 15 15 15 14 14 14 14 14 15 15 14 14 14 14 14 14 14 15 15 14 13 14 14 15 14 14 14 13 14 14 14 13 13 13 13 12 12 12 12 12 12 12 12 12 12 12 12 12 12 12 11 11 12 12 12 12 12 12 12 13 13 12 12 12 11 12 12 12 12 13 13 13 13 13 12 12 12 12 12 12 12 12 12 12 11 11 12 14 14 14 13 13 13 14 13 12 12 12 12 13 13 13 13 13 13 13 13 13 
6 6 6 6 6 6 6 7 7 7 7 7 7 7 7 7 7 7 7 7 6 6 7 7 7 8 8 8 8 8 8 8 8 7 8 8 9 9 9 9 9 10 11 11 9 9 10 10 10 10 11 10 10 10 9 9 10 10 10 10 9 9 9 10 10 10 10 9 10 10 10 10 10 10 10 10 11 12 12 12 12 12 13 13 13 12 12 11 11 10 10 10 10 10 10 10 9 8 7 7 8 10 11 10 10 9 9 9 10 10 9 9 8 8 8 8 8 8 8 8 8 8 8 7 8 7 7 7 7 8 8 10 9 9 9 9 10 10 10 10 10 11 11 12 11 11 11 12 12 12 12 12 11 12 12 12 12 13 13 14 13 12 12 12 12 13 15 15 15 14 15 15 15 16 16 15 14 13 12 13 14 14 15 15 15 14 14 14 14 13 13 13 13 13 13 13 13 14 14 14 14 13 13 12 12 11 10 11 11 12 12 12 13 13 13 12 11 11 11 12 11 11 12 12 12 12 11 11 11 11 11 11 10 10 10 11 11 11 11 11 11 11 11 11 11 11 11 11 12 12 
7 7 7 7 7 7 7 7 7 7 8 8 8 7 7 7 7 7 7 7 7 7 7 7 7 8 8 8 8 8 8 8 8 8 8 9 9 8 8 8 9 8 8 9 9 9 9 9 9 8 8 8 8 8 8 8 9 9 9 8 8 8 8 9 9 10 10 10 10 9 9 9 9 9 9 9 9 9 9 9 9 9 9 10 9 9 9 9 9 10 10 10 10 11 11 11 10 10 9 9 10 11 12 11 11 11 11 11 11 10 11 11 12 11 10 10 11 10 9 9 9 9 9 9 9 9 9 9 9 9 9 10 9 8 8 8 10 11 9 9 9 10 10 10 10 9 8 8 8 9 8 8 8 8 9 9 9 8 8 10 9 9 8 8 8 8 8 8 9 9 9 10 10 12 13 13 13 12 13 15 13 13 13 13 13 13 13 13 12 12 13 13 13 13 13 13 13 13 13 13 13 13 13 13 14 14 14 14 13 12 12 13 14 13 12 13 13 13 13 13 13 12 12 12 12 12 12 12 12 12 12 12 11 11 12 11 10 10 10 10 10 10 10 11 11 10 10 10 10 10 
6 6 6 6 6 7 7 7 7 8 8 8 8 7 7 7 7 7 7 7 7 8 8 7 7 8 8 8 8 8 8 8 8 8 9 9 9 8 8 9 9 8 8 8 8 9 9 9 9 9 9 8 9 9 9 8 8 9 9 8 8 8 9 9 9 10 10 10 11 11 11 11 11 11 11 10 10 10 10 10 10 10 10 9 9 9 9 9 9 10 10 10 10 11 11 10 11 10 10 9 9 10 10 10 10 10 10 10 9 9 9 10 10 10 9 9 9 10 10 10 9 9 9 9 10 11 11 11 11 11 11 10 9 9 9 9 10 11 10 10 10 10 10 11 11 10 9 9 10 10 10 10 9 9 10 10 9 9 8 10 9 9 8 8 8 8 8 8 8 9 9 9 9 9 9 9 9 9 9 10 10 10 10 10 10 10 10 11 10 10 10 11 11 11 9 9 10 10 10 9 9 10 11 11 11 12 12 12 13 12 12 13 13 12 12 12 12 12 12 12 12 13 14 14 14 14 14 14 14 13 13 12 12 12 12 13 13 13 13 13 13 13 13 14 14 13 13 13 13 12 
