DOWN
34 34 34 33 31 32 34 35 36 36 34 33 33 33 35 37 39 40 40 41 39 37 36 36 35 34 37 36 35 35 33 32 33 34 40 40 41 43 44 43 40 40 38 36 35 36 38 40 39 38 38 40 41 40 38 38 39 40 40 39 38 36 33 34 35 35 33 33 34 38 43 44 41 39 40 39 36 34 33 34 37 39 39 37 36 37 39 41 41 39 39 38 38 40 42 46 50 49 46 45 46 48 47 46 47 47 45 45 47 46 42 45 46 45 13 7 7 7 7 7 8 8 7 7 8 8 7 7 7 8 8 8 7 7 6 8 6 6 7 7 18 58 82 51 41 36 23 14 9 7 6 7 7 7 6 6 6 7 6 6 6 6 7 7 6 6 6 6 6 6 6 7 7 7 7 7 7 7 7 7 7 7 7 8 8 9 9 9 8 7 7 7 8 8 8 7 7 7 7 7 7 7 7 7 6 6 6 5 6 6 6 6 6 6 6 6 6 7 7 7 6 6 6 6 7 6 6 5 5 5 5 5 5 5 5 5 5 5 5 5 6 6 5 6 5 6 6 5 5 5 
34 34 34 34 34 34 35 35 38 40 35 31 33 31 33 37 38 36 36 36 37 36 34 33 34 36 38 39 38 36 34 33 33 33 38 40 42 42 40 37 35 37 37 35 33 33 35 38 38 37 37 38 40 39 36 36 39 41 40 41 43 44 42 41 40 40 40 42 43 46 47 46 44 43 41 41 39 37 36 37 40 42 41 37 37 40 41 40 38 37 40 39 39 41 40 42 48 49 47 46 45 45 45 46 46 48 48 46 47 49 45 43 41 45 15 7 9 7 8 8 9 10 9 7 8 9 8 8 8 8 7 6 6 6 6 7 8 8 6 5 7 14 16 11 8 8 7 7 7 7 6 6 7 8 7 6 6 6 6 6 7 7 7 7 6 6 6 6 6 6 6 7 7 7 7 7 7 7 7 7 7 7 8 8 9 9 9 9 8 8 8 8 8 9 8 8 7 7 7 8 8 7 6 6 7 7 6 5 5 6 6 7 7 6 6 6 6 6 6 7 7 6 6 7 7 6 5 5 6 5 5 6 6 6 6 7 6 5 5 6 6 6 6 6 6 6 6 6 5 5 
37 38 38 36 34 32 33 34 37 40 37 35 37 35 36 38 38 37 36 36 37 36 35 34 34 35 36 39 39 37 36 35 35 35 36 37 38 38 36 35 34 35 34 34 33 34 35 37 38 37 37 38 39 37 35 38 42 43 41 40 42 42 42 42 42 43 45 47 50 49 48 48 47 46 45 45 43 40 39 40 42 43 42 37 37 40 40 37 34 35 40 41 41 43 42 43 48 52 52 49 47 45 44 44 43 48 53 46 39 40 47 42 41 52 20 8 8 7 10 10 8 9 10 9 9 9 8 8 9 8 7 7 7 7 8 8 7 6 6 7 8 7 7 8 7 6 6 7 8 8 7 6 7 7 6 6 6 6 5 6 7 7 7 7 6 6 6 7 7 6 6 6 7 6 7 7 6 7 7 7 7 7 8 8 8 7 7 7 7 8 8 8 7 7 7 6 6 6 6 6 6 6 6 6 6 6 5 5 5 5 6 6 6 6 5 5 5 5 5 6 5 5 5 5 4 5 5 5 5 5 5 5 5 4 4 4 5 5 5 6 6 6 5 6 6 5 6 6 6 5 
37 40 41 39 36 33 31 32 36 39 39 38 40 37 35 34 34 35 34 33 37 37 37 36 36 35 35 38 39 38 36 36 36 36 36 36 36 35 35 35 35 35 35 35 36 36 36 36 38 38 37 38 38 37 36 39 43 44 40 39 41 40 42 43 43 43 45 46 48 48 47 47 47 47 48 48 46 43 42 42 43 43 43 39 40 44 42 37 35 36 41 43 42 43 42 42 47 49 49 48 47 47 47 47 44 47 51 43 37 39 46 48 45 46 16 8 9 7 10 8 5 5 7 7 7 6 6 6 7 6 5 5 7 8 9 8 7 6 7 10 10 7 6 9 9 8 7 7 7 7 6 6 6 7 7 7 7 7 6 7 7 7 7 7 7 7 7 7 7 6 6 6 6 6 6 6 6 7 7 7 7 8 8 8 8 8 8 8 8 7 7 7 6 6 6 6 7 7 6 6 6 6 6 7 6 6 6 6 6 5 6 6 6 6 6 5 5 6 6 6 5 5 5 5 7 7 7 5 4 4 4 6 6 6 5 4 5 6 7 8 8 8 7 8 8 7 7 7 8 7 
34 37 39 40 39 37 34 35 38 40 41 40 41 38 34 32 33 35 35 33 36 38 39 39 39 38 37 38 38 37 37 37 37 37 40 40 39 39 39 40 41 38 38 38 39 39 38 36 34 34 34 34 35 35 35 36 40 41 38 38 40 40 42 42 39 38 37 37 38 40 42 43 44 45 46 46 45 44 43 42 42 43 42 40 42 46 44 39 38 39 42 43 42 42 42 43 45 45 44 43 43 42 42 42 45 46 41 39 43 47 43 47 39 31 13 12 14 5 8 8 5 5 7 7 6 6 6 6 7 7 6 6 5 5 5 5 5 5 5 5 5 5 5 5 4 4 4 4 4 4 4 4 5 5 5 5 5 5 5 5 5 5 5 5 4 4 5 5 5 4 4 4 4 4 4 4 4 5 5 5 5 5 5 5 5 6 6 5 6 6 6 6 6 6 6 5 4 4 3 3 3 2 3 3 3 2 3 3 3 3 3 3 3 3 3 3 3 3 3 3 3 3 2 2 2 2 2 2 2 3 3 3 3 4 4 3 2 3 3 3 3 3 3 3 3 4 3 4 4 4 
31 32 34 36 37 39 40 41 41 42 42 41 40 39 36 34 35 38 38 37 37 38 40 41 42 41 41 39 38 39 39 40 40 40 43 43 43 42 43 44 46 42 40 39 40 40 38 35 30 29 30 30 31 32 33 34 38 38 36 36 37 37 37 37 35 33 31 31 31 35 37 38 39 40 40 41 42 42 42 41 40 41 41 40 41 45 44 40 39 41 44 45 44 43 43 45 45 46 45 43 39 37 34 32 40 43 39 40 48 51 43 45 40 39 26 29 24 6 4 4 3 4 4 3 3 4 3 3 4 4 3 3 4 4 4 4 5 5 4 3 3 5 5 4 4 4 5 4 4 5 5 5 5 5 5 5 4 4 4 4 4 5 4 4 4 4 4 4 4 4 4 4 5 5 4 4 5 5 5 6 5 5 6 6 6 5 4 3 3 4 5 5 4 4 5 5 5 5 5 4 4 4 5 5 4 4 5 5 5 4 4 4 4 5 5 5 5 5 5 5 5 5 5 4 4 4 4 4 4 4 4 3 3 4 5 5 5 5 5 5 5 5 4 5 5 5 4 4 4 5 
31 30 29 30 32 34 37 38 36 35 36 36 33 35 34 33 34 35 36 37 35 37 38 40 41 42 41 39 40 41 42 42 43 43 39 37 37 36 36 37 39 40 39 38 39 39 37 34 33 33 34 34 34 35 37 37 40 40 36 35 35 34 35 34 33 32 32 33 34 35 36 36 37 37 38 39 39 39 40 39 39 40 42 43 44 45 45 44 43 43 45 47 46 44 46 49 47 47 47 47 45 43 41 39 39 43 46 45 45 46 45 49 46 50 31 22 16 5 5 6 6 6 6 5 5 5 4 4 5 5 5 5 5 5 4 5 5 5 4 4 4 4 4 5 5 6 5 4 4 4 5 5 5 5 5 6 5 5 5 5 5 5 5 5 5 5 5 5 5 5 5 5 6 5 5 5 6 6 7 6 6 6 7 7 7 6 6 5 4 5 5 5 4 4 4 4 3 3 3 3 3 4 4 3 3 3 4 4 3 3 3 3 3 4 4 4 3 4 4 4 4 4 4 4 5 5 6 6 5 4 3 4 4 3 3 3 4 4 5 5 4 4 4 4 4 4 4 3 3 4 
31 29 27 27 28 30 30 31 30 29 31 32 28 31 32 32 31 30 31 32 33 34 35 36 37 37 37 37 38 40 41 42 42 43 36 35 34 34 34 34 34 39 38 36 38 41 40 37 39 41 41 40 39 39 42 40 41 42 38 37 38 38 37 36 36 37 38 40 42 41 40 40 40 40 40 40 38 38 40 40 40 42 45 49 49 47 47 47 46 44 43 45 44 42 45 48 45 44 46 47 50 51 52 52 44 45 51 45 40 41 45 46 40 43 21 13 11 8 8 8 7 8 8 7 7 7 7 7 8 8 8 8 9 10 11 13 13 12 10 10 10 9 9 10 11 11 12 12 11 11 12 12 12 12 14 15 14 13 14 13 12 13 14 14 14 13 12 12 13 14 14 15 14 13 13 14 14 15 16 15 14 14 14 14 13 13 13 14 15 16 17 17 15 15 16 17 16 17 16 16 16 19 18 16 18 19 20 19 19 18 18 17 18 20 22 20 19 21 22 23 23 24 23 23 22 19 19 22 25 25 21 19 29 28 24 26 28 26 25 25 23 21 21 22 25 32 31 31 30 32 
30 28 27 26 27 28 28 30 29 29 33 34 31 32 34 35 33 30 30 31 32 32 32 33 33 33 33 34 35 37 39 40 40 40 40 40 40 40 39 39 39 40 38 36 39 44 44 42 42 43 43 40 38 38 40 39 41 43 41 41 43 43 41 40 40 41 43 45 47 46 45 45 44 44 43 43 38 38 40 41 42 44 48 50 47 43 43 44 42 38 39 42 41 39 43 46 43 43 45 47 48 49 49 48 46 48 48 42 39 41 43 46 44 55 41 38 41 36 43 42 40 42 43 42 43 46 47 48 51 53 51 52 46 43 51 56 54 52 51 50 53 61 62 56 53 57 61 60 57 56 57 57 54 51 53 55 52 51 54 51 50 53 56 59 58 55 52 53 57 57 59 59 56 52 51 55 57 58 58 56 54 55 57 51 45 42 42 45 43 40 44 46 44 44 48 48 44 44 41 38 37 40 43 45 51 55 54 52 52 52 50 48 50 55 58 55 56 63 64 66 68 68 69 76 83 57 39 32 31 29 25 33 66 81 78 87 93 90 93 92 87 83 81 84 87 88 91 92 91 93 
33 31 29 29 30 31 31 29 29 32 36 37 35 33 34 33 31 28 27 28 31 31 33 35 37 37 36 35 37 39 41 42 43 46 45 42 41 42 43 40 36 36 37 39 43 45 45 44 41 42 44 42 40 40 40 37 35 40 42 41 45 46 47 44 40 38 37 36 34 34 34 33 36 41 46 49 46 46 49 50 48 46 46 47 47 47 48 49 50 50 50 52 50 47 48 51 50 46 45 46 49 51 49 46 44 45 49 50 50 50 49 48 51 55 43 40 41 44 50 37 30 33 31 35 37 38 39 38 45 42 45 36 36 29 23 25 30 30 28 29 35 33 32 41 29 21 23 23 20 19 19 19 18 18 18 16 15 21 21 16 17 22 26 29 31 32 28 28 32 29 27 27 22 20 24 22 19 25 21 24 17 20 18 15 17 14 14 13 9 10 11 11 13 15 13 11 11 13 14 13 14 14 15 19 24 28 30 31 35 40 48 53 51 48 48 52 55 56 52 58 57 60 84 72 57 20 9 13 7 4 5 8 33 71 71 68 66 72 67 67 66 63 62 63 64 65 68 67 60 54 
39 37 36 36 35 36 37 35 37 41 45 44 41 37 38 40 39 37 37 38 37 36 35 35 35 34 33 35 37 39 40 40 42 44 44 42 41 43 44 43 39 40 40 41 43 45 45 43 40 42 43 42 41 40 41 38 35 39 40 37 40 40 43 41 36 33 32 29 27 28 29 28 30 34 38 41 37 36 37 37 37 36 35 36 37 37 37 37 36 36 37 38 37 34 34 35 35 30 29 29 30 31 30 28 30 34 38 42 42 42 43 42 43 46 41 42 45 40 26 11 7 9 7 8 9 12 12 10 14 26 49 44 48 50 53 58 56 53 55 65 67 58 59 45 13 4 5 6 5 4 4 4 4 12 40 68 65 61 65 59 60 66 69 68 69 70 67 64 65 63 59 60 52 48 56 53 49 56 44 50 38 45 43 39 40 31 30 29 24 26 25 20 21 21 19 17 16 16 11 7 7 9 9 8 10 11 12 14 16 18 21 26 35 43 47 45 45 45 43 45 43 40 48 42 34 12 11 11 11 2 2 2 12 32 36 41 38 41 42 41 40 38 37 36 36 35 36 36 35 34 
42 42 41 40 40 40 36 33 33 35 38 39 37 38 40 43 44 43 43 44 42 40 38 39 40 39 38 40 41 43 44 44 45 47 48 48 48 50 51 52 51 51 49 47 49 53 52 49 49 51 54 55 55 57 60 60 57 62 62 57 59 58 56 53 48 46 43 41 39 42 44 42 44 46 48 48 46 44 42 42 44 45 44 42 41 41 41 41 39 38 39 40 39 35 35 36 35 32 29 29 28 29 29 27 27 31 38 46 53 59 64 72 73 75 74 74 76 52 19 3 2 4 3 2 3 4 4 3 4 22 67 79 69 60 69 74 69 63 67 72 67 69 78 43 10 3 2 3 2 2 2 2 2 8 33 64 57 46 53 61 62 58 55 53 52 52 54 51 50 50 47 51 48 45 49 48 47 51 38 44 37 42 42 41 40 32 33 36 33 35 35 29 28 28 27 28 27 28 20 11 7 7 7 7 7 7 7 7 8 8 8 12 22 34 39 40 40 38 36 33 33 34 32 35 25 9 13 10 14 3 2 5 14 27 32 39 34 31 32 32 33 33 32 31 32 33 32 32 34 37 
43 44 45 44 43 42 46 43 38 38 42 45 47 52 55 58 59 58 57 57 59 58 57 58 60 60 59 57 59 60 60 59 60 62 61 62 64 64 66 68 71 73 68 65 69 76 77 73 72 72 75 77 76 77 81 77 72 79 80 75 79 80 78 76 73 71 70 69 68 75 76 73 73 74 73 71 74 72 67 69 74 75 72 66 66 68 69 69 66 65 63 65 64 60 60 62 60 59 57 54 54 55 55 55 57 60 62 63 62 61 62 66 65 66 70 66 67 39 10 4 4 5 4 3 3 3 3 3 3 11 39 55 53 43 46 48 47 46 47 45 41 52 50 18 5 2 1 2 3 3 2 2 3 4 12 27 35 39 37 38 42 41 38 38 37 36 41 41 40 41 36 40 40 37 37 33 35 37 30 35 35 35 36 38 38 34 37 41 38 38 41 39 42 40 38 38 36 39 35 27 20 18 19 20 18 16 14 13 12 12 13 19 31 39 39 42 43 35 37 32 36 42 34 45 31 9 10 9 8 5 2 4 17 32 36 41 40 38 39 40 41 43 43 40 39 38 38 37 38 38 
55 58 60 60 59 58 59 55 51 50 53 56 59 62 63 64 64 63 62 60 64 63 63 63 62 59 55 54 56 57 56 56 56 57 55 55 57 57 57 59 62 60 55 53 55 61 62 59 59 57 56 55 51 49 51 49 46 52 54 51 55 55 55 54 54 52 52 52 52 58 58 56 55 55 53 51 54 54 50 53 57 57 53 52 53 55 56 56 54 52 50 52 53 50 51 53 52 52 51 48 48 50 51 51 46 45 48 49 48 48 49 47 44 45 51 46 46 25 5 5 5 4 4 3 3 2 3 3 3 3 12 19 34 40 41 42 44 45 45 42 40 51 38 6 3 3 2 2 2 2 2 2 2 2 4 8 18 40 46 42 42 40 40 42 41 39 42 43 44 44 39 41 41 39 40 38 39 42 40 43 49 45 44 46 46 48 51 48 43 42 42 42 49 47 42 43 42 40 39 38 39 41 42 42 39 36 35 31 28 25 22 25 35 42 39 39 38 35 41 38 42 45 30 39 32 12 5 5 4 3 2 7 24 37 37 38 41 39 37 36 36 37 36 32 30 30 33 33 31 28 
45 47 50 50 49 48 45 45 46 47 48 48 47 48 48 48 49 50 50 49 47 47 46 46 45 42 38 39 41 42 41 40 40 41 40 40 41 41 42 43 44 47 46 44 45 47 47 45 46 43 41 41 37 34 37 40 39 44 45 42 45 46 43 43 43 41 39 39 39 43 43 41 40 40 39 38 39 39 37 39 41 40 37 40 43 43 43 41 39 37 37 40 41 40 42 44 43 43 42 40 40 43 44 45 46 47 48 47 44 42 42 44 47 41 46 40 37 21 4 5 4 3 3 3 3 3 3 4 4 3 5 6 20 32 40 42 40 41 43 45 40 43 34 5 2 3 3 2 2 2 2 2 2 3 3 3 6 23 40 44 39 36 39 42 44 42 38 36 39 40 42 49 48 49 50 45 45 47 44 40 52 46 43 42 40 48 52 44 42 41 33 30 40 41 37 40 40 36 36 39 39 37 38 41 41 41 40 38 36 34 27 19 19 25 32 37 38 38 40 36 37 38 28 33 29 21 8 5 8 4 10 20 31 32 32 32 36 34 34 33 33 35 35 32 30 34 40 43 41 37 
37 38 38 38 37 36 31 32 35 37 37 35 34 35 34 33 35 38 39 39 37 35 34 35 36 36 35 36 37 38 38 37 37 38 38 38 38 40 42 42 41 41 42 42 41 39 38 38 40 36 36 39 37 36 42 44 41 46 46 42 45 44 43 43 43 40 38 37 38 41 40 38 37 38 39 39 40 39 38 37 38 37 36 38 40 39 37 35 33 32 33 36 38 37 38 40 39 40 40 38 38 40 41 41 42 43 44 43 42 41 41 41 44 33 41 44 42 31 16 18 16 18 19 11 6 7 6 5 4 3 5 5 12 23 33 35 30 31 33 38 33 29 25 5 1 2 2 2 2 2 2 2 2 2 3 4 3 10 21 24 23 28 35 41 49 54 43 35 38 43 57 75 71 74 83 81 81 83 70 48 74 72 68 61 50 64 73 66 68 66 48 42 56 61 58 60 56 54 57 58 46 36 35 41 44 46 46 46 48 47 34 16 7 10 28 48 55 51 47 43 41 43 49 48 41 33 24 16 19 12 28 43 46 42 52 56 64 61 54 53 55 60 63 61 59 63 68 72 71 71 
34 33 33 32 30 29 29 29 30 30 31 32 33 32 29 28 29 32 35 35 38 36 33 32 34 35 36 38 39 40 40 39 39 40 37 35 36 40 43 43 40 35 36 39 38 35 34 35 36 33 33 37 35 34 41 40 36 41 41 37 39 39 37 38 38 36 34 34 35 36 34 32 32 34 37 38 40 40 38 35 34 34 35 35 34 33 32 30 29 29 29 32 33 33 33 34 33 36 38 37 37 38 38 37 37 38 39 38 36 36 36 33 37 28 52 90 110 115 105 108 107 126 115 55 29 32 34 24 9 3 6 6 9 13 16 16 15 16 16 19 17 14 11 3 2 2 2 3 2 2 2 2 2 2 2 4 5 7 7 6 8 15 23 30 45 57 45 33 33 40 61 81 69 69 80 79 81 83 63 36 63 70 69 57 41 50 61 57 60 56 40 34 45 47 44 45 41 40 44 43 33 26 25 28 31 32 31 33 36 39 34 19 6 5 22 51 66 71 72 84 81 75 86 71 57 28 31 24 16 18 38 64 68 64 79 76 82 81 77 73 72 76 80 77 76 81 81 81 82 84 
32 28 29 26 26 25 29 32 33 32 30 30 31 28 30 30 33 29 29 31 34 33 30 27 30 30 30 32 35 32 36 39 33 34 37 29 36 34 31 35 35 38 39 37 37 39 38 38 35 34 34 36 33 35 34 37 38 36 32 41 34 35 34 33 34 37 33 30 33 35 37 33 34 35 31 29 30 32 33 31 29 30 33 31 30 29 26 28 28 27 24 29 26 27 33 42 34 31 29 27 30 36 40 34 33 34 35 37 33 32 35 30 29 26 89 160 173 187 185 189 183 204 180 86 46 48 46 42 20 5 7 7 7 5 4 3 4 4 4 4 4 4 4 3 3 3 3 3 3 2 2 2 2 2 2 3 4 4 2 2 3 4 9 12 21 28 23 16 15 18 30 39 31 29 32 31 33 33 23 11 23 28 30 23 14 17 21 20 22 20 14 13 15 14 12 13 12 12 13 13 12 11 11 12 12 13 12 13 14 17 20 14 8 6 13 28 39 47 51 64 63 55 58 46 37 10 17 15 7 12 22 39 43 42 48 42 43 44 46 42 40 41 43 41 41 46 42 41 42 44 
34 26 31 27 28 26 24 28 31 33 35 32 26 26 28 26 29 27 28 28 24 27 27 22 25 24 26 27 31 27 39 47 29 24 32 24 40 31 18 25 29 41 41 29 29 36 38 41 38 51 38 34 31 35 32 37 39 33 37 37 31 35 33 35 36 43 39 34 35 36 39 31 31 30 23 21 22 25 30 30 27 24 25 26 30 32 29 30 31 31 28 40 36 26 30 44 32 21 16 14 16 28 40 31 22 20 22 26 23 24 30 23 16 15 100 203 185 183 177 170 153 152 133 68 42 42 33 43 27 6 5 7 6 4 3 2 2 2 2 3 3 5 5 5 4 5 5 4 4 3 3 3 3 2 2 2 3 3 3 3 3 3 4 4 3 3 3 4 3 3 4 4 5 5 5 6 7 6 6 6 8 8 8 9 7 10 11 9 11 12 12 11 11 11 10 10 11 11 11 12 12 13 13 12 12 12 12 12 10 11 12 11 11 11 10 10 11 11 11 12 12 11 9 10 11 5 6 6 6 6 6 6 6 6 6 6 7 8 9 8 6 6 8 8 7 10 9 10 11 8 
33 25 31 30 31 28 21 21 21 25 33 33 23 25 20 20 17 27 29 21 17 22 21 17 18 19 24 25 28 29 44 51 28 17 18 19 41 27 17 18 23 33 33 21 18 23 31 42 47 86 46 31 30 30 37 40 49 30 51 29 34 37 35 40 41 42 42 38 34 32 37 31 24 22 18 17 19 23 30 33 32 32 33 36 36 38 35 31 33 33 38 46 47 23 17 22 17 10 8 8 6 13 27 25 14 10 11 11 10 13 16 11 10 8 72 203 168 142 125 107 86 75 70 47 40 41 31 39 29 7 5 6 6 5 3 3 2 2 2 3 4 6 7 6 5 6 5 5 4 4 3 3 3 3 3 3 3 4 3 3 3 4 4 4 4 5 5 6 5 6 6 7 7 7 8 10 11 11 10 11 13 14 15 16 13 17 17 15 16 17 17 17 17 16 16 17 19 18 18 18 19 20 19 17 17 17 17 17 16 16 19 18 19 19 16 16 16 16 17 16 15 12 11 11 14 14 12 10 10 10 9 9 10 10 9 9 10 12 13 11 8 8 10 9 9 13 13 15 15 13 
30 20 26 27 29 26 25 22 20 21 24 26 25 19 15 21 17 28 25 13 17 19 13 14 18 19 20 23 24 22 32 38 22 12 13 20 41 22 20 17 21 24 24 18 15 20 29 44 46 102 52 34 34 28 38 36 71 30 37 32 29 30 31 35 34 30 34 30 24 31 41 41 30 26 21 17 18 20 25 30 36 43 51 53 42 34 27 25 36 33 42 36 39 10 7 10 7 6 6 6 7 9 15 17 12 10 13 13 11 14 15 14 18 11 53 160 114 80 67 59 50 44 48 46 45 42 30 34 30 10 5 5 7 5 3 3 2 2 3 4 6 8 8 7 6 6 6 6 5 5 4 4 4 4 4 5 5 5 5 4 5 5 6 6 6 6 7 7 8 9 9 9 10 10 12 13 14 15 15 15 17 17 18 19 18 21 21 20 21 20 21 21 21 21 21 22 24 23 23 23 23 24 23 21 21 21 22 21 20 22 25 23 23 23 22 23 24 24 24 23 19 15 13 12 16 23 18 17 16 18 16 14 15 14 12 10 12 12 11 10 8 8 10 11 10 12 14 13 13 13 
27 12 16 19 23 23 25 21 23 25 24 30 49 32 17 13 15 27 29 20 36 31 15 21 30 29 21 20 17 13 16 21 18 16 14 26 42 16 21 20 19 15 18 18 16 18 23 34 36 82 51 41 37 30 34 23 56 43 14 18 13 15 16 15 14 15 22 21 23 32 38 37 25 28 28 27 31 33 35 38 41 44 46 54 46 34 17 19 48 58 65 45 52 13 7 11 10 10 7 9 15 14 14 19 17 17 22 22 20 23 20 22 27 21 41 96 66 51 46 47 50 47 50 53 47 42 32 30 30 13 5 6 7 6 4 3 2 2 3 5 7 8 9 9 8 8 7 7 6 5 5 5 5 5 5 6 6 6 6 6 6 6 7 8 9 8 7 8 10 11 12 11 12 13 14 15 17 18 18 18 19 19 18 20 20 22 23 23 23 23 24 25 25 25 25 26 28 27 25 25 26 27 26 25 25 25 25 25 25 27 29 26 24 24 27 30 30 26 27 26 22 16 14 13 18 27 21 25 22 25 25 20 20 18 17 16 16 16 14 13 11 12 16 17 16 20 22 18 16 18 
25 8 10 12 17 20 24 19 24 33 28 30 56 70 37 11 16 28 37 33 54 45 24 31 39 35 24 19 16 13 15 17 18 21 15 33 47 14 20 20 17 13 17 18 17 17 17 24 32 55 43 41 36 35 37 25 24 70 24 8 13 16 18 15 13 14 21 18 29 44 44 45 34 39 38 32 41 46 53 62 69 72 70 70 66 51 19 17 56 86 79 51 61 18 7 9 13 15 14 17 24 21 22 27 25 24 29 29 26 30 27 26 27 29 33 56 50 56 53 54 58 52 49 52 45 43 37 28 28 14 4 4 6 7 5 3 2 3 3 5 8 9 10 11 10 10 9 7 6 6 5 5 6 6 5 6 6 7 7 7 7 8 8 9 10 10 9 10 12 14 14 14 14 16 17 18 20 21 22 22 22 23 22 23 26 25 26 27 26 27 28 28 29 29 29 30 31 30 30 29 29 30 30 30 30 30 30 30 31 32 32 31 29 29 32 34 32 28 31 32 28 24 22 21 24 29 24 31 26 28 31 26 24 23 25 26 24 23 21 19 17 18 22 22 23 28 30 26 23 24 
26 7 9 10 15 19 23 15 21 32 27 20 28 68 49 21 25 28 29 26 36 33 24 26 28 24 22 17 16 19 19 16 16 16 15 31 43 16 19 19 17 15 18 17 17 18 19 24 23 18 15 16 17 21 27 29 14 57 41 13 19 21 27 24 23 21 26 19 35 68 64 67 53 57 50 44 57 58 57 61 68 72 71 84 80 55 23 21 49 73 64 41 41 21 15 18 21 23 26 30 27 25 31 32 33 32 31 30 28 33 34 31 28 34 30 54 56 63 58 57 57 49 42 49 48 44 41 27 26 14 3 3 5 7 6 3 2 3 3 6 9 8 9 8 8 7 7 7 7 6 6 6 7 6 6 7 7 8 9 9 9 9 9 9 10 12 12 13 14 15 16 17 18 19 19 20 21 22 23 24 24 26 27 27 31 28 28 29 28 29 30 31 31 31 31 31 32 33 33 33 33 33 32 32 33 33 32 33 34 34 33 36 36 35 35 33 31 33 35 37 37 35 34 34 35 33 31 33 29 30 34 35 30 29 31 32 29 27 28 24 23 23 23 22 21 21 24 24 24 24 
27 9 11 11 15 18 17 14 20 30 29 21 21 20 20 22 24 26 23 17 15 16 18 22 26 25 30 28 29 36 36 32 35 35 39 37 36 29 38 40 39 36 38 34 34 36 36 40 42 31 27 26 28 22 30 26 14 18 22 18 20 22 25 27 36 29 35 28 46 87 70 64 46 53 58 75 81 69 61 62 71 80 84 81 63 42 32 31 36 45 35 24 19 23 24 28 27 30 33 37 32 30 36 33 38 36 33 35 32 35 38 35 33 36 33 92 85 67 58 55 58 55 46 53 53 44 42 28 25 16 4 2 3 5 5 3 2 2 3 6 8 7 6 6 6 5 6 7 7 7 7 7 8 8 8 8 8 9 10 11 11 11 10 10 12 13 13 14 15 16 17 19 21 21 22 22 22 24 25 26 26 28 27 27 33 28 28 31 29 31 32 32 32 32 32 31 32 33 35 36 36 34 33 32 34 34 33 33 36 36 34 38 38 38 39 36 33 36 34 34 35 36 36 37 40 36 38 32 35 35 35 40 37 34 34 34 32 32 35 32 31 32 32 29 26 24 25 25 26 24 
27 12 14 14 16 18 24 29 34 37 33 27 24 22 17 20 16 28 28 17 13 13 21 30 42 45 56 68 73 85 91 96 113 119 122 84 58 73 103 109 107 104 106 95 89 89 81 79 94 81 70 60 59 33 37 32 32 26 26 33 38 50 52 60 71 47 52 40 52 93 75 74 57 57 54 69 75 67 63 64 69 67 60 69 62 50 50 34 17 21 24 29 25 35 31 30 32 34 30 33 41 39 39 38 39 35 33 39 35 34 34 30 32 32 38 149 141 91 68 61 68 73 58 58 51 40 40 29 27 19 6 3 2 4 4 2 1 2 2 4 6 5 5 6 7 7 7 7 7 7 8 8 9 8 8 8 8 9 9 10 11 12 12 13 14 13 11 13 15 16 17 20 23 23 23 25 26 27 29 30 30 31 27 27 34 29 30 34 33 34 35 35 35 35 35 34 33 35 38 39 38 36 35 35 36 35 35 36 39 40 38 40 39 38 43 43 44 46 40 37 36 38 40 39 37 36 40 30 41 41 36 39 39 38 38 38 39 38 34 33 35 37 38 36 37 40 35 31 28 25 
29 18 17 19 21 22 32 39 36 41 36 30 24 16 22 20 19 27 25 14 13 14 24 32 41 51 67 73 106 132 163 185 208 200 194 193 93 120 149 142 151 159 170 158 144 141 133 134 135 102 84 65 57 77 79 57 93 120 115 127 127 153 170 154 110 53 66 49 47 81 58 41 51 46 37 52 43 47 56 41 56 50 39 41 29 29 45 39 29 30 33 35 35 36 37 38 38 41 41 41 41 40 40 40 40 41 42 43 46 39 21 11 19 35 44 131 245 193 122 91 72 60 54 54 45 33 32 37 33 17 6 2 2 3 4 4 2 2 3 5 6 6 7 7 7 6 7 8 9 10 10 11 11 10 10 11 10 9 11 12 12 12 12 12 12 10 7 10 16 19 21 22 24 25 24 26 27 29 29 30 32 31 30 32 32 31 33 37 39 35 31 34 36 37 41 44 42 39 40 39 35 37 39 36 36 35 36 40 43 44 44 44 43 43 42 42 44 43 39 39 30 34 46 43 39 39 39 39 41 42 44 43 41 40 41 41 38 35 36 42 48 48 46 45 45 42 43 39 38 40 
29 18 16 18 19 20 36 41 34 38 33 30 26 17 25 26 25 32 28 16 18 17 22 23 27 32 42 46 55 57 61 67 78 81 105 127 71 91 111 99 97 93 90 79 87 95 82 71 56 51 83 120 152 177 146 78 143 206 199 180 136 112 94 90 63 35 48 37 40 57 52 47 44 34 33 51 53 63 64 39 42 34 27 32 25 28 42 38 33 34 37 38 38 39 40 40 40 40 40 40 40 40 39 39 40 42 40 38 41 36 22 16 30 38 36 89 227 253 253 226 175 126 80 45 17 8 9 8 8 6 4 4 5 6 5 2 2 4 4 4 4 5 7 10 11 10 10 10 10 10 9 8 8 8 10 12 12 12 12 10 12 16 17 18 18 16 14 16 21 24 24 25 27 27 27 29 30 31 31 32 34 34 34 34 35 35 37 40 40 39 40 41 38 34 38 42 39 39 42 44 43 42 41 41 40 39 41 44 46 45 42 42 42 42 42 42 42 38 38 47 41 36 42 43 44 43 43 44 45 45 46 47 46 45 46 45 44 43 44 47 48 45 42 42 43 45 49 48 46 46 
32 20 18 19 20 21 41 44 34 37 32 31 29 17 24 26 24 30 27 18 17 14 15 13 15 19 25 41 41 40 36 38 41 44 42 59 35 39 46 37 33 38 39 36 36 36 34 41 62 86 139 158 164 172 142 77 142 161 132 103 80 59 58 74 52 45 58 43 39 52 59 55 39 31 36 45 42 51 51 29 30 27 28 34 29 33 43 42 42 43 42 42 42 43 43 43 43 43 43 43 43 44 44 44 45 47 44 39 41 41 33 30 41 38 35 51 139 205 229 238 240 126 25 6 6 4 2 2 3 4 4 4 4 3 3 3 3 4 5 7 8 9 10 11 10 9 6 4 4 4 3 2 2 4 6 9 12 16 19 16 14 15 18 20 20 19 19 21 25 27 26 26 28 28 28 29 31 31 31 31 32 34 34 35 35 38 39 39 40 41 39 43 47 45 44 41 39 39 40 43 47 45 43 44 42 42 45 48 46 45 45 45 45 45 46 46 47 45 43 53 49 41 49 53 48 48 49 50 50 49 49 50 51 51 50 51 53 54 55 58 60 60 62 69 74 76 81 87 96 96 
32 20 19 20 21 22 41 43 34 38 33 30 29 19 23 21 20 27 25 18 16 12 13 12 14 16 19 30 30 37 39 44 41 40 44 63 47 40 45 41 41 45 44 37 41 47 58 88 117 144 171 153 148 156 138 98 143 111 86 71 74 75 68 72 37 44 66 57 52 66 66 50 38 36 37 33 25 31 32 23 27 32 37 41 38 41 45 43 45 44 44 45 45 45 45 45 45 45 45 45 46 46 47 47 47 48 47 43 44 47 45 44 39 36 43 42 60 79 135 112 48 14 4 4 4 3 3 4 5 5 4 5 7 9 10 13 7 3 3 9 13 12 10 8 6 4 3 3 3 3 3 2 2 2 2 3 5 9 14 15 15 16 16 17 20 21 21 23 28 30 28 27 30 31 30 31 33 33 32 33 33 36 37 36 38 41 42 40 39 39 39 41 43 43 42 43 46 45 41 40 46 48 46 44 43 43 47 50 48 47 49 49 49 48 48 48 47 44 46 51 48 45 47 49 52 54 57 58 58 57 57 59 62 64 64 66 72 77 82 89 96 102 110 124 130 127 131 148 172 167 
27 18 17 18 20 21 34 36 32 39 33 27 25 21 23 21 22 31 28 18 15 14 17 15 16 16 16 17 18 29 38 50 49 45 49 63 58 46 52 53 58 68 58 51 77 118 137 153 154 155 154 157 181 174 128 69 85 62 63 58 60 66 61 51 15 24 52 65 68 68 55 38 36 37 33 27 26 31 30 27 33 38 41 43 42 45 45 41 44 43 45 48 48 48 48 48 48 46 45 46 46 47 48 48 47 48 49 46 46 47 47 46 40 49 40 38 26 22 21 13 8 7 5 6 6 5 5 5 4 3 4 8 14 17 19 20 17 12 9 7 7 7 5 4 3 2 2 3 3 3 3 4 4 3 3 4 5 8 13 16 18 20 18 20 24 27 26 27 31 33 32 31 34 36 36 37 39 39 38 38 39 42 44 42 43 47 48 45 41 41 45 42 35 32 36 42 49 53 50 47 49 52 51 47 46 48 51 54 53 52 54 54 54 54 53 53 51 55 66 62 60 68 60 54 63 67 71 74 77 77 80 85 91 96 97 103 111 119 128 139 147 150 155 163 166 161 178 190 187 156 
26 18 18 20 22 23 27 29 27 36 30 24 22 22 24 24 29 39 31 16 13 14 19 16 16 16 16 15 17 24 32 51 63 61 58 61 66 50 54 51 56 70 79 88 119 154 154 146 146 148 137 138 151 128 91 48 60 54 70 72 64 67 60 47 16 27 57 69 65 52 39 33 37 35 30 32 36 41 37 38 40 44 45 43 42 46 48 44 47 48 49 51 52 53 54 54 55 54 54 54 54 55 55 55 55 56 56 54 53 52 52 51 52 66 24 18 11 7 6 7 7 5 3 3 3 3 4 5 5 3 4 7 13 17 13 8 13 22 15 5 3 4 3 2 3 3 2 2 3 3 3 3 3 3 6 10 12 13 17 22 23 21 22 25 31 34 33 33 36 39 38 39 42 43 43 45 47 47 47 47 49 51 52 51 52 53 54 53 52 50 43 41 46 52 46 42 45 51 59 60 56 55 56 57 57 58 59 61 63 63 65 66 66 67 69 70 70 80 81 55 56 87 89 79 86 90 95 100 105 108 112 119 126 133 138 144 150 153 156 169 180 182 181 186 186 188 209 195 148 103 
29 21 21 24 26 26 27 25 23 32 28 24 24 27 31 31 36 44 35 21 16 18 23 16 15 16 18 16 18 17 22 43 67 69 56 44 51 37 40 36 40 76 113 129 129 130 119 112 106 110 103 101 104 88 78 45 57 61 67 74 67 72 72 65 40 47 62 57 47 37 32 33 37 35 32 38 39 43 39 42 38 42 45 42 40 45 53 49 51 55 56 57 58 59 61 62 63 66 68 67 67 67 67 67 69 69 69 68 68 68 69 68 61 55 11 6 5 4 3 4 5 4 4 6 7 5 4 6 6 5 4 6 16 19 9 2 5 12 10 4 3 3 2 2 3 3 3 4 4 4 4 3 3 3 6 10 10 8 12 18 21 22 30 39 45 47 47 46 50 54 53 54 57 57 56 59 61 62 62 63 66 67 68 67 66 64 66 67 66 58 48 49 69 85 70 54 49 49 63 74 67 64 68 71 72 70 67 67 72 74 73 76 79 83 87 91 91 94 77 43 49 91 106 107 114 116 121 128 134 140 143 148 154 162 169 173 172 169 170 184 194 197 198 204 206 204 194 151 102 74 
31 22 22 25 26 27 29 26 21 30 27 26 30 40 43 39 41 49 43 32 29 32 33 19 15 16 18 18 22 15 18 40 71 73 70 49 56 44 52 52 64 90 116 108 89 89 86 78 83 84 76 85 98 82 76 48 71 81 70 78 75 82 85 80 57 44 43 36 31 32 31 32 34 35 34 35 35 40 36 38 30 33 38 38 36 42 54 49 50 55 60 62 64 66 68 70 71 75 76 75 75 74 74 73 77 76 75 77 81 84 88 86 60 32 7 4 5 5 5 4 5 5 4 6 8 6 5 5 5 4 5 9 17 15 6 2 3 8 16 11 3 4 3 2 3 3 3 4 4 4 4 3 3 4 8 11 7 3 5 12 19 28 47 64 69 68 70 70 70 76 76 76 78 77 76 79 83 84 85 86 90 91 89 90 87 83 83 88 77 59 69 72 73 81 82 79 65 53 66 85 81 80 84 82 84 80 71 69 77 78 73 76 81 88 95 100 103 108 90 61 81 125 132 132 136 137 140 146 153 159 165 171 175 182 190 191 182 178 190 200 206 205 205 210 214 199 148 96 69 67 
28 22 23 27 28 26 31 23 19 31 33 44 53 56 60 56 46 45 38 35 36 31 37 21 16 16 19 20 20 15 18 37 65 74 81 70 69 70 80 82 82 88 89 79 72 76 78 75 84 84 72 75 89 88 76 47 73 78 77 85 85 74 58 48 31 21 17 15 15 16 16 16 16 16 16 17 17 18 17 19 16 16 19 19 18 21 28 26 26 29 31 32 33 34 35 36 36 38 38 38 38 39 40 42 45 45 43 46 47 43 39 36 25 12 5 4 6 5 7 5 3 10 38 66 55 26 7 4 6 8 5 11 18 13 5 2 3 8 22 13 3 3 3 5 4 6 6 4 5 6 3 5 4 4 10 12 5 2 2 8 20 31 53 73 76 83 84 85 90 95 100 102 102 100 96 95 98 100 101 102 106 109 113 115 115 115 117 113 93 82 97 104 95 100 98 106 89 62 85 103 92 85 92 91 99 100 93 91 84 95 97 104 92 109 108 121 128 131 132 124 122 129 139 148 153 160 166 170 172 174 177 186 195 197 191 188 196 206 208 205 203 211 222 217 192 140 95 67 66 72 
31 26 27 30 31 29 33 24 20 31 32 47 57 60 63 60 46 42 34 36 41 35 39 17 13 16 20 22 21 15 17 33 59 75 81 76 71 75 83 84 80 79 79 79 84 87 83 76 72 79 85 82 85 84 71 57 79 78 77 67 55 40 23 17 11 9 9 9 9 9 9 9 9 9 9 9 10 9 9 11 12 12 13 13 13 14 17 16 15 17 18 19 20 20 20 20 20 23 24 24 23 23 22 22 23 22 22 24 22 16 11 8 5 5 6 6 5 7 9 8 6 21 68 86 71 55 20 5 4 7 5 13 19 11 4 3 2 6 19 13 5 7 4 4 12 39 56 31 7 5 5 5 6 7 13 12 4 3 3 6 17 25 36 42 38 42 44 46 49 52 54 56 56 55 55 57 60 62 63 64 68 70 72 75 76 78 81 76 63 61 70 77 70 75 69 75 66 50 72 87 90 88 94 94 101 107 108 110 98 110 116 123 106 140 148 150 145 154 164 140 112 132 168 176 183 184 185 186 190 196 198 197 199 199 199 204 215 220 214 210 211 221 215 165 123 87 73 68 69 70 
30 25 23 26 29 31 33 26 22 30 29 43 54 65 63 60 51 48 39 44 45 42 43 16 13 19 21 20 20 19 22 38 64 80 82 77 74 75 79 79 77 84 84 80 81 83 85 86 83 84 81 77 83 89 84 73 72 59 51 33 21 15 9 7 7 8 9 10 9 9 10 10 10 10 10 11 13 13 12 13 17 18 17 16 15 16 19 19 19 21 22 22 23 22 22 22 22 23 24 24 24 23 21 20 21 22 23 20 13 8 6 6 5 6 10 9 6 8 8 10 8 39 92 68 59 74 32 10 7 8 8 16 24 12 4 3 3 4 15 13 5 6 6 13 46 68 55 41 21 6 5 5 6 9 16 12 4 5 3 5 14 18 20 21 18 19 22 23 23 23 24 25 26 26 26 27 28 29 29 29 31 31 32 33 33 34 36 34 27 28 33 36 32 36 32 34 31 27 35 41 49 49 50 52 53 58 62 68 60 68 72 72 73 129 165 178 171 175 185 149 108 149 207 206 206 202 199 199 203 210 211 206 207 211 217 220 220 217 218 222 216 194 156 102 73 67 71 75 71 64 
24 26 28 30 30 30 31 29 27 33 31 45 55 67 59 54 51 52 44 48 47 46 48 22 16 20 20 17 23 33 44 60 76 83 84 83 82 81 81 80 80 80 81 81 80 80 82 84 87 84 79 82 94 94 80 58 41 26 19 10 8 9 8 8 8 8 8 9 9 9 9 9 10 11 11 10 12 13 12 12 15 18 16 15 15 16 17 18 19 21 22 21 21 21 21 21 21 21 22 22 24 24 24 23 22 23 24 21 14 9 8 9 8 8 10 12 12 11 10 12 10 64 119 63 60 94 42 12 10 8 10 25 38 16 5 3 4 3 11 13 6 5 7 21 75 70 35 64 47 11 6 6 7 11 21 15 5 4 3 4 12 16 13 13 15 16 16 16 15 15 15 16 17 18 17 15 15 15 14 14 14 15 16 16 15 16 17 16 13 14 15 17 15 18 15 16 18 15 16 15 20 19 17 19 18 20 24 27 25 27 27 30 68 151 186 192 195 188 195 186 152 179 226 217 211 211 212 213 214 212 210 211 219 223 221 219 222 224 219 210 178 131 93 72 68 71 70 72 70 65 
20 24 27 28 27 27 30 33 34 41 38 51 58 71 57 49 50 56 45 45 48 42 44 26 17 18 20 25 38 58 72 80 82 79 81 84 85 84 82 82 83 72 75 83 87 85 81 78 79 83 86 81 72 57 40 24 13 8 6 5 7 8 8 7 6 6 6 6 7 7 6 6 7 8 8 8 9 11 11 9 10 12 11 11 12 13 12 12 12 13 13 13 13 13 13 14 14 15 15 15 16 16 17 17 14 13 15 15 11 9 9 8 9 12 13 13 15 14 15 14 12 73 138 111 117 131 52 15 15 12 14 38 61 27 6 3 5 3 9 15 10 7 8 25 90 74 52 112 68 13 8 7 9 17 34 23 6 3 3 4 10 15 11 9 12 12 13 12 13 13 14 15 16 16 19 23 24 26 27 28 30 32 33 34 34 37 41 41 35 36 38 40 38 43 38 40 38 31 36 38 44 44 42 44 44 45 45 47 50 50 50 65 131 205 206 189 199 200 199 219 209 213 226 214 214 217 222 227 226 218 214 220 222 220 216 218 228 225 191 155 114 84 70 68 72 75 67 66 69 70 
40 32 26 24 26 30 28 33 35 44 45 58 59 71 60 50 50 56 44 38 42 30 29 22 18 23 32 50 63 77 85 84 81 78 78 81 84 84 83 83 85 78 78 83 85 84 83 81 79 76 64 45 27 14 8 6 5 5 4 6 7 5 6 6 5 5 5 5 6 6 6 5 6 6 7 6 7 10 11 8 7 8 9 9 10 10 9 8 8 7 7 7 7 7 8 9 10 10 9 9 8 8 8 9 9 9 8 9 9 7 7 6 8 13 18 18 15 15 20 19 18 57 126 170 181 134 44 20 25 19 18 47 88 47 11 3 6 3 9 15 12 11 12 32 109 114 102 148 79 17 13 16 14 26 52 35 8 4 4 4 10 35 52 59 66 66 79 80 83 86 89 92 93 93 94 95 100 104 107 111 117 120 123 125 124 127 133 130 117 117 122 127 121 132 121 130 125 98 114 125 128 127 128 132 136 136 134 132 145 144 144 153 196 211 210 204 213 218 210 220 227 229 218 211 224 221 223 229 232 229 227 228 220 219 223 217 198 173 130 98 77 72 71 68 67 69 65 67 70 70 
72 61 50 41 36 34 29 32 32 42 46 59 55 55 53 46 41 45 35 27 30 20 20 24 30 43 58 75 80 81 82 80 82 85 81 82 84 86 86 86 86 82 82 85 86 81 73 65 55 40 22 11 7 6 5 5 5 5 4 8 6 7 7 8 9 9 8 8 9 9 10 10 10 10 10 10 12 14 15 14 13 14 16 18 20 22 22 23 24 25 28 30 29 30 31 33 34 34 34 34 34 35 37 38 41 41 40 43 46 46 47 31 14 10 17 21 17 18 25 26 28 33 75 128 135 76 27 25 31 26 27 55 116 78 21 4 6 4 11 15 14 20 17 30 100 157 165 142 61 21 24 24 18 31 71 56 14 4 5 4 13 74 131 151 161 153 173 172 176 179 182 185 188 188 185 182 187 189 190 192 197 201 206 207 202 202 204 195 177 180 193 201 191 203 190 204 191 151 177 195 199 199 200 204 208 209 207 202 221 214 216 213 229 207 220 230 236 234 227 213 220 213 200 217 232 222 217 222 231 232 230 227 218 216 214 185 131 97 79 74 75 75 69 66 66 65 68 72 71 65 
77 78 75 67 56 49 47 45 36 41 43 52 41 31 39 40 31 32 26 21 22 20 29 43 59 75 77 82 82 82 83 83 83 85 83 83 84 86 88 87 84 81 81 84 84 71 51 34 18 13 13 13 13 13 14 15 18 17 19 29 24 40 52 54 57 58 59 63 67 67 69 70 69 67 67 68 70 68 69 77 79 79 86 85 89 97 98 103 109 109 115 119 117 116 118 121 125 123 122 125 128 130 132 133 137 136 134 141 145 145 150 127 83 42 20 19 21 26 33 36 46 36 49 45 47 40 36 40 48 74 80 67 136 116 36 6 6 6 16 19 20 30 22 24 55 120 145 86 32 26 31 32 28 35 87 94 28 5 5 4 21 112 184 195 201 188 200 193 202 199 196 196 200 203 203 205 207 205 200 198 200 202 206 208 205 204 204 193 173 178 197 207 195 205 194 203 185 152 173 188 201 204 204 208 206 206 210 204 218 202 192 176 218 204 191 197 222 234 237 229 234 180 170 229 235 225 222 227 231 225 220 217 204 183 154 117 84 72 71 70 74 74 68 69 73 68 68 71 71 66 
70 70 73 77 78 79 77 69 55 53 49 46 32 25 36 40 31 29 25 22 26 36 55 71 85 92 78 79 81 84 87 86 82 80 82 82 83 84 86 85 83 89 83 86 80 69 48 36 38 39 40 43 41 38 40 42 47 45 59 80 55 98 139 154 158 142 153 157 160 161 174 172 168 175 173 177 179 170 163 182 194 188 199 193 192 184 189 187 180 190 210 218 181 192 213 211 201 186 206 208 221 183 202 221 218 200 192 230 229 196 188 194 178 121 37 19 22 30 43 48 67 66 79 54 55 59 59 57 74 138 148 68 116 136 61 20 7 13 23 24 25 35 36 43 43 53 53 45 45 43 42 74 94 56 93 139 49 9 4 7 44 152 199 162 167 197 200 200 192 176 194 201 208 188 175 198 204 209 187 167 185 206 205 194 170 184 205 197 180 181 208 217 197 205 202 211 206 176 181 194 207 207 209 214 211 214 216 195 173 140 111 80 144 150 89 102 146 174 189 211 227 166 179 226 226 221 218 213 201 178 176 187 162 122 88 74 75 80 81 69 66 70 72 73 75 70 66 67 71 72 
67 67 69 71 73 75 83 78 74 73 69 56 44 37 37 37 32 26 24 27 43 63 83 87 85 83 80 82 82 83 83 83 83 83 84 84 85 85 85 85 84 90 81 120 126 118 81 68 71 65 62 68 68 63 64 65 73 68 98 129 76 128 176 202 201 136 156 148 140 141 167 160 172 205 186 183 209 209 185 203 226 206 216 221 207 146 161 140 87 123 195 221 104 127 198 197 147 103 174 188 211 78 131 202 196 134 103 193 188 107 72 77 121 145 46 29 28 32 39 42 48 60 63 56 52 53 55 45 54 94 107 43 54 109 86 52 19 31 31 24 29 42 55 63 64 65 63 60 59 57 61 117 166 77 72 151 72 26 8 15 90 182 197 100 87 183 197 217 137 91 168 206 221 135 90 170 203 225 152 84 140 216 217 156 73 104 156 155 165 180 220 222 190 202 212 209 213 189 179 205 218 213 218 206 210 225 214 146 55 22 18 14 76 132 21 33 43 45 62 100 131 163 202 157 158 151 141 117 96 65 84 120 97 74 69 77 76 72 73 70 69 71 72 71 70 69 69 70 71 73 
70 70 71 72 74 76 78 73 70 72 76 77 75 66 58 46 35 33 41 54 68 81 86 82 81 83 84 81 81 81 81 82 82 82 83 84 84 84 84 84 83 88 86 156 178 155 97 76 77 71 68 73 70 64 66 64 71 73 109 166 137 178 201 201 196 122 128 109 131 111 115 134 173 196 151 137 195 208 184 196 213 196 206 216 204 140 153 147 69 102 200 238 108 79 167 222 146 71 150 211 214 69 98 192 224 141 65 74 63 36 28 20 26 46 30 47 57 55 54 50 49 49 47 45 48 47 46 50 56 55 58 42 41 71 72 62 42 40 34 33 33 37 45 55 56 52 50 50 52 57 49 64 77 41 39 94 86 70 32 27 132 208 204 88 38 109 211 231 121 44 132 211 227 121 49 122 210 239 136 47 96 197 218 133 49 59 106 127 149 171 206 218 193 199 212 213 217 193 180 202 214 208 213 209 217 223 223 105 18 15 15 12 61 137 20 15 12 13 16 22 22 98 70 23 23 18 18 15 14 18 46 76 73 68 70 78 75 69 69 68 67 70 73 73 71 68 69 69 71 72 
78 77 77 78 79 80 90 88 82 77 75 76 78 83 82 76 67 63 70 82 84 86 83 77 76 79 80 80 80 80 80 80 80 80 83 83 83 83 83 83 83 87 87 179 213 169 96 76 77 72 72 76 71 66 70 69 74 82 121 201 202 214 220 209 222 165 183 138 158 126 153 172 139 150 159 157 210 218 193 199 211 204 221 212 213 178 170 170 81 99 180 208 112 70 156 230 160 85 150 213 202 91 97 186 203 116 43 31 27 24 25 28 31 35 32 59 86 108 123 121 113 103 92 89 96 106 95 93 108 114 134 126 116 121 93 54 31 24 44 60 58 59 61 62 61 57 55 54 57 71 59 61 60 50 41 63 84 101 60 28 110 213 220 97 38 104 231 186 116 42 111 240 212 141 54 112 218 241 143 42 83 185 226 144 52 51 123 167 176 182 207 224 199 189 200 209 220 200 184 202 212 207 213 216 227 227 245 109 13 17 17 15 54 150 23 11 8 13 12 7 38 69 16 9 14 16 15 12 19 34 61 69 71 70 71 73 69 67 70 68 68 69 71 71 69 68 68 69 70 71 
81 80 79 80 80 81 75 80 84 82 79 79 82 72 78 87 88 82 77 76 78 79 79 79 80 80 77 81 82 81 81 81 80 80 82 82 82 82 82 82 82 91 87 181 208 148 84 75 76 73 76 80 75 71 78 82 83 97 140 219 227 216 218 206 226 189 233 173 162 140 125 127 160 203 192 165 213 225 209 210 200 181 182 202 235 243 210 209 143 139 216 232 179 145 205 233 202 143 174 218 217 145 83 88 81 46 23 22 24 29 31 31 28 30 50 86 109 129 153 165 166 160 152 156 170 190 177 186 192 179 205 208 221 169 70 28 24 34 68 102 120 130 125 107 100 105 110 114 117 131 119 131 127 140 138 141 103 49 31 32 116 219 233 150 90 150 214 216 204 107 124 231 218 188 107 141 219 223 185 92 127 205 243 205 108 95 175 200 192 204 215 229 200 174 179 198 223 210 193 205 217 213 221 224 232 221 243 149 25 17 10 11 40 138 20 10 12 16 11 15 99 43 7 14 34 30 16 14 45 70 83 78 76 72 68 67 67 69 73 70 68 68 68 66 66 68 69 69 70 70 
76 75 74 74 75 75 67 74 83 82 79 79 84 76 76 79 78 77 79 82 81 79 81 86 87 86 83 84 85 84 84 83 82 82 82 82 82 82 82 82 82 93 86 180 198 132 82 82 81 78 81 86 80 77 85 90 84 107 159 230 230 221 219 218 236 196 250 219 202 217 203 184 202 238 240 227 234 229 231 236 217 200 196 224 216 224 219 241 232 227 239 219 198 178 182 150 147 126 121 124 121 102 48 34 33 27 27 31 33 36 37 39 32 34 95 154 167 157 149 152 156 152 148 157 171 172 161 201 213 217 229 192 138 67 33 32 34 69 121 140 151 167 166 147 139 145 156 174 173 173 173 200 192 229 219 150 80 33 44 97 212 221 187 229 161 221 214 238 193 212 241 218 247 237 204 199 232 218 243 197 212 226 224 243 200 197 236 231 221 214 215 228 200 172 177 197 227 219 200 212 224 222 230 225 230 211 217 190 49 15 15 16 48 146 23 9 10 7 19 63 58 10 12 12 18 15 12 25 71 72 65 71 70 70 68 67 71 75 73 70 68 68 68 67 66 69 69 70 70 70 
77 75 75 75 75 76 82 87 88 80 71 72 78 89 89 86 82 84 91 99 92 84 81 83 84 86 89 89 87 87 86 85 84 83 83 84 84 83 83 83 83 87 79 178 189 123 85 85 86 81 81 86 81 76 81 81 78 102 158 231 233 235 229 246 246 205 214 188 169 119 136 167 130 106 100 83 102 105 110 127 147 200 245 252 198 149 140 128 106 85 64 54 46 38 39 29 26 24 24 21 17 17 15 24 25 18 25 26 22 24 25 36 35 38 107 137 144 150 162 174 177 171 170 183 195 200 201 241 237 242 199 118 54 22 33 49 35 89 159 153 129 137 147 155 155 152 154 182 188 193 216 237 220 211 145 60 38 37 51 94 197 179 78 175 101 110 129 68 69 102 166 176 192 162 173 173 181 150 180 174 159 166 157 158 162 192 185 202 238 224 222 236 218 205 215 220 232 231 210 216 230 229 232 223 233 225 217 229 104 23 9 11 42 133 35 14 16 17 76 138 38 17 30 32 36 45 66 84 94 69 68 68 69 73 74 71 72 74 70 69 68 69 71 70 70 71 71 71 71 71 
80 79 79 80 81 82 75 79 82 79 78 83 92 83 83 85 85 86 86 87 92 86 82 83 82 83 89 90 88 88 86 85 84 83 83 83 83 83 83 83 83 83 77 173 173 112 86 86 90 85 83 89 87 82 84 83 86 101 146 231 240 244 235 231 203 149 121 100 85 74 39 20 26 25 21 28 24 15 17 23 36 77 124 104 86 77 88 77 48 36 28 32 26 21 28 27 25 21 24 28 29 25 25 30 31 23 32 30 26 30 33 31 31 51 160 167 167 180 177 184 201 212 227 242 242 243 250 251 176 107 48 30 36 33 30 38 45 123 151 154 156 165 179 193 199 202 214 238 230 234 247 213 180 84 23 21 27 31 38 90 200 207 81 123 101 67 113 49 107 64 94 192 213 159 161 212 218 170 178 206 160 197 236 197 169 210 194 201 249 237 238 245 232 239 252 243 240 244 219 219 230 230 227 226 237 243 235 241 194 88 38 46 93 194 132 116 142 164 193 204 142 164 125 136 183 171 142 97 71 66 84 76 74 76 77 70 67 70 72 70 69 70 71 71 71 73 73 72 72 72 
78 78 78 78 80 81 76 82 87 85 80 80 83 85 87 88 89 89 88 87 89 87 90 93 88 84 88 90 88 88 86 85 84 83 84 84 84 84 84 85 85 91 83 173 160 102 86 87 98 92 91 101 103 98 100 101 114 116 143 236 247 246 240 199 135 125 129 161 172 90 46 33 29 24 24 23 22 19 24 25 18 23 28 38 122 171 169 129 62 38 27 36 28 24 25 21 22 22 21 18 19 19 23 19 21 16 25 26 24 27 29 41 44 52 166 192 206 210 213 236 249 250 242 216 179 141 97 68 38 41 26 27 29 31 34 38 54 145 166 182 195 223 229 218 224 245 252 246 200 177 152 79 52 24 25 33 29 30 37 70 158 131 52 55 136 84 131 80 86 119 192 182 245 195 174 220 227 176 185 241 188 187 211 198 155 215 224 183 217 244 240 238 226 239 251 241 243 248 222 218 228 227 223 231 230 236 229 207 244 224 214 209 213 238 202 220 240 228 206 180 219 148 152 168 196 158 103 71 77 68 75 78 69 67 68 65 65 72 77 73 71 70 70 67 68 74 74 73 73 73 
74 74 74 75 76 77 75 77 86 82 79 87 86 86 86 86 87 87 88 88 88 87 87 87 87 88 90 92 91 89 87 86 88 90 90 88 86 89 92 91 88 83 87 177 163 91 74 64 67 89 119 101 87 101 90 86 99 111 138 199 244 242 245 234 202 187 191 182 154 84 38 23 22 20 19 18 15 15 17 20 18 18 22 23 43 76 124 128 47 28 26 26 25 23 23 22 22 21 21 21 22 22 22 21 21 22 24 25 24 25 26 30 26 78 233 242 238 249 230 201 164 114 76 53 41 34 29 27 24 25 24 25 27 35 31 35 75 187 227 239 247 251 247 224 189 161 125 90 64 43 32 26 28 30 28 30 30 39 38 75 165 103 24 18 117 120 146 139 99 113 164 204 208 203 209 208 201 196 202 207 195 193 205 203 177 171 188 192 215 245 240 249 250 237 239 242 235 236 233 222 217 230 243 241 238 235 231 228 230 228 225 229 234 241 232 222 212 204 210 214 199 165 169 181 154 105 79 77 79 73 74 78 70 82 102 102 92 85 74 78 76 77 84 75 63 66 67 69 72 72 
76 76 76 76 78 78 78 79 86 82 79 86 84 85 87 87 87 88 88 88 89 88 88 88 89 90 91 94 92 89 87 86 88 89 89 88 88 90 91 88 84 88 83 153 148 84 57 40 30 38 55 46 35 40 44 55 51 46 58 87 119 136 134 127 114 111 118 118 102 58 28 21 21 18 17 17 19 20 20 19 15 13 13 14 17 23 55 73 37 26 23 22 21 21 20 20 20 20 20 20 20 19 18 18 20 21 20 20 20 23 27 29 31 85 188 173 138 101 72 57 41 31 29 26 20 17 17 19 22 24 27 28 28 30 26 39 96 210 238 207 171 143 109 78 54 40 34 31 29 27 26 25 25 26 26 27 29 38 43 91 180 142 117 116 219 120 141 222 193 197 228 245 238 232 238 235 225 224 231 232 222 212 216 225 207 194 211 227 239 251 249 251 252 246 248 247 242 249 250 230 214 228 240 232 231 230 231 231 233 238 243 236 230 228 229 228 225 220 217 209 188 172 186 174 102 78 72 80 82 74 70 72 72 92 113 106 89 81 78 82 82 89 104 103 87 70 71 71 72 74 
78 78 77 79 80 80 82 81 85 82 80 86 82 85 87 87 88 88 89 89 90 90 89 89 91 91 93 94 92 89 87 86 87 88 87 88 90 90 88 84 82 118 88 118 133 125 145 162 181 199 198 157 96 60 62 84 68 50 51 52 52 56 56 52 46 43 44 43 38 33 25 26 28 23 23 25 21 21 23 22 20 19 19 21 17 10 19 22 16 19 20 19 18 18 17 17 17 17 17 17 16 16 15 14 15 15 15 14 15 18 22 26 36 58 66 48 42 33 24 21 18 16 17 17 17 15 15 16 18 20 21 22 26 31 27 33 54 88 84 67 52 42 32 26 23 22 19 16 17 19 21 22 23 25 26 28 28 33 39 87 182 203 217 190 229 124 124 224 234 236 242 245 242 238 243 249 244 243 249 248 241 225 225 243 230 214 227 246 244 236 234 229 228 238 243 240 239 250 252 227 203 216 232 234 235 237 239 241 243 241 237 235 235 239 237 232 231 225 205 202 215 198 139 100 79 70 72 80 78 70 69 74 71 81 91 87 81 78 71 72 69 73 87 89 80 75 73 71 71 74 
79 78 78 79 80 81 83 81 84 81 81 88 82 86 87 88 88 89 89 89 90 91 90 90 91 93 94 93 92 89 87 86 86 86 86 89 91 89 84 83 84 106 53 41 42 42 57 72 119 154 168 162 134 106 125 145 135 133 139 127 110 108 105 100 93 84 79 77 76 71 63 67 67 55 53 54 50 50 49 43 39 36 31 36 39 31 45 30 28 32 31 29 28 26 26 25 25 23 22 23 22 22 21 21 19 19 21 22 22 23 24 26 38 44 24 16 20 22 22 25 26 22 17 14 15 15 15 15 16 16 15 15 16 23 32 39 36 36 31 25 21 19 17 18 17 17 19 19 17 15 15 17 18 22 25 28 32 38 46 88 145 145 161 191 228 205 196 225 237 245 240 238 247 249 250 251 247 247 251 250 246 234 236 250 240 225 231 243 241 240 243 232 232 249 250 247 248 252 252 239 219 230 242 240 241 244 246 247 247 247 247 244 241 237 227 213 210 221 225 207 175 134 87 70 82 77 76 77 75 71 73 77 71 71 72 70 72 77 76 73 67 68 76 77 74 75 73 71 71 73 
79 78 78 79 80 82 82 80 84 81 81 89 86 86 87 87 88 89 89 89 90 90 90 90 91 92 93 92 91 89 88 86 86 86 86 89 90 87 83 85 90 81 30 13 10 9 11 14 29 43 48 49 46 39 47 55 57 68 80 91 108 129 132 131 133 135 137 144 155 154 140 141 140 124 121 118 119 119 112 104 102 96 83 82 80 60 77 63 65 61 58 56 53 50 48 46 46 41 39 39 38 37 36 35 33 33 36 37 35 34 34 35 42 37 27 33 33 23 19 19 20 22 24 22 18 14 12 12 12 12 11 11 13 20 33 33 21 13 12 13 13 13 14 16 15 14 13 12 12 11 11 10 10 11 14 18 26 37 48 79 79 47 58 145 228 228 236 230 242 251 246 240 252 252 251 251 248 248 250 250 247 245 248 253 247 240 242 241 238 243 248 237 235 248 244 237 238 233 234 234 226 234 239 233 236 240 243 245 245 244 241 236 233 234 236 233 227 220 199 146 100 82 78 78 82 81 79 77 77 79 79 74 76 79 77 72 71 75 78 77 74 74 79 81 77 74 74 74 74 75 
79 79 79 80 81 82 80 79 86 81 80 90 90 86 86 86 87 87 88 88 89 88 88 88 89 90 91 90 89 89 88 87 87 86 87 89 88 86 84 87 91 67 23 9 7 7 7 8 18 28 26 20 19 13 9 9 12 15 19 26 38 50 53 54 58 62 65 70 79 88 84 93 108 120 141 150 140 133 135 145 156 158 158 146 148 127 134 124 130 134 119 110 106 100 96 93 92 87 83 81 78 74 70 68 64 62 61 58 54 54 55 53 49 40 40 51 43 28 22 22 26 32 36 34 31 29 29 28 27 27 26 26 22 21 28 25 20 15 18 19 18 17 17 17 16 14 13 13 14 15 15 14 12 11 12 14 20 29 39 60 42 19 21 82 205 229 247 236 242 252 244 236 245 245 244 248 247 247 248 246 245 247 249 248 247 248 249 243 237 241 243 233 227 228 220 218 221 210 212 221 224 228 230 227 231 238 243 245 245 240 232 236 241 243 236 223 203 165 123 84 72 81 82 76 76 81 81 78 77 78 76 74 77 80 79 76 78 79 73 73 73 74 75 76 75 74 76 77 78 78 
81 80 81 82 83 83 79 82 89 82 77 88 92 86 85 85 86 86 87 87 86 85 85 85 86 88 88 87 86 87 88 88 88 87 87 87 86 87 87 87 87 52 17 7 8 19 32 41 46 53 57 52 45 35 19 9 6 5 5 6 9 13 15 15 17 18 18 19 22 29 29 33 41 49 63 67 64 62 68 80 85 88 98 106 151 183 198 194 179 188 186 182 176 171 166 164 162 158 155 152 148 143 138 134 127 122 118 110 105 104 106 87 76 83 94 90 71 57 52 57 67 66 57 52 54 56 56 53 49 47 45 45 43 38 38 31 36 33 36 34 33 32 31 32 33 32 36 39 37 36 35 36 37 35 35 29 30 33 48 74 55 42 42 55 163 234 248 242 243 249 245 241 247 249 245 243 244 244 243 241 243 243 242 242 244 247 247 244 244 246 246 242 239 231 226 231 235 225 228 236 238 239 238 234 238 242 243 243 239 237 234 233 226 207 174 144 120 93 81 77 78 80 78 74 75 82 82 77 75 73 72 76 75 72 70 74 83 85 76 75 74 73 72 73 74 75 76 77 78 79 
83 82 82 83 84 85 80 84 93 83 74 86 92 85 84 84 85 85 86 86 84 83 83 83 84 85 86 84 85 86 87 88 88 88 86 85 86 89 89 85 79 38 12 9 18 43 58 59 61 57 63 63 60 62 51 27 11 5 6 8 9 13 16 15 16 18 17 16 18 19 17 18 18 16 19 19 18 18 24 31 26 26 42 88 163 202 203 220 194 204 206 205 201 197 194 193 192 190 189 189 188 186 183 181 178 179 179 174 166 158 156 149 140 143 149 139 127 117 110 110 113 110 103 98 98 98 95 90 84 81 81 82 79 72 74 60 68 60 61 57 57 54 52 51 50 48 50 52 51 51 50 50 50 52 55 44 41 45 78 131 134 120 151 157 187 240 240 242 243 240 238 238 241 247 247 244 247 246 245 244 247 246 244 247 248 246 242 246 249 245 240 244 248 239 242 246 245 242 245 246 240 240 243 243 244 242 237 229 220 209 190 171 149 127 105 90 81 72 72 79 83 77 75 76 75 81 78 74 76 76 74 76 76 73 71 73 77 78 77 75 74 72 72 75 77 73 73 73 74 77 
84 84 84 84 83 83 83 82 82 81 86 94 89 86 86 85 85 84 84 84 83 84 84 85 85 86 87 87 87 88 88 88 87 87 85 87 87 84 86 84 68 25 10 29 41 60 60 60 64 60 59 58 60 66 62 47 35 10 6 10 10 13 15 14 16 17 16 17 17 16 17 19 18 17 21 21 17 21 27 23 23 48 97 155 192 190 182 203 195 196 201 202 199 197 196 198 200 198 197 198 199 199 199 198 202 206 208 207 201 195 190 191 187 184 186 182 180 176 172 170 170 169 166 162 157 157 155 149 141 135 131 129 123 117 117 105 106 99 98 94 92 87 84 81 80 78 74 72 73 74 74 72 69 69 71 66 71 90 134 191 204 193 226 232 224 238 236 239 240 240 242 242 242 243 244 240 230 224 227 236 244 245 240 235 230 227 225 226 232 238 238 244 245 236 234 236 232 223 233 242 229 218 217 213 205 195 181 164 151 136 115 101 88 81 80 81 82 80 75 77 80 78 76 76 75 76 74 73 76 78 75 74 77 77 75 73 72 72 73 72 72 73 73 73 73 71 71 71 73 75 
84 85 85 84 82 80 87 87 83 83 91 92 82 84 85 85 85 85 85 85 85 86 86 87 88 89 89 90 90 89 88 88 86 86 83 86 84 80 83 85 55 18 20 49 66 62 61 62 61 61 60 58 60 62 59 65 69 20 7 8 12 16 16 14 17 17 15 18 17 17 18 19 19 19 19 18 21 23 24 33 70 127 182 196 194 197 206 213 215 212 212 212 210 210 211 214 218 218 216 216 216 216 216 216 221 225 226 226 226 224 222 216 214 216 218 220 219 218 218 220 221 222 218 212 207 204 203 201 197 194 190 187 179 173 170 165 163 161 161 159 154 148 141 134 129 127 123 120 119 117 111 104 99 100 107 119 139 166 192 213 218 221 232 228 222 226 231 234 237 237 232 224 215 207 194 177 163 156 161 176 189 194 187 175 167 165 164 161 167 184 195 200 197 185 175 174 168 156 178 195 171 154 148 136 127 118 107 95 85 79 77 77 76 77 78 80 81 81 78 77 78 79 78 76 75 73 72 74 75 75 74 75 77 77 75 73 73 74 72 71 72 74 74 72 70 71 72 73 74 75 
85 85 85 84 83 82 88 95 93 83 75 72 68 78 81 83 85 87 89 90 87 87 87 88 89 90 90 90 90 89 88 88 86 86 81 83 79 84 85 81 43 27 42 62 70 53 61 60 56 57 60 59 60 60 58 66 76 38 22 8 14 17 16 15 16 16 16 17 17 18 18 17 19 20 19 14 18 18 34 89 154 189 196 192 202 221 225 212 199 194 177 167 166 168 171 174 178 178 178 178 178 178 178 178 179 182 184 185 187 188 187 186 186 188 189 191 190 189 192 195 197 197 195 191 188 182 180 181 184 186 189 189 183 178 177 176 177 178 180 178 174 169 161 152 145 141 135 132 135 138 139 138 137 139 149 170 196 213 216 210 211 222 227 213 194 191 194 194 188 179 165 150 137 131 113 94 92 90 91 101 113 121 119 110 104 101 100 97 99 108 118 125 122 113 104 103 98 97 128 139 102 89 92 83 80 79 79 78 75 74 76 77 78 78 79 78 78 78 77 78 80 81 79 76 74 72 72 74 75 75 75 76 78 78 76 74 74 75 72 71 71 74 75 74 73 74 74 75 76 76 
85 86 86 85 84 84 80 80 77 74 72 69 63 79 83 84 86 87 89 90 89 89 89 90 90 91 91 90 90 89 88 88 87 86 82 84 78 86 86 70 36 64 57 70 60 58 57 61 56 60 64 62 61 62 60 57 66 65 41 16 14 15 14 16 15 15 18 16 17 18 18 17 17 18 19 16 16 38 95 150 172 168 161 189 200 188 169 146 127 115 99 92 92 93 96 98 100 100 100 100 100 100 100 100 97 96 99 101 103 104 104 104 105 106 107 108 107 106 109 113 114 115 114 112 111 110 110 111 111 112 113 113 114 114 114 114 116 118 120 117 115 114 113 111 108 105 100 98 104 112 121 127 131 136 143 154 167 175 177 176 174 178 180 160 133 123 122 114 103 95 87 81 79 79 74 70 73 73 73 77 87 94 96 91 88 87 86 84 83 83 87 88 86 83 83 84 83 90 122 126 86 78 87 82 78 77 77 78 76 76 76 79 81 82 81 79 77 75 76 79 82 83 80 77 74 72 71 74 76 75 74 75 77 78 77 74 74 75 73 72 71 74 76 77 76 76 76 77 76 76 
86 87 87 86 86 86 77 66 62 73 89 90 80 87 88 88 88 87 87 88 90 91 91 91 91 91 91 89 89 89 88 88 87 87 85 87 84 84 86 57 47 104 61 58 56 69 61 63 60 63 65 62 62 65 65 62 68 81 55 37 16 14 14 17 14 15 19 15 17 19 17 18 21 17 15 25 53 99 156 151 127 130 145 161 145 112 96 93 91 85 84 85 86 86 87 89 89 87 87 87 87 87 87 87 83 82 83 85 86 86 86 82 80 80 82 81 80 80 78 77 78 79 79 78 78 78 78 77 78 77 77 77 78 78 78 77 76 76 77 77 77 78 80 80 79 77 78 80 80 79 78 76 74 83 92 91 92 94 99 104 102 103 108 97 79 71 70 70 72 70 69 69 72 74 76 76 79 81 83 86 89 92 94 93 93 93 92 92 91 88 85 82 79 82 89 88 84 96 115 111 87 84 88 84 79 77 76 77 76 75 77 81 84 85 83 80 77 74 76 79 83 85 82 79 74 73 72 74 76 75 74 75 77 78 77 75 76 76 75 72 72 74 78 79 79 77 77 76 75 75 
88 87 87 88 88 89 103 88 79 86 96 96 88 90 91 90 89 89 88 88 91 92 92 91 91 91 91 89 89 88 88 88 88 87 85 88 88 83 83 51 81 98 59 42 38 30 31 40 59 62 52 42 37 36 35 38 48 61 67 72 33 15 15 16 14 16 18 15 17 20 16 18 24 19 25 56 114 140 142 128 117 115 118 112 99 84 80 83 87 89 88 89 89 89 88 87 86 86 85 85 85 85 85 85 84 84 84 85 84 83 82 82 84 84 85 85 83 83 83 83 84 84 84 84 85 82 81 81 83 84 85 86 83 80 79 78 77 76 77 80 82 82 81 79 76 74 73 73 75 77 80 82 83 78 72 73 73 71 70 68 68 74 83 82 74 72 71 73 76 76 76 76 76 76 77 77 77 82 90 92 90 88 90 91 91 89 88 88 88 87 86 83 81 84 89 88 86 97 97 89 87 88 88 87 84 83 85 87 88 83 77 80 84 85 83 79 77 76 77 80 85 86 83 80 77 74 74 75 76 75 75 77 79 80 79 78 78 79 76 74 73 75 79 80 79 77 76 76 75 74 
88 88 88 89 90 91 113 106 97 91 85 82 85 87 88 88 89 90 90 90 92 92 91 91 91 90 89 88 88 88 88 88 88 88 85 90 86 87 73 58 114 74 38 20 10 8 15 23 48 48 31 19 14 11 9 12 19 22 53 88 59 16 15 15 15 17 17 15 17 17 20 18 15 28 69 116 134 122 121 131 113 88 86 84 85 92 93 88 84 85 88 89 89 90 89 87 85 86 87 87 87 87 87 87 88 89 89 89 88 85 84 83 84 84 84 84 82 81 83 84 84 84 84 84 85 84 84 84 84 85 84 85 82 80 79 79 79 79 80 82 84 83 82 80 78 77 78 78 77 75 73 71 69 74 78 77 76 75 75 75 70 67 73 73 72 72 71 71 75 76 76 75 73 70 70 72 73 80 89 92 88 87 91 93 93 88 84 83 82 84 88 90 88 86 85 85 89 96 87 81 89 92 86 79 78 78 80 82 82 79 77 80 83 84 83 80 79 80 80 82 85 86 84 82 80 77 76 76 77 75 74 78 81 82 81 79 80 81 77 75 76 78 80 79 78 77 76 76 75 75 
89 88 88 90 91 93 89 86 88 88 84 85 96 87 85 86 87 88 89 90 91 91 91 90 90 89 88 88 88 88 88 88 88 88 88 97 80 97 61 81 123 53 11 7 15 32 42 40 32 26 17 12 12 12 10 16 13 9 24 80 87 26 17 14 16 19 16 15 16 16 20 19 24 63 127 153 137 127 127 119 91 77 91 83 80 89 95 93 90 88 85 84 85 87 86 85 83 85 87 87 87 87 87 87 88 89 89 89 87 85 84 88 91 91 91 91 89 88 85 83 82 81 81 81 82 85 86 85 83 82 80 79 80 81 79 79 80 80 81 82 81 80 79 79 80 80 82 83 81 79 78 78 77 77 76 73 71 71 74 78 79 81 81 78 77 80 78 74 74 75 76 76 75 75 73 74 79 84 88 89 88 88 92 97 98 93 88 86 85 86 91 93 91 87 86 86 86 84 81 82 86 86 85 85 84 83 85 83 81 79 81 83 86 86 85 84 84 86 84 84 85 86 85 84 84 81 78 76 76 74 73 75 78 79 78 77 78 79 78 77 78 80 81 78 76 77 77 77 77 76 
90 89 89 90 92 93 93 88 89 91 88 85 89 86 85 85 86 86 87 87 90 90 91 90 89 89 88 88 88 89 89 88 88 89 94 102 77 104 54 109 116 27 6 22 51 72 69 66 31 15 11 9 12 13 11 17 9 13 35 119 142 51 19 14 16 20 15 15 16 19 14 23 68 118 134 129 125 123 112 96 89 89 86 93 92 85 87 94 94 87 84 85 88 90 90 89 88 89 91 91 91 91 90 91 90 90 91 91 89 88 87 86 86 86 86 86 84 83 85 86 85 84 84 83 83 84 84 83 83 83 84 83 84 83 82 81 81 81 81 81 81 79 76 75 74 75 76 76 75 75 77 78 79 78 78 80 81 80 77 73 73 75 72 68 71 76 76 74 74 75 75 75 76 76 76 78 85 89 88 86 86 86 88 93 95 92 89 88 88 89 89 88 85 84 86 90 88 82 86 91 88 86 86 83 82 83 85 84 81 82 87 88 90 90 90 89 89 89 86 85 85 85 85 85 86 82 80 78 77 74 72 72 75 76 75 75 75 77 79 79 79 81 80 77 76 78 77 77 77 77 
90 91 91 91 91 91 90 90 90 90 90 90 90 88 88 88 89 90 90 90 90 89 91 92 92 91 91 89 87 92 95 90 87 94 94 92 87 89 66 119 72 15 16 59 60 59 64 53 23 10 13 10 14 8 10 10 5 30 95 182 169 69 19 14 19 18 16 17 17 21 18 51 114 125 124 123 111 99 87 86 91 92 88 88 89 91 92 90 89 87 85 87 91 93 93 90 87 89 91 93 91 89 89 90 91 91 91 90 89 88 87 87 87 88 88 88 88 88 88 88 88 87 87 86 86 83 82 83 83 84 85 85 84 82 82 82 82 82 82 81 80 80 79 79 78 78 78 77 76 75 75 77 79 80 80 79 79 79 78 78 77 77 75 73 73 75 76 75 73 73 73 73 73 73 73 76 82 89 93 92 89 89 92 91 91 91 92 93 93 91 90 89 87 86 85 86 88 86 85 85 85 85 85 85 85 85 85 85 85 87 89 89 88 88 87 86 85 83 84 84 84 84 84 84 84 84 82 82 80 80 79 80 80 80 79 78 77 77 78 78 77 76 76 77 77 77 77 76 75 75 
90 91 91 91 91 91 90 90 90 90 90 90 90 88 88 89 89 90 90 90 91 91 92 92 91 91 90 88 87 92 95 91 88 94 90 97 91 77 66 100 40 9 32 63 69 64 62 35 13 9 11 13 12 13 11 6 17 68 115 178 170 94 24 14 17 17 17 15 16 15 35 94 124 137 121 119 104 96 93 91 90 88 88 89 90 92 92 92 90 89 90 92 93 94 93 90 88 90 92 93 92 89 89 90 91 91 91 91 91 89 88 89 90 89 88 88 88 88 88 88 87 87 87 86 86 85 84 85 85 86 86 87 85 83 83 83 83 83 83 82 81 81 80 80 79 78 78 77 77 77 77 78 79 79 79 79 78 78 78 77 76 74 73 73 73 76 77 76 74 74 74 74 74 74 74 76 81 86 90 90 88 87 88 88 89 90 89 91 90 90 90 88 88 87 86 87 90 88 87 86 86 87 89 91 91 91 92 92 92 91 90 89 88 87 85 85 85 83 83 84 84 84 84 85 87 86 85 83 82 82 81 83 83 84 84 84 83 83 82 80 78 77 76 76 77 76 76 77 78 79 
90 91 91 91 91 91 90 90 90 90 90 90 90 89 89 89 90 90 91 92 93 93 94 93 93 90 89 89 90 93 95 92 90 93 84 94 89 55 71 94 22 9 59 64 70 66 57 23 9 11 10 14 7 11 7 8 42 84 125 183 183 113 29 16 17 16 18 15 17 17 67 132 120 130 108 99 91 94 100 97 87 85 89 91 91 91 93 93 93 92 95 97 96 94 93 90 90 90 93 93 92 89 89 91 91 91 92 92 91 90 89 91 91 91 90 88 88 87 87 87 87 87 86 86 85 85 86 87 87 87 88 88 86 84 84 84 84 84 84 83 82 82 81 81 80 79 78 77 78 79 79 79 79 79 79 79 78 78 78 77 75 73 73 73 74 77 79 78 75 75 75 75 75 75 75 76 79 82 84 86 85 84 84 86 88 88 88 86 86 87 87 87 87 87 86 87 89 88 87 86 86 87 89 93 93 93 93 93 93 92 90 89 88 87 86 86 85 84 84 84 84 84 84 85 87 86 85 84 83 82 82 84 84 85 86 88 88 88 85 83 80 78 76 76 75 76 76 77 78 80 
92 92 92 92 92 92 92 92 92 92 92 92 92 90 90 90 91 92 92 92 95 96 96 95 93 91 90 91 92 93 94 93 92 93 94 94 90 36 71 84 14 17 76 59 59 62 49 18 11 14 10 13 5 5 4 26 63 74 144 181 191 127 38 18 19 16 18 16 17 46 100 124 114 107 96 82 85 93 99 95 88 87 91 92 92 93 94 94 96 96 98 97 95 92 91 91 92 92 93 94 93 91 90 91 91 91 92 92 92 92 90 92 93 92 91 89 88 87 87 87 87 87 86 86 85 86 87 87 87 87 88 88 86 84 84 84 84 83 83 82 82 81 81 80 79 79 78 77 79 81 81 80 79 79 80 80 80 79 79 79 77 75 75 76 76 78 79 78 76 76 76 76 76 76 75 75 76 77 80 81 82 82 83 86 89 89 88 86 84 83 83 84 84 86 86 86 86 85 85 83 85 85 86 87 87 87 87 87 87 88 90 90 89 88 87 86 86 87 86 86 86 85 84 84 84 84 84 83 82 82 82 83 82 83 83 84 86 86 85 83 81 79 78 77 78 78 77 76 76 75 
92 92 92 92 92 92 92 92 92 92 92 92 92 91 91 91 92 93 93 93 96 98 97 96 94 92 91 93 94 94 94 95 94 91 105 96 89 30 61 59 9 32 74 58 53 56 38 13 12 14 9 9 8 5 13 47 68 85 188 172 184 161 58 19 21 16 16 18 22 93 118 112 132 91 91 85 91 93 92 91 90 91 92 93 93 94 95 95 96 97 96 94 92 90 91 93 95 93 93 94 93 90 90 91 91 91 93 93 93 92 92 93 94 93 92 90 89 88 88 88 88 87 87 86 86 86 87 87 87 87 86 86 85 84 84 84 82 82 81 81 80 80 80 79 79 78 77 77 79 81 81 80 78 80 82 81 81 81 80 80 80 79 79 79 78 77 77 76 76 76 76 76 76 76 75 74 74 75 77 78 79 81 83 86 89 90 88 86 84 83 83 84 86 87 87 86 85 84 84 83 84 86 84 82 82 82 82 82 82 85 89 89 89 88 88 87 87 88 88 87 86 86 85 85 85 85 85 84 83 83 83 83 82 81 80 80 81 82 83 82 81 80 81 81 80 78 77 76 76 76 
93 93 93 93 93 93 93 93 93 93 93 93 93 92 92 93 93 93 94 94 97 98 98 98 96 95 93 94 96 95 94 96 97 91 95 90 65 27 56 43 8 44 65 61 57 54 27 10 11 13 9 6 8 6 29 61 60 78 173 180 185 183 74 19 20 16 15 21 37 110 115 109 134 80 86 92 95 92 89 89 92 94 93 94 94 94 94 95 96 97 94 93 92 91 92 94 96 93 93 95 94 91 90 92 92 92 93 94 94 94 93 94 94 93 93 91 90 90 90 90 89 89 88 88 88 88 88 87 87 87 86 86 85 84 84 83 81 81 80 80 80 79 79 79 78 78 77 77 78 79 79 79 79 81 82 81 81 80 80 80 80 81 81 81 79 77 75 75 76 76 76 76 76 76 75 73 74 75 76 76 77 78 81 82 85 85 84 83 83 83 84 85 86 86 87 86 85 84 83 84 85 86 85 83 83 83 83 83 83 84 85 86 86 87 87 87 87 87 87 85 85 84 83 83 85 85 85 85 85 85 85 85 82 80 79 79 80 81 82 81 81 80 81 81 80 76 77 78 79 81 
93 93 93 93 93 93 93 93 93 93 93 93 93 93 93 93 94 94 95 95 97 98 98 99 98 97 96 95 98 96 94 97 98 91 84 92 37 22 48 35 10 46 61 58 62 51 19 9 10 12 9 5 7 10 43 68 57 58 97 184 186 182 77 19 18 17 17 28 67 110 112 108 97 80 85 91 91 90 89 91 94 94 92 95 96 94 93 93 94 95 96 95 95 94 94 94 95 94 94 95 94 91 91 92 92 92 93 94 95 95 94 93 93 93 93 93 92 91 91 91 91 90 90 90 89 90 90 89 89 88 87 87 86 86 85 83 82 81 81 81 81 80 80 80 79 79 77 76 76 77 77 78 79 79 80 79 79 79 78 78 78 78 79 79 79 76 75 75 75 75 75 75 75 75 74 73 74 75 75 75 74 75 75 76 77 78 77 77 78 80 80 80 80 81 81 81 80 80 80 80 81 82 83 81 81 81 81 81 81 81 80 80 81 83 84 85 85 83 83 82 81 79 79 79 81 81 81 81 81 81 82 82 80 78 77 78 80 82 83 82 80 79 79 79 79 75 77 78 80 82 
93 93 93 93 93 93 93 93 93 93 93 93 93 93 93 93 94 95 95 95 97 97 99 99 99 99 98 96 99 96 94 98 99 91 89 113 21 17 39 30 9 43 62 53 62 47 16 10 7 11 9 5 6 22 62 70 64 55 52 168 175 188 82 21 16 18 21 38 100 118 124 110 63 89 93 88 83 88 92 96 95 93 91 95 97 94 93 92 92 94 98 99 98 97 96 95 94 93 94 95 94 91 91 92 92 92 94 95 95 95 95 94 93 93 93 93 93 94 93 93 93 91 91 91 90 91 92 91 90 90 89 89 88 87 86 85 84 83 82 82 82 82 81 81 80 80 78 77 76 75 75 77 78 79 78 77 77 77 76 76 75 74 76 77 78 76 75 75 75 75 75 75 75 75 74 73 74 76 76 75 73 72 71 70 70 71 72 73 73 73 73 73 73 73 73 73 74 74 74 74 76 77 77 76 76 76 76 76 76 75 75 76 78 79 81 83 83 80 80 78 77 76 75 75 75 76 76 76 76 76 77 77 76 74 74 77 79 82 85 83 81 78 77 77 77 76 77 78 78 78 
92 92 93 94 95 95 92 92 92 92 92 92 92 92 92 91 91 92 93 93 95 95 95 96 96 96 95 96 101 96 96 101 96 90 95 79 19 15 41 43 7 33 60 56 54 41 12 12 9 9 6 6 9 35 61 54 73 59 32 132 188 182 79 23 15 21 23 72 117 126 110 78 78 90 94 90 89 89 91 93 93 92 92 96 96 94 93 92 93 94 98 99 97 96 96 95 95 94 93 93 92 91 90 90 90 92 92 93 93 93 92 90 89 90 90 91 92 93 93 92 89 88 87 89 91 92 92 92 90 89 88 87 89 88 86 85 84 83 81 80 81 81 81 81 81 81 80 79 78 78 78 77 78 79 79 78 77 76 76 77 76 75 73 72 72 74 75 76 75 73 72 71 71 71 72 72 73 73 73 73 72 71 71 70 69 69 69 70 70 70 71 71 72 72 71 71 72 74 74 73 71 72 73 72 71 71 72 73 72 71 71 72 74 75 77 78 78 77 77 75 74 73 72 71 70 71 71 71 72 72 73 76 75 75 76 78 81 82 82 81 80 78 77 75 75 78 78 79 80 81 
94 94 93 94 95 95 93 92 92 92 92 92 92 92 91 90 90 91 92 93 94 94 94 94 94 94 94 93 97 93 97 100 94 94 95 49 16 14 38 44 7 22 51 55 48 33 10 10 13 8 5 5 14 44 62 55 75 62 20 98 183 183 79 25 22 19 38 95 116 112 92 76 88 94 92 93 93 92 92 93 93 93 94 97 97 94 93 93 93 95 97 98 96 94 94 94 94 94 94 93 92 91 91 90 89 90 90 90 90 90 89 88 88 89 90 91 92 93 93 92 89 87 87 88 90 91 92 91 89 88 87 86 88 88 85 84 84 83 81 80 81 81 81 81 81 81 80 80 80 80 79 78 78 79 79 78 77 77 76 77 76 75 73 71 71 73 75 76 76 74 71 70 70 70 70 70 70 70 70 70 70 70 72 71 70 70 70 71 71 70 70 70 71 70 69 68 70 72 72 71 69 70 71 70 68 68 70 71 69 68 69 70 71 72 73 74 74 72 72 71 70 69 68 68 67 67 68 68 69 69 71 75 76 76 77 78 79 79 78 77 77 76 75 74 74 77 78 79 81 83 
96 96 95 94 94 94 94 94 94 94 94 94 94 92 91 90 91 92 93 94 93 93 93 93 93 93 93 93 92 93 96 95 92 99 92 31 12 13 32 42 13 13 42 60 51 25 11 9 21 8 5 7 25 55 61 61 80 57 18 102 189 190 85 23 22 27 66 101 111 92 77 90 91 99 93 96 94 94 95 95 96 96 97 98 97 95 95 94 94 95 97 96 95 94 93 94 94 94 94 94 94 93 92 92 90 89 89 90 90 89 89 89 89 90 91 92 93 93 93 93 91 90 88 88 88 90 91 90 89 88 87 86 87 86 84 84 84 84 82 81 82 82 82 82 82 82 81 80 80 80 79 79 78 79 80 78 76 76 75 76 75 74 73 72 72 73 74 75 75 74 72 71 71 71 72 72 72 72 72 72 72 72 73 72 72 72 72 72 72 71 71 71 70 68 67 67 69 71 71 69 68 70 70 68 66 66 68 69 67 67 69 69 70 70 70 71 70 68 67 67 67 67 66 66 66 66 66 67 67 67 70 76 77 79 79 79 78 78 79 78 77 76 76 77 78 77 78 81 83 85 
95 95 95 94 94 93 93 93 93 93 93 93 93 92 91 90 91 92 94 95 95 95 95 95 95 95 95 97 93 96 99 93 92 100 84 21 12 12 24 44 25 8 31 59 53 16 10 13 30 10 5 13 40 63 59 63 73 32 25 130 188 173 77 21 17 51 94 103 104 78 74 99 93 99 95 97 94 95 96 96 97 98 99 99 98 97 96 96 96 96 97 97 95 94 94 95 96 95 95 95 95 95 95 95 93 92 92 92 92 92 92 91 91 91 92 93 94 94 94 94 93 91 90 88 86 88 90 89 88 87 87 86 86 85 83 83 85 85 84 82 83 83 83 83 83 83 82 81 81 81 80 80 79 80 80 78 76 75 74 74 74 74 74 74 74 74 74 74 74 73 73 73 72 73 74 75 75 75 75 75 75 74 74 74 74 74 74 75 75 75 75 74 73 71 70 70 73 74 72 70 69 71 71 69 67 67 69 70 68 68 70 70 70 70 69 69 68 67 67 67 67 67 67 67 66 67 67 68 68 68 71 77 79 82 83 83 81 80 81 79 78 78 80 82 83 81 82 84 86 87 
91 93 94 94 94 94 92 91 91 91 91 91 91 92 91 91 92 93 95 96 97 97 97 97 97 97 97 102 94 100 103 95 98 100 67 17 13 10 17 49 41 10 18 39 39 10 13 24 35 10 4 23 50 65 61 62 47 13 41 155 183 152 57 19 22 72 109 116 97 73 84 98 95 94 99 96 94 95 95 96 97 99 99 100 99 99 98 98 97 97 97 98 96 96 96 97 98 98 97 97 97 97 97 97 97 96 96 95 95 96 96 94 93 93 94 95 95 96 95 94 94 92 90 88 86 88 89 88 88 88 87 87 86 85 84 84 86 87 85 84 84 84 84 84 84 84 84 83 83 83 81 81 81 81 80 79 77 76 75 75 75 75 75 76 77 75 75 74 74 74 74 74 74 74 75 76 76 76 76 76 76 75 74 76 77 77 77 77 78 80 80 80 80 79 78 78 80 80 77 73 72 73 74 72 71 71 73 74 73 72 74 73 72 71 70 69 68 68 69 69 69 69 69 69 67 67 68 68 69 69 71 75 79 83 86 86 85 83 81 79 77 78 80 83 85 86 87 87 88 88 
87 91 93 94 94 94 90 90 90 90 90 90 90 91 91 92 92 94 96 97 99 100 100 100 100 100 100 103 93 101 104 101 107 94 45 14 13 7 12 49 55 21 14 17 20 10 23 42 29 8 9 43 59 60 57 44 20 17 84 170 190 142 40 17 45 91 114 120 88 81 98 92 95 90 101 94 94 94 95 96 98 99 100 100 100 100 101 100 99 98 98 98 98 98 98 99 100 99 99 99 99 100 100 100 99 98 97 96 96 97 98 97 96 96 97 98 98 98 96 94 94 92 90 88 87 88 89 89 89 89 89 88 88 87 86 86 88 89 87 86 86 86 86 86 86 86 85 85 84 84 83 82 82 82 81 79 78 77 77 77 77 77 77 78 78 77 77 76 75 76 76 78 78 77 78 78 78 78 78 78 78 77 77 79 80 81 81 80 82 85 86 87 87 87 87 87 87 85 81 77 74 76 77 77 76 75 77 78 77 76 77 77 76 74 72 71 71 70 70 70 71 71 70 69 67 67 67 68 68 68 69 71 74 79 83 85 85 85 81 79 78 79 81 83 86 91 90 90 88 88 
87 91 94 95 94 93 90 90 90 90 90 90 90 91 90 92 92 94 96 98 100 101 101 101 101 101 101 103 91 100 101 103 111 81 28 13 11 7 8 39 59 43 24 10 11 14 32 48 19 7 23 60 57 44 37 19 9 51 145 172 186 119 31 21 72 114 117 100 84 94 102 92 94 92 99 93 94 95 97 98 99 101 102 101 101 102 103 102 101 99 99 98 98 98 98 99 101 100 100 100 100 101 102 102 102 100 98 97 97 99 101 101 100 100 100 101 101 101 97 95 93 91 90 89 90 90 90 90 90 90 90 91 91 90 88 88 90 91 89 87 87 87 87 87 87 87 87 86 85 85 84 84 84 82 81 80 79 80 80 81 81 81 80 79 79 79 80 79 78 79 81 82 82 82 82 84 84 84 84 84 84 83 82 84 86 88 88 86 87 90 91 92 92 92 91 89 87 85 82 77 76 78 80 79 78 78 80 80 79 79 80 79 78 76 75 74 73 72 72 71 71 71 70 68 66 67 67 68 68 68 68 68 71 74 78 81 83 84 83 83 83 83 84 85 87 90 90 88 87 86 
89 93 95 95 94 92 91 91 91 91 91 91 91 91 90 92 93 95 97 99 100 100 100 100 100 100 100 106 94 100 96 101 107 63 19 15 9 8 7 26 53 60 40 14 8 14 26 30 11 10 39 52 34 22 15 12 44 126 189 176 169 88 24 44 92 124 113 81 84 99 97 95 93 97 96 94 95 97 98 100 102 103 105 103 102 103 104 103 101 99 97 97 96 97 97 98 100 100 100 101 101 102 103 104 105 104 102 100 100 102 105 104 103 103 103 103 103 103 99 95 92 90 89 90 92 92 91 91 91 91 92 92 93 92 91 90 92 92 90 88 88 88 88 88 88 88 88 87 87 86 85 85 85 83 81 81 81 82 82 84 84 83 81 79 79 81 83 82 81 83 86 88 88 87 87 87 87 87 87 87 87 87 87 90 93 95 94 93 92 93 93 94 93 92 90 87 83 82 79 76 77 80 81 79 78 78 79 81 79 79 81 80 79 78 76 75 75 75 74 73 73 71 71 69 68 68 69 69 70 70 69 69 70 73 76 79 82 83 84 84 85 86 85 85 85 86 86 85 85 84 
91 94 95 95 93 92 92 93 93 92 92 92 93 93 91 91 92 95 97 98 98 98 98 98 98 98 98 107 98 101 94 103 97 47 15 15 8 8 7 15 42 61 43 20 17 19 16 11 6 11 33 24 12 14 17 41 115 190 192 184 154 65 27 73 106 121 100 78 85 96 92 97 93 100 95 97 97 98 100 101 103 104 107 106 103 101 103 104 105 102 99 97 96 99 99 99 101 103 103 103 103 104 105 105 109 109 107 105 105 106 108 107 106 106 104 103 101 100 97 94 91 90 90 92 93 92 91 92 93 93 94 94 95 94 93 93 93 93 91 90 90 90 90 90 90 89 88 88 88 86 86 85 85 84 83 82 82 83 84 85 85 84 82 81 81 82 84 84 84 86 89 90 91 91 89 87 87 86 86 86 86 87 89 91 94 96 95 94 94 95 94 93 91 89 87 84 80 80 78 76 77 79 80 79 78 78 79 81 80 79 80 79 78 77 76 75 75 76 77 77 76 73 71 70 70 71 71 72 72 72 72 73 72 73 76 80 83 83 83 84 84 84 84 83 84 85 85 84 83 83 
91 92 93 93 93 92 93 95 94 93 91 92 95 96 93 90 90 94 96 97 96 96 95 95 96 96 96 103 100 100 95 108 83 34 13 11 8 7 8 7 27 53 32 25 44 41 19 13 15 20 15 17 22 35 46 85 161 184 177 174 123 41 49 89 118 117 84 80 88 96 95 94 94 96 98 100 99 100 102 103 103 104 106 109 105 98 99 106 109 107 103 99 98 105 104 100 102 106 107 106 106 106 107 108 112 114 113 111 110 109 108 107 107 107 105 102 98 95 93 92 91 92 95 95 94 90 89 91 95 97 97 97 96 95 96 96 94 93 92 92 93 94 94 94 93 92 90 90 89 87 86 85 84 85 85 85 84 84 85 85 85 85 84 83 83 83 84 85 86 87 89 90 92 94 93 91 90 89 88 88 89 89 90 91 91 92 92 91 92 93 91 89 87 85 84 81 79 79 78 78 78 78 78 80 80 80 80 80 80 80 78 77 76 75 74 75 75 73 76 79 80 76 72 71 72 72 72 73 73 73 75 76 73 73 79 84 85 85 85 85 86 86 85 85 86 89 87 86 84 82 
90 91 93 93 92 92 93 95 94 92 91 91 94 95 92 91 92 95 96 95 94 94 94 94 96 96 96 101 99 93 97 103 69 24 12 9 8 8 9 7 15 39 31 38 62 51 30 34 46 53 41 46 53 63 65 91 170 171 200 159 87 33 73 109 122 90 78 82 89 92 93 93 94 96 98 100 104 107 108 107 105 104 106 109 105 99 99 106 108 106 103 99 99 104 102 99 101 104 106 106 106 107 108 110 113 114 115 113 112 109 108 106 106 107 105 103 100 98 96 94 93 94 97 98 97 92 90 93 97 99 100 99 97 97 97 97 96 94 93 93 94 95 95 94 93 92 91 91 90 89 87 86 86 86 86 85 85 85 85 86 86 86 85 85 86 87 87 88 89 90 91 93 94 96 97 96 95 94 93 93 94 94 93 94 93 93 93 92 90 88 87 86 84 82 81 79 76 77 77 77 78 78 79 79 78 77 76 75 75 76 78 77 77 77 77 78 77 72 75 78 79 79 77 77 77 75 73 72 73 76 77 76 74 74 79 85 87 87 87 87 87 87 86 85 86 89 88 87 85 83 
90 91 92 92 91 91 93 95 94 91 89 90 92 94 93 93 94 96 95 93 92 92 92 93 95 95 96 96 95 91 99 96 53 16 13 7 8 8 8 7 7 24 45 64 55 46 47 48 56 65 59 57 53 54 55 117 165 162 202 127 40 46 101 120 118 74 79 88 91 90 92 93 94 96 99 101 106 110 111 108 105 104 105 108 104 99 100 104 107 105 103 100 99 102 101 99 100 104 106 106 108 110 112 114 115 116 117 116 113 109 106 104 105 105 104 103 101 100 97 94 94 96 99 101 100 96 95 97 100 102 101 101 99 99 100 100 99 98 97 95 95 96 96 94 93 92 92 92 91 91 90 89 88 87 87 87 86 86 87 87 87 87 87 87 89 90 92 92 92 93 95 96 98 99 100 101 99 99 97 98 99 98 96 95 94 93 92 91 88 85 85 84 82 81 80 78 76 76 76 77 77 78 78 78 77 76 74 72 72 74 77 77 76 76 77 78 77 73 75 76 77 77 77 78 80 77 73 72 72 74 76 76 74 74 79 85 89 90 90 89 88 88 87 85 86 87 87 86 87 86 
89 90 92 92 92 91 93 95 94 91 89 89 92 95 94 94 96 97 96 93 90 91 91 92 94 95 96 91 92 98 98 87 38 14 14 7 8 6 6 8 6 9 38 63 43 45 61 55 43 47 52 51 49 53 61 126 162 195 153 75 26 81 117 113 100 79 87 94 93 91 92 94 97 99 101 103 106 108 108 107 104 103 105 107 105 101 101 104 106 105 103 102 101 101 101 101 101 106 109 109 111 114 116 118 120 120 120 118 112 106 102 102 103 103 102 101 101 101 98 96 95 97 101 102 102 101 102 104 105 105 103 101 102 103 103 104 102 101 99 98 97 97 97 96 94 93 93 93 92 92 91 91 90 90 90 89 87 87 89 90 89 88 88 88 90 92 94 95 95 96 97 98 100 101 102 102 101 100 99 100 100 99 98 97 94 92 91 90 88 86 85 85 84 84 83 81 78 78 78 78 77 77 78 79 79 77 76 75 76 76 78 78 76 75 74 75 75 76 75 74 73 73 74 76 79 77 75 73 72 72 73 74 73 73 77 82 88 92 92 91 90 88 87 86 85 84 85 86 88 90 
90 91 92 92 92 91 93 95 94 92 90 91 93 96 95 94 96 97 96 93 90 91 91 92 94 95 96 88 91 108 95 74 25 14 13 6 9 6 5 7 6 7 17 38 50 50 48 49 53 50 50 50 55 61 65 121 176 199 76 28 52 112 118 103 82 90 91 95 96 95 94 97 99 102 104 105 104 106 107 107 106 106 109 108 106 104 104 105 106 105 105 106 105 102 103 105 105 110 113 113 115 117 119 122 124 124 121 116 110 104 99 100 102 101 100 100 100 100 101 101 100 101 105 106 105 106 108 110 110 108 105 103 105 108 108 108 106 104 102 100 98 98 98 97 94 93 93 93 93 93 92 92 92 92 91 90 90 90 90 91 91 89 89 90 91 93 95 96 97 98 99 100 101 101 103 104 103 102 101 101 102 103 102 99 96 94 92 92 91 89 90 90 90 90 89 88 86 84 83 80 79 77 79 83 83 83 83 83 84 84 83 82 79 76 74 73 74 76 75 74 74 74 75 77 79 80 80 79 75 72 71 73 72 72 74 79 86 91 92 92 90 89 88 87 87 87 87 87 88 89 
91 93 94 94 94 93 93 95 95 93 92 93 96 98 96 95 95 96 95 94 92 92 93 94 95 95 96 87 95 109 91 58 18 15 10 5 10 8 6 7 6 7 9 23 48 53 43 42 52 51 56 50 48 51 63 171 166 84 27 27 86 118 110 98 78 95 89 93 99 99 96 100 102 104 105 104 104 105 109 109 109 111 114 110 108 108 108 107 106 106 107 109 109 104 106 111 112 114 115 115 117 119 121 123 125 123 119 113 107 102 100 102 103 102 100 100 101 102 106 107 106 107 110 111 108 108 111 112 114 113 111 108 111 113 113 112 108 105 102 100 99 100 100 97 95 93 93 93 93 93 93 93 92 93 93 92 92 92 92 93 93 92 91 92 92 94 96 96 98 98 98 99 100 101 104 107 105 104 103 103 104 105 105 102 99 97 96 97 95 93 94 94 94 94 94 94 94 92 89 86 82 81 83 89 88 89 89 90 91 91 90 87 83 80 77 76 75 75 75 76 78 81 82 83 83 85 87 85 81 76 74 74 73 72 72 76 84 90 91 91 89 89 88 88 88 92 91 89 87 85 
92 93 94 94 94 94 93 94 95 94 94 96 99 101 97 95 94 95 96 95 95 95 94 95 96 96 95 89 104 95 87 41 15 14 8 5 9 9 7 5 6 4 5 10 21 39 52 53 40 37 57 54 52 59 79 144 85 21 18 52 107 114 96 92 92 97 93 93 98 97 96 100 102 103 103 103 102 104 107 109 108 110 113 111 110 111 110 108 107 107 109 113 113 107 111 119 120 117 116 115 116 117 119 120 120 118 113 108 104 104 104 107 107 105 103 102 103 104 107 109 106 107 108 108 106 106 109 112 115 117 117 116 118 119 118 115 111 106 103 101 101 101 100 98 95 94 92 92 92 92 92 92 92 93 94 93 93 93 93 94 96 96 96 95 95 96 97 97 97 97 98 98 98 99 102 104 103 102 101 101 102 103 103 100 96 94 95 96 96 94 94 95 95 97 97 98 99 96 94 92 89 87 90 95 94 93 93 93 93 92 91 88 85 82 80 78 77 76 77 79 81 83 84 85 86 86 87 86 83 81 79 76 75 73 72 75 83 89 89 89 88 88 88 88 88 90 90 88 87 85 
93 94 95 95 95 94 93 94 96 96 95 98 102 103 98 93 93 95 96 96 97 97 95 96 96 96 96 91 111 80 85 30 14 12 9 5 7 7 6 5 7 9 7 5 8 18 33 45 56 45 53 52 58 52 47 30 20 21 32 94 126 120 82 84 113 99 104 98 94 94 96 100 101 102 101 100 100 102 105 104 104 105 108 110 111 113 113 110 108 108 110 114 114 109 114 123 124 118 115 114 114 114 116 117 116 113 108 104 104 107 109 111 112 109 106 104 105 106 107 105 103 103 103 102 100 102 106 110 117 120 123 124 124 122 121 117 112 106 103 102 102 101 101 98 95 94 92 92 92 92 92 92 92 94 95 94 93 93 94 95 98 100 99 98 97 98 99 98 96 96 97 97 97 97 98 100 99 97 97 97 97 98 97 94 91 90 91 92 93 93 93 94 95 96 97 98 100 98 97 95 94 93 95 98 96 94 93 91 91 90 87 86 83 81 79 79 79 78 78 79 80 80 79 81 86 85 84 82 82 82 81 79 78 75 72 75 83 88 86 87 88 88 88 88 86 83 84 85 86 88 
92 94 95 96 97 96 94 98 96 94 97 104 106 102 96 91 92 96 99 98 96 97 98 96 94 94 95 96 107 86 51 16 14 10 7 6 6 6 6 5 5 5 6 7 6 6 9 12 20 28 33 30 23 14 11 20 20 22 75 138 109 94 101 113 118 107 105 109 107 103 104 107 104 100 100 103 105 105 105 106 106 107 107 110 112 113 114 114 114 113 113 115 118 117 115 117 119 118 117 115 115 115 114 114 114 113 110 107 107 111 113 115 115 114 112 111 110 110 110 110 107 107 107 104 100 100 103 106 110 115 117 119 120 119 118 115 112 111 111 108 103 98 94 91 93 96 94 91 94 95 95 94 91 94 97 96 96 96 97 98 100 101 99 97 95 95 95 95 94 95 97 98 99 100 100 98 96 96 95 93 92 92 91 90 89 88 88 90 88 88 88 89 91 94 97 98 97 97 96 94 94 95 95 95 96 97 97 94 90 90 89 84 81 80 80 79 78 79 79 80 82 83 84 86 88 84 82 84 88 89 91 89 82 78 77 77 83 89 88 88 87 87 85 85 84 81 82 84 86 88 
92 94 95 95 94 94 91 93 90 89 97 106 110 104 98 93 94 97 99 98 96 97 98 97 95 96 97 100 97 93 39 15 12 9 7 7 7 6 6 5 5 4 5 6 5 5 5 7 10 11 9 7 7 7 10 17 15 27 98 150 122 84 101 101 87 86 95 99 90 95 101 103 103 100 102 105 106 106 106 107 107 108 109 109 110 112 113 113 113 113 114 117 119 119 118 119 121 120 117 117 116 115 115 115 114 113 110 108 109 112 114 120 121 117 112 110 110 112 114 112 107 103 104 104 103 102 103 106 111 114 116 117 117 118 116 113 110 108 107 106 104 102 99 97 97 97 95 95 96 97 97 96 95 95 97 96 96 97 97 99 101 101 100 97 96 94 94 93 92 93 93 95 96 96 97 96 96 95 93 92 92 92 92 92 91 90 90 91 89 88 88 89 90 93 96 97 96 95 94 93 93 93 94 94 93 92 92 92 92 91 88 84 81 82 82 82 81 80 81 83 85 86 88 89 89 85 83 84 87 88 89 88 81 79 79 79 86 91 89 89 88 88 87 86 86 84 85 86 86 87 
92 94 95 96 97 97 93 92 88 89 99 109 110 105 101 97 96 97 98 97 95 96 99 98 97 99 101 101 88 93 29 13 11 7 7 7 6 6 6 5 5 6 6 7 7 7 6 6 4 5 7 6 5 5 10 13 15 47 114 122 112 95 123 131 127 123 112 101 97 96 98 101 102 101 103 106 106 106 107 107 108 109 109 109 110 112 114 115 115 115 116 119 121 121 119 120 122 121 119 119 118 118 117 117 116 113 111 110 110 114 118 126 128 120 114 110 110 112 114 112 105 101 102 103 104 103 105 109 112 114 114 113 115 116 115 112 108 107 105 105 105 106 105 104 101 98 97 96 96 95 95 96 96 97 97 97 97 97 98 100 102 103 100 98 96 95 95 94 93 93 94 94 95 95 95 96 95 94 93 92 92 93 95 94 93 93 92 92 91 89 89 89 89 91 92 93 93 93 92 92 91 91 91 92 90 89 89 91 93 92 87 84 83 84 86 87 85 83 85 87 89 91 93 93 90 87 85 86 88 89 88 86 81 81 81 82 88 93 90 90 89 89 89 87 87 86 87 87 87 86 
91 94 97 100 101 101 99 97 92 94 104 109 105 103 100 97 96 96 95 95 92 94 97 97 97 98 101 98 86 79 22 12 11 8 6 6 6 5 6 6 6 6 6 6 6 6 6 5 6 8 7 6 5 6 13 16 31 88 122 95 70 66 59 58 69 80 80 84 103 102 100 102 103 103 105 107 106 105 106 106 107 108 108 109 111 114 117 118 119 119 118 119 121 121 120 120 123 123 122 122 121 120 119 119 118 115 113 111 113 116 120 128 131 125 118 113 111 110 111 110 104 102 103 104 103 104 106 110 113 114 112 110 112 114 113 113 110 109 107 107 107 107 107 106 103 100 97 95 93 91 91 93 95 97 97 97 97 98 100 101 103 104 101 99 97 96 96 96 97 97 97 96 96 96 96 96 95 94 93 93 93 94 97 96 95 94 93 93 92 91 90 89 89 89 90 90 91 91 91 91 89 89 89 90 90 91 92 94 96 94 88 85 84 87 90 91 91 89 90 91 92 94 95 94 91 88 87 90 93 93 92 88 84 83 84 84 88 92 90 90 89 88 88 88 87 87 87 88 87 86 
92 94 97 98 98 98 97 97 96 99 107 107 98 99 99 97 95 94 93 93 90 91 94 95 96 98 100 98 94 56 18 11 10 8 6 6 6 5 6 6 6 6 5 5 5 6 6 5 8 7 4 4 6 6 10 17 46 110 109 93 42 31 27 23 25 35 45 56 72 98 105 106 106 106 106 106 104 104 105 105 106 106 106 108 110 113 116 118 119 119 117 118 120 120 119 119 122 124 125 125 123 123 122 122 120 118 115 113 115 119 122 127 129 128 125 119 112 107 107 107 105 106 107 105 101 104 109 112 114 114 112 109 110 113 114 115 114 114 113 111 109 107 106 103 102 102 99 96 94 93 93 94 96 97 98 98 98 99 101 103 105 104 102 100 98 97 97 98 99 99 99 98 98 98 98 97 96 96 96 95 95 96 98 98 98 96 95 93 93 93 92 90 89 89 89 90 90 91 91 91 90 88 88 90 94 98 100 100 100 96 90 87 87 90 93 94 94 95 95 94 94 93 93 92 89 89 90 95 99 100 99 92 88 87 87 84 86 90 88 88 88 87 87 86 86 85 86 87 88 87 
93 94 94 93 92 91 91 94 95 97 104 103 95 95 97 97 94 92 91 93 88 90 94 94 94 96 99 100 98 36 16 10 8 7 5 5 5 5 5 5 5 6 5 5 5 6 6 6 5 4 3 5 5 6 13 26 72 119 82 67 24 18 22 24 33 51 69 85 102 110 108 108 108 108 108 106 104 104 105 106 106 106 107 108 109 111 114 115 116 116 115 118 120 119 118 119 121 126 128 128 126 126 125 125 124 122 118 116 117 119 123 126 128 131 131 126 117 109 107 108 109 112 113 109 104 107 112 113 114 114 113 112 112 113 116 118 119 118 117 113 110 107 104 102 102 103 101 100 98 98 98 98 100 99 98 98 99 101 102 105 106 105 104 101 99 98 98 98 99 99 99 98 98 99 100 100 100 100 100 99 99 100 101 101 101 100 97 94 94 94 93 91 90 89 90 90 91 92 93 93 91 89 89 92 98 105 109 106 103 99 92 90 88 90 93 94 95 98 97 95 93 91 89 89 88 89 92 99 104 106 103 96 91 91 90 85 86 88 88 87 87 87 86 85 85 85 86 87 88 89 
93 94 94 93 92 91 91 95 94 93 97 99 95 93 95 97 95 93 92 94 90 91 94 94 95 96 99 100 84 22 12 8 7 6 5 5 5 5 5 5 5 5 5 5 5 6 6 5 5 6 5 4 4 7 27 53 106 121 64 37 22 29 44 63 88 95 93 97 105 109 108 106 107 109 109 107 106 106 107 108 108 109 109 109 110 112 114 115 115 114 116 119 121 120 119 120 122 127 130 130 129 128 128 127 127 125 122 118 118 119 122 126 130 134 135 132 124 117 115 115 115 118 119 116 111 112 116 115 114 114 115 116 116 116 119 121 120 118 115 112 109 108 106 105 104 102 102 102 102 102 102 102 102 100 98 99 99 102 104 106 107 106 104 102 100 99 98 98 99 99 100 100 101 101 103 104 104 104 104 104 104 104 105 105 106 104 101 98 96 96 94 93 91 91 91 91 93 94 95 96 93 90 92 97 103 108 112 110 107 103 95 92 89 91 92 92 93 97 96 94 91 89 87 87 87 88 92 99 105 106 103 95 93 94 93 88 87 89 88 88 87 87 86 86 86 87 88 88 89 88 
92 94 96 98 99 99 99 101 97 90 91 94 94 92 95 98 97 94 94 97 92 93 95 95 95 96 99 96 65 14 9 8 6 6 5 6 7 8 8 9 9 9 9 10 11 11 10 9 10 8 5 5 7 9 22 49 90 89 63 41 64 83 96 109 116 107 103 105 104 105 104 103 106 110 110 108 108 109 110 110 111 112 112 113 115 116 118 118 118 117 118 120 123 123 121 122 124 129 131 131 130 130 130 129 130 129 124 119 118 120 122 129 134 136 137 135 130 126 124 122 120 121 123 122 119 118 118 116 114 114 117 119 119 120 121 122 119 115 112 108 108 110 111 109 105 101 100 100 102 103 103 102 100 99 98 99 100 102 105 107 107 107 105 102 100 99 99 100 101 102 103 104 106 106 107 107 107 107 107 107 108 108 109 110 111 109 105 100 98 96 95 94 92 92 93 93 94 96 98 98 95 92 94 101 105 108 111 111 111 107 98 93 90 90 90 89 90 93 93 91 89 88 87 86 87 88 92 98 102 103 100 94 92 95 95 91 90 91 90 89 89 88 87 87 88 90 89 90 89 87 
90 91 92 94 98 102 106 102 96 91 91 92 92 92 95 95 94 97 99 96 92 89 84 81 78 77 76 70 43 16 14 15 13 11 11 11 12 12 12 12 13 13 14 16 18 19 18 18 22 19 18 27 37 31 20 23 41 65 95 89 96 113 116 117 116 109 108 110 107 104 103 103 105 108 110 110 109 109 110 112 114 116 117 119 120 120 123 124 124 122 121 121 123 123 123 124 125 128 129 131 131 131 131 130 130 129 124 120 120 121 125 129 131 133 135 134 132 131 130 127 124 122 122 121 120 120 119 117 116 117 119 122 121 120 121 122 120 117 114 111 110 111 111 110 108 105 105 105 106 105 104 102 101 99 100 102 101 101 104 105 105 106 105 104 102 101 101 101 102 103 106 107 108 109 109 109 109 108 110 111 112 113 114 113 113 111 107 105 103 100 97 93 91 91 92 93 95 96 97 97 95 93 95 102 102 102 104 107 110 107 98 96 92 90 91 92 94 94 93 91 88 86 87 87 87 88 90 94 97 97 96 92 90 92 94 93 92 92 90 91 90 90 88 86 86 87 87 87 85 83 
96 98 100 101 103 105 103 97 92 91 93 93 91 87 88 83 78 79 79 73 67 61 54 49 46 44 42 39 28 21 21 21 20 20 22 25 28 28 27 28 31 30 31 34 38 43 46 48 49 50 65 87 88 54 20 10 24 75 125 127 115 122 114 111 114 113 110 108 107 106 106 106 107 109 111 113 110 109 110 114 117 119 121 122 121 121 125 128 128 125 122 122 122 123 124 125 125 127 127 130 131 132 132 131 131 129 124 120 120 123 126 127 126 128 130 130 131 131 131 129 125 122 119 117 116 117 118 118 118 119 121 122 121 120 121 122 121 120 117 115 114 112 110 110 109 109 111 112 110 108 105 103 102 99 101 105 102 100 103 104 104 105 105 105 105 105 105 105 104 106 108 110 110 110 111 112 113 113 114 115 115 116 116 115 113 111 110 109 107 102 98 95 93 92 93 95 97 96 95 95 94 94 96 98 97 96 98 102 106 104 98 97 95 92 93 96 99 97 95 92 88 86 87 88 87 88 89 91 93 94 93 91 89 89 91 93 92 91 89 90 90 89 87 85 83 83 84 84 83 81 
96 95 97 99 98 96 90 83 78 74 72 69 66 59 58 53 46 44 42 38 36 33 30 28 28 29 29 28 28 32 33 33 35 43 46 51 54 54 52 54 59 59 58 56 56 59 62 65 68 70 89 113 101 56 23 23 51 106 134 134 132 129 117 114 116 114 110 108 107 108 109 109 110 112 113 114 111 110 111 114 117 119 121 122 122 122 125 129 129 126 123 123 124 124 125 127 128 128 127 130 132 133 133 133 134 133 127 123 121 122 125 124 123 124 127 128 129 129 130 129 125 120 116 114 112 114 116 117 118 120 121 121 120 120 121 121 121 119 117 116 115 113 111 110 109 110 113 114 112 109 105 102 101 100 104 107 103 100 104 104 104 105 105 107 109 111 113 111 109 110 111 113 114 113 114 117 119 121 121 119 117 116 116 115 113 112 111 111 108 102 101 100 99 98 99 99 100 97 94 94 95 97 98 97 96 95 96 100 105 103 97 97 96 95 95 99 102 100 97 92 88 87 88 88 88 89 90 91 92 93 92 90 89 88 90 91 90 88 87 88 88 88 87 85 83 81 81 82 82 81 
74 65 62 62 61 59 55 51 46 41 37 33 30 29 32 32 30 31 33 35 38 38 37 40 45 49 51 58 58 60 63 64 65 69 69 68 64 58 54 55 58 61 59 52 47 45 45 46 49 52 77 108 100 63 38 58 99 137 133 129 132 123 118 119 120 116 111 108 108 110 111 111 113 114 114 114 112 111 112 114 116 118 119 122 123 122 127 130 130 128 124 122 124 125 127 129 129 128 128 130 132 134 134 134 136 135 130 124 122 121 123 121 121 123 126 128 128 128 130 131 126 120 115 113 111 112 114 116 118 120 121 120 120 120 120 121 119 118 117 116 113 112 110 108 107 107 111 113 111 108 105 102 100 102 108 110 104 101 105 106 105 105 107 110 114 117 119 117 114 114 115 116 117 118 119 122 123 125 124 121 118 116 116 115 113 112 111 110 107 104 104 105 105 103 102 101 101 97 94 93 95 98 99 98 97 95 96 100 104 102 95 98 98 98 99 103 104 102 97 93 91 90 91 90 89 89 90 90 91 92 92 90 88 88 89 90 88 86 87 87 88 88 87 87 85 80 80 81 81 80 
77 73 71 65 53 42 34 34 36 39 42 43 45 47 50 54 56 59 65 72 74 72 71 75 81 87 90 110 105 95 97 101 97 88 81 72 60 52 50 48 46 42 39 36 34 34 35 36 31 36 73 117 117 89 78 104 131 141 128 124 127 122 120 121 120 116 110 107 107 109 111 112 114 114 114 114 112 111 112 113 115 116 117 121 123 123 127 131 131 130 124 122 123 125 127 129 129 128 128 130 132 133 133 132 135 134 129 124 121 119 120 120 120 123 126 128 129 128 132 133 129 123 118 115 113 113 115 117 118 120 120 120 120 120 119 119 118 118 117 115 112 111 108 106 105 105 107 109 109 106 105 103 102 105 111 112 105 102 105 107 107 108 110 113 116 119 121 120 118 117 118 118 119 121 123 126 124 122 118 117 116 116 116 114 112 109 106 105 103 102 104 105 105 102 99 98 98 96 95 94 95 96 96 95 94 92 93 97 100 99 95 99 102 103 104 107 106 101 97 95 95 96 96 93 89 90 90 89 90 90 90 90 88 87 88 88 86 85 86 86 87 87 87 87 86 82 82 81 80 79 
129 137 141 131 107 85 71 73 77 81 85 89 93 87 87 90 92 93 98 107 108 104 101 103 106 110 111 125 121 110 111 119 121 115 110 100 90 89 89 83 73 62 59 57 54 52 50 49 55 59 77 101 107 109 125 130 126 124 128 129 128 127 119 117 115 110 105 102 103 107 109 111 115 115 115 115 113 112 113 113 114 114 115 120 122 122 126 131 132 131 125 123 124 125 127 128 129 128 128 129 130 131 130 129 130 128 126 121 119 118 118 119 121 124 128 129 131 131 134 134 131 126 122 120 119 118 118 119 118 119 119 120 120 120 119 118 117 117 117 116 115 113 110 108 107 106 105 105 106 105 105 106 106 108 114 114 106 102 105 107 108 111 112 114 116 118 120 120 120 119 118 118 120 122 125 127 121 114 109 109 111 112 113 110 107 104 100 98 96 95 97 99 98 96 92 92 95 96 96 96 94 93 93 93 91 89 90 93 96 96 95 101 105 107 107 109 108 100 97 97 100 101 99 95 90 90 89 89 88 88 89 89 87 87 88 88 87 85 85 84 84 84 84 85 86 86 84 82 80 78 
130 139 146 143 129 115 105 107 106 104 101 102 105 103 97 96 98 97 99 105 107 103 101 103 108 112 114 113 117 116 110 112 121 126 128 124 123 127 128 116 101 100 100 97 91 85 80 76 81 85 96 107 108 110 120 123 114 116 129 130 122 121 114 110 109 104 99 97 98 104 108 112 117 118 118 117 115 115 115 115 115 115 115 119 121 121 126 130 132 130 128 128 128 128 129 129 129 128 128 129 128 127 125 124 122 121 119 117 116 116 116 119 122 125 129 131 133 133 134 133 130 128 126 125 125 125 123 121 118 118 118 120 120 120 118 117 116 116 117 119 120 117 114 111 110 109 107 104 105 107 107 108 109 111 116 115 106 101 105 107 108 111 112 113 115 117 118 120 122 119 118 118 120 121 124 123 116 108 103 101 103 105 105 103 101 98 94 93 90 88 90 92 93 92 90 91 95 95 96 96 94 92 94 97 94 92 93 96 99 99 97 103 109 111 110 111 109 101 99 100 105 105 99 94 91 90 89 88 87 87 88 89 87 87 89 89 88 86 85 83 82 82 82 83 84 87 85 83 81 79 
94 95 96 99 101 104 100 102 100 98 96 98 103 103 93 90 94 96 97 102 101 98 97 100 107 113 115 118 125 122 107 101 103 104 105 107 108 107 103 97 90 101 105 105 104 103 102 101 98 100 106 109 108 109 109 112 112 114 118 114 107 108 109 109 107 101 97 96 99 104 108 113 119 122 122 121 119 118 118 118 118 118 117 119 118 119 125 129 131 129 132 134 133 133 132 131 131 129 129 129 127 125 122 120 115 113 113 113 114 115 115 119 122 125 128 131 133 133 132 130 129 128 128 129 130 131 129 124 119 117 118 121 121 120 117 116 116 116 117 120 121 118 115 112 110 109 109 109 109 109 110 110 110 112 116 115 105 100 104 105 106 109 110 112 114 117 118 120 122 119 116 115 118 121 122 119 112 105 100 97 96 95 95 95 93 92 91 91 88 86 89 92 95 97 97 97 98 96 95 94 94 95 98 101 99 97 98 99 103 101 98 105 112 113 112 111 109 104 103 105 109 107 98 91 92 91 90 88 87 86 87 88 87 87 90 90 89 89 89 87 85 84 84 84 86 87 85 83 82 81 
100 102 103 104 105 107 109 109 105 100 97 99 103 105 95 91 96 99 99 103 107 104 102 103 107 110 112 107 109 107 103 106 109 105 103 106 105 100 95 96 101 98 96 95 95 95 96 98 93 97 101 101 102 103 97 102 109 110 103 99 100 105 109 109 107 102 99 99 102 106 109 115 121 124 125 125 123 121 121 120 121 121 119 118 118 119 123 127 129 128 133 137 136 136 135 133 132 130 128 128 126 124 120 116 112 110 110 111 112 114 116 119 121 124 127 130 132 133 129 126 125 125 128 131 132 135 133 125 119 117 119 122 122 120 118 117 116 117 117 118 118 116 113 111 110 109 111 113 113 113 114 113 112 114 117 115 107 101 104 105 106 107 108 111 114 117 119 121 121 118 116 114 116 119 119 116 112 106 99 95 92 91 90 90 89 89 89 91 90 89 91 95 99 103 104 104 100 97 94 93 95 98 101 101 99 97 97 99 102 100 99 106 112 114 113 111 110 107 105 107 109 105 95 89 91 90 89 87 86 86 86 88 87 87 89 91 91 91 92 90 88 87 87 88 88 86 85 84 84 84 
98 97 100 105 111 115 112 108 103 99 98 99 101 102 101 98 97 97 100 103 101 100 99 99 101 102 103 103 103 105 106 104 102 100 102 102 102 102 101 98 97 97 97 96 94 95 95 96 97 98 99 101 101 101 100 100 99 99 99 100 103 106 104 102 101 98 97 100 104 106 109 115 120 122 125 129 126 121 118 121 127 125 118 117 120 123 123 123 124 128 129 131 135 137 136 134 132 131 125 122 126 124 117 113 114 114 112 107 107 111 119 122 123 124 125 126 127 128 126 121 115 115 122 129 131 133 130 124 120 121 123 125 125 123 120 121 124 121 114 111 112 113 115 115 114 113 114 114 115 121 123 119 120 121 119 118 117 115 111 109 110 110 108 110 114 117 117 119 120 118 114 111 110 109 114 117 110 102 96 93 92 94 95 92 89 87 90 95 97 96 96 96 96 97 98 99 98 95 94 94 97 101 103 102 99 99 100 102 99 97 96 102 109 113 111 108 106 105 103 101 97 93 92 90 88 88 87 86 86 85 86 88 88 88 89 89 89 87 84 85 86 87 88 89 88 87 87 87 87 87 
99 100 102 105 110 112 110 107 102 99 99 100 103 103 100 98 97 98 100 102 101 101 99 97 96 96 96 100 102 105 106 106 103 102 103 103 103 103 103 101 100 98 98 97 96 96 96 97 98 98 100 101 102 102 101 101 101 100 98 99 101 103 102 102 102 99 97 100 104 106 109 113 116 118 122 127 126 121 118 121 126 125 119 118 121 124 124 124 126 128 129 130 133 137 136 134 132 129 121 114 115 112 109 109 110 110 110 109 108 112 119 121 120 118 116 115 116 117 111 106 106 110 118 122 122 126 128 125 120 118 118 120 123 124 123 121 121 118 114 112 111 111 111 111 111 110 110 110 112 121 125 122 123 123 119 120 121 120 119 119 116 113 109 110 113 114 114 114 115 113 111 109 106 104 106 107 100 94 91 91 93 97 99 97 95 94 97 101 102 101 100 99 98 97 97 98 98 96 96 96 97 99 100 98 97 97 100 103 102 98 96 101 107 109 108 103 100 96 95 92 89 87 86 86 90 90 89 89 87 88 88 89 89 88 87 86 86 84 82 83 84 86 87 88 88 88 88 87 87 87 
100 101 102 104 107 107 107 105 102 100 100 101 104 103 101 99 98 98 100 101 100 100 98 97 96 96 96 98 101 103 105 106 105 105 104 106 106 106 106 105 104 101 100 98 97 97 97 97 98 99 100 101 102 102 101 102 101 100 98 98 98 99 101 102 102 99 98 100 104 106 107 110 112 113 118 124 124 121 118 121 125 124 119 118 120 123 123 122 123 126 126 127 130 132 133 131 129 126 115 105 102 101 100 103 107 110 112 113 113 116 120 118 113 109 104 103 103 103 101 101 106 114 122 124 121 121 124 125 121 113 110 112 118 122 123 121 115 112 111 112 113 113 113 113 113 112 112 111 114 123 125 122 122 122 121 121 123 123 121 121 117 112 108 108 109 110 108 108 109 110 112 112 109 107 106 105 100 96 96 99 105 105 103 102 102 104 105 107 108 109 108 106 104 102 101 99 97 96 96 96 94 94 94 93 93 94 97 100 100 96 93 96 100 101 99 95 93 91 90 88 87 85 85 86 91 90 90 89 89 89 89 89 88 87 85 83 82 81 79 80 81 84 85 86 87 88 88 88 88 88 
100 101 102 102 101 101 102 101 99 98 99 102 104 103 101 100 99 99 100 100 97 97 99 102 102 103 104 98 99 103 107 108 109 109 108 109 110 110 109 108 108 104 102 100 98 98 98 98 97 97 99 100 101 100 100 100 100 100 98 98 99 100 101 103 103 101 100 101 104 106 106 107 106 108 113 120 121 119 117 121 123 122 119 116 117 120 120 119 119 122 123 124 126 127 128 127 126 122 111 100 98 96 96 99 108 113 116 118 117 118 120 114 105 101 95 94 95 97 98 102 107 115 122 122 121 117 118 123 120 109 103 106 111 116 123 123 115 108 107 112 115 116 117 119 120 121 121 118 119 125 125 119 118 121 124 123 123 120 118 115 113 110 107 105 106 108 107 105 108 112 117 119 119 117 112 106 105 104 105 108 112 109 104 104 105 107 109 107 107 107 106 105 104 102 100 97 93 93 93 92 89 88 87 87 86 87 90 93 91 89 86 88 90 89 87 84 84 85 84 83 82 81 81 82 86 86 85 85 85 84 84 83 82 81 81 80 78 78 76 77 79 80 83 84 86 88 88 88 89 89 
97 99 100 99 98 97 98 98 97 96 98 99 100 102 101 100 99 98 98 98 96 97 100 102 104 105 104 99 101 104 108 111 111 111 111 113 113 113 112 110 110 106 103 101 99 98 98 98 95 95 97 98 98 98 97 96 97 98 100 101 101 102 102 103 103 102 101 101 104 105 105 105 104 104 109 116 117 117 117 119 120 119 116 115 118 120 119 117 117 120 124 126 126 128 127 126 126 118 107 100 101 100 97 98 106 112 115 116 114 112 112 107 100 95 92 91 94 97 98 99 101 103 105 107 109 109 112 119 117 106 101 103 105 112 124 128 122 113 108 112 115 116 117 120 124 126 125 121 120 124 123 117 117 121 123 123 123 120 118 116 114 110 108 108 110 113 112 111 112 115 118 120 118 116 108 100 102 103 105 105 105 103 100 100 102 106 106 103 99 97 97 98 97 96 94 91 88 88 87 86 83 82 82 82 80 81 82 83 82 80 80 80 80 79 78 76 75 76 76 75 74 73 74 76 80 80 79 78 78 78 77 76 76 76 76 76 76 76 75 76 77 79 81 82 83 87 87 87 88 89 
98 98 98 97 97 97 98 98 97 97 98 98 99 102 102 100 99 99 98 97 98 99 101 102 102 100 99 100 103 107 112 115 115 115 115 116 116 115 114 111 110 106 104 100 99 97 97 97 95 95 97 98 98 98 98 96 96 100 101 103 103 103 102 103 105 103 102 101 104 103 103 105 104 104 107 112 113 114 114 116 115 114 113 115 119 121 119 118 117 120 125 127 126 126 124 123 123 112 102 99 102 102 98 97 102 105 107 106 102 100 101 99 96 93 92 92 95 97 98 98 98 97 96 98 101 103 107 112 111 105 103 103 106 112 123 131 131 123 116 114 113 113 113 115 118 121 120 115 113 116 117 115 118 120 119 120 122 123 123 122 119 114 111 111 114 117 117 114 113 113 114 111 108 105 102 100 102 102 102 102 102 101 99 97 98 102 103 98 95 96 98 99 99 98 95 91 84 83 82 80 80 79 80 80 78 78 79 79 77 77 78 77 76 75 74 73 74 76 75 75 74 73 73 73 74 74 74 73 73 72 72 72 73 73 73 74 74 74 75 76 77 78 79 80 81 84 85 86 87 88 
100 99 98 98 100 101 101 101 100 99 100 100 100 102 102 102 100 99 98 96 98 101 103 104 104 102 100 103 106 110 115 117 117 117 118 119 118 117 113 110 108 106 104 100 98 96 95 96 96 97 99 100 100 100 100 99 100 102 103 104 104 102 101 103 105 104 103 102 104 102 103 105 105 105 106 108 110 111 113 113 112 111 111 112 115 117 116 114 114 115 121 123 121 118 116 114 113 106 98 94 99 100 97 97 97 97 98 98 95 94 96 97 96 95 93 93 95 96 96 97 99 97 95 96 101 102 103 105 106 106 105 106 107 110 117 125 131 129 125 119 116 112 109 109 110 112 114 112 106 107 107 108 113 116 115 117 120 120 122 121 118 114 110 109 112 112 112 109 106 105 104 102 100 99 101 105 103 101 101 104 106 106 102 97 96 100 101 96 95 100 101 102 101 98 94 89 83 81 79 78 78 79 80 79 78 78 79 80 79 79 81 79 77 76 76 77 78 79 79 77 76 75 75 74 73 73 72 72 71 70 71 74 73 73 73 73 73 73 77 77 77 77 77 77 79 82 83 84 85 87 
101 99 98 99 102 105 104 103 103 102 102 101 101 102 103 102 100 99 98 96 98 101 105 109 110 110 108 106 108 112 116 118 118 118 120 120 119 117 113 110 107 104 103 100 97 95 95 94 98 100 102 103 103 103 102 102 103 105 106 105 103 101 101 103 106 105 103 102 103 102 103 106 106 105 105 107 108 109 111 111 110 109 109 109 109 111 109 108 107 109 114 115 112 109 105 103 102 100 94 89 93 95 95 97 95 93 93 94 92 93 96 96 96 95 94 94 94 93 92 94 96 96 94 94 97 100 100 100 102 106 108 109 107 106 108 115 125 129 128 124 120 115 110 106 105 106 113 112 104 102 99 99 105 112 115 116 117 115 114 113 112 110 107 104 105 104 103 99 97 97 97 98 99 101 104 105 100 95 96 101 109 111 105 98 95 99 100 95 93 96 97 97 95 89 86 84 83 80 77 77 78 80 81 79 79 80 83 85 84 84 84 82 81 79 80 81 80 78 77 76 74 73 72 73 73 73 72 72 71 72 73 76 75 74 73 72 71 73 78 78 78 77 76 76 77 81 82 83 84 85 
97 98 99 101 102 103 104 104 104 104 104 104 104 105 104 103 101 99 98 97 99 101 103 107 109 110 111 112 113 116 118 120 120 120 122 119 116 113 112 109 105 102 100 98 97 96 96 96 98 100 102 104 104 104 103 104 105 105 105 104 102 101 102 103 104 105 105 105 106 105 104 105 105 105 105 105 106 107 107 107 107 107 107 104 103 103 102 102 101 101 102 102 101 101 100 100 100 98 96 94 96 96 98 100 99 97 96 96 96 97 96 96 96 97 96 96 97 98 97 97 98 98 97 96 97 100 100 99 103 111 114 113 111 109 108 111 118 122 124 124 122 116 112 113 116 117 120 119 114 111 106 102 98 99 102 105 108 109 109 108 108 106 104 102 100 98 97 96 95 93 92 92 95 97 98 97 94 92 93 97 103 105 103 98 95 95 94 91 90 90 91 90 89 87 85 83 81 79 78 78 80 82 82 81 80 80 81 84 86 86 86 85 84 83 84 84 84 81 78 77 77 77 76 74 73 74 74 73 72 71 72 73 72 72 71 70 70 71 74 74 74 74 75 75 78 83 85 86 87 86 
94 95 96 98 100 100 101 103 106 107 107 105 104 105 105 104 102 100 99 98 101 103 105 108 111 112 113 113 114 116 119 120 120 120 121 118 115 114 114 112 109 104 102 101 99 99 99 100 101 102 103 104 106 106 106 106 107 107 106 105 103 102 104 104 105 105 105 105 106 105 105 105 106 106 107 107 105 104 104 104 104 103 103 102 100 100 100 99 98 98 98 98 98 98 98 98 98 96 95 95 95 97 98 100 100 98 97 97 98 97 95 96 97 97 97 98 99 100 100 99 99 99 98 98 98 99 99 98 102 109 113 112 111 111 111 111 114 116 118 123 125 121 120 123 128 130 128 123 119 115 110 103 95 93 94 97 100 101 101 100 100 98 98 96 94 92 91 91 91 89 86 86 88 90 92 91 88 87 88 91 95 97 96 92 89 89 88 86 85 86 86 87 86 84 83 81 80 78 78 78 80 82 83 83 82 81 82 84 85 86 87 86 85 85 85 85 86 85 82 80 80 81 80 77 74 75 75 75 74 73 72 71 71 71 70 69 69 70 72 73 73 74 74 75 77 84 86 87 88 88 
