UP
9 9 8 8 8 8 7 6 6 5 4 4 4 4 4 4 3 3 3 3 3 3 3 3 3 3 3 3 3 3 3 3 3 3 3 3 3 4 4 4 4 4 5 5 5 5 5 5 5 5 5 5 6 6 6 6 6 6 6 6 6 7 7 6 7 7 8 8 8 8 9 9 9 10 10 10 10 9 10 10 10 10 10 11 10 10 10 9 9 9 9 9 9 9 9 9 9 9 9 10 10 10 10 10 10 11 11 10 10 10 9 9 9 9 9 9 9 9 9 9 9 9 9 9 9 9 10 11 11 11 11 10 10 9 10 10 11 11 11 11 10 10 10 9 9 9 9 10 11 11 11 11 11 11 11 11 11 10 10 10 10 11 12 12 12 12 12 12 12 13 13 13 13 12 12 12 12 12 12 12 13 13 13 11 10 10 10 10 11 11 11 11 11 12 12 13 13 12 12 12 12 12 13 13 13 13 13 13 12 12 12 12 12 13 13 13 13 13 12 12 12 12 11 11 11 12 12 12 12 12 11 11 10 10 9 9 9 9 10 9 9 9 9 9 9 9 9 9 9 9 
15 15 14 14 13 13 14 15 14 14 13 12 12 11 11 11 10 9 8 8 8 8 8 7 7 7 6 6 6 6 6 6 6 6 6 5 5 5 4 4 4 4 4 3 3 3 3 3 3 3 3 3 3 3 3 3 3 3 3 3 3 3 3 4 4 4 4 4 4 4 4 4 4 4 4 4 4 5 5 5 5 5 5 5 5 5 6 6 6 6 6 6 6 6 6 6 6 6 7 7 7 7 7 7 7 8 8 8 8 8 8 8 7 7 7 7 8 8 8 8 8 8 8 8 8 8 8 8 8 8 8 8 8 7 7 7 8 8 8 8 8 7 7 8 8 8 8 8 8 9 9 9 9 9 8 8 8 8 8 9 9 9 8 8 8 8 8 8 8 8 8 8 8 8 7 7 7 7 7 7 8 8 9 9 9 9 9 9 9 9 9 9 9 10 10 11 11 11 11 11 11 11 11 11 11 11 12 12 12 11 11 11 12 12 13 13 13 13 12 12 12 11 11 11 11 12 12 12 12 12 12 12 12 12 11 11 11 11 11 11 11 11 11 11 11 11 12 12 11 11 
18 18 18 17 17 16 17 18 18 18 18 19 19 19 18 18 17 17 17 17 17 17 17 16 16 16 16 15 14 14 14 14 15 14 14 12 12 11 11 10 10 10 10 10 9 9 8 8 8 8 8 7 7 7 6 7 7 7 7 6 6 6 5 6 5 5 5 5 5 5 5 5 4 4 4 4 4 4 4 4 4 3 3 4 3 3 3 3 3 3 4 3 3 3 3 3 3 3 4 4 4 4 3 3 3 4 4 4 4 4 4 5 4 4 4 4 5 5 5 5 5 5 5 5 6 6 6 6 6 6 6 6 6 5 5 5 6 6 6 6 6 6 6 7 7 7 7 7 7 7 8 8 8 8 7 7 7 8 8 8 8 8 8 8 8 8 8 8 8 8 8 8 8 7 7 7 7 7 7 7 7 7 7 7 7 7 7 7 7 8 8 8 8 8 9 9 9 9 9 9 9 9 9 9 9 9 9 10 9 9 9 9 9 9 10 10 10 10 11 11 10 10 10 9 9 10 10 11 11 12 12 12 11 11 10 10 10 10 10 10 10 10 10 10 10 10 10 10 10 10 
13 12 12 12 12 12 13 13 14 14 14 15 15 15 15 15 15 16 16 16 15 15 15 16 16 17 17 17 16 17 18 19 19 19 19 19 19 19 18 18 17 17 17 17 17 16 16 15 16 17 16 15 15 15 15 15 14 14 14 13 13 13 13 13 12 12 11 11 11 11 10 10 9 9 9 8 8 8 8 7 7 6 6 7 7 7 7 7 6 6 6 6 6 6 5 5 5 5 6 5 5 5 5 5 5 4 4 4 4 4 4 4 4 4 4 4 4 4 4 4 4 4 4 4 4 4 4 4 4 4 4 4 3 3 4 4 4 4 4 4 4 4 4 4 4 4 4 4 5 5 5 5 5 5 5 5 5 6 6 6 6 6 6 6 6 6 6 6 7 7 7 7 7 6 6 7 8 7 7 7 7 7 7 8 7 7 7 7 7 8 8 8 8 8 8 9 9 9 8 8 8 8 8 8 9 9 9 9 10 10 10 9 9 10 10 10 9 9 10 10 10 10 10 9 9 9 10 10 11 11 11 11 11 12 11 11 11 11 10 11 11 11 11 11 11 11 12 12 12 12 
10 10 10 10 10 10 10 11 11 11 10 10 10 10 10 10 10 9 9 9 9 9 9 10 10 11 11 10 10 11 12 13 14 13 14 15 15 14 14 13 13 13 13 13 13 13 13 14 14 15 15 14 14 15 16 16 16 16 17 17 17 17 17 17 16 16 15 16 16 17 15 15 14 14 14 14 14 15 15 15 14 13 13 14 13 13 13 13 14 14 14 12 12 12 12 11 11 11 11 11 11 11 11 11 11 10 10 9 9 8 8 8 8 8 8 8 8 8 8 7 7 7 7 7 7 7 7 7 7 7 6 6 5 5 5 5 6 6 6 5 5 5 6 5 5 5 4 5 6 5 5 4 4 4 4 4 5 5 4 4 4 4 4 4 4 4 4 4 4 4 4 4 4 4 4 4 4 4 4 4 4 4 4 4 4 4 4 4 4 5 5 5 5 5 5 5 6 6 6 5 5 5 5 6 6 6 6 6 6 6 7 7 7 7 7 7 7 6 7 7 7 7 7 7 7 7 7 7 8 8 8 8 8 8 8 8 8 7 7 8 7 7 8 8 8 8 8 8 9 9 
10 10 10 10 10 10 9 9 9 9 9 9 9 8 8 8 8 8 8 8 7 8 8 8 8 8 7 7 7 8 8 9 8 8 8 9 9 7 7 9 9 8 9 8 7 7 7 7 7 8 8 8 8 8 9 9 10 10 10 10 10 10 10 11 11 12 13 13 14 14 13 13 13 13 13 13 14 15 15 15 15 15 14 13 13 14 14 15 15 15 15 16 15 15 14 14 14 14 14 14 15 15 15 15 15 15 15 15 15 15 15 15 15 15 15 15 15 15 15 14 13 14 14 15 15 15 15 14 14 14 13 13 13 13 13 13 13 13 13 13 14 13 12 11 10 11 11 12 12 13 11 10 9 10 10 10 9 9 9 8 8 7 7 7 7 7 7 8 8 7 6 5 5 6 6 6 5 5 6 5 5 5 5 5 5 5 5 5 5 5 5 5 5 5 5 5 5 5 5 5 5 4 4 4 4 4 4 4 4 5 5 5 4 4 4 4 4 4 4 4 5 4 4 4 4 5 4 4 4 5 5 5 5 5 6 6 7 7 6 6 6 6 6 5 6 6 6 6 6 7 
9 9 9 10 10 9 9 9 8 8 8 8 8 8 8 8 8 8 7 7 7 7 8 8 8 7 7 7 7 6 6 6 7 8 9 8 7 7 7 8 8 7 8 7 7 7 7 7 7 7 7 6 6 7 7 7 7 7 7 7 7 7 7 8 8 8 9 9 9 9 8 8 8 8 8 9 9 9 9 10 11 11 11 10 11 12 12 13 13 13 13 16 15 16 16 16 17 17 16 16 16 15 15 15 15 14 14 15 15 15 15 15 15 15 15 15 15 15 15 15 15 15 16 16 17 17 17 17 17 17 17 17 17 19 20 19 19 19 19 19 18 17 17 16 17 17 18 18 17 17 16 15 15 16 16 17 16 16 15 15 15 15 14 14 14 14 14 15 16 15 13 13 13 14 14 14 15 15 15 15 15 15 14 13 13 13 13 13 13 13 13 13 13 12 12 12 12 12 12 11 11 10 10 10 9 9 9 9 10 10 10 10 10 10 10 9 9 9 9 9 10 9 8 8 8 9 9 9 9 9 9 10 11 11 11 11 11 11 11 12 13 13 13 12 12 12 12 12 12 13 
9 9 9 10 9 9 9 8 8 8 8 8 8 8 8 8 7 7 7 7 7 7 7 7 8 8 7 7 7 7 6 7 8 8 9 8 7 7 8 7 7 8 8 7 7 7 7 7 8 7 7 7 7 7 8 8 8 8 7 7 7 8 9 8 8 8 8 8 8 8 7 7 7 7 7 7 7 7 7 7 8 9 8 8 9 9 9 10 10 10 10 10 10 10 11 11 12 12 13 13 13 12 12 11 11 12 12 12 12 12 13 13 12 12 12 12 12 12 12 13 13 13 14 14 14 14 14 14 14 14 14 15 15 17 17 17 16 16 16 16 17 17 17 17 17 17 17 14 11 11 12 14 16 17 17 17 17 17 17 16 16 17 17 17 17 16 16 18 18 18 17 17 18 19 19 19 20 20 20 20 20 21 21 19 19 19 19 19 19 19 19 19 19 18 18 18 19 19 18 17 17 17 17 17 18 18 18 18 18 18 18 17 17 17 17 17 17 17 19 19 20 19 18 17 17 18 18 18 18 18 18 19 17 16 15 15 15 15 15 15 15 16 15 14 14 15 15 15 15 15 
9 9 9 10 10 9 9 8 8 8 8 8 8 8 8 8 8 8 8 8 8 8 8 8 9 9 9 8 8 8 8 8 8 8 8 8 7 8 9 7 7 8 8 7 8 8 7 7 8 8 8 7 7 8 8 8 9 8 8 7 8 9 9 8 8 7 7 7 7 7 7 6 6 6 7 7 7 8 7 7 7 8 8 7 7 7 8 8 8 8 8 7 7 7 7 7 8 8 8 9 8 8 8 8 8 8 8 8 9 9 9 9 9 9 9 9 9 9 9 10 10 10 10 10 10 10 10 10 10 11 11 11 11 12 12 11 11 11 11 11 12 13 13 13 12 11 10 9 8 7 8 10 11 11 11 11 11 11 12 12 11 12 12 12 12 11 11 12 13 13 12 12 13 14 14 14 15 14 14 14 15 16 16 16 16 16 16 16 16 16 16 16 16 16 16 16 17 17 16 16 16 17 17 18 18 18 18 18 18 17 17 17 18 18 19 19 20 20 21 21 21 21 21 20 19 19 19 19 19 19 20 20 20 19 18 18 18 19 19 19 19 20 19 18 18 19 19 18 19 19 
8 8 9 9 9 9 8 8 8 8 8 8 8 8 8 8 8 8 8 9 10 10 9 9 10 10 10 9 9 9 8 8 7 7 8 8 7 8 8 7 7 7 7 6 7 8 6 6 7 7 6 6 6 6 6 7 7 7 7 7 7 8 8 8 7 7 7 7 7 7 6 6 6 6 7 7 7 8 7 7 7 7 7 7 7 7 7 7 7 7 7 8 7 7 7 7 7 7 6 7 7 7 7 7 7 6 6 7 7 7 7 7 7 7 7 7 7 7 7 8 8 8 8 8 8 8 8 8 8 8 9 9 9 9 9 9 8 8 9 9 9 9 9 9 9 9 8 9 9 8 8 8 9 8 8 9 9 9 9 9 9 9 9 9 8 8 8 9 9 8 8 9 9 10 10 10 10 10 10 10 10 11 11 11 11 11 11 11 11 12 12 12 12 12 12 12 12 12 12 12 12 13 14 15 13 13 13 13 13 13 13 13 14 14 15 16 17 17 16 16 16 16 17 16 15 15 15 15 15 15 16 16 15 15 15 15 15 16 16 16 17 17 17 16 16 16 18 18 18 18 
8 8 8 8 8 8 8 8 8 8 8 8 8 8 8 8 8 8 8 9 9 9 8 7 8 8 7 8 10 9 9 8 8 8 8 9 8 7 7 8 8 7 7 6 8 8 6 6 7 7 6 6 6 6 6 6 7 7 7 7 7 7 7 8 8 8 8 7 7 7 8 8 7 8 8 8 8 7 7 6 7 7 7 7 7 7 7 7 7 7 7 8 8 7 7 7 7 7 7 8 8 8 7 7 7 7 7 7 7 7 7 7 7 7 7 7 7 7 7 8 8 8 8 8 8 7 7 7 7 7 7 7 7 7 8 8 8 8 8 8 9 9 9 9 9 9 9 8 8 8 8 8 8 9 9 8 8 9 9 9 9 9 9 9 8 8 8 8 9 8 8 8 9 9 9 9 10 10 9 10 9 9 9 10 10 10 10 10 10 10 11 10 10 10 10 10 10 10 10 11 11 11 12 12 12 12 12 12 13 13 13 12 13 13 13 13 13 13 13 13 13 15 16 16 15 15 15 15 15 15 16 16 16 16 16 16 16 16 15 15 16 16 15 15 15 15 19 19 19 19 
9 9 9 9 9 9 8 8 8 8 8 8 8 8 8 8 8 8 8 8 8 7 5 5 5 5 7 10 14 18 21 22 21 20 19 19 17 14 11 10 9 8 9 7 9 9 7 7 8 9 8 8 7 7 8 7 7 7 7 7 7 7 7 8 8 8 8 8 7 7 8 7 7 7 8 8 8 7 6 6 7 8 8 8 7 7 8 8 7 7 7 8 8 8 8 8 8 8 9 9 9 8 8 8 8 8 8 9 9 9 9 9 8 8 8 8 8 8 8 8 7 7 7 7 7 7 8 8 8 8 8 8 7 8 8 8 8 9 9 9 9 9 9 9 9 8 8 8 8 8 8 7 7 7 8 7 7 8 8 8 8 9 9 9 9 8 8 8 9 8 8 8 9 9 8 8 9 9 9 9 9 8 8 9 9 9 9 9 9 9 9 9 9 8 8 8 8 10 10 10 10 10 10 9 11 11 11 11 12 12 12 13 13 12 12 12 11 11 11 11 12 13 15 15 14 15 16 15 15 15 16 16 14 14 13 13 12 12 11 11 12 12 12 11 11 12 13 13 13 12 
10 9 9 9 9 9 9 9 9 9 9 9 10 9 9 9 9 9 9 9 9 9 5 6 6 7 30 53 59 71 80 84 89 92 91 87 79 74 50 19 8 9 9 7 8 8 9 9 8 9 9 8 8 8 7 7 7 7 8 8 8 7 8 8 7 7 7 7 8 8 8 8 7 7 7 8 9 8 7 7 8 8 8 7 8 8 7 7 7 7 8 8 8 8 7 7 7 7 8 8 8 9 8 8 8 8 8 8 8 8 8 8 8 8 8 8 8 8 8 8 8 8 8 8 8 7 8 8 8 8 8 8 8 7 8 8 9 8 8 8 8 8 8 8 8 8 8 7 7 7 8 8 8 8 8 8 8 8 8 8 8 8 9 9 8 7 7 8 8 8 7 7 7 7 7 7 7 8 8 8 8 7 7 7 7 7 7 7 7 7 7 7 7 7 7 8 8 8 8 8 8 8 8 8 8 8 9 8 8 8 8 8 8 8 9 9 9 9 8 8 8 8 9 9 9 9 9 10 9 9 9 10 9 8 8 8 8 9 9 9 9 9 9 9 10 10 10 10 10 10 
11 10 9 9 9 9 9 9 9 9 9 10 10 10 10 10 10 10 11 11 9 9 6 6 5 9 46 85 83 83 92 98 95 102 115 128 135 135 110 60 20 9 10 9 9 7 8 8 7 8 8 8 8 7 7 7 8 8 8 8 8 8 8 8 8 8 7 7 7 8 10 9 8 7 7 8 9 8 8 8 8 8 8 8 9 9 8 8 7 8 8 8 8 8 8 8 8 8 8 8 8 9 8 7 8 8 8 8 8 8 8 8 8 8 8 8 8 8 8 8 7 7 7 8 8 7 7 7 7 7 7 7 7 7 8 8 8 7 7 8 8 8 8 8 8 8 7 8 8 8 8 8 8 8 8 8 8 8 8 9 9 9 9 9 9 8 8 9 9 8 8 8 8 8 8 8 9 9 9 9 9 9 9 9 9 8 8 8 8 8 8 8 9 9 9 9 9 8 8 8 8 8 8 8 7 7 8 8 8 8 8 8 8 8 8 9 9 9 8 8 7 7 7 7 8 8 9 9 8 8 8 9 8 8 8 8 8 8 9 9 9 8 8 9 9 9 9 9 9 10 
10 10 9 9 10 10 11 11 11 10 10 10 10 9 8 9 9 9 9 9 9 9 7 8 8 9 33 66 68 62 67 76 75 73 86 109 114 118 131 114 46 13 9 9 10 8 9 10 8 8 9 9 9 9 8 8 9 9 9 8 8 8 9 9 10 10 9 9 9 10 11 10 8 8 8 9 10 11 12 12 12 11 11 12 13 13 12 11 11 11 11 12 11 11 11 10 10 10 9 9 10 11 10 9 9 8 8 8 8 8 9 9 9 9 9 8 8 8 8 9 9 8 8 9 9 8 8 8 8 8 8 8 8 8 7 8 8 7 7 7 8 8 7 8 8 8 8 8 8 8 8 8 8 8 8 8 8 8 8 9 10 10 11 11 10 10 10 10 10 9 10 10 10 10 9 9 9 9 9 9 9 9 9 9 9 9 8 8 7 7 9 9 9 9 10 10 11 9 9 9 9 9 9 9 7 7 8 8 8 8 8 9 9 9 9 10 10 10 8 8 7 7 8 8 9 8 8 8 8 7 8 8 10 10 10 10 10 10 10 10 10 10 10 10 11 11 11 12 12 13 
13 12 12 12 13 13 12 11 10 10 10 9 9 9 10 10 10 10 10 10 11 10 8 8 9 12 32 62 67 67 67 77 86 69 79 123 117 109 129 143 82 30 10 8 9 9 10 10 9 9 10 11 11 10 10 9 10 10 9 8 8 9 10 9 11 12 11 9 9 9 8 7 7 7 7 8 9 11 12 13 13 13 13 15 12 11 11 11 11 11 12 11 10 9 8 8 8 9 8 8 9 10 10 10 10 11 12 12 13 13 13 14 14 14 14 13 13 12 12 11 10 9 9 9 8 8 9 9 9 10 10 10 10 10 10 10 10 9 10 10 9 7 7 7 8 9 9 9 8 8 7 7 7 8 8 8 7 7 7 8 9 9 9 9 8 8 7 7 7 7 8 8 9 8 8 9 10 10 10 10 10 10 10 10 10 10 11 11 11 11 12 11 10 10 11 13 15 13 13 13 13 13 13 12 12 13 13 13 13 13 12 14 14 14 14 14 14 14 11 11 10 9 9 8 8 12 13 13 13 12 13 13 11 11 10 10 9 9 9 10 10 10 10 10 10 11 10 11 12 12 
16 15 14 14 14 15 15 15 15 16 17 16 16 15 13 13 12 13 13 14 15 14 14 13 12 13 28 57 70 76 69 70 82 68 64 96 114 118 122 134 126 88 28 14 13 13 12 12 11 11 11 11 11 11 10 10 11 11 10 10 10 10 11 9 11 12 10 7 6 7 7 7 8 8 8 8 8 8 9 9 10 11 11 12 13 14 14 14 14 14 14 14 13 12 12 13 14 16 13 12 13 15 15 15 16 15 14 15 15 15 15 16 15 15 15 15 15 15 15 18 18 17 16 16 16 15 14 14 15 15 15 16 16 15 15 15 14 14 14 15 16 15 14 14 17 18 18 17 16 15 14 14 15 16 16 15 15 15 15 16 16 16 14 13 12 12 12 12 11 10 11 11 12 12 12 12 9 9 9 8 9 9 9 9 9 10 12 13 14 15 15 14 12 12 13 16 17 14 13 13 13 13 12 13 15 16 16 16 16 15 15 14 15 15 15 15 15 15 15 15 15 15 14 14 14 13 13 14 13 13 13 13 15 15 14 13 13 12 12 12 12 12 12 12 12 13 13 13 14 15 
39 38 37 37 38 39 37 36 37 38 39 38 38 38 38 37 36 37 40 43 43 33 28 28 28 24 28 51 64 70 60 50 57 68 81 99 115 126 124 121 128 126 78 31 23 25 22 22 23 23 22 22 21 20 20 20 21 21 21 20 20 21 22 18 21 21 19 16 17 19 19 20 21 21 20 19 18 17 17 17 19 21 21 20 18 19 19 20 19 18 16 16 17 18 19 19 19 19 18 16 16 17 17 17 18 18 18 18 18 18 18 18 16 16 17 17 18 19 19 19 18 18 18 19 19 19 17 16 16 17 17 18 18 19 20 20 19 18 19 21 20 18 15 15 17 19 18 17 16 16 15 15 17 18 19 19 19 19 19 19 19 18 16 15 15 16 18 17 16 15 15 15 15 17 18 18 17 17 16 16 16 17 17 17 18 18 19 19 20 20 21 21 20 20 21 21 22 21 21 20 20 19 19 19 20 21 22 23 23 23 23 22 22 22 23 23 23 23 22 23 25 26 25 24 23 25 26 27 26 25 25 27 28 28 27 26 26 27 27 28 28 28 28 28 29 30 30 30 30 31 
37 37 37 37 38 39 37 37 37 37 37 37 37 37 38 37 38 40 40 44 48 38 28 28 32 29 28 45 62 72 63 44 50 77 95 98 107 116 119 120 125 135 119 61 35 29 27 28 30 30 30 29 27 26 27 28 28 28 29 28 28 29 29 26 28 28 27 26 28 30 27 28 28 29 28 27 26 26 26 26 27 28 28 27 28 29 30 30 29 27 26 26 26 27 28 28 28 26 28 27 26 26 26 26 28 28 27 27 27 27 27 27 25 25 25 27 28 29 29 28 27 27 27 28 29 29 27 27 27 28 28 28 28 28 28 29 28 28 28 29 31 31 28 28 29 30 30 30 29 28 28 29 30 32 30 29 30 30 30 29 29 28 26 26 26 28 29 29 28 27 27 27 27 28 28 29 30 30 30 30 30 30 31 31 31 31 31 31 31 31 31 31 31 32 32 31 31 34 34 33 32 32 31 31 31 32 32 33 34 34 34 34 34 34 34 33 34 33 32 32 34 34 33 31 30 31 32 32 31 31 31 31 32 32 32 32 32 33 33 33 33 32 32 32 32 32 32 32 32 32 
25 26 26 25 25 26 24 23 23 21 22 23 23 22 22 23 25 24 22 23 27 24 20 23 24 22 23 37 60 73 68 48 46 73 94 95 109 113 114 119 125 128 129 99 49 22 20 23 21 21 21 20 19 18 19 21 20 20 20 20 20 20 20 19 19 19 20 20 20 20 19 19 19 19 19 19 19 19 19 19 19 19 19 19 21 21 21 21 21 21 21 21 20 19 20 21 21 20 20 21 21 21 21 22 22 23 23 22 22 22 23 23 22 22 23 23 23 24 24 24 24 24 24 24 25 25 25 24 25 26 25 25 24 24 24 25 26 26 25 24 26 27 26 25 25 26 27 26 25 25 25 25 26 26 25 25 27 28 27 26 27 26 25 25 25 26 26 26 26 25 25 25 25 24 24 25 25 26 27 27 27 27 26 26 26 27 27 27 28 27 26 27 27 28 27 27 26 27 28 28 27 26 26 27 27 27 26 26 26 27 27 26 26 26 25 25 25 24 24 25 25 25 25 25 24 23 23 23 24 24 24 24 24 24 24 24 24 25 25 26 26 25 25 25 25 24 23 23 24 24 
21 22 21 20 21 22 23 25 24 22 22 24 23 21 20 21 23 22 20 21 22 20 18 20 22 19 19 35 60 68 71 61 41 62 94 91 102 111 111 112 123 128 129 128 80 34 20 19 18 18 19 18 17 17 17 18 18 17 17 17 17 18 18 17 17 17 18 18 18 18 18 18 18 18 18 18 18 18 18 18 18 18 18 18 17 17 16 16 16 16 17 16 16 15 16 16 16 15 16 16 16 17 17 17 17 18 18 17 17 17 17 18 18 18 18 18 18 18 17 19 19 19 19 19 19 20 20 19 19 19 19 19 19 18 18 19 20 19 19 18 20 21 20 20 20 20 21 20 19 19 19 19 20 20 19 20 21 22 21 21 21 21 20 20 20 20 19 19 20 21 21 20 20 20 20 20 21 21 22 22 22 22 22 21 21 21 21 21 22 22 21 21 22 22 21 21 21 20 20 21 21 21 22 22 22 22 22 22 22 22 22 21 21 21 21 21 20 20 24 25 25 25 25 25 24 22 23 23 24 25 25 26 22 21 21 21 22 22 23 23 24 23 23 23 23 23 23 23 23 24 
37 36 35 34 36 38 36 34 34 30 30 31 30 29 29 31 32 32 32 33 33 32 31 34 34 31 30 40 63 76 79 80 51 57 89 93 96 105 110 110 118 126 124 130 122 80 37 25 26 22 22 22 22 22 22 23 24 23 22 22 22 23 23 21 21 21 21 21 21 21 21 21 21 21 21 21 21 21 21 21 21 21 21 21 22 21 20 20 20 21 22 22 22 22 22 22 21 21 22 22 22 22 22 23 23 23 22 22 22 22 22 23 23 23 23 23 23 23 23 23 23 23 22 23 23 23 23 23 22 21 21 22 23 22 22 22 22 22 22 22 22 22 22 22 22 22 22 23 23 23 23 23 23 24 23 23 24 24 23 23 24 25 25 25 24 24 24 23 24 24 24 23 23 23 23 23 24 24 24 25 25 25 25 24 24 24 25 25 25 25 24 25 25 25 25 25 24 25 26 27 26 26 26 27 27 27 26 26 27 27 27 27 27 27 27 27 27 27 26 27 27 27 27 26 26 27 27 27 28 28 29 29 30 30 30 30 30 31 31 31 31 31 31 31 31 31 32 33 34 34 
42 41 40 39 40 42 42 42 41 38 38 39 38 37 38 40 40 39 39 39 39 38 39 40 39 35 34 38 60 81 79 83 65 53 73 93 93 99 108 113 114 116 122 127 131 113 73 39 29 33 33 33 33 33 33 32 32 31 30 29 29 30 30 33 33 33 33 33 33 33 31 31 31 31 31 31 31 32 32 32 32 32 32 32 31 30 29 28 29 30 31 30 30 30 29 28 28 28 28 29 29 29 29 30 30 31 31 30 30 30 31 31 30 30 31 31 32 32 33 33 32 32 31 31 31 32 32 32 32 31 31 32 32 32 31 31 32 31 31 31 30 30 30 30 30 30 30 31 32 32 31 31 31 31 31 31 32 31 31 31 32 33 33 33 33 32 32 31 31 31 31 31 31 30 30 30 31 31 31 32 32 33 33 33 33 33 33 34 34 34 33 33 34 34 34 33 33 36 37 37 35 34 34 35 35 34 34 33 34 34 35 34 34 35 35 35 35 35 39 39 39 39 38 38 37 38 38 38 37 37 37 37 36 35 35 35 36 36 37 35 34 34 34 35 35 35 34 34 34 35 
52 53 52 51 51 53 51 51 51 48 47 50 49 46 48 50 48 47 48 48 48 51 53 52 50 48 48 47 60 80 80 82 78 57 59 84 93 94 98 111 113 110 122 131 121 116 109 61 30 30 29 29 30 30 28 27 28 28 28 28 27 26 26 26 26 26 25 25 25 25 25 25 25 25 25 25 25 25 25 25 25 25 25 25 26 25 25 25 25 25 26 26 27 27 26 25 25 26 26 26 26 26 26 27 27 27 26 26 26 26 26 26 25 25 26 27 27 28 28 29 28 28 27 27 27 27 28 29 29 29 29 29 29 28 27 27 27 27 27 27 27 27 27 28 28 27 27 27 27 26 26 26 25 25 26 26 27 26 26 26 28 28 27 27 27 27 27 27 27 27 27 27 26 26 26 26 27 27 27 27 28 28 29 29 29 29 29 29 30 30 29 29 29 29 29 29 29 30 31 30 29 28 29 29 29 28 28 28 28 28 29 28 28 28 29 29 29 29 29 29 29 28 28 27 26 27 27 27 27 27 27 26 29 29 28 29 29 30 30 28 28 29 29 29 29 29 29 28 29 29 
38 39 39 38 37 38 38 39 40 37 37 40 39 35 36 40 39 39 43 44 45 50 53 52 50 51 52 54 60 73 79 80 81 61 50 72 94 92 88 105 114 112 121 121 119 127 128 88 56 49 47 47 49 48 45 41 37 38 39 39 37 35 33 32 31 31 31 30 30 30 29 29 29 29 29 29 29 27 27 27 27 27 27 27 24 24 25 25 25 24 24 26 27 27 26 24 24 25 25 25 25 25 25 26 26 26 26 25 25 25 25 26 26 26 26 26 26 26 26 27 27 26 25 25 25 25 25 25 25 26 26 25 25 24 24 24 24 24 24 24 24 24 25 26 26 25 24 25 25 25 25 24 24 24 24 24 25 24 23 24 26 26 25 25 25 26 26 26 26 26 26 26 25 25 25 25 26 25 25 25 26 27 27 27 27 27 27 27 27 28 27 27 27 27 27 27 26 26 27 27 27 26 27 28 28 28 27 27 27 28 28 28 28 28 29 29 30 30 30 29 29 29 28 27 26 26 26 26 27 27 27 28 29 29 28 28 29 30 30 30 30 31 31 31 31 32 31 31 32 32 
36 34 32 32 32 32 33 34 33 31 31 33 33 31 30 30 31 33 34 32 32 34 36 36 36 36 35 35 41 64 81 72 73 66 48 62 90 92 93 96 107 124 118 116 118 126 128 113 91 63 58 56 58 60 60 59 58 64 65 64 65 62 56 52 53 53 52 50 49 50 52 48 45 45 44 41 38 38 38 37 37 35 34 33 31 31 32 32 31 31 30 29 29 28 27 26 26 27 28 26 25 27 29 28 26 25 25 27 28 28 29 29 28 28 28 27 25 25 26 27 27 26 26 26 27 28 27 27 26 26 26 26 26 25 24 24 24 25 26 27 27 26 27 26 26 26 26 26 27 27 27 27 26 26 26 25 26 25 26 26 27 27 27 28 28 29 29 29 29 29 30 30 28 26 27 28 29 28 28 29 30 31 31 28 28 28 30 31 29 27 27 28 28 29 29 30 30 28 29 30 30 30 32 33 33 32 32 32 32 32 33 34 34 33 33 33 33 33 32 32 32 32 32 31 31 29 29 30 31 31 32 32 32 32 32 32 32 32 32 32 33 33 34 34 33 33 32 32 33 33 
35 33 32 33 33 33 35 34 32 31 32 35 37 37 36 35 36 38 38 36 36 37 38 39 37 33 29 27 31 55 83 75 81 79 48 48 79 88 100 103 96 102 110 112 113 115 120 128 120 78 47 34 37 42 42 43 43 44 42 41 44 46 45 51 53 55 55 53 52 52 57 56 58 62 65 62 56 58 60 61 61 61 60 59 53 52 50 48 47 45 45 52 51 49 47 45 45 45 38 34 33 35 37 37 34 35 35 34 34 33 32 32 32 31 30 31 31 32 32 30 29 28 28 28 29 30 29 28 27 27 27 27 28 28 28 28 28 28 28 28 27 27 27 26 26 26 26 27 27 27 27 27 27 27 28 29 29 28 28 27 27 27 28 28 28 28 28 28 27 27 29 30 29 29 30 31 28 26 26 27 29 29 30 32 31 30 31 31 29 28 28 28 29 29 30 30 31 29 30 30 29 28 28 29 29 29 28 28 28 29 29 31 31 31 31 31 32 32 30 30 31 31 31 32 32 31 31 32 32 33 33 33 33 33 33 33 33 33 33 32 33 34 34 34 33 32 32 31 32 32 
22 20 21 22 23 24 25 25 23 22 24 27 30 25 20 20 20 21 21 20 19 18 21 23 23 20 18 17 17 38 77 72 78 78 48 46 67 84 97 96 100 114 116 116 119 123 123 122 125 113 55 24 19 21 21 21 24 22 19 17 19 22 23 24 27 29 30 29 28 28 32 28 24 26 32 38 42 40 41 43 45 47 47 48 56 55 55 56 58 61 63 59 57 56 55 55 55 55 55 52 50 52 54 53 51 51 50 50 50 50 49 49 48 46 44 41 40 39 38 38 37 36 34 34 34 33 35 35 33 32 31 30 30 30 31 31 31 30 29 28 27 26 26 27 27 28 28 27 26 26 26 26 26 26 25 24 24 25 26 28 29 28 26 27 27 27 27 26 27 27 28 27 25 24 24 26 28 27 26 27 28 28 27 27 26 25 26 26 27 26 25 25 25 26 26 26 27 28 28 28 27 26 26 27 28 28 27 27 28 28 28 29 29 30 31 31 31 32 32 31 31 31 32 34 35 32 32 32 32 32 32 32 32 32 33 32 33 33 32 32 32 32 32 32 32 32 32 32 32 32 
13 12 12 13 14 14 15 15 15 15 16 17 18 16 13 13 13 13 13 13 12 12 13 15 15 14 13 14 15 34 76 74 77 82 59 49 61 87 100 88 87 98 99 92 91 95 101 115 130 127 81 33 12 11 13 13 15 13 12 11 12 12 12 14 16 17 17 16 16 16 18 16 15 15 17 19 21 23 23 24 26 27 28 29 28 28 28 29 31 33 36 38 39 39 39 40 41 42 44 43 42 43 43 43 41 40 41 44 47 48 48 47 47 49 49 46 42 42 45 47 48 47 46 45 45 45 44 42 41 39 38 37 36 36 36 37 38 38 37 36 34 33 32 31 29 28 27 29 31 30 29 28 27 27 27 27 27 28 28 29 29 28 27 27 27 27 27 27 28 28 27 26 26 25 25 26 26 25 25 25 26 25 24 24 24 23 24 26 27 28 25 25 26 26 26 26 26 24 26 26 26 25 26 27 27 27 27 27 27 28 28 28 28 28 28 28 28 28 31 30 29 28 29 30 31 31 31 30 30 30 30 30 31 31 31 31 31 31 31 30 30 30 30 30 30 30 32 32 32 32 
10 10 10 10 11 10 10 11 11 12 12 11 10 10 10 10 10 9 9 9 10 10 10 10 10 10 10 12 12 21 45 43 38 43 36 29 34 47 59 69 57 41 40 41 42 40 44 64 94 126 120 63 17 8 10 10 9 9 11 11 10 9 9 8 9 10 10 9 9 9 9 10 12 13 12 11 9 9 9 9 10 10 11 11 11 10 10 10 10 11 12 11 11 11 10 11 11 11 13 13 13 13 13 13 12 13 14 16 17 17 16 15 16 19 21 19 17 18 22 26 27 28 29 30 30 30 30 30 30 29 29 30 30 33 35 36 37 38 38 38 41 43 43 43 42 42 41 42 41 40 39 37 35 34 34 35 34 33 33 32 31 32 32 31 29 28 28 28 29 29 28 28 29 30 31 30 28 27 28 29 29 28 26 24 25 24 24 24 25 26 25 25 25 25 25 25 25 27 28 28 27 27 27 28 27 27 27 27 27 28 29 29 29 29 28 28 27 27 30 28 27 26 26 26 27 29 29 29 29 28 28 28 29 30 30 30 30 30 30 29 29 28 28 28 29 29 30 30 30 30 
9 9 9 9 9 9 8 8 9 9 9 8 7 8 9 9 9 8 8 8 9 10 10 11 11 12 12 12 11 13 28 33 17 12 14 14 12 13 18 36 43 27 14 16 20 18 15 20 39 93 137 117 51 14 7 8 8 8 10 11 9 8 8 7 8 8 8 8 8 9 7 7 7 8 8 9 9 9 9 8 8 9 9 10 8 8 8 9 10 10 11 10 9 9 8 8 8 8 9 9 9 9 8 8 8 8 8 9 8 8 7 7 7 8 8 7 6 6 6 7 7 8 9 9 9 9 9 8 8 9 9 10 10 11 12 13 13 14 14 15 16 17 18 20 21 22 23 24 24 24 23 22 21 20 22 23 24 24 25 26 26 29 33 30 27 26 28 29 32 34 31 30 30 31 31 29 26 26 26 28 28 27 26 28 29 29 28 26 26 27 28 28 28 28 27 27 27 27 28 29 28 28 28 29 28 28 28 28 29 30 30 30 30 30 29 29 29 29 30 29 28 28 27 27 27 27 28 28 28 29 29 29 30 30 30 30 30 30 30 30 29 28 28 28 29 29 30 30 30 30 
8 8 8 9 9 9 8 8 9 9 9 8 8 9 9 9 9 7 7 8 9 10 11 11 10 9 8 7 7 12 36 65 34 13 15 14 12 17 13 11 25 38 30 14 11 16 19 18 18 37 102 156 109 35 9 8 11 9 9 9 7 7 8 7 7 7 7 8 8 9 7 7 8 8 8 8 8 8 8 8 8 8 9 10 9 9 9 9 9 8 8 8 8 8 8 8 8 8 8 8 8 7 7 7 7 7 7 7 7 7 8 9 10 8 7 7 8 8 7 7 8 7 7 7 6 5 6 7 6 6 6 6 6 6 5 5 5 6 6 7 6 6 6 6 6 6 6 6 7 6 6 6 6 6 6 7 7 7 7 7 7 7 7 6 6 6 7 9 10 10 9 9 10 12 12 12 12 12 13 14 15 14 13 14 15 16 15 14 14 15 15 15 15 15 15 15 15 18 19 20 21 21 23 24 23 23 23 24 25 26 26 24 24 25 25 25 26 26 25 26 26 27 26 26 26 26 27 27 28 29 29 30 31 31 31 31 31 31 31 31 30 29 28 29 30 31 31 32 32 31 
9 9 10 10 10 9 9 9 8 8 8 8 8 9 10 9 8 8 8 9 8 8 9 8 7 7 8 9 8 9 30 79 64 26 14 12 12 13 14 17 13 26 37 23 17 17 16 18 19 20 50 113 148 96 26 6 8 10 10 8 7 8 9 8 8 9 9 8 7 8 8 8 8 8 8 8 8 8 8 8 8 8 8 8 7 7 7 7 8 8 8 8 7 7 7 7 7 7 8 8 7 8 8 9 8 9 9 9 8 7 7 7 7 6 6 7 7 7 7 7 7 7 7 7 8 7 7 7 8 7 6 6 7 8 7 7 9 8 6 6 7 7 7 8 8 7 7 7 7 7 7 7 7 7 7 6 7 7 7 6 6 6 6 6 6 6 6 6 7 6 5 5 6 6 5 5 6 6 7 7 7 6 5 6 6 6 5 5 5 6 6 6 7 7 7 8 8 9 8 8 8 8 8 8 9 9 10 10 11 11 11 12 12 12 12 11 10 12 12 12 13 13 12 12 11 15 15 15 16 18 19 18 19 19 19 19 20 22 23 22 21 21 20 21 22 23 23 24 26 24 
9 10 11 11 11 11 10 10 10 10 9 9 9 10 10 10 9 9 9 9 9 9 10 9 8 7 8 9 7 8 18 78 78 52 23 12 15 14 13 17 15 19 31 35 19 17 19 16 20 19 22 56 126 144 68 21 9 9 8 8 9 9 8 9 8 8 9 8 8 9 8 8 8 8 8 8 8 8 8 8 8 8 8 8 10 9 9 9 9 9 9 9 8 8 8 8 8 8 8 8 8 8 9 8 7 7 8 8 8 7 7 7 7 7 7 7 8 8 8 8 9 9 9 8 8 9 8 8 7 7 8 8 7 8 7 7 7 8 8 8 8 8 8 8 7 7 7 7 7 7 7 7 7 7 7 6 7 7 7 7 7 8 8 7 7 7 7 7 7 6 7 7 7 6 7 8 8 8 8 9 9 8 7 6 7 7 6 6 6 7 6 7 7 7 8 8 8 8 8 7 6 6 6 6 6 6 7 7 7 7 7 6 6 7 8 7 7 8 8 8 8 8 8 8 8 7 7 7 8 9 9 8 9 9 9 9 9 10 10 10 10 9 9 10 10 11 10 11 12 11 
10 10 10 10 10 10 10 10 9 9 9 9 9 9 9 9 9 9 9 10 10 9 9 9 8 8 8 8 8 7 11 62 93 79 39 17 16 14 15 17 16 18 24 36 32 16 16 21 16 19 19 27 71 138 121 59 15 10 8 9 9 8 8 7 7 7 7 7 7 8 8 8 8 8 8 8 8 8 8 8 9 9 9 9 9 9 9 8 8 8 8 9 9 8 8 8 8 8 8 8 8 9 9 8 8 7 8 8 8 8 8 8 7 7 7 7 7 7 8 7 8 9 8 7 7 7 8 8 8 8 9 8 7 6 6 7 7 9 9 7 7 7 7 7 7 7 7 7 7 7 8 8 7 7 7 7 7 8 8 9 9 9 8 7 7 7 6 6 7 8 10 10 8 6 8 9 8 7 7 8 8 8 7 7 8 8 8 7 7 7 7 7 7 7 8 8 8 8 8 7 7 7 7 7 7 7 7 7 7 7 7 6 6 7 8 8 7 8 8 7 6 5 5 5 6 5 4 5 6 7 7 7 7 7 8 8 8 7 7 7 7 7 7 7 7 7 8 8 8 7 
9 9 9 9 9 9 8 8 8 8 8 8 8 8 8 8 8 8 8 8 8 8 8 8 8 8 8 7 9 8 10 38 96 91 62 32 16 13 17 18 17 19 19 27 42 23 13 21 16 21 20 18 34 87 129 112 45 15 7 9 8 7 9 8 7 7 8 7 8 9 8 8 8 8 8 8 8 8 8 8 8 8 8 8 9 9 8 8 8 8 8 8 8 8 8 8 8 8 9 9 8 9 9 10 11 8 8 9 9 9 9 9 9 10 10 10 10 10 11 14 13 13 14 16 17 17 15 15 16 16 15 14 14 11 12 13 10 8 8 7 8 10 8 7 7 6 6 7 7 8 8 8 8 7 7 7 7 7 8 8 8 7 6 5 5 5 4 4 5 7 8 8 8 7 8 9 8 8 8 8 8 8 8 8 8 9 9 8 8 8 7 7 7 7 7 7 7 7 7 7 7 7 7 7 7 7 7 7 7 7 7 6 7 8 9 8 7 8 7 6 5 3 3 3 3 3 3 4 6 7 8 9 8 9 10 10 10 10 9 10 9 9 9 9 9 9 10 10 10 8 
8 8 8 7 7 8 8 8 8 8 8 8 8 8 8 8 8 8 7 7 7 7 7 8 8 9 8 7 9 7 9 21 87 90 83 56 25 14 17 16 19 18 19 20 30 37 20 13 21 19 18 21 22 30 85 160 107 37 11 9 9 7 7 8 7 8 8 8 8 9 8 8 8 8 8 8 8 7 7 8 8 8 8 8 8 8 8 8 8 8 8 8 8 8 7 7 7 8 8 8 8 8 9 12 14 20 22 24 26 27 28 30 33 37 43 46 46 47 49 51 44 36 37 44 48 47 44 45 47 46 43 42 44 40 36 29 16 9 8 10 9 8 7 7 7 7 7 7 8 8 8 8 8 8 8 9 9 8 8 8 8 8 8 7 7 7 6 6 7 8 8 8 9 9 9 9 9 8 8 8 9 9 8 8 8 9 9 9 9 8 8 8 8 8 7 7 7 7 7 7 6 6 6 7 7 7 7 7 8 8 8 6 7 7 8 7 6 7 7 6 5 4 4 4 4 3 3 4 7 8 8 9 9 10 10 11 11 11 11 10 10 9 9 9 9 10 10 11 11 10 
8 8 8 8 9 9 9 9 9 8 8 8 8 8 8 8 9 9 9 8 8 8 8 9 10 10 8 8 10 8 6 16 67 85 87 77 48 21 13 14 21 17 20 18 19 38 35 17 17 18 19 24 19 12 41 112 137 104 50 17 11 10 8 8 8 8 9 8 7 8 8 8 8 8 8 8 8 8 8 9 9 9 10 10 9 9 8 8 8 8 8 9 9 9 8 8 8 9 8 9 9 8 8 10 11 12 13 15 15 15 15 16 18 22 28 30 29 29 30 40 38 31 32 41 53 61 61 59 58 57 57 57 57 56 52 45 35 22 13 10 8 7 8 8 9 9 9 9 8 8 8 8 8 8 9 10 9 9 8 8 9 9 9 9 9 9 8 9 10 10 10 9 9 9 8 8 8 8 8 8 9 8 8 8 8 8 8 9 9 9 9 9 9 8 8 8 8 8 8 8 8 8 8 8 8 8 9 9 9 10 10 8 7 8 8 7 7 8 6 6 5 4 4 4 5 6 5 6 9 9 8 9 11 11 11 10 10 11 11 11 11 10 10 10 10 10 10 11 12 12 
8 8 8 9 10 10 10 9 9 9 9 9 8 8 8 8 9 10 10 10 10 9 9 10 10 10 8 9 10 8 6 13 52 85 79 82 71 34 12 12 20 17 19 17 17 26 42 30 15 20 19 18 18 17 24 51 112 148 111 45 15 10 9 9 10 9 9 9 8 8 8 8 8 8 8 8 8 9 9 9 10 10 10 10 11 10 10 9 9 8 8 10 9 9 10 10 10 10 10 10 10 9 8 8 8 8 8 8 8 8 7 7 7 9 12 12 11 10 9 10 10 10 12 19 33 50 62 60 57 60 60 58 59 54 50 52 54 43 26 13 11 11 11 10 10 9 9 8 9 8 8 8 8 9 9 8 8 8 8 8 8 8 9 8 8 8 7 7 8 7 8 8 8 8 9 9 9 8 8 9 9 8 8 8 8 8 8 9 9 9 10 9 9 9 9 9 8 8 8 8 8 8 9 9 9 9 9 9 9 10 10 8 8 9 9 8 8 9 9 9 8 8 8 7 7 8 7 8 10 10 9 9 11 11 10 10 10 10 10 13 13 12 12 12 11 12 10 10 11 10 
8 9 9 9 10 11 10 9 9 9 9 9 8 8 9 8 8 8 9 9 8 8 9 9 9 9 8 8 8 7 8 10 42 91 81 81 83 56 22 12 17 17 17 19 16 17 31 36 27 15 17 17 18 18 19 29 62 116 144 92 31 9 7 8 9 8 8 8 7 8 6 7 7 7 7 8 8 9 9 8 8 8 9 9 10 9 9 9 9 8 9 10 9 9 10 10 10 9 9 9 10 10 9 9 9 9 9 9 9 9 8 8 9 10 11 10 10 9 9 8 7 7 6 8 15 28 51 57 59 63 61 58 57 57 56 56 59 61 50 31 16 10 9 8 9 10 8 8 8 8 8 7 7 8 9 9 9 9 9 9 8 8 9 9 9 9 9 9 9 9 9 9 9 10 10 10 9 9 9 9 9 8 8 8 9 9 10 9 9 9 10 10 9 9 9 10 10 10 10 10 9 9 9 10 10 10 10 10 10 10 10 9 11 12 11 9 10 11 10 10 10 10 10 9 9 10 9 9 10 10 10 10 10 11 11 12 12 12 12 12 12 12 11 11 10 10 9 9 9 9 
10 10 10 10 11 11 10 10 10 10 10 10 9 9 8 8 8 7 8 8 9 10 10 10 10 10 10 9 8 8 8 8 28 72 81 82 80 77 43 16 14 16 14 17 17 15 18 34 43 21 15 18 17 19 22 18 33 76 133 132 69 19 6 5 6 6 6 6 6 6 6 6 6 7 7 7 7 7 7 7 7 7 8 8 7 7 7 7 7 7 7 8 8 8 8 8 8 7 7 7 8 8 9 9 9 8 7 7 7 7 7 7 8 8 9 8 8 8 8 8 8 8 8 7 9 13 29 47 59 55 57 61 55 49 51 52 56 61 58 46 29 17 11 9 10 11 10 9 9 8 8 8 9 9 9 10 10 11 11 11 10 10 11 11 11 11 11 11 11 10 10 10 11 11 11 10 9 10 10 11 11 10 10 11 11 11 12 12 11 11 11 10 10 10 10 10 10 10 11 10 10 10 10 11 12 12 12 11 11 11 11 10 11 12 12 12 12 12 11 10 10 9 9 8 8 9 8 8 9 9 9 9 10 10 11 11 12 12 12 11 11 11 11 10 10 10 8 8 9 9 
12 12 12 12 12 12 11 10 10 10 10 9 9 9 8 8 9 9 10 10 10 10 9 8 8 8 8 9 10 8 9 7 16 54 76 73 70 83 62 24 12 11 13 14 17 17 16 24 37 35 18 18 19 18 21 18 21 34 75 132 128 49 8 6 6 7 7 6 6 7 6 6 6 6 7 7 7 6 6 6 6 6 6 7 8 7 7 7 7 7 7 9 9 9 9 9 9 9 8 9 9 9 9 9 9 9 9 9 10 10 10 11 9 9 9 9 9 9 10 10 10 10 10 9 8 8 15 37 63 58 51 57 58 52 50 50 50 53 54 52 47 35 20 11 9 10 9 10 10 9 8 9 10 9 8 8 9 10 10 10 10 10 10 10 10 10 10 10 10 9 9 9 9 9 9 9 9 10 12 12 13 12 12 11 11 12 12 13 13 14 14 14 13 12 11 11 11 11 11 11 10 10 10 11 13 13 12 11 11 11 12 11 11 12 13 15 14 13 14 13 12 11 10 9 9 10 9 9 10 10 10 10 11 11 11 11 11 11 10 10 10 10 10 10 10 10 10 10 10 10 
20 20 19 19 19 19 18 17 17 16 15 14 13 13 13 12 12 12 11 11 12 12 11 10 10 10 11 10 9 8 8 8 14 46 69 64 64 72 67 44 18 8 12 14 15 15 16 18 24 42 32 16 15 19 17 19 21 19 29 78 143 109 42 11 6 8 9 8 9 8 8 7 8 8 8 8 8 8 7 7 7 8 8 8 7 7 6 6 6 6 6 6 6 6 7 7 7 7 6 6 6 7 7 7 7 6 6 6 7 7 8 8 8 8 8 8 8 8 9 11 11 10 10 9 7 6 11 22 41 57 59 58 63 66 65 62 60 58 59 62 63 56 42 27 16 11 9 10 10 9 9 10 10 9 8 7 8 9 9 9 9 9 9 9 9 9 10 11 11 10 10 10 10 10 10 10 11 12 13 14 14 14 13 12 12 12 12 12 12 13 14 14 14 13 12 12 11 12 11 11 10 9 9 9 9 9 9 9 9 9 9 7 7 7 9 10 9 8 9 10 10 10 9 9 8 9 9 9 9 10 10 9 8 8 8 8 8 8 7 8 8 8 8 8 9 9 10 10 10 10 
54 53 53 53 54 54 52 50 50 49 47 46 44 43 41 38 35 33 31 30 29 27 26 25 25 26 26 27 28 24 24 25 27 49 66 68 70 70 69 69 37 13 12 16 15 13 15 19 21 36 46 25 15 21 20 18 21 20 20 37 89 130 115 30 12 13 12 10 11 9 10 10 10 10 10 10 10 10 9 9 9 9 9 9 10 10 9 9 8 8 8 8 8 8 9 9 9 8 8 9 9 10 10 10 10 9 8 8 8 8 8 9 8 9 9 9 9 9 9 9 8 9 10 9 8 9 8 8 15 38 57 60 61 63 61 59 59 58 58 62 64 63 59 46 29 16 9 8 9 8 8 8 8 8 7 7 8 8 8 8 8 8 9 9 8 8 8 8 9 9 9 9 9 9 8 9 10 10 10 11 11 10 11 12 12 11 11 10 9 9 10 10 11 12 12 12 13 13 14 13 12 11 12 12 13 13 12 13 13 13 14 13 13 13 14 14 13 12 12 13 15 16 17 16 16 17 17 16 17 18 18 17 17 17 17 18 18 18 17 19 19 18 18 18 19 20 21 22 23 25 
62 61 61 62 63 63 65 66 66 67 67 66 66 65 65 63 61 60 60 60 59 59 58 58 58 58 60 59 61 55 55 61 56 66 72 76 81 75 73 86 61 27 14 15 17 18 18 18 18 25 40 40 22 15 19 19 19 19 18 20 41 99 152 79 37 37 38 35 39 33 35 35 34 34 34 34 34 35 34 33 32 32 31 31 33 33 31 29 28 28 28 28 27 26 26 25 24 22 24 24 24 24 24 23 23 22 20 18 17 16 16 16 16 17 18 18 17 16 16 17 18 19 21 19 18 20 18 18 25 42 53 55 57 58 54 53 59 59 58 61 61 61 62 60 50 37 26 23 24 25 24 22 21 23 23 23 23 24 25 24 24 24 24 23 24 25 27 30 31 30 30 30 29 29 29 29 30 29 29 28 28 28 28 27 28 30 30 30 28 28 27 29 31 32 33 33 33 34 34 34 34 34 35 37 38 38 38 38 40 41 42 41 41 41 41 40 38 36 36 36 37 38 39 41 41 42 41 40 42 43 43 42 43 44 44 44 43 42 41 40 39 37 37 37 39 40 42 44 47 49 
60 58 58 60 62 63 63 62 61 61 62 61 60 59 60 61 62 61 60 59 58 57 59 61 61 60 58 60 62 58 59 63 61 67 74 81 79 77 79 83 73 52 23 13 19 22 19 19 18 18 23 45 32 17 19 16 17 19 18 20 20 53 127 136 90 61 57 62 63 57 58 59 59 59 59 57 56 57 57 57 57 58 57 57 61 60 59 58 58 59 60 58 58 58 59 60 62 62 59 62 64 63 60 59 60 60 58 54 51 48 46 45 46 47 48 47 45 43 43 45 45 48 50 50 47 45 48 50 52 55 55 53 53 55 57 59 62 62 61 63 65 65 65 65 63 60 56 54 54 55 54 53 53 54 55 57 56 58 59 58 54 50 48 50 53 55 56 57 57 57 55 53 52 52 54 55 54 54 54 54 55 55 55 55 57 58 59 57 55 53 54 54 54 55 56 57 57 55 55 55 54 54 54 55 55 55 55 56 57 59 61 56 57 58 57 55 51 48 51 50 50 50 51 52 53 49 49 51 53 55 55 55 53 52 53 54 53 53 52 51 50 48 46 46 46 47 48 49 51 53 
54 53 53 55 55 54 56 57 55 56 57 57 56 57 60 60 60 61 60 61 61 61 62 64 64 63 62 60 55 52 54 55 56 61 71 82 80 81 84 83 79 69 37 15 16 18 18 21 20 20 19 30 42 23 12 20 19 20 18 18 15 25 75 132 124 83 57 55 54 52 52 53 54 54 55 54 54 54 55 56 57 57 57 57 57 57 57 57 58 59 60 60 60 61 62 64 65 67 61 63 64 63 62 62 64 65 65 62 60 57 55 54 53 54 56 55 52 51 51 50 50 50 53 55 54 53 54 55 54 53 51 49 47 47 50 54 56 55 55 56 56 54 53 52 51 51 52 53 54 54 54 54 54 54 56 57 55 56 57 56 52 50 50 52 53 54 54 54 54 56 55 54 51 50 52 54 56 55 55 54 54 53 52 48 50 51 51 50 48 46 46 46 46 46 47 48 50 55 54 53 52 51 50 50 48 50 51 51 51 52 52 49 51 52 53 52 50 49 50 50 49 48 48 49 49 47 48 47 48 49 50 51 50 50 50 49 49 49 50 47 46 45 45 46 47 47 49 49 50 50 
53 53 53 53 52 50 53 55 55 57 60 61 61 57 54 52 51 50 52 54 53 52 51 50 49 50 51 53 54 53 55 56 56 58 66 79 83 85 83 83 84 81 59 26 14 14 19 22 19 22 21 18 40 40 16 16 17 17 18 17 18 16 34 82 132 118 68 44 38 39 37 37 37 38 39 40 42 42 42 43 43 43 43 42 44 44 45 46 46 45 44 46 46 45 45 45 46 47 45 43 42 44 46 48 49 51 50 50 49 48 48 48 47 48 49 49 47 47 48 48 46 45 47 49 50 50 50 50 49 48 47 45 44 45 47 51 53 52 51 50 52 53 53 52 51 52 52 52 52 52 52 52 52 52 53 52 50 49 50 50 49 46 42 42 42 43 44 44 44 44 46 46 44 41 40 42 44 44 44 43 43 43 42 43 45 46 46 46 46 45 44 43 43 43 44 45 46 49 48 46 45 44 44 44 43 45 47 48 47 44 43 45 45 46 46 46 47 47 46 45 44 43 42 42 43 43 42 40 40 41 43 45 47 46 44 43 43 43 43 45 44 43 46 49 48 46 46 46 44 44 
57 53 52 54 55 56 58 59 58 60 63 64 64 64 64 63 62 61 60 59 61 64 63 63 62 62 62 61 59 58 61 62 59 60 64 72 81 83 79 80 83 83 71 42 21 15 18 19 18 19 20 19 23 46 42 12 14 16 18 19 20 18 19 40 99 131 101 57 35 37 41 40 39 39 40 42 43 43 43 44 44 44 43 42 42 43 44 44 44 43 42 44 43 42 41 40 40 40 45 41 40 42 46 50 50 50 50 49 49 49 48 48 48 50 51 51 50 50 51 51 50 49 50 51 50 48 48 48 48 47 47 46 45 46 48 51 54 55 53 51 49 49 49 49 49 49 49 49 48 48 48 48 48 48 48 47 45 43 42 43 43 44 44 43 43 43 43 44 45 46 46 46 44 42 43 43 42 43 43 44 44 45 45 43 44 46 47 47 47 47 46 46 45 45 46 46 47 49 48 47 47 47 47 48 49 49 49 51 50 49 47 51 50 48 47 47 48 48 46 45 44 43 42 42 42 39 39 40 40 42 44 46 46 47 47 48 48 48 47 49 47 47 49 51 49 46 47 47 48 47 
55 49 46 49 54 58 61 61 59 60 62 62 61 61 62 64 65 66 65 64 61 60 61 62 61 59 57 59 61 61 63 64 60 60 63 70 82 83 79 81 83 83 81 60 31 18 16 17 19 18 21 21 16 28 45 32 14 15 17 19 17 20 15 21 57 109 130 94 54 49 57 56 55 55 55 55 56 56 56 56 56 56 55 54 52 52 53 53 52 51 50 52 50 49 47 46 45 45 50 47 45 46 50 54 55 56 56 55 54 53 52 51 51 52 54 53 52 52 53 52 52 53 54 53 50 45 44 44 45 45 44 44 43 43 45 48 52 56 57 57 55 55 56 57 57 57 57 56 56 56 56 56 56 56 56 54 53 50 48 49 51 52 52 51 51 50 50 50 51 53 53 53 51 52 55 55 52 52 52 52 52 52 53 55 55 56 57 58 59 59 58 57 57 56 56 57 57 55 54 52 52 53 55 56 56 53 51 52 55 54 53 54 54 52 51 52 53 55 51 50 49 47 47 47 47 45 45 47 48 48 48 47 47 48 51 53 53 53 53 49 48 48 50 51 50 48 50 51 54 55 
52 46 43 45 50 54 58 59 57 58 59 59 58 57 59 61 64 67 68 68 66 63 62 62 61 60 59 60 60 59 61 61 57 58 62 73 84 83 81 86 85 81 87 76 45 27 18 16 20 19 21 20 18 15 28 50 19 14 16 17 17 22 18 19 30 65 121 129 88 64 57 57 57 58 57 57 57 57 57 57 57 57 56 55 57 56 55 55 55 55 54 53 51 50 48 47 46 46 48 47 45 45 46 49 51 54 53 53 52 51 50 50 49 50 52 51 49 48 49 50 51 51 53 53 50 47 45 44 45 46 45 45 44 45 46 46 49 54 56 56 54 54 55 56 56 56 56 54 54 54 54 54 54 54 53 53 53 51 48 48 50 53 54 55 55 54 52 51 51 51 54 56 57 58 62 62 60 59 59 58 57 57 57 58 58 59 59 61 62 61 59 58 57 56 56 57 57 59 57 55 53 54 56 57 54 51 50 53 56 55 52 53 52 51 51 52 53 54 52 52 51 50 50 51 51 51 51 51 51 50 50 49 47 46 46 47 49 50 51 48 49 50 50 49 50 52 50 51 53 55 
54 49 46 48 51 52 51 50 49 49 51 52 51 52 54 54 54 57 59 61 63 61 58 55 53 54 57 59 60 57 58 58 55 56 62 73 83 82 81 87 84 76 82 84 62 43 23 13 18 21 18 19 21 18 22 37 40 20 19 17 18 19 18 23 19 32 89 142 117 72 44 46 48 49 50 49 49 49 49 49 49 49 48 47 49 48 47 46 46 46 47 49 49 47 46 44 44 44 46 48 47 45 43 45 47 50 50 50 50 50 50 49 51 53 54 52 50 49 49 50 51 50 51 53 53 52 50 50 52 52 52 52 51 49 46 43 42 43 44 42 43 44 46 48 48 48 47 47 47 47 47 47 47 47 48 48 49 48 45 44 46 47 48 49 50 49 47 44 44 48 54 60 63 64 66 66 63 63 63 64 65 64 64 62 62 62 62 63 64 63 59 58 57 56 56 57 57 60 57 53 51 50 51 52 50 48 50 54 57 54 49 51 51 50 48 47 46 45 49 48 48 48 48 49 50 49 48 47 47 48 50 52 52 49 45 44 45 49 53 53 56 57 52 48 49 54 52 51 53 54 
44 40 42 47 49 45 42 41 43 45 47 47 47 46 47 48 46 43 43 45 49 51 50 55 64 52 53 57 52 52 53 55 56 53 54 66 79 85 82 80 85 90 82 81 76 59 44 17 16 22 20 20 21 20 18 23 40 33 19 15 16 24 17 22 23 21 37 92 138 125 59 47 44 49 52 50 49 47 47 49 50 47 46 47 50 48 46 45 46 48 49 52 51 50 50 51 50 48 45 50 53 48 42 41 45 51 51 50 51 53 52 49 54 53 50 49 49 50 50 51 51 51 52 52 52 53 55 56 56 55 54 53 52 51 51 51 50 50 48 47 48 49 50 53 57 59 58 57 58 58 57 57 57 57 58 59 59 56 52 52 55 56 56 58 57 56 56 55 53 52 51 49 48 49 51 52 52 56 57 56 55 54 55 58 56 54 52 51 50 50 48 48 49 49 48 48 48 48 48 48 47 46 44 43 41 45 48 49 48 49 51 50 49 50 51 46 40 37 43 43 42 40 38 38 39 42 40 38 36 37 40 45 49 46 41 37 35 33 31 30 33 33 26 20 19 23 30 32 31 30 
43 38 37 37 35 30 26 26 28 32 37 41 43 43 42 45 46 46 45 43 41 42 43 42 44 49 55 60 56 53 52 53 56 56 56 63 77 86 84 82 86 87 80 83 79 60 60 33 17 19 20 20 20 20 19 21 29 44 39 20 21 17 19 18 21 22 23 39 90 157 100 68 53 54 52 50 53 52 49 50 51 50 51 56 51 51 52 53 53 53 53 52 52 51 49 49 50 51 48 51 53 51 47 48 51 51 51 52 55 57 56 54 59 54 48 49 55 59 58 57 57 58 58 59 59 59 59 58 58 57 56 55 55 57 58 58 56 55 53 51 50 51 54 59 63 63 60 60 61 61 61 61 61 61 62 63 62 59 55 54 56 59 61 60 58 56 56 57 58 59 58 55 51 47 45 44 47 50 53 53 52 53 53 52 53 54 54 53 51 50 51 51 51 51 51 52 52 50 50 50 49 48 47 46 48 49 49 49 48 49 49 44 39 34 28 19 12 9 9 9 9 9 9 9 9 8 8 9 9 11 14 17 19 18 16 15 14 14 13 10 12 12 10 8 9 12 10 9 10 10 
42 41 43 47 46 41 37 34 34 34 34 35 35 36 38 40 44 47 46 42 42 48 47 40 30 39 48 55 55 54 55 57 56 54 53 58 72 83 83 81 83 83 82 85 79 62 65 57 22 17 21 21 20 20 21 19 20 33 42 30 17 14 21 20 19 22 23 22 49 116 139 99 69 56 48 46 48 47 46 48 50 48 46 47 46 48 50 50 50 48 47 49 50 50 47 46 49 54 50 49 49 49 50 52 53 52 52 55 59 61 60 59 65 59 51 52 58 60 57 58 59 60 60 60 61 61 60 59 58 57 57 56 56 56 55 55 54 52 50 49 48 49 52 57 61 62 59 59 59 59 59 59 59 59 62 65 63 59 55 53 53 57 62 59 58 57 54 53 54 55 55 55 53 51 47 47 50 52 53 52 50 50 50 49 50 51 49 46 42 40 39 38 37 38 39 41 41 39 38 35 33 30 28 26 24 23 22 21 22 20 19 15 13 12 11 8 5 4 5 5 6 6 6 6 6 6 6 6 6 7 8 8 8 8 7 7 8 8 7 7 8 8 7 6 7 9 7 7 8 8 
52 50 49 49 46 40 36 34 36 38 42 45 47 48 48 48 51 56 56 54 59 65 58 57 31 33 40 55 61 57 58 57 51 48 49 55 68 79 82 81 82 83 83 86 78 71 55 75 38 17 20 20 20 21 21 20 20 19 30 39 21 18 18 17 19 24 24 18 25 54 114 115 95 69 56 50 42 41 40 42 46 46 44 44 46 46 46 46 45 44 43 43 46 46 44 43 47 54 55 53 51 52 54 55 55 53 55 57 60 60 59 58 61 60 57 55 54 52 50 50 50 51 51 51 51 52 52 52 52 51 51 50 50 51 51 52 52 52 51 50 46 43 44 45 49 51 52 51 51 51 51 51 51 51 53 55 54 51 50 49 48 50 52 52 57 59 53 49 48 46 44 41 40 37 34 31 29 30 29 26 24 23 23 21 20 19 18 16 15 14 13 13 12 12 13 14 15 13 13 12 11 10 9 9 9 9 8 9 9 8 6 8 7 7 8 7 5 5 5 5 6 6 6 6 6 6 6 6 6 6 6 6 7 7 7 7 7 7 7 6 6 6 5 5 5 6 7 7 6 6 
53 54 56 59 59 57 49 46 48 51 54 54 54 56 57 54 55 57 60 60 63 62 55 68 32 31 36 49 50 44 44 47 46 51 54 56 68 78 82 83 84 84 82 85 79 83 54 78 64 22 18 17 19 21 21 21 22 18 22 31 40 21 12 16 18 19 20 22 22 24 62 107 128 111 96 84 65 50 43 40 44 48 52 57 49 47 47 45 45 45 45 42 43 44 42 42 45 50 55 54 52 53 54 54 54 53 55 56 55 54 53 54 50 53 56 54 49 46 46 47 48 48 48 49 49 49 50 50 50 49 49 49 49 47 47 48 50 50 50 50 49 46 43 43 45 49 52 51 50 50 50 50 50 50 50 49 48 49 51 52 52 53 51 47 49 47 37 30 27 22 19 17 16 15 12 10 9 9 8 7 7 7 7 7 7 7 7 7 8 8 9 8 8 8 8 8 9 9 9 8 8 9 9 9 8 8 9 9 9 9 8 9 8 8 9 8 6 5 6 7 7 7 7 7 7 7 8 8 8 7 8 8 8 7 7 7 7 7 6 7 7 7 7 7 7 8 8 8 7 6 
55 53 51 50 49 47 46 47 52 58 62 62 62 58 55 55 54 52 53 55 55 52 49 64 26 31 32 36 35 33 39 47 48 54 58 57 66 75 78 80 81 81 82 85 81 81 70 61 84 47 23 16 19 20 20 22 22 21 18 19 38 27 17 18 16 14 18 27 26 18 32 69 113 129 127 128 133 102 86 75 71 67 63 62 62 63 64 65 65 64 62 62 62 61 60 59 59 60 62 64 65 65 64 64 64 66 68 68 65 64 64 67 61 62 64 64 62 60 59 53 51 51 52 52 52 52 54 54 54 54 54 54 54 55 56 57 59 59 59 59 57 53 50 49 51 54 55 55 54 54 54 54 54 54 53 51 49 50 52 53 51 49 41 28 23 18 12 10 9 7 6 7 8 8 6 6 7 8 7 7 7 7 8 7 8 8 9 10 10 10 9 9 9 9 8 8 8 10 9 8 8 8 8 8 9 9 9 9 9 10 10 8 8 8 10 10 9 9 8 8 8 8 8 8 8 10 10 9 8 8 8 8 8 9 8 9 9 8 8 8 8 7 8 8 8 8 7 7 7 7 
58 56 54 52 50 49 51 54 58 60 60 58 55 56 61 63 62 59 58 58 56 58 59 62 27 35 35 40 47 49 56 60 50 49 51 54 60 66 70 72 73 73 79 81 78 71 78 47 79 78 39 17 18 19 18 21 24 23 18 18 19 37 31 15 16 16 14 15 21 22 22 34 66 99 110 127 168 163 150 138 127 107 84 70 58 58 59 60 60 59 58 59 56 54 54 53 52 50 52 56 59 58 55 55 56 55 56 54 52 50 52 57 56 53 51 51 52 51 50 49 49 49 49 50 49 49 51 52 53 53 53 53 53 50 49 49 49 49 48 47 49 50 49 49 49 50 49 48 48 48 48 48 48 48 48 48 46 44 44 38 33 28 18 11 9 9 7 7 9 9 9 9 11 10 9 8 9 10 10 9 9 9 10 11 11 11 11 10 9 9 10 10 10 9 9 9 9 9 9 9 9 9 10 10 10 10 10 9 9 11 13 12 11 11 11 11 10 10 10 10 10 10 10 11 11 10 10 10 9 9 9 10 9 9 9 10 10 10 9 10 9 9 9 9 9 8 9 9 10 11 
68 68 66 62 59 57 56 58 61 63 62 62 62 63 65 66 63 62 62 60 57 65 73 62 41 34 38 46 52 61 56 60 50 62 61 58 58 61 65 68 67 68 70 69 72 68 66 57 53 79 62 23 17 17 15 20 21 22 21 19 16 27 35 25 15 15 14 13 17 20 20 20 37 74 97 111 148 140 149 160 164 154 135 121 101 90 77 67 62 59 57 55 55 56 58 59 58 57 58 62 64 61 57 57 60 59 59 57 53 49 50 55 59 58 56 56 56 58 59 57 57 57 57 57 57 57 55 55 57 58 58 58 57 56 56 55 55 54 53 52 50 49 49 49 48 47 46 46 46 45 44 43 43 43 42 41 42 49 51 29 15 12 9 9 13 17 14 14 15 13 11 10 9 8 9 10 11 11 11 10 10 9 9 9 8 8 8 8 8 8 8 8 8 8 8 9 9 9 9 9 9 9 9 9 9 10 10 9 9 10 11 10 9 9 9 10 11 10 10 11 10 10 11 11 9 10 10 10 9 9 9 9 8 8 9 9 9 9 8 9 9 8 9 9 9 10 11 11 11 10 
67 64 62 62 59 56 57 61 64 66 66 68 71 73 73 70 63 61 66 67 68 70 72 70 52 33 29 32 36 48 48 54 55 70 69 64 65 68 71 72 71 71 72 72 75 71 68 58 50 74 68 45 22 16 15 19 20 20 21 17 19 18 29 35 20 15 18 19 17 18 18 19 22 37 62 99 150 140 144 149 154 155 156 154 156 145 132 117 103 90 80 64 61 60 59 59 60 60 60 61 62 61 61 62 63 63 63 64 62 58 56 56 56 56 58 59 60 60 60 59 60 60 61 62 62 63 61 60 60 60 60 60 61 61 61 61 61 60 59 58 54 52 52 52 51 51 51 53 55 55 55 54 52 51 50 45 46 72 90 52 26 24 22 17 15 15 13 10 10 11 9 9 9 8 9 9 9 9 10 10 10 10 9 8 8 8 9 9 10 10 10 11 11 12 11 10 10 11 11 11 11 11 11 10 10 10 10 10 10 9 9 10 9 9 10 11 10 10 11 12 12 11 11 11 10 9 9 10 9 9 8 7 8 8 8 9 9 8 8 9 9 8 9 9 9 9 10 10 10 10 
57 51 48 49 46 41 40 41 41 40 39 40 42 44 45 43 38 40 46 50 54 54 51 51 46 37 32 32 38 50 47 45 47 53 53 57 59 64 70 74 75 75 76 75 75 69 64 50 40 64 73 66 34 17 14 18 20 21 22 18 19 15 22 34 34 17 13 19 18 16 17 18 16 19 35 75 137 145 145 143 141 142 146 150 148 149 150 151 147 137 128 108 93 75 61 54 54 56 62 61 59 59 60 60 60 55 55 57 59 59 57 55 52 54 58 59 59 57 55 56 57 58 58 58 58 59 59 59 56 54 53 53 53 56 57 57 55 54 53 51 52 52 51 50 50 49 49 50 50 51 53 53 51 49 50 46 43 70 108 83 54 47 44 39 34 33 34 28 23 21 20 22 22 21 21 24 27 29 31 33 35 37 41 53 54 56 58 61 64 66 74 78 82 84 83 79 78 81 79 76 72 68 65 62 55 52 50 49 48 44 40 30 29 26 23 20 16 14 10 10 10 9 11 12 11 10 10 11 11 10 9 7 7 7 7 8 8 8 8 8 8 7 7 7 7 8 8 8 8 8 
52 47 45 44 41 36 34 33 32 31 29 28 29 30 31 32 31 34 40 42 44 47 45 39 43 50 43 35 41 52 56 52 55 52 49 48 50 55 62 69 73 73 72 71 68 61 57 42 28 43 70 72 62 30 14 15 19 20 19 19 17 22 19 25 42 30 15 14 16 19 19 19 18 18 21 39 86 136 143 149 150 149 149 153 147 148 151 154 155 151 145 142 138 127 109 89 75 68 58 56 56 56 58 59 59 62 61 58 59 59 58 57 50 52 56 60 61 60 58 58 59 60 61 62 63 65 65 64 62 61 61 62 63 63 63 64 65 65 64 64 65 65 65 65 65 67 68 69 71 73 76 78 78 76 81 84 77 91 134 142 115 99 99 110 109 111 124 124 122 128 127 132 136 133 132 140 148 149 152 157 161 165 168 168 169 172 175 178 181 181 176 178 180 182 182 180 178 172 173 173 173 172 173 175 184 174 168 167 167 163 157 158 156 152 141 127 114 107 103 85 62 45 34 22 14 12 10 9 9 10 11 12 8 8 9 9 10 10 10 9 9 8 8 8 8 8 9 9 9 9 
53 52 51 51 48 44 45 48 48 48 46 47 48 47 48 50 50 51 54 52 48 51 54 47 47 55 42 31 34 40 54 56 62 55 55 51 49 51 56 62 67 67 64 63 60 55 55 42 22 23 51 66 82 52 22 13 16 18 17 18 17 26 20 16 29 38 29 15 12 19 21 20 19 19 15 17 36 63 70 78 79 77 75 76 76 73 70 69 69 66 64 70 72 71 66 60 58 60 70 72 72 70 66 64 63 60 59 59 59 61 65 69 60 60 64 68 72 74 75 80 82 84 88 92 95 97 99 100 102 105 108 111 113 113 114 117 122 125 127 128 131 132 132 133 136 141 146 151 155 159 162 165 165 164 166 171 165 164 195 205 179 168 176 189 185 176 179 179 178 179 178 184 187 182 182 187 185 183 181 178 178 179 180 181 181 182 183 183 184 186 194 192 188 186 183 183 183 179 180 182 184 186 188 189 189 185 182 183 185 189 190 180 189 196 197 194 193 193 189 185 176 168 158 134 109 78 59 39 26 18 14 11 11 11 10 10 10 10 10 10 10 9 9 8 8 8 9 9 9 9 
60 62 62 59 53 50 47 47 50 51 49 49 50 49 51 53 51 50 51 48 45 49 53 52 51 52 45 34 28 27 44 50 56 51 56 54 51 50 53 59 64 66 64 62 57 52 55 43 22 18 38 66 74 73 47 20 15 19 19 17 19 20 20 18 19 33 37 27 19 15 19 19 16 16 16 15 19 26 30 34 34 33 35 38 41 40 41 43 46 47 47 47 51 54 54 56 63 71 83 93 100 101 98 97 99 103 110 116 116 117 124 134 133 131 131 133 136 140 144 150 153 153 155 157 158 158 161 165 168 171 174 175 174 175 178 181 184 186 186 186 188 189 185 182 182 185 189 188 186 186 186 186 186 186 186 186 180 179 189 180 177 185 180 179 179 181 183 186 187 183 180 183 184 179 180 187 191 188 185 183 182 184 186 190 190 190 190 190 190 190 188 188 186 186 184 182 181 179 179 179 179 179 178 179 182 187 189 187 184 185 187 182 189 195 193 188 188 190 191 203 205 199 195 192 184 198 176 146 120 94 68 50 35 31 28 26 24 23 22 24 23 22 21 21 20 20 20 20 20 19 
80 75 72 71 67 62 56 54 55 55 54 54 54 52 51 52 51 51 53 53 51 50 51 52 51 49 47 38 25 24 34 43 54 54 58 58 53 52 53 54 55 56 54 52 49 46 46 36 23 20 34 64 71 79 69 43 23 17 16 16 19 17 19 23 21 28 40 54 50 31 31 32 29 29 31 33 36 54 61 70 76 81 87 93 103 104 107 111 115 119 121 120 127 131 134 139 142 141 146 155 164 167 167 170 175 171 172 174 172 172 176 184 179 181 183 181 176 176 180 184 183 183 181 182 182 182 181 181 183 185 186 185 183 181 181 181 181 181 180 179 187 192 188 184 181 182 184 188 190 187 186 184 184 185 185 188 187 186 187 182 182 189 186 182 181 181 182 183 189 193 189 188 188 185 186 189 190 188 185 185 187 189 190 190 190 190 189 189 189 189 186 183 185 191 183 202 194 190 182 195 189 181 190 190 193 188 189 196 181 184 190 186 184 203 196 189 186 188 180 189 191 186 188 193 194 199 184 199 201 188 175 150 107 105 73 54 55 53 47 54 52 49 49 49 48 50 51 50 50 49 
103 96 92 92 92 90 89 87 84 78 72 69 66 61 57 56 54 52 52 52 52 51 50 47 46 45 45 44 30 29 22 45 55 59 56 51 49 50 51 47 46 47 47 42 38 37 38 37 32 20 23 50 75 78 84 85 63 56 55 54 48 48 55 57 60 66 81 97 97 85 90 91 92 93 97 105 112 126 135 144 151 155 160 164 170 171 171 173 176 180 183 180 182 177 172 175 175 168 176 181 183 182 181 182 186 185 183 179 177 178 181 185 175 180 186 183 175 172 176 181 181 180 180 182 184 185 185 185 187 189 191 190 189 186 185 185 185 185 185 185 187 187 184 185 186 187 188 183 178 179 180 183 186 188 182 180 186 181 181 186 181 178 187 191 190 183 181 185 189 189 191 191 191 187 184 185 191 189 187 187 188 190 192 191 190 189 189 188 188 189 188 196 196 192 180 187 189 185 188 203 173 168 189 167 190 193 175 180 164 199 184 185 166 188 171 170 154 163 182 190 191 189 191 189 182 181 168 188 184 184 198 179 184 172 132 104 82 61 57 64 61 57 57 58 59 62 59 58 58 59 
85 90 87 83 86 94 95 93 92 92 92 92 93 87 82 82 81 78 76 74 70 64 59 55 52 51 52 54 40 26 21 32 46 49 56 56 56 56 52 44 41 40 36 35 35 36 35 31 27 19 16 34 55 58 60 66 78 88 94 90 87 94 104 102 101 114 129 133 137 146 157 159 159 158 158 161 166 185 189 191 188 186 188 190 179 178 176 175 175 175 176 185 185 179 175 180 183 177 183 186 185 182 177 177 179 188 188 185 184 184 187 189 179 182 184 179 174 175 180 184 183 183 182 183 185 187 187 187 188 190 191 191 190 189 188 188 188 188 188 188 190 188 182 183 187 190 186 186 189 191 193 193 193 192 187 186 188 185 186 192 192 185 183 189 188 179 177 185 192 192 192 190 189 187 184 186 193 190 188 188 188 192 193 191 190 188 187 188 192 189 175 192 191 190 187 129 147 140 175 175 119 129 169 111 150 159 121 122 106 147 118 77 106 123 82 117 110 113 180 187 187 181 179 174 163 139 153 162 157 171 203 196 204 182 191 187 152 110 84 72 75 76 74 70 64 57 59 60 60 61 
64 69 70 68 71 79 85 88 89 91 92 92 92 92 93 94 93 92 89 86 85 84 81 77 73 70 69 62 59 40 42 39 28 50 47 47 47 47 42 33 29 27 23 22 23 23 21 16 14 14 17 23 32 55 86 93 102 103 104 113 133 142 141 147 143 146 161 175 178 171 175 176 177 174 169 168 171 180 182 180 178 177 181 185 187 185 182 181 180 182 182 179 183 182 181 188 191 184 183 186 186 182 178 177 179 190 191 188 186 187 188 189 186 186 184 180 178 181 188 184 181 181 180 182 184 185 183 184 184 186 186 185 184 185 186 186 186 186 186 186 191 191 183 184 190 192 186 183 183 185 187 187 186 184 184 185 184 182 181 184 185 185 185 184 184 185 190 193 198 201 194 186 183 187 192 196 193 191 188 188 190 193 194 191 189 187 187 189 194 198 205 191 182 191 162 57 83 84 134 122 67 81 143 67 131 145 67 65 95 162 112 52 93 120 61 70 60 93 174 181 182 177 174 168 157 154 177 179 174 164 171 179 180 176 193 182 187 158 81 67 66 61 60 63 66 65 64 64 63 62 
54 55 57 59 60 61 64 67 71 78 85 89 92 95 97 98 97 96 92 91 90 91 93 95 95 93 91 88 86 77 72 77 60 75 66 62 62 67 69 66 66 67 63 52 44 43 46 50 52 55 54 47 36 46 89 119 125 127 127 131 141 147 144 147 173 175 167 175 181 167 163 169 172 173 174 175 178 183 184 183 182 183 188 194 182 182 181 181 183 185 186 185 190 188 187 190 188 178 180 185 186 184 182 184 186 191 190 189 188 186 186 185 189 189 185 183 183 187 193 187 184 182 183 185 187 188 188 190 190 192 191 189 188 190 192 192 192 192 192 192 190 188 185 187 193 196 196 192 188 189 190 191 192 192 194 192 188 188 185 181 181 188 189 179 175 181 186 183 182 188 188 188 186 185 182 184 191 188 185 185 186 190 190 187 185 184 184 184 186 187 185 175 183 196 135 45 91 70 112 98 61 65 124 59 144 148 63 58 85 140 77 67 58 84 71 65 49 128 174 181 182 179 179 176 168 154 171 181 192 169 155 178 184 172 185 161 160 143 93 99 79 57 53 54 56 60 57 55 54 54 
62 60 61 63 63 60 56 54 58 62 66 67 68 73 78 81 85 90 94 98 95 91 92 92 91 86 82 83 81 73 71 62 104 86 102 92 87 92 103 109 112 111 96 85 76 73 71 69 70 74 70 61 38 28 46 65 61 68 74 72 68 75 84 86 139 174 171 170 181 186 180 184 186 184 183 185 188 184 186 186 184 183 185 190 186 185 185 185 187 189 191 189 191 187 186 192 195 190 183 187 188 188 186 188 191 192 191 191 189 187 185 183 187 187 183 183 185 188 191 190 188 187 187 189 191 192 189 187 189 189 187 185 183 186 188 188 188 188 188 188 185 185 186 183 179 179 184 188 187 181 174 169 167 168 171 171 168 171 169 160 159 165 167 160 154 153 154 155 162 174 180 184 185 178 169 170 181 179 177 176 177 180 180 177 178 179 177 175 171 171 175 176 177 176 100 44 85 53 76 67 62 55 81 49 96 89 77 101 80 89 67 93 71 74 83 95 74 119 166 172 172 170 174 175 171 151 163 166 168 152 135 161 189 160 174 147 105 64 61 67 47 40 53 60 54 53 52 52 52 52 
75 75 74 74 72 70 71 72 73 73 71 67 65 61 59 62 66 74 81 86 90 89 82 72 61 52 46 40 36 33 28 23 62 82 92 67 59 63 76 88 94 94 84 76 66 57 47 36 31 34 36 29 16 14 20 19 21 20 23 23 21 29 43 44 87 148 182 181 179 187 181 186 190 192 195 202 208 195 198 199 198 197 200 202 196 195 195 194 194 195 196 213 208 192 182 187 192 190 187 191 192 190 188 189 192 193 194 193 191 189 187 185 184 182 180 181 184 186 186 187 186 185 185 186 188 190 187 185 186 186 184 182 180 183 184 184 184 184 184 184 183 186 185 171 152 144 147 153 153 148 144 144 149 155 152 143 142 149 150 140 138 140 142 148 144 135 136 150 168 182 177 172 170 171 174 175 171 169 167 166 168 170 171 168 170 172 170 164 157 158 176 168 150 158 96 59 74 78 95 97 121 106 99 87 85 112 127 137 117 127 128 167 137 119 137 154 123 167 168 171 169 166 171 176 174 148 162 149 132 129 122 143 178 157 182 167 104 29 25 28 13 14 36 52 52 59 57 55 54 53 
78 77 74 73 73 74 74 73 74 73 71 69 68 65 64 66 67 70 71 72 71 66 56 46 38 33 29 26 21 17 13 9 25 66 75 46 41 52 72 78 75 71 57 40 30 25 19 14 12 10 12 12 11 12 15 16 15 16 18 17 9 22 45 41 53 88 124 130 136 161 171 169 167 180 186 182 194 178 188 186 186 183 180 197 174 164 158 160 146 157 158 177 198 191 191 175 190 180 177 191 186 180 181 179 188 192 174 188 185 187 186 183 185 182 187 182 175 182 181 179 182 170 187 173 178 183 178 174 178 179 178 177 176 179 172 174 178 178 181 177 175 180 171 164 156 139 142 143 147 155 151 158 160 158 160 158 164 169 151 151 166 177 163 163 172 167 139 142 136 159 175 173 160 163 149 160 162 164 162 157 151 162 171 166 167 169 179 166 149 153 151 154 164 161 131 137 133 165 152 152 158 151 148 160 176 158 179 164 141 157 152 151 132 145 152 126 125 180 113 106 147 125 99 141 161 151 141 134 141 153 142 154 184 166 181 181 141 54 22 18 14 11 17 47 68 58 50 53 57 57 
67 66 64 64 65 66 69 69 69 68 67 66 65 63 62 63 64 65 65 65 66 67 67 68 68 65 59 49 37 36 30 19 28 48 54 48 34 33 39 36 30 26 18 14 13 13 10 10 10 10 12 13 13 14 16 19 18 20 21 17 7 7 16 27 33 48 76 93 96 115 120 141 148 153 160 156 175 158 164 165 177 178 163 165 156 121 120 136 137 135 123 139 168 167 174 166 173 167 161 176 170 169 176 169 168 169 171 174 167 168 168 171 174 166 161 170 172 168 168 165 176 164 168 165 178 166 172 158 153 168 163 158 160 166 167 168 167 162 161 162 158 171 174 155 161 170 160 163 168 158 157 165 162 150 156 173 163 154 172 174 161 156 154 172 161 133 108 130 111 109 146 146 160 161 161 153 158 160 135 139 175 145 131 150 152 126 136 165 152 164 163 161 139 105 126 178 106 73 126 169 111 55 91 175 61 48 108 104 41 60 159 60 39 96 97 35 52 141 39 28 95 89 27 52 123 160 108 75 87 121 128 141 161 164 173 171 174 128 103 59 43 59 88 132 139 115 85 59 50 55 
66 66 66 67 68 70 70 69 67 65 65 66 67 65 63 65 66 67 68 68 65 63 61 60 61 60 57 56 56 57 50 32 28 38 43 35 20 14 13 11 9 8 7 6 7 7 6 7 7 7 9 10 10 11 13 15 14 15 16 16 9 6 9 14 31 47 69 82 81 96 106 121 119 129 149 140 133 149 148 144 155 157 148 158 153 111 126 149 157 146 142 117 147 155 161 158 155 159 155 159 153 155 159 154 165 158 170 157 162 163 160 164 162 161 154 159 162 153 163 161 156 149 160 156 155 151 155 151 159 159 147 152 155 147 160 158 157 156 153 156 169 158 153 169 169 157 159 162 160 167 159 134 146 162 150 138 147 155 146 118 135 159 146 125 116 143 131 116 87 122 144 98 100 129 113 66 105 125 70 66 148 88 50 101 126 59 45 129 144 138 135 138 86 27 50 142 67 15 70 132 73 15 49 146 36 21 86 87 20 32 151 53 13 84 105 25 33 141 43 21 97 113 32 44 138 142 101 76 84 108 111 125 139 153 156 149 164 162 158 156 115 119 138 167 168 175 152 109 68 53 
55 56 57 58 59 60 59 58 56 54 55 56 58 57 56 58 59 60 60 60 63 62 54 47 47 51 55 56 53 54 51 30 14 22 35 30 19 14 13 13 12 12 10 9 8 7 6 5 4 4 5 6 7 8 10 12 14 14 12 12 10 3 8 23 51 68 79 79 62 62 93 74 63 86 117 108 77 96 100 97 95 89 93 122 147 104 123 149 147 134 143 104 131 156 154 147 139 152 149 146 142 148 145 139 161 154 160 143 155 154 151 153 164 160 143 147 159 154 153 150 154 157 153 150 149 147 152 143 138 150 153 138 127 140 160 121 120 149 143 106 111 140 154 111 104 142 135 98 105 148 119 67 97 138 106 56 94 159 88 36 87 139 98 41 44 120 106 60 26 71 86 30 19 104 83 15 65 104 38 19 115 59 13 65 107 36 12 108 147 136 135 146 89 19 28 128 76 8 57 124 73 15 46 132 54 16 78 100 33 33 126 79 24 80 117 51 45 128 74 49 91 117 75 72 127 131 123 120 127 129 112 120 135 137 139 141 144 145 145 160 135 138 146 162 155 159 161 169 138 78 
51 52 54 54 55 55 54 54 53 52 53 55 57 55 53 54 55 56 57 57 57 55 48 43 43 46 49 48 44 46 50 29 4 7 21 30 27 25 23 21 20 19 18 17 16 16 13 7 4 4 5 7 8 9 13 16 19 21 20 20 17 5 20 55 70 78 82 81 53 33 87 51 32 51 71 57 26 46 58 63 57 45 47 77 139 88 95 136 132 128 139 93 103 145 139 131 131 140 152 153 138 142 156 148 138 135 159 156 133 124 147 149 121 119 147 143 111 111 144 133 91 99 138 121 81 102 143 93 53 98 138 78 53 102 120 49 46 108 113 36 29 102 147 41 35 120 108 29 44 130 95 14 41 117 87 13 49 155 76 11 57 131 104 23 23 115 94 47 12 60 84 28 8 93 77 11 53 99 39 15 102 65 16 58 101 49 25 90 120 128 126 132 100 47 50 121 91 41 76 133 104 49 75 122 87 60 102 119 81 84 120 111 92 109 126 105 98 124 114 116 114 126 129 119 132 125 112 110 121 124 99 94 133 122 118 128 119 119 119 119 111 98 101 120 143 157 149 167 183 156 
60 61 63 63 63 62 60 58 59 59 60 61 62 60 58 59 61 61 62 62 61 58 53 49 48 47 47 44 43 46 51 39 8 2 7 15 22 27 26 23 22 23 25 26 26 25 23 16 11 10 12 14 15 16 19 22 24 26 25 21 16 4 30 78 71 79 84 89 68 29 55 39 32 52 74 61 43 38 46 52 52 42 40 62 128 88 84 124 102 117 143 83 66 118 119 121 134 126 128 122 74 65 113 121 66 52 108 137 60 49 105 115 43 37 112 116 35 34 108 108 28 31 122 98 17 49 130 67 11 56 130 49 14 78 109 28 20 91 113 23 10 68 120 30 17 87 97 24 20 109 96 8 30 109 90 16 38 118 91 18 52 118 111 32 27 108 85 57 26 66 85 54 36 90 91 49 80 116 78 61 115 100 66 97 127 97 82 108 110 116 114 114 103 98 95 116 109 100 94 113 115 101 105 101 104 123 120 103 113 124 101 113 122 119 114 120 121 113 108 121 109 105 112 108 108 126 104 96 115 130 106 92 121 117 108 110 95 103 94 97 105 90 105 112 127 128 140 133 144 177 
53 54 55 55 54 53 50 49 50 51 52 52 52 51 50 52 53 53 54 54 53 49 44 40 40 43 45 43 43 44 43 46 21 4 2 5 15 27 29 28 29 29 27 27 25 23 25 26 25 23 24 23 21 20 22 23 23 25 26 24 25 20 69 71 71 91 85 82 77 42 56 44 45 66 94 68 53 78 75 75 82 79 77 96 108 95 79 95 50 64 103 77 47 97 107 120 142 120 121 106 30 15 78 104 33 9 70 126 22 15 86 102 26 9 77 119 26 17 93 91 18 22 108 95 14 31 98 63 10 39 111 51 13 73 127 47 24 75 102 34 22 70 127 53 30 89 114 60 49 117 133 47 67 124 110 71 82 115 136 66 95 128 128 97 91 133 87 112 100 102 85 97 119 109 123 120 114 107 110 115 107 103 102 101 110 97 101 118 111 97 101 102 94 115 108 101 116 110 104 97 95 100 102 101 100 93 92 100 97 91 103 104 83 96 106 97 98 101 112 99 108 109 99 100 103 104 91 96 119 128 103 91 104 123 121 114 103 117 95 106 120 106 137 125 116 106 101 104 94 87 
57 58 59 57 53 50 49 49 49 48 47 48 50 48 47 49 49 45 46 50 52 48 46 43 42 44 46 46 46 48 44 45 39 16 4 3 13 27 25 28 32 30 29 28 29 29 25 25 28 29 28 26 24 24 26 28 29 30 31 30 34 53 76 62 73 80 82 84 83 79 74 71 78 69 73 74 77 74 87 91 87 87 88 86 87 79 51 79 61 65 98 100 64 110 107 105 123 113 115 101 30 11 65 101 37 9 61 131 35 17 75 100 40 19 74 116 39 29 84 100 40 33 95 90 40 54 108 78 45 73 106 82 61 91 110 94 75 93 118 100 81 103 125 104 96 115 116 101 107 119 113 107 115 117 117 119 116 114 115 120 125 124 118 113 113 132 70 117 118 107 86 103 122 103 94 102 101 98 101 103 97 99 103 98 92 93 93 85 81 82 80 87 88 84 83 84 83 79 79 84 85 79 75 80 82 84 88 90 90 89 87 80 90 96 94 91 96 105 95 99 102 104 104 101 98 109 83 88 100 94 86 82 95 97 88 82 82 72 51 55 56 55 51 45 37 30 31 25 20 18 
68 69 70 69 67 66 65 65 64 63 63 64 66 65 63 62 57 51 51 56 58 56 56 55 53 51 50 49 49 49 48 52 49 31 16 7 14 28 28 27 26 28 28 27 29 29 27 27 28 26 27 27 28 28 27 27 31 30 31 30 32 43 55 49 56 61 65 69 69 65 56 31 37 50 61 61 67 59 67 70 70 73 76 74 79 62 25 35 28 39 68 94 58 96 86 91 107 108 109 94 51 38 74 98 63 39 76 113 76 52 88 112 75 67 101 108 81 87 100 112 95 84 96 101 93 93 102 103 94 98 105 100 104 103 101 106 106 108 109 108 105 106 108 105 105 109 112 102 100 108 104 103 110 109 107 109 107 106 107 108 110 113 107 92 86 106 66 107 106 94 78 83 93 88 89 96 94 88 87 86 84 90 97 92 85 82 80 74 72 73 69 80 77 68 68 74 73 71 72 76 76 71 68 72 76 75 75 76 76 77 78 69 69 70 71 71 71 71 73 70 65 59 54 49 46 45 46 55 57 54 48 33 28 29 26 23 23 20 13 14 16 20 20 19 20 22 28 25 24 29 
85 85 84 82 81 80 80 79 77 76 77 78 79 78 75 68 59 51 51 55 58 58 59 60 59 58 55 54 51 49 51 55 53 46 41 32 28 27 23 27 26 31 29 30 32 32 30 27 26 25 24 26 28 30 30 31 33 31 30 30 31 34 37 36 38 39 41 44 43 39 38 25 31 30 26 30 56 47 50 53 57 64 69 69 63 59 37 56 54 61 74 70 50 99 89 97 92 87 93 98 92 84 88 99 104 96 100 92 106 93 96 98 99 94 91 93 100 99 84 77 92 97 84 89 101 96 92 99 91 80 89 91 86 91 83 75 86 92 85 82 94 92 84 90 92 86 88 89 91 95 94 99 105 101 98 101 102 103 103 102 101 105 104 94 93 110 68 77 67 70 76 86 90 85 76 73 74 76 78 76 73 75 76 70 70 72 70 63 58 57 58 59 45 34 38 46 47 44 41 38 36 34 35 37 34 32 30 29 28 28 28 24 22 21 21 21 19 17 17 16 15 14 13 13 13 11 19 30 31 33 33 20 20 25 27 27 29 31 30 37 41 43 40 38 39 43 37 33 32 30 
83 83 82 80 79 78 77 75 72 71 73 75 75 73 69 61 53 48 51 55 58 59 59 59 59 59 59 58 54 53 57 59 55 55 58 55 50 31 20 30 21 23 25 25 25 28 31 32 31 28 25 24 25 27 31 33 34 33 33 33 35 33 32 35 35 33 33 35 33 28 26 21 25 20 18 22 36 36 36 39 44 49 53 55 50 48 39 59 58 60 61 51 37 80 66 79 74 76 82 79 79 81 79 72 68 60 61 53 58 54 50 60 61 50 44 54 57 43 40 47 60 76 79 76 77 79 74 81 80 76 79 77 77 74 74 80 76 70 73 86 86 79 79 83 85 86 88 93 97 97 97 102 105 99 96 100 100 100 98 93 90 99 106 92 87 99 76 78 65 64 68 63 56 53 48 43 42 44 43 38 32 30 28 26 28 28 25 21 17 15 16 16 11 8 10 11 9 12 11 9 7 7 8 9 7 7 7 8 7 7 7 9 9 10 11 11 12 12 20 22 23 26 27 29 30 34 38 47 47 45 45 39 39 43 44 38 35 34 33 28 26 25 22 21 20 19 17 17 18 17 
63 64 65 66 67 67 65 60 56 56 59 61 59 57 55 52 50 52 58 63 67 66 64 60 58 58 60 60 60 62 66 66 65 66 67 66 70 40 25 43 27 32 35 27 20 19 22 26 27 28 27 26 24 24 27 31 35 35 35 36 39 38 34 36 38 38 37 39 37 34 30 30 33 28 32 33 35 42 41 42 44 44 45 48 54 38 31 41 42 50 57 37 30 58 49 59 59 64 67 68 66 65 66 62 52 33 32 35 33 39 44 55 46 47 52 58 56 47 50 55 62 69 69 67 68 68 65 68 68 71 73 64 64 68 65 59 57 67 72 60 54 62 67 62 60 65 65 63 61 59 59 59 57 52 49 48 47 46 43 39 37 36 32 28 24 26 25 25 23 22 21 17 14 15 16 15 14 16 15 14 15 19 19 16 17 15 13 14 18 18 13 11 10 13 17 18 15 14 17 19 19 21 22 22 28 30 31 32 32 30 28 28 31 33 32 30 31 34 28 28 27 26 24 23 22 20 15 17 16 13 14 15 14 16 17 16 14 13 14 19 21 23 26 30 32 32 32 29 29 33 
58 61 64 65 64 63 61 56 52 52 56 58 56 54 54 53 54 58 62 65 67 66 64 62 60 61 61 61 64 66 65 63 65 64 66 70 74 43 27 44 30 53 67 51 33 22 17 11 11 19 25 29 29 27 27 29 32 33 32 32 35 36 33 33 37 39 38 39 39 37 36 37 44 37 38 38 39 37 37 40 41 37 37 42 36 26 37 54 47 44 43 28 32 50 50 54 52 51 49 55 55 51 53 57 56 58 56 59 55 58 61 59 54 59 66 65 61 59 55 56 53 48 48 48 46 43 45 45 37 36 42 38 30 28 29 30 26 23 22 20 18 16 17 15 15 17 18 17 16 17 18 18 18 17 17 18 18 19 20 21 21 21 23 25 25 23 27 26 27 25 27 28 30 36 42 47 55 63 63 58 60 65 66 65 62 49 37 36 39 42 43 32 26 26 24 24 25 27 29 26 23 21 20 18 18 17 17 16 15 15 14 12 13 14 13 11 11 12 14 13 13 13 13 14 14 18 15 18 20 21 24 23 25 29 35 38 39 40 44 47 51 56 57 55 52 51 55 52 49 50 
61 62 65 65 64 61 60 58 54 54 56 58 57 56 56 55 55 56 57 58 59 59 59 57 57 57 57 57 59 59 56 54 56 55 57 57 58 39 29 36 22 43 51 45 38 34 31 28 26 25 25 26 27 28 29 29 28 29 29 29 32 32 32 34 37 39 38 39 40 40 39 36 39 38 41 40 37 34 36 41 42 39 40 46 41 24 36 44 41 43 45 27 36 44 45 46 48 48 50 49 47 46 49 52 52 53 51 47 36 26 25 25 23 20 21 21 18 16 14 14 11 8 10 10 8 7 7 8 7 6 7 7 5 5 6 7 7 6 7 7 8 11 13 15 17 20 24 28 30 31 33 35 39 42 46 48 47 51 54 53 52 51 51 53 51 47 52 55 60 60 62 65 69 75 82 87 95 102 100 89 81 79 82 89 82 64 42 26 19 18 19 18 19 18 18 20 17 19 20 22 25 25 20 15 17 16 16 17 17 18 19 20 22 25 26 26 27 28 30 29 28 29 29 32 34 35 35 39 42 44 46 43 46 47 51 54 56 57 55 37 38 50 54 46 45 43 40 41 44 45 
54 52 55 57 56 53 52 52 53 53 54 55 55 56 55 53 52 51 50 51 51 50 49 47 46 46 46 47 47 46 46 46 47 48 51 50 49 34 33 42 21 33 36 35 38 43 46 50 51 45 34 27 26 26 24 23 25 25 25 26 29 32 34 37 38 38 38 39 39 40 39 39 37 37 41 42 38 37 37 40 42 41 41 43 37 22 37 38 35 34 33 27 39 46 43 43 45 42 44 44 44 43 44 45 45 36 24 12 7 5 6 6 5 4 4 5 4 4 5 6 7 8 9 10 11 11 13 14 13 13 13 14 15 15 16 18 17 19 21 22 23 25 27 31 34 36 39 40 40 40 41 42 43 44 49 51 48 50 49 44 41 39 37 38 39 42 50 60 71 82 83 86 86 78 66 59 58 57 59 63 62 62 66 68 66 67 61 49 41 41 46 50 54 51 54 59 54 68 70 67 62 60 68 80 66 70 69 67 65 61 56 46 45 42 41 45 46 45 45 45 43 41 42 43 42 42 43 44 45 44 43 41 41 37 38 38 41 43 34 15 11 29 40 35 40 37 39 40 42 42 
53 53 54 55 53 50 47 48 52 57 59 58 56 54 53 51 50 48 47 48 49 49 48 47 46 46 47 49 51 51 51 51 51 51 48 45 48 28 26 46 21 26 31 32 38 45 48 51 55 56 51 47 44 40 35 31 29 26 22 20 22 26 29 32 33 36 38 39 38 38 38 40 39 38 41 43 43 43 38 38 41 41 40 39 28 12 16 17 18 19 17 26 38 44 43 43 43 40 44 40 39 43 45 38 28 15 7 3 3 4 4 4 4 4 4 4 4 6 10 12 13 14 15 16 18 19 18 18 18 16 15 14 15 15 16 16 14 13 15 15 16 15 14 17 19 17 18 19 19 20 21 21 21 20 20 21 20 21 23 28 38 42 45 66 90 101 98 92 88 83 75 66 60 55 51 52 56 55 60 66 68 68 69 63 59 63 69 67 58 56 68 76 82 86 87 87 94 99 89 62 35 28 44 75 107 126 127 123 134 134 114 99 89 67 52 50 50 45 44 46 43 41 45 47 42 41 42 41 41 40 39 38 34 31 35 36 37 37 29 14 11 24 34 33 40 41 37 44 47 41 
50 50 50 49 48 46 42 42 47 51 53 52 49 52 55 54 52 51 50 49 48 46 45 45 44 45 45 46 48 49 48 48 46 44 47 54 55 30 27 54 31 36 36 36 41 46 46 48 49 49 48 46 46 47 50 51 43 38 31 27 25 26 27 26 27 29 32 35 36 37 36 39 41 39 38 39 40 43 38 36 38 37 35 36 33 20 22 24 25 28 28 31 39 42 41 41 42 41 40 40 42 42 34 21 11 4 4 5 5 4 4 4 4 4 4 4 6 9 14 11 10 9 9 9 9 8 8 8 7 7 7 7 7 7 8 9 9 10 12 13 12 14 18 22 23 26 31 35 35 36 39 45 54 61 65 71 88 107 115 107 99 97 99 93 79 64 59 64 66 62 64 59 51 47 48 52 55 56 54 47 40 42 52 61 53 50 51 48 38 35 53 69 62 58 57 56 68 69 67 58 50 54 74 100 133 142 136 130 138 143 133 151 146 124 87 56 45 48 48 44 42 43 43 41 39 39 39 39 39 40 41 42 36 33 37 40 40 41 35 31 27 34 37 33 36 37 36 43 41 39 
50 52 52 50 48 46 47 48 49 50 51 51 50 48 46 45 45 44 43 41 44 46 45 45 44 45 45 45 45 45 44 42 40 38 39 40 42 28 29 45 26 39 46 43 43 45 45 45 46 45 44 42 40 40 44 45 41 41 40 39 38 36 35 31 29 27 25 25 26 27 28 31 35 36 34 33 35 37 37 37 35 32 32 36 37 39 45 48 40 39 41 43 45 43 38 36 35 35 42 42 37 26 14 7 4 4 4 4 4 4 4 4 3 3 6 8 10 10 9 8 8 8 8 8 7 7 8 7 8 11 15 20 22 22 23 24 23 27 35 42 45 53 64 73 89 104 102 103 109 107 107 111 119 126 133 133 122 108 93 80 68 67 66 54 52 59 61 53 51 53 41 33 33 38 38 33 24 18 15 13 11 11 11 11 10 10 10 11 10 12 29 57 63 67 84 103 122 120 121 122 123 127 132 138 154 148 149 150 145 144 150 153 144 146 127 80 48 44 46 36 38 44 39 34 38 38 38 38 38 38 39 39 42 36 38 40 38 39 35 34 32 33 35 34 35 38 45 43 35 33 
40 42 42 40 39 39 39 39 39 39 39 39 39 40 41 42 42 41 40 39 37 36 35 34 33 33 33 34 34 34 33 32 31 31 31 31 36 31 39 52 24 32 33 31 32 33 32 31 32 32 33 33 33 32 31 31 31 33 35 35 34 31 30 30 28 25 24 24 25 26 27 26 28 30 30 30 32 33 34 35 35 33 33 37 38 29 22 33 39 43 39 39 40 39 37 36 36 37 37 31 20 10 5 3 4 4 3 4 5 5 5 3 4 6 10 13 14 12 8 9 10 10 9 8 8 8 6 8 14 24 29 31 29 27 30 34 39 51 69 83 99 108 111 122 131 121 99 87 86 85 82 80 78 76 72 63 50 42 47 62 71 71 56 40 42 56 49 25 12 9 11 22 39 50 44 31 13 7 6 9 11 10 8 10 10 9 8 9 10 13 35 65 90 101 111 120 121 112 122 128 127 131 148 167 176 170 169 167 157 150 151 144 133 140 147 118 71 45 41 38 41 44 39 37 42 40 39 39 39 38 37 36 40 34 36 36 32 32 30 28 27 27 29 30 30 33 35 36 48 37 
23 25 25 24 23 23 23 24 24 25 25 25 24 24 25 25 26 26 25 25 25 26 25 23 23 22 22 22 21 21 21 22 22 23 24 23 25 21 34 54 20 22 24 23 25 26 24 22 22 22 22 22 23 24 24 24 26 26 27 27 27 27 26 26 25 25 25 26 27 29 29 23 20 21 20 21 24 25 24 26 29 29 29 30 29 30 24 32 34 38 38 34 34 37 38 37 35 35 21 13 6 4 4 5 5 5 5 4 4 3 4 5 9 12 13 10 10 10 10 10 10 9 9 8 8 7 11 17 25 28 25 24 26 30 39 56 74 89 101 105 112 109 108 112 77 42 31 25 20 19 17 16 16 16 16 22 36 48 55 58 53 43 33 33 39 44 32 15 8 10 18 27 31 26 19 15 12 10 11 11 11 11 11 12 11 9 8 9 9 7 9 25 69 109 116 118 113 115 127 134 134 136 150 167 174 172 153 137 138 140 132 132 141 140 136 125 88 48 33 43 43 36 35 37 35 34 35 36 37 36 35 34 34 28 33 36 32 31 29 28 28 26 28 30 27 29 30 26 45 37 
26 29 30 29 29 30 29 29 29 29 30 30 29 29 29 30 29 29 27 27 28 28 28 28 26 26 26 26 25 23 23 24 24 22 22 24 28 20 22 52 19 25 28 28 27 27 26 26 26 27 27 27 26 26 27 27 28 28 28 28 29 30 30 29 29 30 30 30 31 31 27 17 11 11 15 20 23 20 17 17 17 15 11 8 8 18 26 31 30 32 33 37 36 37 36 31 21 14 6 4 4 4 5 5 4 5 4 3 3 4 7 9 11 11 10 9 8 9 9 10 9 7 7 7 10 15 22 23 21 20 20 21 21 26 35 46 54 58 66 75 79 73 81 67 18 4 3 4 4 3 2 2 3 7 18 39 59 61 53 49 38 25 16 13 14 13 8 7 7 6 7 8 8 9 9 9 8 9 11 10 10 13 11 7 7 8 8 13 6 4 3 4 27 99 117 107 113 111 118 121 118 114 116 120 121 122 109 100 109 114 104 113 132 128 120 124 96 50 22 30 28 24 24 23 21 17 24 26 23 30 35 34 24 19 34 41 31 31 29 32 30 26 26 28 28 28 34 25 30 21 
35 38 40 39 39 39 41 41 40 40 41 41 41 40 39 39 39 37 36 36 36 36 35 33 32 33 35 36 33 30 28 29 28 25 25 30 35 23 20 51 18 26 32 32 30 29 29 30 31 32 34 34 34 33 34 36 36 35 34 34 34 35 35 35 36 38 38 38 37 36 39 29 22 22 28 34 36 35 31 28 27 22 14 9 8 15 23 26 28 32 35 34 29 23 17 11 6 3 3 3 4 4 5 4 4 2 3 5 7 10 12 13 11 11 10 10 10 9 9 9 8 7 10 12 16 21 23 23 21 17 14 15 18 21 22 23 23 24 27 31 36 35 43 36 7 2 4 4 4 3 3 3 3 5 6 8 12 13 15 17 14 8 3 3 3 3 2 2 4 5 4 5 7 8 8 8 9 12 12 8 7 9 7 6 6 4 7 24 32 28 18 5 8 60 95 96 101 95 96 96 92 87 84 85 97 102 96 91 97 103 98 109 128 124 115 118 95 53 28 31 20 10 7 6 6 4 21 30 26 34 38 41 26 19 33 40 32 35 34 34 34 34 35 36 36 35 43 31 32 30 
53 56 58 56 55 54 53 53 53 52 51 50 49 50 51 53 52 50 48 49 48 46 45 42 41 43 47 49 47 43 40 39 36 33 33 38 43 28 23 55 20 30 42 41 40 40 41 42 43 42 43 44 45 45 47 48 49 48 46 45 44 43 44 46 48 51 51 50 47 46 48 46 45 46 47 48 49 49 46 45 45 43 37 31 23 26 26 22 19 18 16 13 9 6 4 3 4 5 5 4 4 4 4 4 4 5 6 8 10 10 9 8 8 8 8 7 7 7 6 8 8 10 15 20 21 21 19 18 16 13 11 12 14 16 14 12 11 11 10 9 10 9 12 13 4 3 5 4 4 4 4 3 2 2 2 2 1 2 3 2 2 3 3 3 3 3 4 4 3 3 4 4 3 2 3 3 4 4 4 3 4 5 3 3 3 4 43 80 117 104 66 20 3 23 65 81 78 82 79 77 75 73 69 66 73 85 85 80 84 92 94 95 110 108 102 104 86 52 44 46 26 8 2 1 2 3 25 35 31 39 38 39 34 24 31 35 31 35 34 37 39 40 39 39 40 42 44 31 35 44 
57 59 60 59 58 56 53 54 55 54 50 47 46 48 51 52 52 50 48 49 47 45 46 46 45 46 48 48 46 45 45 43 38 33 34 39 43 27 23 54 19 29 38 36 37 39 42 43 43 43 43 44 44 45 45 46 47 46 45 43 43 42 43 44 47 50 50 49 45 43 41 43 47 48 47 47 47 51 49 48 48 47 44 41 34 34 33 33 31 25 20 13 9 6 4 3 3 3 3 2 2 3 3 4 4 7 8 9 8 7 7 7 7 8 7 7 7 7 8 9 11 15 18 20 19 17 17 14 11 11 12 12 11 11 11 10 9 8 7 6 6 5 5 5 3 3 4 3 3 3 3 3 2 2 2 2 3 3 2 1 2 3 3 3 5 7 6 6 6 6 6 6 5 6 7 8 10 11 14 16 18 11 3 2 1 8 88 111 117 93 62 21 2 9 51 69 64 68 64 62 63 64 61 57 57 69 73 67 67 75 84 81 87 88 90 94 74 44 36 43 29 13 5 3 3 6 27 29 28 40 40 39 42 33 33 34 31 32 30 35 38 38 36 35 36 40 39 36 39 36 
50 52 53 53 52 49 49 51 52 50 45 44 46 48 50 52 51 50 49 49 48 46 49 51 50 49 49 47 46 49 51 49 43 37 39 46 47 28 21 50 18 28 37 36 37 40 44 46 47 49 48 48 48 49 48 47 46 46 45 45 45 46 46 47 49 52 53 52 49 47 44 47 50 51 51 52 54 58 57 56 53 51 50 51 45 40 39 43 46 44 41 38 33 29 26 22 18 14 10 9 8 7 6 6 6 5 5 6 6 5 5 6 6 6 6 6 6 8 10 12 15 18 18 17 16 15 13 11 10 9 8 7 6 6 7 7 6 5 5 5 5 4 3 3 2 2 2 2 3 2 2 2 2 3 3 4 4 5 4 3 2 3 3 5 15 26 23 22 25 25 24 23 24 26 28 30 34 37 34 26 21 11 3 3 2 5 46 54 49 33 23 9 1 4 38 52 52 48 46 46 48 50 50 49 48 58 61 54 51 59 72 76 76 77 82 83 62 36 37 46 36 21 12 6 4 6 26 37 38 42 44 47 46 40 38 39 38 36 33 32 36 41 42 41 40 40 40 48 50 33 
53 53 56 57 56 52 51 51 49 44 42 47 56 60 60 63 63 61 60 61 60 60 62 63 62 60 60 60 62 65 65 63 57 52 55 60 57 32 22 50 18 34 56 53 53 57 62 62 62 64 62 62 64 66 64 62 59 59 58 58 59 60 60 59 61 64 66 66 65 63 61 61 62 63 64 65 66 63 65 66 65 65 68 72 62 48 41 42 44 44 45 43 43 46 48 48 47 45 41 37 33 28 24 21 20 15 15 14 11 8 7 7 6 6 7 7 7 8 9 10 12 13 11 11 11 10 6 5 6 4 3 2 3 3 3 4 4 3 2 3 3 3 2 2 3 3 3 3 4 4 3 4 6 6 6 6 6 10 11 5 2 2 2 6 19 33 36 43 50 47 46 45 44 43 42 44 48 44 27 10 5 4 2 3 3 2 9 17 18 14 11 6 3 3 26 31 37 33 34 34 35 37 39 40 39 45 46 41 38 45 58 65 65 65 66 63 49 34 42 47 32 16 8 4 2 5 20 43 51 45 47 49 47 48 45 45 47 44 43 38 39 44 48 50 48 46 48 51 50 34 
58 59 62 65 63 59 56 52 46 39 39 51 70 73 68 70 71 70 69 69 69 69 69 67 65 65 67 68 67 67 64 60 56 54 59 64 58 31 20 47 17 35 61 57 56 59 62 61 60 62 60 61 64 67 65 63 62 62 61 60 60 60 60 57 58 60 62 63 64 64 65 62 61 61 63 62 61 62 66 67 65 63 65 70 62 49 45 49 52 53 56 51 53 54 51 48 48 51 52 51 50 50 50 50 49 47 47 43 37 32 32 35 32 33 36 34 30 28 28 29 29 27 24 25 25 21 9 3 2 1 2 2 2 1 1 2 3 4 4 4 3 4 4 4 6 7 7 8 9 11 11 14 18 18 22 25 32 47 33 7 2 2 4 9 13 17 25 38 46 47 51 53 50 45 44 46 51 45 29 14 11 8 3 3 2 4 6 13 9 10 8 4 4 3 18 20 30 23 25 25 25 25 28 31 29 32 33 29 28 34 46 45 47 49 48 43 39 35 54 51 28 9 3 2 2 2 6 25 42 43 49 44 46 52 48 47 50 48 49 49 45 42 43 46 50 51 55 42 36 27 
56 52 50 50 52 55 55 54 53 51 46 49 63 64 55 55 59 56 52 53 57 56 56 54 51 49 51 51 52 52 49 53 49 40 43 48 48 28 20 46 14 30 52 51 51 52 54 55 58 61 61 60 60 59 59 59 58 57 56 55 54 54 53 50 55 58 58 55 54 54 53 53 54 54 54 54 53 56 57 59 62 61 57 53 54 54 60 65 62 58 58 57 58 59 59 58 57 55 56 55 56 59 60 56 52 44 49 56 61 59 55 52 50 50 50 51 52 53 54 60 56 55 59 53 57 35 7 2 2 2 2 2 1 1 2 1 6 28 32 29 32 34 36 40 41 41 40 42 42 42 47 51 51 52 53 41 28 31 22 5 3 6 18 42 50 35 29 41 52 52 54 54 52 53 59 63 64 62 60 50 44 32 17 4 2 3 6 7 8 8 4 3 2 5 11 19 19 16 18 19 20 20 21 22 22 24 24 22 21 24 29 26 27 29 27 27 34 50 59 57 35 9 2 3 4 4 2 8 16 11 12 13 13 13 14 15 16 17 18 22 23 22 17 13 13 13 15 15 13 10 
61 58 58 60 62 62 65 67 69 72 68 63 64 65 66 64 60 54 56 63 64 62 63 62 58 53 50 47 45 41 36 35 28 22 23 24 26 14 10 30 8 16 27 28 30 31 33 33 34 37 38 39 41 43 44 45 45 45 45 45 46 48 48 44 50 55 56 54 52 51 54 55 57 58 60 60 60 63 64 66 69 68 65 60 51 51 55 58 55 52 53 53 55 56 58 59 58 58 56 56 58 59 60 59 58 54 57 61 63 61 60 60 55 53 53 53 51 50 49 54 53 51 57 57 52 23 3 1 1 1 2 2 2 1 2 1 3 27 53 54 53 54 55 56 57 56 55 54 54 55 56 58 54 44 27 9 3 5 6 2 1 3 13 38 61 57 47 56 62 53 55 58 59 61 62 60 55 57 61 59 62 57 39 17 8 4 3 3 4 5 2 2 2 4 12 19 19 17 19 20 19 18 18 18 20 20 20 19 21 24 28 25 24 25 25 30 46 70 56 56 39 13 3 3 3 3 2 11 22 21 25 28 26 22 21 23 29 34 36 37 36 33 29 25 23 23 25 22 26 25 
67 65 67 71 73 71 75 77 79 84 82 73 69 72 76 72 62 58 66 74 74 70 68 65 61 61 64 61 58 54 48 47 36 29 29 29 31 17 10 29 7 12 17 17 17 17 17 17 17 17 17 17 17 17 17 18 19 19 19 20 22 24 25 23 27 30 32 30 28 27 29 30 34 38 41 44 46 50 51 52 54 53 50 47 43 43 46 49 48 47 50 53 54 53 53 52 51 51 49 52 54 54 55 57 61 59 60 61 60 59 60 62 56 54 55 55 53 50 48 52 57 56 64 67 56 21 2 1 1 2 1 2 2 1 2 1 2 19 45 47 42 41 40 38 37 37 37 34 35 36 35 39 40 29 13 2 1 1 1 2 2 2 3 12 37 62 63 60 62 62 61 61 62 62 59 59 60 59 62 60 64 65 54 42 27 15 7 3 2 3 2 2 2 6 13 17 16 16 18 20 20 19 18 19 20 19 19 20 23 25 27 26 26 26 24 25 31 40 33 35 27 11 3 3 2 3 3 11 20 20 23 24 26 23 22 28 39 50 56 64 64 61 59 56 53 50 57 45 47 49 
60 59 63 67 68 65 70 74 78 83 80 73 73 76 75 67 58 59 66 68 70 71 68 65 64 68 75 78 80 80 79 80 63 53 56 57 60 34 21 47 15 30 53 49 45 43 42 43 43 40 39 37 35 32 30 29 26 23 20 18 17 17 17 12 13 14 14 14 13 12 12 12 13 14 14 14 14 15 15 16 17 18 17 16 17 17 18 20 20 20 22 24 24 24 25 25 26 26 29 31 33 33 34 37 41 40 42 42 42 42 43 44 44 45 47 48 48 47 45 47 56 53 54 52 40 16 2 1 1 1 1 1 1 1 2 1 1 7 14 13 11 10 9 9 8 8 9 8 9 10 10 12 14 9 3 1 2 2 1 1 2 3 2 4 18 47 59 51 50 54 49 46 45 45 42 41 41 38 39 36 36 38 33 28 22 16 10 4 2 2 2 2 3 7 13 14 11 12 13 15 15 15 15 16 19 18 19 21 23 23 21 20 18 14 11 9 10 11 9 10 10 5 3 3 3 4 5 8 12 13 14 16 23 25 27 29 34 42 48 55 56 56 57 57 55 52 58 47 44 46 
60 62 64 66 66 66 67 70 78 85 81 73 73 79 77 67 66 67 67 65 65 66 68 69 68 67 68 68 68 70 72 73 56 48 53 57 63 36 21 50 17 36 66 62 58 56 56 58 61 63 62 62 61 62 62 63 65 61 57 53 51 50 50 47 45 44 44 43 41 39 30 29 26 24 21 19 17 14 13 12 12 10 9 8 8 6 6 7 7 6 6 6 6 6 6 7 7 7 7 8 8 7 7 8 9 9 10 11 11 10 10 10 10 10 11 12 13 13 12 12 17 15 15 13 9 4 1 1 1 1 1 1 1 1 1 1 2 2 3 4 6 7 7 8 9 11 12 14 17 19 20 19 15 7 2 1 1 2 2 3 2 2 2 1 4 12 17 17 16 15 13 11 11 11 11 11 10 9 10 8 7 8 7 6 6 6 4 3 2 2 3 3 4 7 9 9 6 6 7 8 8 8 8 9 8 8 8 10 11 10 9 10 10 9 9 10 11 11 15 16 18 18 19 25 24 32 34 35 40 42 44 47 47 51 53 50 45 45 48 53 55 58 59 58 56 54 52 52 50 45 
63 67 66 63 64 69 70 67 64 64 62 59 60 62 57 55 63 62 57 67 72 66 70 70 68 65 64 65 67 66 68 69 53 50 56 57 65 37 21 51 18 36 67 67 68 68 67 68 67 65 66 68 70 72 73 73 66 66 66 67 69 70 71 68 67 67 68 67 64 61 68 69 69 68 67 66 65 61 57 53 50 46 41 38 36 27 25 29 31 26 21 15 14 12 11 10 9 9 10 8 7 6 5 4 4 4 4 4 3 3 3 3 3 3 3 3 3 3 3 2 2 1 2 2 1 2 2 1 1 1 1 2 2 1 1 1 2 2 3 4 4 4 4 5 6 7 8 9 9 9 9 8 5 2 2 2 2 2 2 3 3 3 3 2 2 2 4 4 4 4 4 4 4 5 5 6 4 4 6 5 4 5 5 5 5 5 5 6 6 6 7 8 8 9 10 10 9 12 12 14 15 16 19 22 28 28 28 30 33 35 35 37 41 44 48 55 57 52 61 57 59 58 61 67 62 56 60 58 57 60 58 57 56 60 62 60 55 52 51 54 61 69 70 68 66 66 62 65 63 55 
51 55 53 49 50 56 52 37 26 22 24 27 29 33 33 36 48 49 44 59 73 70 70 68 66 65 67 68 65 62 64 66 53 54 62 59 62 35 18 46 13 31 60 62 65 65 65 64 62 66 67 68 70 70 70 71 71 71 71 71 70 70 70 70 71 72 73 73 69 66 69 70 70 70 71 71 71 72 70 69 70 70 69 67 65 52 49 56 61 56 48 41 40 39 37 36 36 37 36 33 29 25 21 17 14 12 10 8 6 4 4 3 3 3 3 3 3 3 3 2 3 2 2 2 1 2 2 1 1 1 2 2 2 2 1 2 2 2 2 2 1 1 2 2 2 2 2 2 2 2 2 2 1 1 1 2 2 2 1 1 2 4 4 2 2 3 4 3 3 3 3 4 3 3 4 5 8 10 14 14 15 20 23 24 24 25 25 26 25 25 29 31 33 34 36 37 37 44 45 47 49 52 57 61 57 55 55 58 62 66 67 67 64 59 58 65 72 72 70 65 63 61 60 62 56 58 65 64 63 66 64 62 63 63 63 63 62 59 56 50 55 63 66 66 67 69 71 69 67 66 
50 55 53 49 50 56 56 46 35 31 35 41 43 45 44 45 56 56 50 60 68 64 65 65 64 62 62 62 60 55 56 58 44 46 60 59 56 36 18 51 13 31 57 57 62 59 61 64 62 69 70 72 72 72 70 70 69 69 68 67 66 65 65 68 69 69 69 70 70 70 64 66 64 63 66 69 67 64 63 63 63 64 66 68 66 52 45 46 50 49 46 46 46 45 42 39 39 40 39 37 34 30 26 22 19 15 12 9 7 5 4 3 4 4 3 3 3 3 3 3 3 3 2 2 2 2 2 2 2 2 2 2 2 2 2 2 2 2 2 2 2 2 2 2 2 2 2 2 2 2 2 2 2 2 2 2 2 1 2 2 2 2 2 2 2 2 3 3 3 3 2 3 3 3 5 15 34 39 44 45 45 49 54 56 55 52 48 44 40 39 43 46 48 48 46 44 44 48 48 48 48 48 48 48 53 50 51 57 62 63 60 57 56 56 57 60 64 67 67 66 64 62 61 61 62 62 63 65 66 66 66 66 62 61 61 60 59 58 57 53 53 54 57 59 62 63 67 67 65 63 
64 66 66 64 65 69 72 71 67 63 62 64 67 66 64 64 67 63 58 63 64 59 60 61 61 61 61 60 58 53 52 52 40 43 54 52 53 34 19 52 15 30 55 55 60 57 59 64 61 67 68 69 69 69 67 66 65 66 66 66 67 66 67 70 70 68 67 65 64 63 61 61 56 52 52 51 48 42 40 38 37 37 37 37 33 24 18 17 18 18 16 16 16 14 12 10 9 9 8 8 8 8 7 6 6 6 5 5 4 3 3 3 3 3 3 3 3 3 3 3 3 3 3 3 2 2 2 2 3 3 3 3 3 3 2 2 2 2 2 2 2 2 2 2 2 2 2 2 2 2 2 2 2 2 1 1 1 1 2 2 1 1 2 2 2 2 2 2 2 2 3 3 2 3 7 22 42 40 38 37 36 32 30 28 24 20 17 15 13 12 13 14 15 14 14 14 15 13 13 14 14 14 15 15 17 19 22 25 30 38 45 59 58 58 58 61 64 66 71 70 67 65 64 64 64 65 65 67 67 68 67 66 65 64 64 63 62 60 58 60 58 54 51 51 53 56 61 62 62 61 
67 66 65 65 65 65 64 64 66 64 60 58 60 59 60 61 58 54 55 56 54 52 52 52 52 51 50 50 50 47 46 47 40 45 56 56 56 33 20 51 17 31 60 59 63 59 61 65 62 64 65 66 66 67 67 67 66 63 59 54 49 46 44 39 37 34 31 27 25 23 22 22 19 16 15 14 13 11 11 10 9 8 8 8 8 7 6 5 5 5 4 5 6 5 4 4 4 4 4 4 4 4 4 3 3 3 3 3 3 3 4 4 5 5 5 6 7 7 8 8 8 9 10 11 11 12 14 15 16 18 20 23 25 22 17 13 10 8 6 4 4 4 4 4 4 3 3 4 4 4 4 4 3 3 3 2 2 2 2 2 2 2 2 2 2 2 2 2 2 2 3 2 2 2 6 11 12 10 8 7 7 7 7 7 6 5 5 5 6 7 6 6 5 5 5 7 8 8 9 11 13 14 16 17 20 25 30 33 39 50 61 63 62 62 63 65 67 68 72 72 71 70 69 69 69 69 69 70 70 69 68 67 69 69 69 67 65 63 61 64 62 56 54 53 55 58 59 61 66 69 
62 60 60 62 64 63 64 65 63 62 62 61 60 60 63 63 57 54 56 55 53 53 52 52 54 53 51 50 51 48 44 45 40 43 53 54 50 27 18 39 16 21 39 36 36 32 30 32 27 23 22 20 19 17 16 16 14 13 12 11 10 10 9 9 9 8 8 7 7 7 8 8 7 7 7 8 7 6 7 7 7 8 8 8 6 7 7 6 6 7 7 7 8 8 9 9 10 12 11 12 12 14 15 17 18 19 20 21 23 25 28 29 32 34 35 36 39 41 42 51 55 56 58 60 62 64 64 63 64 65 66 67 68 70 66 59 53 48 40 32 27 23 19 18 15 11 9 8 8 6 6 6 6 7 6 6 5 5 4 4 4 4 4 4 4 4 4 4 4 4 4 3 3 3 4 7 12 22 32 34 32 34 37 37 37 38 39 40 42 45 51 48 45 42 42 45 48 48 49 52 55 59 62 63 61 62 63 64 65 65 66 65 65 65 67 68 69 70 71 72 73 74 75 75 75 72 72 72 72 71 69 69 73 73 73 72 70 69 67 66 65 64 63 62 61 61 61 62 66 68 
31 31 32 34 36 36 38 37 34 34 36 37 36 35 35 36 35 36 38 38 38 37 36 37 40 41 39 35 32 30 25 24 19 19 23 21 19 9 7 16 5 7 11 10 9 7 6 7 6 8 7 7 7 7 7 7 7 7 7 7 8 8 8 9 9 9 10 10 11 11 11 12 12 12 14 16 15 16 17 19 20 21 22 23 27 30 27 20 21 27 30 34 35 37 38 40 43 46 45 45 46 48 51 55 57 56 56 57 58 59 59 59 60 59 59 59 60 61 63 60 59 59 59 59 59 59 61 62 63 63 63 63 62 64 66 65 66 66 61 55 51 44 40 43 42 35 33 35 32 24 16 11 8 7 7 7 8 7 7 6 6 6 6 5 5 5 5 5 6 6 5 5 5 6 5 5 9 24 47 60 60 56 56 62 63 65 66 66 67 67 70 67 64 59 57 58 59 60 60 60 60 61 61 62 66 64 64 66 67 65 63 64 65 67 69 70 72 73 73 74 76 77 77 77 77 76 76 75 74 73 71 69 75 77 77 77 76 74 73 69 69 69 68 65 62 60 57 57 59 61 
12 12 12 11 11 12 12 12 11 12 12 12 12 12 10 10 11 12 12 13 13 12 11 12 14 14 13 11 10 10 8 8 7 7 9 9 9 6 8 14 6 7 11 11 12 11 13 16 16 16 16 16 17 17 19 20 23 23 24 25 26 27 27 29 30 32 34 36 37 38 40 42 42 43 47 49 49 51 53 55 57 58 59 59 60 68 61 47 44 50 53 56 56 56 54 53 53 55 54 53 53 53 55 57 59 61 61 61 60 59 58 57 58 59 58 59 59 60 61 63 64 63 62 62 61 61 60 61 63 63 63 61 59 59 59 59 59 58 57 56 55 50 48 60 68 64 63 65 60 52 43 34 27 22 17 12 9 7 7 8 8 8 8 7 7 7 7 7 7 7 6 6 7 7 6 5 6 11 22 40 54 58 58 63 63 63 63 63 64 64 63 63 61 57 54 52 54 62 62 63 63 64 64 64 65 64 63 64 67 69 70 68 70 72 75 77 78 80 77 78 79 79 77 76 74 78 78 77 76 74 72 70 76 77 78 79 79 78 77 73 72 72 71 69 67 65 61 58 56 57 
24 21 18 16 16 16 16 13 11 10 10 10 10 10 10 10 11 10 9 9 9 9 8 9 10 10 9 8 8 8 9 9 7 7 13 22 31 21 15 37 18 23 41 43 45 45 46 48 48 49 48 48 47 47 47 49 55 56 57 57 56 55 55 55 56 58 60 62 63 63 63 64 65 66 68 69 69 71 72 72 72 71 70 70 65 69 67 57 51 52 56 61 62 62 62 63 64 66 63 62 62 62 63 66 67 66 67 68 68 67 67 66 66 67 67 66 66 65 65 66 66 66 66 66 67 68 70 72 73 74 72 70 68 68 69 70 70 70 69 70 67 63 60 60 65 69 67 62 60 61 62 61 58 55 47 36 25 15 12 11 9 8 9 9 10 10 10 9 9 9 9 9 9 9 8 8 9 7 9 22 42 61 66 58 59 65 68 63 62 65 62 61 62 64 62 57 54 59 62 64 63 63 65 68 71 72 74 75 75 76 76 72 72 73 74 77 79 81 77 75 74 74 75 75 75 78 78 77 77 76 75 74 77 77 78 78 78 79 79 74 74 75 74 73 72 70 68 65 62 60 
66 64 62 61 61 62 54 43 33 24 19 14 10 10 11 10 11 10 9 8 8 8 8 8 9 10 9 9 9 8 9 8 9 14 28 47 57 34 16 42 19 28 58 61 63 63 62 63 63 63 63 63 63 64 63 64 66 67 67 66 64 61 61 65 66 67 68 68 68 67 64 66 67 70 72 72 72 71 71 72 73 73 73 73 69 70 69 63 54 53 61 66 66 66 67 69 71 72 70 69 69 69 70 73 74 75 75 76 76 75 74 73 75 75 75 75 73 72 71 73 72 71 70 70 71 72 73 75 76 76 76 75 73 69 68 70 70 70 70 69 68 67 63 58 61 70 73 70 69 70 72 72 71 70 69 65 56 44 37 30 23 17 14 12 11 10 9 9 10 10 10 10 9 8 7 7 8 8 8 11 21 44 64 68 68 71 68 62 64 69 65 64 65 69 70 64 58 58 60 61 62 63 64 66 69 70 73 75 75 74 74 74 72 72 72 73 75 77 77 76 75 76 78 78 77 80 79 79 79 79 79 79 78 78 78 78 78 78 78 75 75 76 77 75 74 73 72 71 68 68 
61 65 68 70 71 70 80 82 73 63 53 41 31 21 14 10 9 10 11 10 9 10 10 10 10 9 9 9 8 8 9 10 17 36 54 60 63 35 16 44 20 29 60 63 65 64 63 64 64 63 64 65 67 68 69 70 67 68 68 68 67 66 67 70 70 71 70 70 69 67 66 67 69 70 70 71 71 69 69 69 70 71 71 71 67 70 70 64 56 56 66 66 66 67 69 72 74 76 74 73 73 74 75 77 78 77 77 78 78 76 76 75 77 78 78 78 78 77 77 77 76 75 73 73 73 74 74 75 76 77 77 76 76 74 73 73 73 72 70 69 75 74 66 63 61 63 72 76 74 74 73 72 70 70 66 62 65 67 70 71 65 52 40 32 23 16 12 10 9 9 9 11 11 11 11 11 11 12 11 8 9 21 40 61 69 69 64 63 67 68 65 63 63 66 68 66 62 57 54 53 55 58 60 61 65 65 66 66 67 68 68 72 71 70 69 69 70 70 74 74 76 79 80 78 74 73 73 73 73 73 74 74 73 73 73 72 72 72 72 73 74 76 77 77 76 75 74 72 72 73 
78 80 81 81 79 78 75 73 74 75 74 70 63 48 33 23 15 11 11 11 10 10 11 11 9 8 8 8 8 10 15 22 31 51 63 56 56 31 16 49 24 31 59 62 64 63 63 63 63 61 62 63 65 66 67 68 70 70 71 72 72 72 72 73 73 73 72 70 68 67 68 69 69 70 70 69 69 69 69 69 70 70 71 71 70 72 73 67 58 58 65 68 68 68 69 71 73 74 74 74 75 76 77 78 78 75 75 75 75 74 73 72 73 73 73 73 73 75 75 75 75 74 75 75 76 78 77 78 78 79 79 79 79 78 79 79 77 77 75 74 76 73 67 68 62 59 68 74 72 72 71 72 73 73 74 75 72 67 67 70 68 69 72 67 58 48 36 29 23 16 14 12 12 12 14 14 12 11 12 12 11 11 17 36 56 66 67 69 71 68 68 66 65 67 70 70 68 65 62 57 54 56 63 70 67 67 67 67 68 69 70 70 69 69 69 69 69 69 72 70 71 73 75 74 72 68 68 69 69 69 70 70 71 71 71 70 70 70 69 71 73 75 77 77 76 75 70 69 70 72 
77 74 72 70 70 70 70 70 70 70 71 70 69 69 65 54 39 24 16 12 11 11 13 13 13 13 14 14 15 20 31 41 45 52 61 61 57 31 17 50 22 29 60 63 65 64 64 64 66 67 67 67 67 67 68 69 72 72 73 74 75 77 78 78 78 78 77 75 73 72 72 73 74 74 74 73 73 74 74 75 75 75 76 76 77 78 79 75 65 60 62 69 69 68 68 68 69 69 71 72 74 75 76 76 76 75 75 75 75 74 73 73 72 70 70 70 71 73 74 71 71 71 73 76 78 80 80 80 79 79 78 79 79 76 75 76 76 76 76 75 72 68 67 70 66 61 64 71 73 73 73 74 75 75 75 75 74 70 70 75 75 74 76 77 77 74 68 63 57 45 34 24 17 15 16 17 17 17 20 23 24 27 32 44 62 72 71 71 71 70 74 73 72 73 75 76 76 74 75 68 59 58 67 80 72 73 73 74 75 77 79 74 75 76 77 77 77 77 78 74 72 73 76 78 77 73 73 74 74 75 76 76 77 76 75 75 74 73 73 72 73 75 77 77 76 75 70 69 70 72 
81 78 75 74 75 76 78 77 76 74 74 75 76 78 79 75 68 55 43 35 31 30 32 34 37 39 40 40 39 44 53 57 52 55 62 63 56 30 17 53 23 29 61 64 66 66 65 65 67 70 70 70 70 70 70 70 72 72 72 72 74 76 77 76 77 77 76 74 73 72 74 74 75 76 76 76 76 76 76 77 77 78 78 79 81 78 80 80 72 62 58 66 66 65 65 65 66 67 69 70 73 74 74 74 74 77 77 78 78 77 76 75 74 72 70 70 71 73 75 71 70 71 73 76 79 81 81 79 77 76 75 75 75 75 75 76 77 78 77 77 76 75 74 70 65 60 55 62 71 72 74 76 76 76 75 76 78 76 74 75 74 72 74 74 75 76 76 76 77 74 63 52 44 41 42 43 46 48 53 57 59 69 74 71 78 83 79 74 73 76 76 77 77 76 76 76 76 75 79 75 66 60 65 74 76 78 81 83 85 86 87 83 84 85 86 85 84 82 82 80 77 79 81 82 82 76 76 77 78 79 80 81 80 79 78 77 76 75 75 75 77 78 79 78 77 76 74 74 74 76 
83 82 80 78 77 77 77 77 77 77 76 78 81 78 72 70 71 74 73 67 63 63 62 65 70 73 71 69 66 65 63 53 45 53 65 64 54 27 16 53 23 28 59 62 64 64 62 63 64 66 66 66 66 67 67 68 71 70 69 70 71 73 74 74 75 75 75 74 73 71 70 71 72 73 74 75 74 73 73 73 74 74 75 75 77 72 75 79 74 61 52 62 62 62 62 64 65 66 68 70 72 74 75 74 73 76 77 78 78 77 76 75 74 73 71 69 70 72 74 74 73 74 75 77 79 81 80 78 75 73 71 71 71 73 74 75 76 76 75 74 74 77 75 67 65 65 56 59 70 74 80 85 87 87 85 85 85 81 79 85 87 84 80 83 86 87 85 83 82 82 82 82 82 82 81 81 79 75 80 88 86 79 78 78 80 88 91 82 79 85 81 83 83 82 80 80 79 79 84 85 79 71 66 67 77 80 85 89 91 91 91 88 89 89 89 86 83 82 77 76 77 80 81 79 77 79 81 81 82 84 85 85 86 86 85 83 82 81 81 80 81 82 82 81 79 77 78 77 76 78 
84 83 83 83 81 81 80 78 77 76 75 75 76 77 76 76 79 78 74 74 75 73 72 72 73 72 69 68 66 64 64 53 50 59 66 71 61 29 18 56 22 29 60 62 65 66 68 67 67 69 69 69 70 73 77 80 80 80 80 79 78 77 77 79 79 79 80 80 79 79 78 79 81 81 81 79 78 81 81 79 78 77 76 76 77 79 78 76 76 67 53 54 60 62 60 62 65 62 66 71 75 74 72 72 74 76 76 77 76 76 76 76 77 77 73 71 70 71 71 74 76 77 77 76 75 74 73 73 74 74 73 72 72 74 75 75 75 75 75 75 77 77 73 71 69 68 64 58 65 79 82 82 89 91 88 89 92 91 87 85 87 88 86 87 88 90 91 93 92 91 92 91 89 86 86 88 89 90 91 91 90 88 90 96 92 89 88 87 87 86 85 85 86 86 87 87 87 84 83 85 87 85 74 65 65 74 83 86 84 83 82 78 79 80 82 82 81 81 78 78 77 76 77 77 78 81 82 83 84 83 81 80 82 83 84 84 84 84 83 82 81 80 79 78 78 77 79 79 81 83 
