UP
39 39 39 39 39 39 38 39 39 39 40 40 40 40 40 40 40 40 40 40 41 41 41 41 41 41 43 41 40 40 41 40 39 41 42 43 42 42 43 44 43 42 41 40 40 41 41 41 43 43 44 43 42 42 42 42 43 43 44 44 44 44 42 39 38 39 40 39 38 37 36 36 35 35 34 34 35 36 35 30 25 22 26 29 27 29 31 27 21 19 19 19 20 23 25 25 23 21 21 22 22 22 23 24 25 25 23 21 20 17 14 15 16 13 11 13 13 13 14 16 17 19 19 20 21 22 22 20 17 16 13 13 14 15 16 15 14 16 16 16 17 17 17 18 17 15 13 13 13 13 12 11 12 14 15 14 12 11 10 10 10 10 10 10 10 10 9 8 7 7 8 7 7 8 8 8 9 9 7 7 9 10 9 9 9 10 10 9 7 7 6 6 6 9 9 8 8 9 9 8 9 8 8 9 9 8 7 9 8 8 8 8 8 9 9 8 6 7 11 20 24 30 11 20 44 14 10 10 8 8 10 9 8 7 8 9 9 10 11 10 10 9 9 9 9 10 10 10 9 9 
40 39 40 41 39 38 36 34 35 36 37 39 39 39 39 39 38 36 35 34 33 35 37 38 37 39 42 38 35 34 34 35 35 38 39 40 40 39 39 39 38 36 34 32 32 34 35 33 33 34 34 34 33 33 34 34 35 35 35 35 34 33 30 27 26 27 29 27 25 24 24 22 21 20 20 20 20 20 19 16 13 11 13 15 14 14 14 12 12 12 11 11 11 12 13 14 13 12 12 13 13 13 13 14 14 14 13 12 11 13 11 11 12 11 11 12 10 10 11 11 11 12 12 11 12 13 13 13 12 12 13 13 13 13 13 12 12 12 12 12 12 12 11 12 12 11 10 11 11 11 11 11 12 12 12 11 9 10 10 10 10 11 10 10 10 10 9 8 8 9 9 8 7 8 8 9 10 10 7 7 8 9 9 9 10 8 8 7 6 6 6 7 7 8 7 6 6 7 9 9 9 8 9 9 9 9 8 8 8 8 10 8 10 15 10 7 6 9 26 48 46 42 12 7 13 8 8 9 8 8 7 7 6 8 8 7 9 11 11 11 10 10 9 9 10 10 10 9 9 9 
37 35 37 38 34 30 26 24 25 25 26 30 32 32 32 31 28 25 23 22 21 23 27 27 28 30 29 26 22 19 19 20 21 25 25 26 27 26 26 25 23 21 18 17 17 19 20 19 17 17 17 18 18 18 18 19 19 19 19 18 18 17 15 13 12 12 13 13 13 13 13 12 11 10 10 11 11 11 10 10 10 10 10 10 10 10 10 10 10 10 10 9 10 10 10 11 11 11 12 12 12 11 13 13 12 12 11 11 11 12 11 10 11 12 12 12 11 11 11 11 11 12 12 11 10 10 10 11 12 12 13 12 11 10 10 10 11 11 12 13 13 12 12 12 13 13 12 12 12 12 11 11 11 10 10 10 9 10 10 10 10 10 10 10 10 10 9 9 10 10 9 8 6 7 8 8 10 9 8 8 9 10 9 8 9 10 10 10 9 9 9 10 9 8 8 8 8 8 8 9 7 8 9 9 9 10 10 8 9 10 14 11 15 22 14 8 6 7 34 64 52 41 11 8 7 9 8 8 8 7 7 7 7 8 7 6 8 9 8 8 8 8 7 7 8 7 8 8 8 9 
24 23 24 24 22 17 14 14 15 15 15 16 17 18 18 17 15 13 12 12 11 12 14 14 14 15 15 13 11 9 9 9 10 11 12 12 12 12 12 12 12 12 11 11 11 12 12 11 11 11 11 11 11 11 11 11 10 10 10 11 11 12 11 9 8 9 9 10 10 10 10 10 10 9 10 10 10 10 10 10 10 10 10 10 10 10 9 9 9 9 9 9 9 9 9 10 10 10 11 11 10 10 11 10 10 10 9 9 9 10 10 9 10 10 10 10 9 9 10 10 10 10 10 10 9 8 8 9 9 10 10 10 9 9 9 9 10 10 11 11 12 12 12 12 12 11 11 11 11 11 10 10 10 10 10 11 10 11 11 10 10 9 9 8 8 8 8 9 10 10 10 9 7 8 9 8 10 9 10 11 11 11 9 8 8 11 12 11 10 10 10 10 10 9 9 9 9 8 6 8 7 8 9 8 8 9 11 9 11 15 16 13 14 18 13 9 7 7 35 66 53 42 12 9 7 9 8 8 7 7 8 8 7 6 6 7 6 6 8 7 7 7 6 6 7 6 7 7 7 7 
11 11 11 11 10 9 9 10 11 11 10 10 10 11 12 12 12 12 11 11 11 11 11 11 11 12 12 11 11 10 10 10 11 12 12 12 12 12 11 11 11 11 12 13 12 12 12 11 12 12 12 12 11 11 10 10 9 9 10 11 11 10 9 9 8 8 8 8 9 8 8 8 9 9 9 9 9 9 9 9 10 10 10 10 10 10 9 9 8 8 8 8 8 8 8 8 8 9 9 9 9 9 9 9 9 9 8 8 8 9 9 8 9 9 8 8 7 7 7 7 8 8 8 10 9 8 7 8 9 9 9 9 9 8 8 8 8 8 8 9 10 10 10 10 10 10 10 10 10 10 10 10 10 9 10 10 9 9 10 9 8 9 8 8 8 7 7 8 8 9 9 9 7 9 10 10 11 10 7 7 8 8 7 6 8 9 9 9 8 6 5 5 8 8 9 8 7 7 7 8 8 9 9 8 8 9 9 8 9 11 8 10 10 10 9 8 8 8 37 71 55 46 14 11 8 10 9 8 7 7 8 8 7 5 6 7 4 4 7 8 7 7 6 6 8 7 7 8 8 7 
10 10 10 10 9 9 9 10 10 11 10 10 9 10 11 12 12 12 11 10 10 10 10 10 10 10 10 10 11 11 11 12 12 13 12 12 12 11 11 11 10 10 11 11 11 11 10 10 11 12 11 11 10 10 8 8 8 9 9 9 9 8 8 9 9 9 9 9 8 7 7 7 7 8 8 8 8 8 8 9 9 9 9 10 9 9 9 8 8 8 8 7 7 6 6 7 7 8 8 8 8 8 9 9 9 9 9 9 9 9 8 8 8 8 8 7 7 7 7 7 7 7 7 8 7 7 6 7 8 9 9 9 8 8 7 7 7 8 8 8 8 9 9 9 10 9 9 9 9 9 9 10 9 8 8 8 7 7 8 7 7 8 8 8 7 7 7 7 7 7 7 7 6 8 9 10 11 10 5 4 4 4 4 5 6 8 9 8 7 5 4 4 5 7 8 7 6 6 8 6 8 8 7 6 6 7 7 6 7 5 3 6 7 4 6 7 8 8 41 76 57 48 15 12 10 11 9 9 8 8 9 8 7 6 6 6 6 6 7 7 7 7 6 6 8 7 7 8 8 7 
10 10 10 10 9 9 9 9 9 9 9 9 9 9 10 10 10 10 9 9 10 9 9 9 10 10 10 10 11 11 12 12 11 11 11 10 9 9 9 9 10 10 9 9 9 9 9 9 10 10 10 9 9 9 9 9 9 9 8 7 7 7 7 8 8 9 9 9 8 7 6 6 7 7 7 8 8 8 8 8 8 8 8 8 8 8 8 8 8 8 7 7 6 6 6 7 8 8 8 7 7 8 8 9 9 9 9 9 9 9 8 7 7 7 8 8 8 8 8 8 8 8 8 7 6 6 6 7 8 8 8 8 8 7 7 7 7 9 9 9 8 8 9 9 9 8 8 8 8 8 8 8 7 7 7 7 5 5 6 5 5 6 6 6 6 6 5 5 5 5 6 6 4 6 6 6 7 6 5 4 3 4 4 5 6 6 6 6 5 4 4 3 3 4 6 7 8 7 6 4 5 5 5 4 4 4 4 4 4 4 3 4 4 3 4 7 9 9 42 77 56 47 15 12 9 10 8 8 8 8 9 9 9 8 8 8 9 9 7 5 6 7 6 6 8 6 8 8 7 7 
8 9 9 8 8 8 9 9 8 8 9 8 8 8 9 10 10 10 9 10 10 10 9 10 11 11 11 11 11 11 10 10 10 10 9 9 8 8 9 9 10 10 9 9 9 9 9 9 10 10 9 8 8 10 11 11 11 10 9 8 7 7 7 7 8 9 9 9 9 8 7 7 7 7 8 8 8 8 8 8 8 8 8 8 8 8 8 8 8 8 7 7 7 7 7 8 9 9 8 7 7 8 9 9 9 9 10 10 10 10 8 7 7 8 9 9 9 9 8 8 8 8 8 7 7 7 7 8 8 8 7 7 8 8 8 7 8 10 10 9 8 8 8 8 8 8 7 7 7 7 7 7 7 7 8 7 5 4 3 3 3 3 3 3 3 4 3 3 3 3 4 4 3 3 3 3 4 3 3 2 2 4 6 6 7 2 2 3 3 3 2 2 3 3 4 8 10 7 4 7 8 7 6 6 5 4 3 3 3 3 5 2 3 3 4 7 9 8 40 75 54 44 13 9 6 7 5 6 6 7 7 8 10 13 13 9 8 7 6 6 6 7 7 7 8 7 9 9 8 7 
8 9 8 7 8 8 9 9 8 8 9 8 7 7 8 9 10 10 9 9 9 9 7 8 9 9 8 8 8 8 7 7 7 7 7 7 7 7 8 9 8 8 8 8 7 7 7 8 9 8 7 6 7 9 10 10 9 9 8 8 8 8 8 8 8 9 10 10 10 10 9 9 9 9 9 9 9 9 9 9 9 8 8 9 9 10 10 10 9 8 7 7 8 9 10 10 11 10 8 7 8 9 9 9 10 10 11 11 11 11 10 9 10 10 11 11 9 9 9 9 9 9 8 8 9 9 9 9 9 9 8 8 9 9 9 8 9 11 10 9 9 8 9 9 9 8 8 8 8 8 8 8 8 8 9 7 4 3 3 2 3 3 3 3 4 4 3 3 2 3 4 4 2 3 3 2 3 2 4 3 4 8 13 13 12 3 2 3 3 3 3 3 3 3 3 5 6 5 5 18 18 15 12 12 11 9 6 9 8 3 6 2 3 4 4 7 9 7 36 72 54 42 11 6 3 4 3 4 4 4 5 6 8 12 15 13 7 6 7 8 6 7 8 8 7 7 9 9 8 8 
6 7 7 6 6 7 8 9 7 8 9 8 7 7 8 8 7 7 6 8 9 8 7 8 9 8 7 7 7 7 7 7 7 6 6 7 7 8 9 9 8 8 9 9 8 8 8 8 9 9 7 6 7 9 9 9 9 9 9 10 10 9 9 9 9 9 10 11 11 11 11 11 10 11 11 10 10 11 10 9 9 9 10 10 11 11 12 11 9 8 8 8 9 11 12 12 11 11 9 8 8 9 10 10 10 11 11 11 12 12 11 12 12 13 12 12 10 10 10 10 10 10 9 8 9 9 9 9 8 8 10 10 10 10 10 8 9 12 11 10 10 10 10 10 10 10 9 9 9 9 9 9 9 9 9 7 4 3 3 3 4 5 5 6 6 7 6 4 3 3 4 4 3 3 3 3 3 3 2 2 3 6 10 10 7 3 3 3 3 3 3 3 2 3 3 2 2 3 8 32 29 23 20 20 18 14 14 27 20 4 6 2 6 3 3 6 8 7 34 71 55 43 11 5 3 3 2 3 3 3 3 4 6 7 11 16 11 9 8 6 5 7 7 7 6 6 8 8 6 7 
9 10 9 7 6 6 9 9 6 10 9 9 6 7 9 8 7 7 9 8 7 6 6 7 7 7 6 7 7 7 7 7 6 7 8 8 8 7 7 7 6 7 9 11 9 9 9 9 11 11 9 7 7 8 8 8 9 9 8 8 9 9 10 9 9 9 10 10 9 9 10 9 8 9 11 9 10 15 10 9 10 9 11 9 9 11 12 10 9 8 8 9 10 10 10 11 10 12 12 9 9 7 8 7 8 10 9 9 11 10 10 10 11 10 10 10 10 10 10 9 8 9 9 10 10 7 7 8 6 8 9 9 7 8 8 6 8 10 9 9 9 9 8 8 9 10 9 9 7 8 9 9 11 11 9 6 4 2 3 3 5 7 6 8 9 10 8 4 3 3 2 2 4 3 3 3 3 3 2 2 3 4 4 4 4 2 2 3 3 3 2 3 3 2 3 2 5 3 9 37 28 22 19 19 18 16 22 56 35 5 7 3 4 2 4 5 8 8 32 71 51 40 10 4 4 3 3 4 3 4 4 5 6 6 9 12 16 16 7 4 5 8 6 5 5 6 7 10 6 5 
9 9 8 6 6 8 8 7 10 10 8 6 5 6 7 8 8 7 7 7 7 7 7 8 7 6 5 6 7 8 8 7 6 5 7 8 7 6 6 5 6 6 9 10 9 8 8 10 11 11 9 7 7 7 6 7 7 7 7 8 8 7 7 8 8 8 8 9 9 8 7 6 6 7 6 7 9 8 6 8 7 8 10 7 9 9 9 11 9 8 8 8 10 11 11 11 9 10 11 9 10 9 8 8 9 10 9 9 10 10 10 10 10 10 10 10 9 9 9 8 8 8 10 11 9 9 5 9 5 7 6 6 5 6 6 5 7 7 6 6 7 7 6 6 7 6 6 7 6 6 7 7 8 8 9 8 6 5 4 3 5 10 7 8 5 6 7 4 3 3 3 3 6 3 3 3 3 3 2 3 3 3 3 3 2 2 2 3 3 3 2 3 3 2 3 2 3 2 7 31 24 19 17 18 18 16 26 47 28 5 6 4 5 5 8 8 8 8 32 69 56 39 9 7 3 6 4 4 4 4 4 5 5 6 7 7 11 17 12 6 7 7 5 6 6 6 8 22 12 6 
8 8 7 6 8 10 8 6 8 8 5 12 9 6 6 7 8 8 7 8 7 7 7 8 7 6 5 6 8 9 8 7 6 6 7 8 8 7 6 5 6 6 8 10 9 8 8 10 10 9 9 8 7 6 5 7 6 6 8 9 8 7 7 7 8 8 8 9 10 9 7 7 8 10 7 6 7 6 8 8 10 8 7 6 12 11 8 7 8 7 7 8 9 10 11 12 9 9 10 8 9 8 8 8 9 9 9 8 9 10 9 9 9 9 9 9 9 9 9 8 7 8 9 12 11 12 7 6 7 8 6 6 5 6 6 6 9 9 6 7 9 9 7 8 9 7 6 9 8 8 9 8 7 7 8 7 6 6 5 3 6 14 6 6 3 4 5 3 2 2 2 3 7 4 3 2 3 2 3 3 3 3 2 2 2 2 3 3 3 2 2 2 3 2 3 2 3 2 7 32 25 20 19 20 19 16 15 21 14 8 8 11 12 9 14 10 7 8 34 71 57 39 9 9 3 6 5 4 4 4 4 5 5 5 5 5 8 13 16 11 8 4 5 8 9 7 8 36 16 4 
7 6 5 5 7 8 8 6 15 5 10 9 10 8 6 7 9 11 10 11 8 6 6 7 8 8 7 8 9 10 9 7 5 7 8 9 8 7 6 6 6 7 8 10 9 8 8 9 8 7 7 7 5 4 5 7 7 7 11 11 7 6 7 7 8 8 8 8 9 9 8 8 11 12 10 7 5 8 13 9 14 13 8 5 10 12 8 5 7 8 7 6 7 8 9 15 9 8 8 7 7 7 7 8 8 8 7 7 8 9 9 8 8 8 8 8 9 9 8 7 7 6 7 13 19 14 12 3 9 7 3 4 4 5 4 4 8 8 5 5 8 8 6 7 9 5 5 7 7 5 8 8 6 6 7 6 5 6 4 3 7 15 4 2 3 4 3 3 4 5 4 4 8 4 2 2 3 2 2 3 3 3 3 3 3 3 3 3 3 2 2 2 2 2 3 2 2 3 8 34 27 22 21 21 19 17 16 15 13 14 9 12 11 12 19 12 6 8 36 74 52 40 9 8 8 5 5 4 4 4 4 5 5 4 4 6 7 7 13 14 11 5 6 6 7 6 9 47 19 4 
5 4 3 3 4 5 5 3 21 49 9 6 8 8 7 8 11 12 11 10 7 5 5 6 7 7 6 7 9 9 8 6 5 7 7 7 6 5 6 6 6 6 8 10 9 8 7 8 6 6 6 6 5 4 5 7 7 8 13 10 6 5 5 5 6 6 6 5 6 7 6 6 9 9 7 6 4 8 15 10 8 12 15 8 6 6 7 6 7 7 6 6 6 7 7 16 9 6 7 6 6 7 6 7 7 7 6 6 6 8 8 7 7 7 7 7 9 9 8 7 6 5 6 14 23 11 16 6 6 6 4 5 5 6 5 5 9 9 4 5 8 7 5 7 9 5 4 7 7 5 6 6 4 5 6 6 5 5 3 4 5 10 1 1 2 2 3 7 16 18 11 4 7 4 2 2 3 3 2 2 3 3 3 3 3 3 3 3 3 2 2 3 2 3 2 2 2 3 6 20 16 14 14 14 13 11 13 10 14 20 11 14 10 14 21 13 6 8 37 73 51 41 9 7 15 8 4 4 4 4 4 5 4 4 4 7 6 4 9 14 16 11 8 2 2 4 10 56 25 6 
2 2 2 2 3 3 2 5 8 78 80 9 7 5 7 9 11 10 9 6 5 6 6 5 5 4 4 5 6 7 7 6 6 6 6 5 5 4 5 6 6 6 7 9 8 7 6 7 6 6 6 6 5 5 4 5 6 7 9 7 5 5 4 5 5 6 5 4 6 8 6 6 8 7 5 7 8 7 13 14 7 7 17 18 11 5 5 7 6 6 5 5 5 6 6 15 7 5 6 6 6 6 6 6 6 5 5 6 6 7 7 7 7 7 7 6 8 8 7 6 5 5 6 11 17 10 14 17 4 7 7 7 7 9 6 6 10 10 5 6 8 7 6 8 9 6 5 9 8 6 7 6 4 4 5 3 3 4 5 3 2 4 1 1 1 2 6 18 31 27 12 3 7 4 2 2 3 3 3 3 3 3 3 3 3 3 3 3 3 2 3 3 3 3 2 2 2 2 3 6 4 4 5 6 5 4 2 2 8 15 11 16 10 12 17 11 7 9 36 69 55 41 8 9 18 20 4 5 4 4 4 4 4 4 5 5 4 4 8 10 14 18 14 5 3 3 8 52 27 5 
1 1 2 2 3 1 4 4 2 28 104 52 5 6 7 7 6 6 6 4 5 6 6 5 4 3 4 4 4 5 5 6 6 5 5 5 5 5 6 6 6 5 7 9 8 7 6 7 6 6 6 6 6 6 5 5 6 6 5 5 6 6 5 5 6 6 6 5 7 10 8 8 10 8 5 7 9 7 13 24 18 8 14 21 20 10 6 6 6 6 5 5 5 5 5 14 6 4 5 5 5 6 5 6 5 4 5 6 6 6 6 7 7 6 6 5 7 7 6 6 5 5 6 10 19 18 12 22 10 10 8 6 5 7 5 4 9 9 4 5 7 5 4 6 7 4 4 7 6 4 7 8 5 5 4 2 2 4 5 3 1 2 1 2 2 5 15 28 32 21 7 2 6 4 2 2 3 3 3 3 3 3 3 3 3 3 3 3 3 2 3 3 3 3 2 2 2 3 2 2 2 2 3 3 3 3 2 2 5 5 4 5 3 6 9 7 6 9 36 70 54 42 11 8 17 24 5 5 4 4 4 4 3 4 5 4 4 5 6 8 15 26 18 13 10 6 14 60 35 4 
2 2 2 2 1 2 1 2 5 4 23 59 22 9 7 4 3 3 5 5 6 6 5 4 4 5 4 4 4 4 5 5 5 4 5 5 5 5 5 6 6 6 7 10 9 7 6 6 6 6 6 6 6 6 6 7 7 5 4 5 7 7 6 5 6 6 6 4 6 9 6 6 10 8 6 6 6 7 12 33 43 21 12 15 21 15 8 7 7 6 6 5 5 4 4 15 7 4 5 5 4 4 6 6 5 4 5 6 7 5 6 7 7 6 5 5 5 6 6 5 5 6 7 10 27 34 15 15 28 18 16 11 9 10 8 8 14 15 8 9 11 8 7 9 10 7 7 10 8 5 8 8 5 6 5 4 5 4 5 2 1 1 1 2 2 8 26 35 30 17 6 2 6 4 2 2 3 3 3 3 3 3 3 3 3 3 3 3 3 3 3 3 3 3 2 3 2 4 3 3 3 3 4 4 4 3 3 2 4 2 2 2 1 2 4 4 6 10 37 76 50 44 15 5 16 16 5 4 4 4 4 4 4 3 4 4 4 5 4 8 25 38 18 15 15 11 34 92 58 7 
3 1 3 2 1 2 3 1 2 4 4 15 55 13 6 7 5 4 4 6 6 6 5 5 4 4 5 5 5 5 4 4 5 5 4 4 5 6 6 6 5 6 6 8 9 4 7 7 6 5 5 6 4 7 6 5 5 7 6 7 6 6 5 5 6 7 6 5 8 11 6 7 14 11 7 5 6 8 9 21 40 34 18 17 33 15 13 9 7 7 9 6 6 5 4 19 6 4 6 4 4 5 6 6 5 5 5 6 6 6 6 6 8 7 5 6 4 5 6 7 7 6 6 11 26 29 18 17 27 29 35 46 45 50 45 39 46 47 46 42 39 45 40 38 35 40 37 27 27 33 34 39 40 23 8 4 4 4 3 4 7 5 2 2 10 12 17 24 28 25 11 3 6 6 3 3 4 3 4 3 2 2 3 3 2 3 3 3 2 3 3 3 3 2 2 3 2 2 3 2 2 3 2 3 5 3 2 3 2 3 5 2 2 2 5 8 6 11 33 72 50 57 24 8 14 14 8 5 3 5 6 4 4 4 4 4 3 4 5 7 10 42 15 11 14 27 67 129 89 16 
3 1 2 1 1 2 3 1 2 4 2 5 15 51 10 4 4 4 5 6 5 5 5 5 5 4 4 4 4 4 4 5 6 5 4 4 5 5 5 5 5 5 5 8 9 4 6 5 5 5 5 10 5 5 6 6 7 7 6 5 5 6 6 5 5 6 6 5 7 10 5 6 13 9 7 6 6 7 7 12 22 32 18 10 24 13 15 16 9 6 7 4 4 5 5 24 9 5 7 6 8 9 6 5 5 5 5 5 6 5 6 5 6 5 4 6 8 6 5 5 7 9 11 14 26 24 29 25 19 29 28 42 53 38 38 49 38 32 35 36 36 40 37 39 38 40 39 35 33 35 34 35 37 22 8 4 3 2 1 4 6 6 4 4 18 17 23 29 31 30 12 3 5 3 2 4 4 2 3 3 3 2 3 3 3 3 3 3 2 3 4 5 3 2 4 4 2 2 2 3 3 3 2 3 5 3 3 2 1 2 5 3 4 2 3 6 5 9 34 78 56 54 24 12 17 16 11 7 5 5 5 3 3 3 3 4 4 4 4 4 6 27 16 11 12 19 36 86 113 16 
6 2 1 2 1 2 2 1 2 3 2 3 5 22 45 7 3 3 4 4 4 5 5 5 4 4 3 4 4 4 5 5 6 6 5 5 5 4 4 5 5 5 5 7 9 4 6 4 6 7 5 7 6 5 6 5 6 6 7 4 5 6 6 6 5 5 7 7 8 12 6 8 15 9 7 6 6 7 6 9 14 38 24 9 21 11 12 15 12 9 9 4 4 4 5 19 7 4 6 7 9 11 5 5 5 5 5 5 5 7 9 9 9 7 6 9 7 12 20 27 30 28 28 40 48 56 67 95 78 42 29 28 39 37 19 17 20 17 14 17 22 22 15 17 16 13 12 16 13 11 14 18 18 10 4 3 3 3 2 4 5 4 2 3 13 9 19 25 28 27 10 4 7 5 3 3 3 3 2 3 3 3 2 2 2 2 3 4 4 3 3 5 3 3 4 4 4 4 2 3 3 3 2 4 5 3 3 2 2 2 3 2 3 3 2 6 5 8 31 72 52 45 20 16 17 15 12 7 5 4 4 3 4 4 4 5 5 4 4 4 4 13 19 11 9 12 15 36 89 25 
14 8 2 3 2 1 1 1 2 2 3 2 4 6 29 40 6 3 3 4 4 4 4 4 3 3 3 4 4 4 4 4 5 6 5 5 4 4 3 4 5 5 6 7 8 5 8 6 5 7 5 3 3 5 7 4 4 6 10 6 6 6 5 6 7 6 6 6 8 11 5 6 13 8 6 6 6 7 7 11 17 31 22 14 32 20 20 25 34 35 38 29 27 24 22 31 23 22 26 26 26 29 29 29 29 29 29 29 29 33 40 41 41 37 32 36 38 42 47 48 47 45 44 44 50 69 67 105 112 54 37 22 28 52 31 11 14 9 5 9 12 9 4 9 12 5 3 11 8 4 6 10 9 4 2 3 4 3 1 2 3 3 2 6 14 13 26 29 34 24 7 2 5 5 3 3 3 4 3 3 3 2 2 2 2 2 3 4 3 3 3 3 4 3 2 2 4 5 2 3 2 2 3 5 6 4 2 3 3 2 4 3 2 4 3 6 5 10 29 57 47 40 16 16 14 10 10 6 4 4 4 3 6 8 8 6 4 3 4 4 4 6 18 11 6 10 11 19 52 56 
23 11 1 2 1 1 1 2 2 1 3 3 3 4 10 34 34 6 4 4 4 5 4 3 3 3 4 4 4 4 4 4 5 6 4 4 4 4 4 4 3 4 6 6 7 6 9 7 6 8 9 9 8 6 5 4 5 4 9 5 8 7 5 8 12 9 6 7 12 15 5 6 15 12 8 6 9 14 12 14 20 28 31 36 64 44 41 42 51 52 61 57 63 62 55 66 69 73 77 73 70 77 66 63 63 63 62 62 62 60 65 61 60 59 52 54 58 53 47 41 38 40 40 40 57 62 52 70 84 83 49 26 19 31 52 39 11 7 5 9 10 5 4 12 14 6 4 15 11 4 5 8 9 6 4 5 4 5 5 4 2 3 5 8 10 15 24 26 34 17 4 3 5 5 5 5 3 2 4 3 3 3 3 3 3 2 5 4 2 3 5 4 5 6 5 3 3 5 3 3 3 3 4 6 8 5 4 3 3 4 16 12 3 5 5 5 5 21 47 61 49 41 14 11 10 6 7 5 3 7 6 3 7 11 10 7 3 2 3 3 3 4 14 12 4 11 13 12 21 39 
45 19 2 2 2 2 1 2 2 1 2 3 2 3 4 13 40 29 8 5 6 6 6 5 5 6 7 7 7 7 7 8 9 10 8 7 8 8 9 11 11 13 19 16 17 19 29 64 85 53 28 23 19 10 11 21 27 13 16 14 22 10 6 12 22 16 8 12 25 27 11 10 25 25 14 7 15 28 19 13 17 20 25 29 47 31 27 25 32 32 38 37 47 50 47 45 50 50 49 47 46 55 52 50 48 47 47 46 47 45 44 36 34 36 35 36 31 31 31 32 30 28 25 30 45 34 23 51 67 67 53 28 11 11 40 45 22 10 4 7 12 8 5 9 10 5 4 11 7 2 5 16 29 32 32 29 18 14 17 14 2 5 13 11 9 21 22 26 35 15 6 7 8 6 5 4 4 5 9 7 5 4 4 4 4 3 7 8 6 8 9 5 6 16 19 10 4 6 7 5 5 5 5 8 9 5 5 5 7 20 54 29 6 7 7 5 6 40 82 77 46 34 9 5 6 4 4 3 3 11 13 7 11 13 12 8 4 4 5 4 4 4 11 14 6 12 19 12 14 18 
36 15 2 1 2 2 1 2 2 1 1 2 2 2 3 5 17 44 22 8 8 8 8 7 8 9 11 11 12 12 13 14 16 16 15 13 11 10 12 16 14 14 21 19 21 23 29 71 106 52 22 25 26 13 11 28 36 14 16 17 29 14 8 17 32 23 10 14 29 33 12 10 28 32 18 8 19 40 22 10 17 21 21 17 31 23 21 19 19 17 20 17 23 27 29 27 32 27 24 26 27 35 35 33 30 28 28 28 29 28 29 23 23 28 30 35 37 29 23 22 21 20 19 26 28 16 8 50 68 43 43 26 10 14 27 44 55 23 6 8 19 18 9 13 20 17 9 7 4 2 4 14 27 31 32 30 20 14 17 15 3 9 24 23 20 28 17 23 26 13 7 7 11 11 9 6 7 15 20 18 14 11 9 8 7 7 10 13 16 17 12 5 6 17 25 15 8 11 13 8 9 10 9 11 13 8 9 11 16 40 70 31 12 14 10 7 6 40 77 62 28 17 4 2 3 2 2 2 3 10 14 12 15 15 13 11 7 8 9 7 6 7 9 13 10 14 25 13 11 9 
20 11 3 2 1 1 1 1 1 1 1 2 2 3 3 4 5 19 46 16 11 11 9 8 9 11 12 13 13 13 14 16 17 17 17 14 9 6 7 14 16 13 19 19 22 23 31 87 97 30 15 28 27 13 10 26 34 13 19 19 33 14 8 17 34 23 10 14 31 35 13 10 29 35 20 8 19 43 22 10 23 40 30 14 27 24 19 17 15 16 21 16 17 21 25 24 29 22 21 25 25 30 27 24 21 19 18 19 20 26 36 38 42 50 56 65 79 51 29 20 20 21 21 24 18 8 8 29 37 46 36 29 23 19 22 38 54 42 24 26 33 31 27 38 47 41 18 4 2 2 5 13 19 16 16 19 15 11 11 11 5 10 23 30 31 29 15 28 31 38 32 31 40 45 44 30 14 12 27 30 29 25 22 21 21 20 13 14 20 19 12 9 3 8 15 13 11 16 18 14 17 19 18 20 22 17 20 22 24 37 46 22 20 22 13 8 5 22 40 29 12 6 1 2 2 2 2 2 3 5 8 10 12 12 13 12 7 9 13 10 9 9 6 9 14 14 30 19 10 10 
10 9 6 3 2 2 1 1 2 1 1 1 1 2 3 3 3 4 25 51 15 10 9 8 8 11 11 9 8 9 12 15 17 15 18 12 5 2 5 14 16 12 15 16 21 29 51 114 69 15 11 33 30 11 10 20 30 12 22 18 30 12 8 17 27 18 9 13 33 38 12 11 22 27 14 8 16 32 25 17 32 51 37 11 23 29 19 13 11 12 16 15 17 22 25 22 30 18 26 32 28 24 15 14 14 15 13 10 10 15 19 22 28 33 34 38 56 47 28 16 16 18 18 21 17 12 13 19 21 32 27 31 33 28 31 44 55 60 53 63 72 65 58 66 77 59 17 3 4 3 7 12 14 15 14 14 13 13 12 10 7 8 12 16 17 20 9 32 25 36 33 34 32 36 71 101 46 10 24 36 39 29 26 32 31 33 19 12 11 15 23 18 4 6 9 9 9 11 14 12 16 17 17 20 24 22 25 26 27 30 29 21 20 18 10 6 4 9 12 9 5 3 2 2 2 2 2 2 2 4 5 5 5 7 11 10 9 8 12 10 11 9 10 9 12 13 23 19 10 9 
6 8 6 2 2 2 2 2 2 1 1 1 1 2 3 2 2 4 6 36 44 15 10 14 17 11 7 6 6 7 10 13 16 15 15 7 3 2 5 14 16 12 15 17 22 29 48 89 43 12 10 27 25 10 9 15 23 12 27 14 21 12 9 15 21 15 11 12 27 32 14 15 16 16 8 8 13 19 20 18 24 37 30 9 24 37 27 21 17 25 36 34 29 27 27 29 40 22 46 52 34 30 10 6 6 11 12 7 4 6 5 6 10 12 11 10 18 24 18 14 19 26 33 48 46 42 43 49 50 46 47 54 54 50 53 60 63 62 69 79 78 67 65 70 70 43 11 5 6 5 19 25 15 13 12 10 10 11 11 10 9 8 9 13 11 17 11 27 30 38 17 16 9 25 56 68 43 17 19 26 29 17 18 32 35 26 16 5 6 10 70 110 9 9 9 8 6 6 8 9 12 13 14 18 22 21 22 23 24 24 22 17 15 12 6 3 3 4 3 3 3 2 2 2 2 2 2 2 2 3 5 4 4 4 6 8 12 10 12 8 9 10 12 7 10 14 14 16 10 9 
5 8 6 4 3 2 2 2 1 1 1 1 1 2 2 2 2 3 4 8 41 45 22 22 24 20 22 13 8 8 11 13 13 13 9 4 3 3 4 9 12 9 12 15 19 19 23 37 22 13 13 16 15 11 11 13 15 11 31 16 18 15 10 12 15 12 13 14 21 25 17 22 18 19 12 12 14 14 16 15 15 22 21 9 23 33 26 23 19 29 36 30 24 26 34 30 36 19 39 42 23 23 11 8 7 11 14 10 11 16 16 14 16 22 22 16 22 27 24 26 33 40 49 58 58 55 55 59 58 54 54 56 53 51 53 54 53 54 57 55 49 46 49 50 36 17 6 5 4 6 30 38 22 17 17 16 14 16 14 11 10 10 10 12 19 28 33 36 45 44 9 8 4 22 30 24 46 51 22 15 17 9 9 19 23 13 12 5 9 5 55 96 10 9 8 7 5 4 6 12 16 16 16 19 21 19 18 19 19 18 15 13 11 9 6 4 4 5 4 4 5 5 5 6 5 5 6 6 5 6 5 4 4 3 3 5 10 10 14 8 5 7 12 6 10 15 10 11 8 7 
4 8 8 8 4 1 2 1 1 1 1 1 2 2 2 2 2 2 3 3 13 51 59 36 32 46 57 28 12 12 18 17 11 7 4 3 3 2 3 8 14 12 17 18 25 19 15 18 20 25 25 20 19 22 22 25 21 19 40 29 32 32 27 26 25 21 23 29 35 33 29 36 29 32 29 27 24 27 28 20 20 21 20 11 18 21 16 16 13 17 15 13 17 23 32 19 22 12 19 20 12 11 14 15 14 19 22 21 29 31 34 33 33 38 37 29 38 39 34 36 38 38 43 44 44 43 43 43 40 37 40 39 37 38 41 40 38 41 38 35 38 44 39 30 16 8 7 6 2 9 38 47 39 42 50 45 34 27 19 11 8 8 13 23 48 64 63 51 43 35 12 11 11 16 17 23 42 60 24 13 18 15 14 17 17 9 10 11 12 8 16 23 10 9 8 9 9 9 10 16 19 18 17 18 17 15 16 18 19 18 17 17 17 15 13 13 15 17 18 20 21 19 19 21 21 22 21 22 27 23 9 3 3 4 3 2 5 7 14 9 3 4 9 7 10 15 10 7 5 6 
13 13 12 16 8 2 2 1 1 1 1 1 2 2 2 2 3 3 3 3 4 23 64 58 45 46 58 35 23 26 29 23 13 3 2 2 2 2 3 16 31 28 31 29 40 30 26 25 31 37 36 29 29 32 31 43 46 47 54 37 39 40 37 36 33 30 32 36 40 38 35 44 37 37 37 37 30 34 30 18 19 22 23 18 22 22 18 20 16 18 17 19 25 24 21 13 16 19 20 14 13 10 13 15 14 20 23 24 34 32 35 36 36 36 35 35 39 37 34 37 36 32 36 33 33 33 33 32 31 31 34 33 32 32 35 34 32 33 33 30 33 37 28 18 9 7 7 5 1 14 44 49 44 45 49 42 31 21 14 10 9 12 21 39 54 63 47 34 29 34 22 18 17 19 13 13 17 29 22 17 20 24 24 29 32 28 16 20 14 27 23 17 17 15 15 16 18 19 19 18 20 20 19 20 19 18 20 23 25 25 26 30 31 30 29 29 31 33 34 36 35 29 28 29 30 31 30 32 41 35 14 5 3 4 3 2 3 5 12 8 5 3 3 5 10 14 7 5 5 6 
29 26 25 29 15 3 2 1 1 1 1 1 1 1 2 2 3 3 3 3 4 4 25 65 54 25 26 24 25 28 27 19 11 2 2 2 2 2 4 17 30 27 28 23 37 30 27 22 24 24 23 23 24 24 25 41 57 71 70 39 33 31 31 29 27 27 30 30 29 30 30 40 41 40 30 30 27 24 19 11 11 16 22 23 27 27 21 22 21 24 23 20 22 22 18 18 13 21 19 9 10 8 8 10 9 12 12 13 22 19 19 22 23 20 22 30 27 26 24 27 26 22 25 21 21 22 23 23 25 26 25 26 24 22 23 24 23 25 24 20 19 19 14 8 4 4 3 2 2 16 39 37 28 20 15 13 10 8 6 6 14 25 27 26 22 19 11 8 20 37 30 23 13 21 21 18 21 14 25 23 20 25 25 30 36 40 23 25 23 44 38 27 27 25 24 25 27 28 26 25 25 25 26 28 28 27 27 29 31 31 33 37 38 36 34 34 34 34 34 33 30 22 19 19 18 19 19 21 24 22 12 6 3 3 3 4 4 5 11 5 7 7 2 2 8 14 6 4 6 6 
32 34 36 32 14 2 1 1 1 1 1 1 2 2 2 2 2 2 2 3 4 3 6 41 65 41 21 19 18 17 14 8 4 2 2 2 3 2 3 12 15 13 15 13 32 27 24 12 11 9 9 11 12 13 14 22 37 58 74 42 34 28 28 24 22 25 27 27 24 22 20 27 33 35 20 21 22 18 16 13 13 12 15 18 19 19 14 12 15 18 21 11 8 19 25 24 11 12 11 4 6 11 9 8 6 7 7 7 12 12 11 12 13 13 16 24 16 17 16 18 18 16 18 18 19 21 23 23 26 31 34 36 35 32 34 35 34 33 34 39 38 20 7 3 2 2 1 2 3 12 23 18 13 7 4 4 5 4 3 4 13 24 20 11 9 5 7 11 19 27 26 19 10 18 28 33 31 24 30 29 25 28 26 28 29 35 29 28 33 38 38 28 29 29 28 28 31 32 29 30 28 27 28 29 29 29 30 30 31 31 32 34 34 33 31 30 31 31 29 26 20 13 11 11 10 10 11 11 8 8 9 7 4 3 4 4 3 6 10 4 6 9 6 4 5 12 7 3 5 5 
26 38 37 19 6 1 1 1 2 2 1 1 2 2 2 2 1 2 2 3 3 3 4 10 50 70 33 29 24 16 11 8 8 2 3 3 2 3 8 24 18 16 18 17 46 38 31 14 12 11 9 7 7 7 7 9 13 23 50 34 29 25 27 24 23 27 27 24 18 16 15 20 23 28 16 15 16 19 21 17 18 21 21 21 18 21 19 16 20 21 28 11 4 22 35 25 15 8 6 6 6 12 9 6 5 7 9 12 21 25 28 30 30 33 34 31 33 39 37 39 42 41 43 44 45 48 50 47 49 57 64 64 61 59 62 61 59 59 65 73 60 22 3 1 3 6 5 5 4 5 7 4 3 2 2 3 3 2 3 7 13 16 17 20 19 20 11 15 13 19 20 16 17 20 29 39 27 34 35 34 34 34 33 36 33 32 36 31 34 27 31 27 26 28 28 28 32 33 30 30 27 26 27 28 28 29 30 30 30 32 34 34 33 34 30 30 32 32 29 24 15 11 11 12 12 11 11 10 8 7 8 7 5 4 5 4 2 8 11 4 3 6 9 10 5 7 6 3 5 5 
48 59 33 8 3 2 1 1 2 2 2 1 1 1 2 2 2 2 3 4 4 3 3 2 7 53 65 36 29 13 6 7 13 2 3 2 2 5 21 50 27 23 26 22 50 33 29 15 20 31 26 9 2 3 2 2 2 4 21 11 14 20 27 26 22 30 30 25 19 21 29 33 31 39 27 18 15 21 21 16 21 35 42 46 35 37 40 37 37 39 43 20 9 28 38 20 17 7 4 5 3 3 2 3 6 9 11 17 35 43 51 55 56 60 57 46 59 60 57 58 59 57 59 59 60 64 63 56 56 60 54 53 49 47 48 46 43 42 50 48 28 7 3 3 5 11 9 8 5 4 4 3 3 3 3 5 7 10 14 16 27 27 27 23 19 26 7 6 5 18 25 28 28 27 33 41 32 36 36 36 37 34 33 37 36 27 32 31 30 28 32 30 28 30 30 29 31 31 30 31 28 28 29 30 31 32 31 31 32 35 36 35 33 31 28 29 31 30 24 17 10 9 10 11 11 10 9 9 9 9 8 8 6 4 4 4 3 9 12 4 3 3 7 12 6 4 3 3 5 5 
74 70 22 4 4 3 2 1 1 2 2 1 1 2 2 2 2 2 2 2 4 3 4 3 4 11 93 50 27 8 4 7 13 4 3 3 2 9 29 47 28 35 38 28 33 12 13 10 32 54 44 25 14 7 4 4 4 7 25 7 9 17 26 30 17 28 29 30 26 30 39 40 28 37 29 16 12 11 8 9 13 40 55 67 43 38 44 42 33 41 44 30 21 31 28 12 11 6 6 3 3 1 3 3 4 12 17 17 24 30 36 39 39 42 38 32 44 32 31 35 32 30 34 33 34 35 32 26 23 24 25 25 24 23 23 23 22 22 23 16 5 2 3 3 3 6 4 3 4 3 3 4 7 11 13 17 23 29 33 26 38 34 32 18 13 13 11 8 9 16 31 36 34 36 34 34 36 29 29 32 34 34 33 33 35 35 32 29 28 28 29 29 31 30 30 30 29 29 29 31 30 29 28 28 28 29 32 32 34 35 33 30 28 26 27 30 33 29 19 12 10 11 10 10 10 9 9 10 11 9 11 13 10 5 4 3 3 8 10 4 3 3 4 6 7 5 3 4 4 4 
59 24 7 3 7 4 2 2 1 2 1 1 1 1 2 2 2 2 2 2 2 3 5 4 5 3 12 63 35 5 6 8 17 6 3 2 2 7 13 14 21 64 58 45 40 20 5 10 31 23 11 32 31 16 11 10 10 14 45 21 14 14 16 32 23 25 22 27 23 25 29 43 26 26 14 6 9 11 8 7 9 41 53 48 30 32 34 33 28 28 26 23 20 24 17 8 12 14 19 9 4 2 5 8 8 11 15 14 13 19 19 16 14 14 16 17 14 15 18 20 22 23 24 26 22 18 16 15 15 15 19 20 20 19 18 17 17 15 7 3 3 3 2 1 4 5 5 5 7 11 12 16 22 28 31 32 33 33 31 24 28 28 30 24 20 22 23 23 23 25 28 30 30 32 29 28 32 30 30 33 34 33 32 32 32 32 29 28 28 29 29 29 30 29 29 29 30 29 29 30 30 29 30 30 30 31 33 32 33 33 33 30 28 28 30 30 27 20 14 10 10 11 10 10 11 10 9 12 12 8 12 20 14 5 3 3 3 6 7 4 3 2 2 4 4 4 3 4 4 3 
49 7 2 2 4 4 2 1 2 3 2 1 1 2 1 1 1 2 2 2 4 2 4 5 2 7 18 63 88 29 5 7 31 3 2 3 4 8 9 6 18 67 48 31 49 36 17 18 12 7 3 4 7 14 16 9 7 7 36 24 13 9 6 14 13 13 13 15 12 12 11 39 20 16 9 8 14 15 10 10 10 29 36 26 23 33 29 27 26 24 18 17 14 15 11 8 14 16 24 17 11 7 8 15 12 10 13 12 8 10 8 7 7 7 10 14 12 17 19 19 20 19 16 13 10 7 8 13 15 13 16 16 15 13 11 9 7 4 2 1 2 3 3 3 12 17 20 16 18 30 28 29 32 35 35 31 27 29 29 27 27 28 30 30 28 29 31 33 34 31 28 28 28 31 28 25 30 31 32 33 34 33 31 30 29 29 28 28 30 31 31 30 29 29 29 29 30 30 29 28 28 28 29 30 31 32 33 32 31 32 32 30 29 29 30 28 20 13 10 9 10 11 10 9 10 10 10 11 10 9 15 21 14 5 4 6 4 4 3 3 3 3 2 3 3 3 3 3 3 3 
15 2 2 4 3 4 4 1 2 4 2 2 2 2 2 1 1 1 2 1 1 4 3 5 6 27 57 86 129 98 17 9 27 3 3 3 3 3 2 2 6 8 6 6 23 11 29 47 22 8 3 4 9 29 40 16 6 5 29 19 15 7 5 7 15 14 19 17 13 13 11 49 27 23 19 17 26 24 18 19 20 27 30 22 27 37 22 17 17 16 12 20 25 21 12 11 21 17 16 15 16 14 11 15 10 7 9 8 7 7 6 5 5 3 4 7 7 9 10 9 9 8 6 7 7 5 6 11 13 9 5 5 4 3 2 2 2 2 2 4 7 8 8 8 21 27 28 20 22 28 20 23 24 25 27 28 30 30 28 32 31 32 30 32 30 29 27 28 30 32 32 31 29 31 30 28 32 33 33 33 32 31 29 28 28 29 29 30 32 33 32 31 28 28 29 29 30 30 30 27 27 28 29 29 30 30 32 30 30 30 31 30 30 29 26 21 15 11 10 10 10 10 10 9 9 10 11 9 8 11 15 13 10 7 5 4 5 8 7 7 9 9 9 11 12 11 11 12 13 14 
8 6 6 8 8 4 12 9 1 2 2 2 1 1 1 1 1 1 1 1 2 3 2 7 35 70 54 46 72 91 68 29 27 3 3 3 2 2 3 6 6 6 7 11 33 20 18 31 17 10 8 13 23 58 88 33 12 11 38 16 18 8 9 8 22 11 17 17 15 14 12 44 25 25 26 23 30 27 22 24 26 29 32 23 28 29 11 6 9 9 10 32 52 39 18 9 19 16 11 6 5 8 6 7 6 6 6 4 4 4 3 3 4 3 4 7 4 2 2 3 3 4 5 4 6 5 4 5 6 4 4 3 3 2 2 2 2 3 3 8 19 27 24 22 32 27 20 20 35 42 22 24 25 25 25 27 32 30 27 32 32 31 28 31 28 27 26 26 27 30 33 32 28 31 33 31 34 33 32 31 29 29 29 29 28 29 29 30 31 32 30 28 28 28 29 29 30 30 30 28 29 29 30 29 29 28 29 28 29 30 31 31 30 28 21 15 11 10 10 10 10 10 11 11 10 11 13 13 11 12 13 11 11 12 16 18 19 20 18 23 29 29 30 34 37 37 39 45 48 51 
8 9 5 5 4 3 33 33 2 1 2 2 1 1 1 1 1 1 2 1 8 1 6 26 73 67 37 42 37 43 89 56 37 11 9 8 7 6 8 11 13 15 25 38 32 36 31 36 22 19 16 12 11 44 89 35 15 16 41 10 13 8 7 6 18 6 15 20 19 15 15 31 17 20 24 17 18 16 12 12 11 12 14 10 13 12 4 3 4 7 7 18 27 20 10 4 5 7 14 12 2 2 3 3 5 7 6 2 2 4 4 5 5 7 10 14 7 3 2 2 3 5 7 7 9 10 9 11 13 12 8 7 5 4 4 4 4 5 5 8 15 24 26 24 23 15 7 6 27 45 28 27 29 29 26 24 25 27 27 27 30 25 25 30 24 25 29 30 29 28 28 30 26 29 32 30 32 32 28 28 28 29 30 30 28 28 28 28 29 29 28 26 29 29 29 29 29 29 29 30 31 31 31 30 29 28 28 28 29 30 31 30 28 25 17 11 10 11 11 10 10 10 12 12 12 13 17 20 19 13 11 14 16 15 15 16 19 26 26 24 29 29 29 33 36 39 44 41 42 46 
11 12 13 11 9 6 49 51 5 1 2 2 1 1 2 2 2 2 2 1 3 5 21 46 50 23 23 46 34 32 55 102 96 66 46 38 35 38 41 41 39 38 16 12 20 18 14 29 27 11 3 14 16 24 45 23 20 15 35 13 13 12 12 10 20 17 28 37 32 24 30 34 21 27 28 11 7 6 4 3 3 3 3 2 4 4 2 2 1 6 3 2 1 1 2 3 3 5 25 34 13 6 5 7 8 11 9 4 2 9 9 8 6 7 8 8 4 4 4 4 7 8 6 4 4 4 5 7 14 19 22 20 18 16 16 16 18 23 24 23 21 21 25 26 22 19 14 7 17 28 23 22 24 27 29 29 29 28 29 26 34 25 26 30 27 27 29 30 29 28 28 31 27 30 29 24 26 29 23 23 27 32 33 31 27 27 26 26 27 28 27 26 29 29 28 28 28 28 28 29 30 31 31 30 28 28 28 29 29 30 30 27 24 18 13 10 9 11 11 11 11 11 13 13 11 11 14 16 16 12 10 11 13 18 29 34 29 25 18 14 13 13 14 17 16 15 16 17 18 20 
9 9 20 19 11 8 38 40 8 3 2 2 2 2 2 2 2 1 1 4 3 25 36 37 36 33 28 33 45 29 25 41 112 76 38 29 47 94 133 144 115 49 8 8 43 10 21 47 49 22 7 17 15 10 17 18 24 12 27 25 20 30 33 26 27 33 25 27 26 18 29 25 17 22 26 10 3 2 2 2 3 3 3 2 4 3 2 2 2 7 4 2 2 2 3 2 4 5 24 41 28 19 14 16 15 16 15 8 4 3 4 4 4 4 5 3 3 8 13 17 25 25 17 8 5 4 4 5 11 19 21 21 23 25 28 30 29 26 27 27 26 26 27 29 24 29 38 30 34 30 30 34 30 30 32 31 28 27 31 28 44 30 31 32 34 33 29 27 29 32 35 35 32 33 27 19 20 25 19 20 27 35 36 31 26 28 27 27 28 29 29 29 29 29 29 28 28 28 27 28 29 29 30 29 28 28 30 30 30 30 28 24 20 12 11 10 10 11 12 12 11 11 12 11 9 9 9 7 6 9 8 4 6 11 17 21 34 63 66 47 33 31 36 42 39 33 30 26 23 20 
14 18 19 19 19 22 10 33 11 1 2 2 1 2 2 1 1 1 1 2 13 44 41 36 27 19 27 25 46 27 19 45 41 108 26 12 16 57 105 70 10 12 12 11 21 15 12 36 30 18 14 17 18 22 26 33 32 16 24 39 31 26 28 29 30 28 22 17 15 15 16 16 16 17 13 9 4 3 3 3 3 3 4 4 2 1 1 1 3 7 2 3 3 1 2 2 2 5 16 13 22 28 23 22 21 19 17 15 14 8 8 9 11 14 19 22 21 25 26 27 28 22 11 3 3 4 4 2 7 12 17 16 15 20 29 30 27 27 28 30 31 31 32 30 32 34 28 26 31 32 31 31 32 36 33 24 20 18 24 25 48 36 38 27 29 32 34 36 35 32 30 24 29 26 15 10 13 15 14 14 24 37 34 26 28 31 30 29 29 29 31 31 29 28 29 31 33 32 31 34 31 29 28 28 31 32 34 32 31 29 25 19 13 9 10 12 13 12 12 12 13 11 10 11 12 12 11 9 8 7 7 6 6 6 7 5 2 3 4 4 4 7 16 33 53 70 80 84 70 51 
38 43 42 31 17 13 11 45 22 3 2 1 2 1 2 2 3 2 1 3 39 34 16 25 25 23 15 41 45 32 34 17 32 38 94 17 19 37 20 8 3 7 9 7 16 16 14 30 35 32 32 31 26 25 23 32 31 19 32 40 21 13 13 14 15 16 14 17 22 21 23 23 22 23 17 11 4 2 3 2 2 3 5 4 2 1 2 2 1 5 3 3 3 1 1 2 2 4 14 15 20 23 22 22 24 24 24 23 22 29 29 29 28 29 32 35 30 29 24 22 24 22 15 10 8 7 6 5 10 11 18 16 14 14 18 20 22 26 25 25 25 26 26 27 26 24 25 28 28 27 30 31 28 23 15 9 9 11 14 13 25 27 35 31 31 31 32 31 31 30 29 26 24 16 9 8 13 17 14 7 9 21 29 27 26 29 29 29 28 28 29 29 28 28 28 29 31 30 28 29 27 25 24 25 26 26 21 22 21 19 15 12 11 10 9 9 10 11 12 11 11 9 9 10 11 10 9 8 8 8 8 8 8 7 7 5 4 5 4 4 3 2 2 2 2 2 2 4 4 5 
31 25 20 16 12 15 20 38 20 5 2 2 1 2 2 2 2 1 5 17 35 24 13 29 21 13 30 19 36 78 36 27 22 16 70 74 24 22 12 15 13 22 22 15 28 34 27 25 24 28 51 61 37 24 18 14 22 20 16 20 18 17 17 17 21 25 25 25 25 23 24 23 22 22 18 12 5 3 4 3 2 2 4 3 1 1 2 2 1 5 3 3 2 1 1 2 3 4 17 23 24 26 29 30 31 31 31 30 29 35 34 32 29 28 29 30 26 24 19 17 21 23 21 21 18 15 13 15 20 16 27 26 20 17 19 23 26 27 25 23 22 22 23 21 15 13 19 26 25 24 26 26 26 22 15 12 13 15 13 10 15 24 31 30 31 31 29 27 27 27 29 31 27 17 11 15 22 24 28 15 13 21 30 29 27 28 28 28 28 27 27 26 28 27 28 29 29 28 26 21 19 17 16 16 16 16 14 16 16 14 11 11 11 10 8 7 8 10 9 8 8 8 9 9 10 9 9 8 8 7 5 5 4 5 5 4 5 6 5 4 6 5 4 3 3 4 5 3 2 2 
19 11 4 5 12 20 23 17 10 4 2 1 1 3 1 3 1 1 14 29 15 24 13 33 27 12 20 16 38 33 35 66 22 29 24 57 68 42 33 34 32 33 26 19 35 38 29 27 19 17 32 38 19 15 19 10 15 13 7 9 13 15 15 15 19 24 26 23 19 17 17 16 14 14 9 6 3 2 3 2 3 3 3 3 2 2 2 3 3 10 6 4 5 6 6 7 10 8 20 27 24 26 23 23 23 22 22 20 20 18 18 18 17 18 19 21 21 21 19 20 23 24 22 25 22 21 22 23 29 20 23 22 19 17 20 24 24 21 20 18 18 18 18 17 15 13 17 22 22 22 21 21 25 27 25 24 26 30 26 25 24 34 32 29 28 28 26 25 24 24 25 27 26 22 20 23 26 25 31 27 26 26 24 22 23 22 22 22 22 21 20 19 16 16 16 17 17 16 15 15 14 13 12 11 11 10 9 9 10 9 9 10 12 14 11 10 12 13 11 10 11 11 12 13 13 12 13 14 12 10 8 6 5 4 4 3 4 6 5 5 6 5 5 5 5 5 5 10 12 14 
4 9 16 19 21 19 22 15 14 10 4 2 2 2 1 2 2 4 19 16 19 23 8 20 35 25 7 35 32 9 34 36 28 80 64 82 128 69 25 35 32 31 28 23 37 38 27 14 13 12 15 15 14 17 21 20 14 9 11 10 7 9 9 9 12 15 15 15 14 13 13 13 11 12 12 15 12 11 11 10 13 13 13 14 13 13 13 13 12 18 12 10 11 15 15 15 18 12 18 20 16 18 16 16 17 18 19 18 18 15 16 16 16 17 19 20 16 16 15 14 15 14 13 13 12 14 15 12 15 13 17 17 16 17 21 22 21 21 21 21 20 20 19 20 23 22 19 17 20 19 17 18 20 22 22 22 21 25 23 26 20 26 20 18 19 20 20 19 19 18 18 15 16 17 17 17 17 15 14 15 17 15 13 12 14 13 13 14 13 13 12 11 11 11 12 12 11 11 11 12 11 11 11 11 11 11 11 10 9 10 13 16 16 11 8 7 10 12 11 9 10 11 12 12 11 11 11 11 12 11 10 9 8 7 7 6 6 7 5 5 8 9 9 8 8 7 6 5 6 10 
8 7 5 6 11 9 10 9 9 6 2 1 2 2 2 1 2 11 29 13 33 13 13 14 23 28 18 28 8 21 29 10 21 39 14 36 51 85 46 16 13 16 19 15 17 17 15 10 12 12 16 17 19 22 18 21 16 12 13 10 9 12 12 11 13 16 15 14 14 13 15 16 15 16 15 18 15 15 14 12 15 12 12 12 13 13 12 12 14 19 15 15 16 18 17 16 18 16 17 17 16 17 18 18 19 19 19 18 18 19 19 19 18 18 19 20 23 22 20 20 20 21 22 21 19 21 21 14 18 16 16 16 15 16 19 18 17 18 19 19 19 19 18 18 20 21 16 14 17 18 17 17 16 14 14 15 15 14 12 15 11 14 12 13 12 12 13 13 13 12 12 10 11 12 11 11 11 11 9 9 9 8 9 10 10 10 11 11 11 10 10 10 11 12 12 12 11 12 12 10 10 11 11 12 12 12 15 12 11 14 18 20 20 17 12 10 14 19 22 21 20 22 22 22 21 20 19 18 18 19 19 18 17 15 17 15 9 8 6 6 6 6 6 6 7 8 9 10 10 13 
4 3 8 16 12 14 15 15 14 12 7 5 3 2 6 2 2 19 38 17 24 14 22 16 10 23 46 13 8 25 30 7 15 29 6 35 32 19 70 21 19 16 20 16 15 15 19 23 18 16 20 19 15 15 16 15 15 17 13 11 14 16 15 14 15 18 17 16 15 15 17 18 18 20 19 22 18 19 21 18 19 18 17 17 18 19 19 18 15 17 16 19 16 17 17 17 16 18 19 21 22 21 18 18 19 18 17 16 15 22 22 22 21 20 20 21 18 17 17 17 18 20 22 22 20 19 18 15 21 16 17 17 15 13 14 15 14 14 14 14 13 13 13 13 15 15 13 13 15 15 14 15 15 13 11 13 13 12 12 14 13 15 13 14 11 10 11 11 11 10 10 11 11 11 10 10 11 13 11 12 11 11 13 13 10 13 13 12 12 12 12 12 11 12 13 13 12 12 13 14 14 15 15 14 13 13 12 11 11 12 13 15 14 11 8 8 10 13 14 13 14 15 15 14 13 13 12 11 12 12 11 10 9 12 21 22 13 10 10 10 10 9 8 7 7 7 8 8 8 10 
69 24 10 17 15 19 13 14 16 15 9 3 3 3 5 2 6 28 36 15 12 29 16 9 9 28 28 24 22 30 13 7 30 24 5 32 32 9 28 111 29 14 14 14 16 16 19 18 16 15 18 16 14 18 20 19 14 16 21 19 18 19 16 14 15 18 18 17 16 16 17 17 17 18 16 16 12 15 21 19 19 17 16 16 16 17 17 17 18 19 20 22 16 19 22 21 17 22 22 23 25 20 22 23 25 26 26 26 26 24 26 26 26 25 26 28 31 32 33 33 30 29 29 32 31 26 25 32 45 30 27 28 23 18 18 20 22 21 20 18 18 18 19 19 17 14 15 16 13 12 10 11 15 13 11 11 11 11 11 13 14 14 11 9 10 11 11 12 12 12 12 12 11 10 10 11 12 13 10 14 16 15 15 14 12 15 15 14 14 14 15 15 18 20 22 21 21 21 23 25 24 23 21 18 16 14 14 16 17 16 15 15 16 16 15 16 18 17 14 12 14 15 15 13 12 12 13 14 14 15 14 13 12 11 18 22 13 12 14 14 13 13 12 11 10 9 8 7 7 7 
89 48 7 10 19 20 19 19 17 20 18 5 4 1 3 1 14 39 33 10 16 30 16 9 22 22 7 18 50 47 15 11 40 9 5 27 33 7 9 93 101 25 22 25 22 26 20 22 23 23 23 23 22 23 25 24 22 22 23 22 22 23 22 22 23 23 23 22 21 19 20 20 20 19 17 19 17 19 29 26 22 23 22 21 21 22 24 25 24 24 25 26 24 23 23 20 19 22 23 24 25 24 23 26 26 23 22 22 21 19 22 24 24 22 21 20 22 22 24 24 24 25 26 30 31 30 30 30 32 28 27 27 26 25 26 27 27 26 23 20 19 19 21 20 17 15 15 16 15 13 12 12 13 13 13 14 14 14 13 13 16 13 12 13 12 12 12 12 13 13 14 13 13 14 15 16 16 15 15 16 17 16 16 15 14 18 17 15 15 16 18 20 22 22 22 23 23 23 22 24 24 24 24 23 23 22 21 22 22 21 21 21 22 24 23 23 24 23 20 18 18 16 16 15 15 15 15 14 14 14 14 13 13 12 13 15 15 13 12 14 13 12 12 12 12 11 11 11 10 9 
32 33 21 17 26 26 33 36 23 21 21 9 3 1 3 4 23 34 26 12 21 19 18 21 23 11 5 17 29 21 16 38 61 31 34 47 53 40 49 89 103 83 36 28 31 34 35 34 34 35 35 34 33 34 37 37 36 35 35 35 36 39 39 40 41 41 42 42 42 40 41 42 43 41 38 43 41 40 50 46 43 44 43 43 42 42 43 43 42 41 42 44 45 45 46 48 48 48 47 45 43 42 43 44 44 41 38 36 37 28 29 29 28 27 27 28 27 27 27 27 28 28 29 27 28 29 29 28 26 26 29 28 28 27 26 26 25 22 20 18 17 17 17 17 16 16 15 15 14 14 15 16 14 14 15 15 14 14 12 11 12 10 12 13 12 12 12 13 14 14 15 15 15 16 17 17 16 15 14 14 14 13 12 11 10 10 10 11 12 11 11 11 12 11 12 13 13 13 12 13 13 13 13 13 14 14 14 14 14 14 13 13 13 14 13 14 15 16 15 15 15 14 15 16 18 18 20 21 21 21 22 23 22 21 21 23 25 22 20 23 24 25 25 25 24 24 25 22 23 24 
4 17 36 20 19 17 26 34 22 18 20 11 4 2 3 8 30 23 24 21 18 10 22 31 19 5 4 24 23 8 9 34 35 26 31 48 50 29 28 44 56 66 79 49 39 35 43 39 39 40 40 41 41 40 41 41 41 40 40 40 41 43 43 44 45 47 48 48 47 46 47 49 49 48 46 50 49 46 50 47 48 48 47 47 47 46 45 44 47 47 45 45 45 46 48 49 49 47 46 45 43 43 43 41 42 41 37 34 37 34 34 32 31 31 32 34 29 28 27 26 26 27 28 29 30 31 31 30 29 28 26 26 25 24 22 21 20 19 19 18 17 16 15 15 15 16 16 14 13 13 15 16 15 14 14 13 12 12 11 12 11 10 11 10 10 11 12 13 13 14 14 12 12 12 13 13 12 10 12 13 14 15 15 15 15 16 16 16 16 15 16 16 16 16 16 18 19 19 18 18 18 18 18 18 18 18 19 19 19 19 19 19 18 19 20 21 23 25 26 28 27 25 25 26 28 28 29 30 29 29 31 32 31 29 30 33 33 33 34 35 33 32 33 32 31 31 32 30 34 33 
2 8 28 22 19 13 17 29 33 35 38 28 11 2 2 13 35 16 28 30 8 10 23 27 18 8 11 24 12 3 7 31 19 7 11 36 40 11 5 20 56 24 71 64 41 35 40 36 36 37 38 39 41 42 43 43 43 43 44 44 44 43 43 43 44 46 48 46 43 43 44 45 46 45 43 44 44 42 43 42 44 44 43 44 44 43 43 42 45 46 44 41 41 43 42 47 47 45 44 44 44 45 42 37 38 39 35 32 37 29 30 31 30 29 29 30 28 28 27 27 26 26 26 27 28 28 27 26 25 23 21 21 21 21 20 18 17 18 18 18 17 15 14 13 14 15 14 13 12 13 14 14 13 12 12 12 12 12 11 13 14 12 11 10 9 9 10 11 11 11 10 10 10 11 12 13 12 11 17 19 22 25 28 29 30 32 30 27 26 26 28 30 30 30 31 33 35 35 33 32 32 32 32 32 32 32 33 33 33 32 32 32 31 30 31 32 31 31 33 36 37 34 32 31 30 30 30 30 29 29 30 29 28 26 29 31 28 28 31 30 29 30 31 30 28 28 30 28 31 25 
1 3 10 13 15 10 10 21 36 40 41 38 22 3 3 22 43 16 29 32 4 14 22 20 13 18 21 23 5 3 10 30 13 2 5 31 37 9 3 15 59 22 23 74 66 40 38 37 37 36 37 39 41 43 44 44 45 45 46 47 47 46 46 46 46 46 47 46 44 45 45 46 46 47 45 43 44 45 45 46 45 46 46 46 45 45 46 47 44 45 46 45 47 49 47 46 44 41 38 36 35 35 33 28 28 30 27 25 28 26 27 29 29 28 27 27 26 27 28 28 28 26 25 25 24 24 22 21 20 18 17 18 19 19 19 17 16 15 15 15 14 13 12 12 12 12 12 13 13 13 13 12 12 12 13 14 14 15 11 11 15 13 13 15 14 15 17 18 19 18 17 18 19 20 22 24 25 24 29 31 33 35 36 36 36 34 35 35 35 34 33 32 33 33 33 35 36 36 34 32 32 32 32 33 33 33 34 34 34 33 33 33 33 32 34 33 31 29 30 32 32 29 28 28 29 28 27 26 24 24 24 23 22 22 26 26 20 18 19 17 16 18 19 18 16 16 17 18 19 15 
15 16 10 13 19 19 17 27 42 38 37 46 35 5 3 26 44 21 26 26 12 20 20 15 6 19 34 32 9 4 11 28 11 3 5 28 32 9 3 8 44 37 9 55 102 54 50 46 44 41 40 41 42 43 42 42 42 43 44 44 45 45 45 45 44 43 43 43 44 45 46 45 45 46 47 43 45 48 45 46 43 45 48 45 43 43 45 46 41 43 45 44 46 47 44 43 42 38 34 31 29 28 30 27 26 26 26 25 26 27 28 28 27 27 28 29 25 26 27 27 26 23 23 24 23 22 20 19 18 17 15 15 16 16 16 14 14 13 13 12 11 11 11 11 11 10 11 13 14 13 12 11 12 12 13 14 15 16 12 13 19 16 14 16 21 25 28 30 32 32 31 30 30 30 33 35 35 34 37 38 38 37 36 34 33 31 32 34 35 34 31 30 31 30 30 31 32 31 29 29 29 29 29 29 29 29 30 29 29 29 29 28 29 31 33 33 32 31 31 31 29 28 27 29 30 31 28 25 24 23 24 24 23 24 26 25 20 18 18 16 17 19 19 18 18 17 17 20 24 24 
35 38 29 28 33 36 32 39 45 38 38 46 40 10 3 24 40 29 20 17 30 26 16 9 2 15 31 25 12 16 36 39 11 3 6 30 35 11 7 13 56 60 27 30 58 74 59 51 48 44 42 42 43 44 43 43 44 44 45 45 44 44 45 46 45 44 42 42 45 46 46 44 44 45 47 44 46 50 44 47 46 45 46 44 42 42 43 44 42 46 45 39 39 39 34 34 33 32 31 29 28 27 30 30 28 26 29 30 28 28 28 27 26 26 28 30 29 28 27 25 22 20 19 18 17 16 15 14 14 13 12 12 12 12 11 11 11 12 11 11 11 11 11 11 10 10 10 12 12 12 11 11 12 13 13 14 15 16 15 18 22 20 23 22 24 26 29 32 34 34 33 33 32 32 33 34 34 33 36 37 37 36 35 33 32 30 29 28 28 28 29 30 30 29 30 31 32 31 30 30 30 30 29 29 29 29 28 28 28 28 28 27 27 27 29 30 31 30 29 29 30 28 27 29 29 29 28 27 26 26 27 27 26 27 27 26 25 25 25 25 26 25 23 23 24 23 22 22 26 29 
38 36 38 36 37 41 37 37 39 40 43 39 31 18 4 27 47 37 14 8 41 31 16 4 10 19 22 10 7 15 38 42 22 25 23 49 51 28 34 36 56 59 24 12 12 43 58 48 45 42 40 42 45 46 44 44 44 44 44 44 43 42 44 47 47 45 43 42 45 46 45 43 42 44 45 42 47 49 40 47 52 45 42 42 42 43 43 43 42 45 42 34 33 34 30 27 27 28 29 29 28 28 28 31 27 24 29 32 26 24 27 29 29 28 27 28 29 26 21 18 15 13 13 12 12 11 11 10 10 11 11 10 10 9 9 9 9 10 11 11 11 11 11 10 10 11 11 10 10 11 11 12 13 14 14 15 18 19 20 20 16 22 44 53 37 32 33 34 34 33 32 32 31 31 32 32 32 31 34 35 35 35 34 32 31 30 31 32 33 33 32 32 33 32 33 35 37 36 35 36 36 35 35 35 35 35 35 35 34 34 34 33 34 36 36 37 38 36 31 29 29 27 27 28 29 29 29 30 28 28 28 28 26 27 26 24 26 26 25 27 28 26 23 24 26 25 23 21 25 30 
35 30 32 31 29 31 25 22 24 32 40 35 36 30 6 30 50 35 13 9 34 36 21 5 12 23 21 4 2 10 25 25 16 23 20 43 45 24 27 25 31 48 18 3 6 7 37 49 45 41 40 42 46 47 43 43 44 44 44 44 43 42 43 45 45 44 43 42 42 44 44 42 41 41 41 41 44 43 41 55 65 48 40 41 43 41 39 37 33 33 30 28 34 39 35 28 27 29 35 45 60 73 72 63 43 28 27 30 28 27 29 30 30 27 25 24 23 21 18 16 15 15 15 16 16 16 17 17 17 17 17 17 18 18 19 19 19 19 19 20 22 22 23 23 24 26 27 27 28 29 32 36 38 38 37 37 40 41 45 49 44 47 68 86 66 52 59 52 57 54 57 53 56 53 55 58 57 55 53 63 53 53 59 59 55 61 49 61 58 59 56 62 62 63 66 67 65 70 67 70 75 68 75 70 64 71 70 74 73 73 78 69 75 74 81 79 90 72 71 64 60 55 50 44 37 31 28 26 26 27 28 27 23 23 24 24 25 24 24 28 32 27 21 21 24 23 19 18 21 25 
42 38 34 33 29 24 20 19 25 34 39 38 40 39 9 28 44 28 22 14 24 28 18 13 19 25 15 3 3 15 25 14 3 3 5 27 33 10 3 5 15 44 25 6 4 5 24 65 73 68 52 42 44 48 47 48 49 50 51 51 50 50 50 50 51 51 51 51 51 53 54 54 53 51 50 54 55 49 56 73 82 64 54 56 57 54 49 45 44 45 43 44 56 65 59 48 47 51 61 76 96 112 118 106 79 58 52 55 56 54 54 55 54 53 51 51 51 51 52 53 54 55 55 54 54 56 57 58 58 59 61 61 63 63 65 65 67 68 69 69 71 72 73 72 70 71 73 75 76 78 79 82 84 84 81 80 83 83 87 94 92 87 95 110 100 88 94 82 88 95 92 94 98 89 95 99 99 97 91 100 98 93 94 94 100 100 90 106 97 105 102 94 107 99 98 102 102 114 108 112 114 107 110 107 102 114 101 116 121 106 120 114 109 108 116 116 130 119 115 112 118 111 103 93 79 66 61 53 38 28 25 25 23 22 21 23 25 23 23 30 29 23 19 17 18 16 13 13 14 16 
49 42 40 40 37 29 28 35 41 45 44 41 38 48 16 27 44 24 26 24 24 13 8 18 32 34 17 5 4 17 25 13 2 2 6 29 32 9 3 4 16 48 31 7 13 30 43 71 97 101 73 50 53 61 61 63 65 67 69 69 71 72 73 73 74 74 74 76 79 81 83 83 83 81 78 82 85 79 84 97 101 92 89 91 92 91 87 85 87 91 88 86 95 103 96 89 91 97 102 107 110 112 115 117 108 98 97 100 100 98 99 101 102 102 101 100 97 97 99 101 103 103 103 100 100 102 103 104 104 107 112 112 111 111 111 111 112 114 114 114 114 114 114 115 116 116 116 117 117 118 116 116 118 118 114 114 117 117 117 117 115 114 117 122 120 122 119 120 113 128 116 120 120 115 121 117 122 126 116 106 126 120 118 116 128 113 120 127 124 129 134 126 121 119 119 121 121 129 122 128 124 133 118 118 119 130 118 117 127 130 121 128 125 130 128 130 128 133 131 139 148 145 144 141 133 124 120 112 95 80 63 46 34 29 23 20 24 22 21 30 27 20 17 16 15 14 11 12 13 15 
44 39 39 42 41 38 39 42 42 41 41 44 41 52 25 32 48 20 17 41 33 7 3 14 27 37 23 13 15 25 27 12 2 2 8 28 28 10 6 7 25 58 49 30 48 76 73 73 97 107 91 75 80 88 86 88 92 94 97 97 99 102 103 103 104 105 106 107 109 111 114 115 115 114 109 111 117 111 113 121 122 118 117 119 121 120 120 119 117 122 123 119 124 129 123 119 121 125 127 127 124 121 113 118 120 119 121 125 126 125 125 126 126 124 123 123 124 124 123 123 123 123 122 121 121 123 123 125 125 127 131 130 129 127 126 125 124 125 125 126 125 126 126 128 130 129 129 128 127 127 127 128 130 130 127 128 129 133 131 126 127 131 131 127 125 137 131 149 132 129 130 124 123 126 131 120 130 132 131 117 126 125 135 132 125 123 128 128 134 128 129 145 119 133 140 129 127 134 125 136 127 144 133 129 125 128 134 124 125 144 132 121 145 141 136 137 134 134 140 151 146 147 150 153 154 152 149 147 145 141 129 112 97 81 58 40 33 26 22 29 28 22 21 20 20 19 18 17 18 22 
40 37 39 42 43 43 43 43 41 39 39 41 36 42 34 42 46 20 16 38 40 11 4 13 23 29 14 14 24 41 45 29 14 17 27 46 49 40 42 46 54 73 87 83 91 101 92 101 103 106 106 105 104 105 108 110 112 115 116 116 118 120 121 123 124 125 127 125 124 126 128 130 131 131 127 130 134 131 130 135 135 128 125 126 126 127 127 128 123 129 134 131 132 135 132 129 129 130 132 135 137 137 130 131 131 129 129 133 137 128 128 128 128 128 128 129 139 138 136 133 131 129 129 131 132 133 133 134 135 135 136 135 134 132 131 130 131 135 135 136 137 138 139 138 136 135 135 134 134 133 135 136 137 137 136 137 137 139 139 137 140 143 142 139 134 149 126 129 144 119 138 137 136 130 137 135 145 131 135 148 132 131 135 133 122 140 143 133 134 145 128 129 145 133 121 102 128 153 129 143 129 130 144 143 137 124 139 141 150 131 139 139 129 106 107 112 127 148 145 146 146 147 150 152 156 157 158 156 152 150 155 159 161 151 129 104 80 59 42 33 23 21 25 25 23 23 26 21 22 26 
42 40 40 41 41 39 39 41 43 43 41 38 39 35 39 44 37 24 27 27 44 24 17 34 43 39 31 32 40 61 79 73 60 65 75 89 92 91 98 104 101 106 116 111 108 107 96 112 105 104 112 118 115 111 115 117 118 120 120 119 121 124 125 127 129 130 131 131 129 130 132 134 135 135 134 136 140 137 136 139 142 139 136 136 135 135 136 136 131 136 140 139 137 137 135 136 137 138 139 140 141 141 137 137 140 139 134 134 138 136 136 136 137 139 141 142 139 138 136 135 134 133 132 134 135 135 135 135 136 136 135 135 135 135 135 135 135 136 136 135 136 135 136 137 140 141 142 142 143 143 141 139 138 138 140 140 139 137 138 141 142 141 140 141 144 161 105 68 138 137 141 138 153 136 133 125 132 134 131 147 135 144 134 142 145 141 151 133 131 157 141 144 152 126 105 70 120 158 107 112 132 126 131 133 139 119 146 129 139 120 109 163 93 69 83 80 74 133 140 137 149 152 153 153 155 157 162 165 166 166 165 160 156 161 171 168 147 126 106 82 52 30 19 19 24 25 21 17 18 21 
43 41 38 36 37 37 36 36 38 41 43 42 51 32 35 44 42 44 50 52 54 46 53 71 77 80 81 83 87 94 101 107 111 110 112 108 107 108 111 116 119 118 120 114 111 116 113 109 111 114 119 120 117 116 116 118 120 121 121 121 122 126 127 129 131 132 134 136 136 137 138 139 140 140 138 137 141 140 139 140 143 142 142 142 142 141 141 141 142 144 145 144 141 138 137 141 144 146 146 142 135 131 131 133 141 145 139 135 138 148 146 143 141 140 141 140 141 141 141 141 142 143 143 142 142 142 142 142 142 143 144 144 144 145 146 145 146 145 144 144 142 141 140 138 136 137 138 139 140 141 140 138 136 136 139 139 137 136 138 142 141 136 135 138 139 147 82 24 112 154 112 89 134 134 112 70 67 127 131 101 121 127 120 138 121 112 125 130 153 120 99 145 90 119 134 67 97 131 72 45 115 130 83 85 102 77 120 124 80 77 88 110 100 100 119 99 34 72 144 154 146 150 152 151 152 155 156 153 155 157 161 168 175 167 170 181 174 173 172 156 123 83 45 24 22 22 18 17 18 18 
40 40 37 37 41 44 43 41 40 43 48 52 62 39 49 61 63 65 76 85 71 76 92 95 94 106 101 97 97 109 121 118 106 111 116 111 113 115 113 119 113 104 119 135 117 108 125 121 124 127 125 121 115 113 114 116 119 121 123 123 124 126 127 129 132 134 135 138 139 139 138 138 139 140 138 137 142 145 142 138 139 136 135 137 139 140 138 137 144 144 142 143 141 138 137 138 140 141 142 140 137 135 140 139 144 148 142 140 148 148 145 142 139 138 138 138 136 136 136 137 137 137 137 136 136 136 136 136 136 137 140 139 139 139 138 138 140 145 145 145 144 145 144 143 140 140 141 141 141 142 143 142 139 140 144 144 141 142 144 144 143 143 143 145 140 132 91 15 85 129 56 46 105 125 114 53 30 125 89 36 86 55 61 92 39 73 71 74 126 58 36 88 21 83 130 47 60 120 81 13 77 97 22 57 63 24 94 79 62 114 57 40 127 146 149 141 48 29 149 167 148 154 157 155 155 158 156 150 150 150 149 153 159 169 176 177 175 175 178 182 173 161 131 70 30 19 23 21 21 22 
46 44 42 43 51 54 55 57 58 59 61 62 74 66 86 88 77 69 82 82 84 94 97 94 94 90 113 114 106 99 101 106 107 108 112 113 117 113 109 115 121 118 106 108 118 114 109 111 111 113 118 120 117 112 110 113 113 120 121 119 124 123 123 125 129 131 133 136 137 133 139 130 133 134 136 138 141 147 141 139 137 143 140 143 145 148 150 147 147 140 140 142 140 139 141 136 136 134 139 142 148 148 146 145 135 140 137 136 148 140 137 137 136 143 145 148 144 143 143 141 144 138 142 141 138 145 142 141 144 140 146 143 143 140 143 140 137 138 139 141 144 144 146 143 143 142 142 139 145 145 141 142 135 135 143 141 138 137 135 134 140 139 144 142 148 136 121 21 70 105 28 50 87 109 149 80 27 131 60 22 100 47 51 107 54 98 68 28 79 46 53 117 20 75 128 42 66 166 149 28 85 105 18 93 95 22 88 52 65 156 95 16 87 130 117 149 67 20 131 141 146 153 157 153 155 153 155 152 150 144 148 159 172 174 168 172 183 178 172 180 178 199 200 142 72 32 20 18 19 21 
55 45 43 43 44 48 51 58 63 66 66 64 66 68 75 71 69 79 78 82 82 83 88 93 94 91 91 93 87 84 93 99 93 100 95 102 106 107 113 113 107 109 116 116 107 105 113 116 116 116 116 116 115 111 110 114 102 117 112 104 123 125 122 126 132 133 137 140 137 127 157 130 136 139 144 143 136 147 135 147 143 151 140 132 139 139 148 141 148 140 145 144 139 140 152 141 147 139 149 145 152 145 145 152 130 147 143 135 148 131 121 124 112 130 125 136 145 140 143 139 155 135 149 146 135 159 147 146 155 137 148 142 148 138 153 142 138 141 139 144 147 139 143 133 139 141 138 135 151 148 138 147 135 132 148 140 140 139 132 132 149 136 143 139 140 139 129 23 68 131 40 62 63 57 163 101 17 130 75 29 126 88 41 117 111 119 78 22 76 55 42 121 29 69 154 58 55 122 130 31 68 109 27 71 101 16 86 89 37 124 83 16 75 114 119 132 42 36 133 138 146 150 156 147 166 151 155 155 169 160 168 169 168 174 174 185 186 178 174 176 171 196 169 155 113 48 11 9 9 9 
20 23 35 38 21 16 16 15 16 20 24 29 27 23 19 15 16 25 30 46 60 74 83 80 74 69 75 58 46 55 78 78 58 60 71 73 77 89 97 98 101 99 104 108 105 108 113 107 109 112 112 110 106 102 104 100 91 86 85 86 110 120 124 128 126 127 135 123 96 106 132 147 142 148 145 138 143 137 140 142 145 135 157 120 158 143 143 138 143 142 137 136 150 139 145 146 144 145 143 139 147 151 165 120 151 155 136 138 133 129 121 137 117 126 113 138 147 136 139 138 148 143 138 139 142 142 137 153 137 142 141 146 146 140 145 143 151 142 132 148 145 134 148 133 137 149 136 160 134 133 143 140 145 136 145 139 138 142 150 139 145 142 133 134 125 153 132 28 62 132 49 39 112 17 85 98 21 124 83 20 119 100 31 105 91 89 60 31 101 76 31 121 45 61 134 61 46 117 99 29 78 120 36 75 122 23 84 116 43 73 89 39 126 84 56 36 25 83 138 152 146 144 142 144 177 159 149 152 172 164 153 163 152 166 174 185 188 183 182 188 186 183 127 47 38 24 22 17 17 20 
4 8 11 23 28 17 13 8 5 4 3 4 4 4 4 3 3 4 4 2 5 11 16 21 29 37 45 39 41 65 98 96 67 47 54 38 36 52 61 74 85 85 92 101 103 104 104 98 102 106 106 102 97 93 93 89 97 84 90 94 111 114 125 126 121 124 133 110 74 85 119 135 137 132 134 133 133 136 130 137 137 136 147 138 149 141 142 135 139 141 134 143 140 141 143 131 133 137 139 129 141 139 142 128 148 143 132 147 119 145 127 147 145 150 123 138 154 147 150 140 127 163 150 144 146 137 143 149 123 145 138 145 141 139 126 144 139 133 127 154 138 147 163 123 127 130 125 168 127 134 140 124 132 141 132 137 142 133 137 127 139 144 144 146 139 138 107 54 61 97 63 76 72 48 92 89 46 132 111 38 102 98 63 128 109 66 39 83 136 110 92 112 115 98 128 97 89 112 93 76 126 114 90 106 127 85 101 139 99 89 85 111 129 134 102 79 97 133 135 117 137 152 122 144 142 164 157 151 142 162 159 171 155 169 167 175 179 178 182 189 208 213 172 49 42 33 45 41 26 21 
3 8 3 9 24 28 26 21 16 11 7 5 5 5 7 7 5 5 3 4 4 3 2 1 2 3 3 4 6 14 37 64 74 83 77 46 44 51 46 56 64 67 78 90 95 92 90 94 96 99 99 96 93 90 88 87 111 101 112 107 110 110 120 119 118 125 128 115 105 108 145 132 145 129 138 148 130 156 131 149 142 154 130 171 127 139 146 138 137 142 148 138 141 132 143 137 139 140 154 139 155 135 135 153 133 140 139 142 134 135 126 134 154 140 130 129 132 129 142 147 114 170 127 141 133 137 151 134 136 139 135 133 142 134 136 153 142 148 151 158 130 150 137 125 159 136 123 167 128 158 137 138 119 165 120 137 145 141 137 128 143 120 140 117 141 132 140 123 134 110 125 124 111 112 128 109 139 114 118 128 129 121 128 135 131 54 47 131 115 125 181 105 149 135 124 145 149 141 119 102 125 87 150 86 141 95 98 78 125 87 74 143 64 98 88 87 77 108 59 101 77 113 74 115 70 135 149 126 81 130 150 153 142 169 163 169 174 175 179 186 187 205 237 134 127 104 127 116 68 28 
3 13 6 7 12 19 23 26 26 23 19 16 10 5 4 4 3 3 3 3 4 4 5 5 5 5 4 5 4 3 5 8 11 22 52 94 158 155 85 57 43 47 53 64 76 81 81 89 89 89 89 89 89 91 91 85 98 96 107 96 93 103 112 109 113 126 121 117 132 142 139 137 130 132 134 135 126 136 131 133 136 136 142 145 132 132 137 139 137 155 133 137 141 126 124 152 123 131 133 131 134 115 134 103 121 113 128 127 152 131 130 112 139 118 143 139 133 123 136 156 109 149 87 113 113 121 119 106 149 106 130 112 125 84 128 80 102 97 121 99 105 122 95 140 158 116 68 110 65 111 73 120 71 126 63 80 87 86 72 71 91 59 95 58 112 119 123 53 84 55 95 42 117 49 60 73 72 53 51 156 135 130 140 111 138 64 70 101 68 100 126 108 117 122 125 123 115 142 99 41 68 47 87 43 94 34 71 41 80 43 83 47 50 66 63 62 36 76 53 107 47 70 52 93 50 110 139 122 82 128 143 149 135 167 166 171 173 175 178 183 176 188 239 225 219 195 222 209 179 94 
5 8 7 13 18 17 17 17 17 15 13 11 13 9 7 7 6 7 7 5 5 5 6 6 5 4 4 7 9 11 13 13 9 11 14 21 41 46 33 31 31 32 35 42 57 70 76 78 77 77 78 80 82 85 85 75 63 73 89 88 82 94 103 100 105 123 112 84 74 104 58 104 62 89 91 89 106 75 118 84 106 67 119 54 103 83 86 92 88 113 50 129 62 103 64 107 64 80 68 84 76 65 82 43 106 49 106 133 123 146 113 74 111 119 153 126 152 146 132 107 52 77 58 76 87 76 55 60 95 48 80 67 80 40 113 35 73 51 84 52 83 80 71 147 128 99 45 91 42 89 48 102 55 98 50 65 69 72 58 58 81 57 97 61 132 134 128 42 74 52 100 52 94 82 65 81 69 81 60 107 107 122 120 108 137 106 102 96 94 102 91 135 114 135 116 115 116 120 94 72 129 86 119 94 99 89 107 98 110 76 129 90 105 104 94 113 103 91 104 100 107 109 115 141 118 150 157 137 138 153 143 152 134 155 158 162 164 168 169 169 178 184 207 230 214 194 204 211 242 222 
16 7 6 11 15 18 18 15 12 9 7 6 7 5 6 8 6 6 5 6 4 3 4 6 7 7 7 6 5 5 8 10 8 11 9 8 11 20 29 33 28 31 32 36 46 57 60 62 64 66 69 70 70 70 71 66 40 57 72 84 75 82 98 92 93 110 103 60 38 71 26 87 36 64 54 37 51 24 66 31 51 33 83 31 70 56 61 66 58 82 33 107 37 89 53 87 52 70 61 72 68 58 77 44 107 48 101 135 109 127 91 68 94 121 131 106 132 137 116 77 30 26 26 33 37 27 14 22 23 14 21 24 32 21 66 34 80 86 116 90 123 107 103 162 139 126 96 145 89 136 104 134 104 134 114 127 122 144 144 128 137 116 140 116 124 102 139 122 148 110 132 125 119 144 106 134 164 122 143 125 124 128 117 113 115 126 113 123 135 111 119 126 107 124 98 125 148 129 124 113 111 116 106 104 119 126 99 112 110 114 92 130 106 112 109 108 115 111 125 100 111 103 117 110 122 112 119 127 152 142 129 134 121 137 145 150 156 159 160 158 156 151 167 187 191 190 188 183 189 238 
18 17 19 13 8 6 5 5 6 7 8 8 7 5 5 7 7 7 7 7 7 6 7 8 9 9 9 11 11 11 14 14 12 26 27 25 20 27 37 31 29 37 41 41 44 45 44 50 54 58 61 62 61 58 63 65 33 50 57 71 64 74 95 88 83 99 96 61 57 91 41 123 61 86 87 98 110 70 136 82 118 99 113 102 105 104 112 125 105 140 126 117 142 116 119 136 108 127 137 124 141 117 170 103 136 144 127 116 146 109 123 144 123 131 128 149 118 122 132 140 90 30 11 9 7 5 4 9 3 9 6 7 6 6 4 9 9 20 30 45 55 65 83 89 108 105 143 141 127 130 142 126 131 117 134 136 122 125 134 109 109 128 122 132 147 122 126 125 105 108 101 97 100 105 112 118 77 101 100 98 118 106 103 98 100 94 114 99 93 83 121 84 108 93 111 100 87 108 90 116 94 113 100 106 119 102 111 104 93 122 110 91 108 93 110 98 103 99 105 107 98 116 118 106 126 122 128 126 139 134 144 138 134 143 143 149 157 164 163 159 164 156 162 148 165 182 177 183 165 172 
29 27 26 25 24 19 14 10 8 7 6 5 6 7 7 7 7 6 5 9 8 7 8 10 10 10 10 8 9 21 50 64 50 43 37 29 26 30 32 29 31 33 35 35 35 34 35 40 41 43 45 48 49 50 50 54 57 61 61 56 54 62 70 73 79 80 83 94 101 102 99 101 101 106 109 114 122 121 117 116 124 121 121 120 110 109 112 107 112 116 119 120 122 121 121 119 119 121 121 118 116 111 116 115 119 118 112 105 101 112 100 115 127 121 117 113 119 120 115 116 121 109 84 47 15 6 6 4 4 7 5 6 6 7 7 8 6 5 5 6 7 10 14 16 20 27 40 54 66 76 93 110 119 119 118 125 140 135 124 134 136 118 117 121 124 146 136 119 125 115 112 110 109 107 102 100 105 115 114 108 103 97 97 106 121 98 106 95 103 113 104 106 99 98 99 100 103 107 109 103 102 103 102 101 102 101 100 100 99 98 94 95 97 97 94 92 92 91 90 91 95 97 97 97 103 111 110 101 100 104 95 89 103 113 114 116 116 114 110 109 107 103 106 111 112 113 119 124 108 109 
28 27 27 27 26 29 27 22 19 17 14 10 5 4 4 4 5 6 7 6 7 9 10 11 10 10 11 17 16 21 53 72 51 49 42 32 27 29 31 28 26 28 29 28 28 28 29 28 29 31 34 36 38 38 37 39 44 47 49 47 47 53 61 64 70 70 73 82 84 87 89 89 91 94 96 100 105 110 109 107 106 108 114 116 112 115 120 117 114 114 116 116 115 114 112 114 115 115 115 116 118 118 124 125 125 124 122 120 118 122 106 115 121 114 113 112 110 113 115 127 139 121 87 46 15 6 6 5 5 7 4 4 5 6 6 6 6 6 5 4 4 5 6 7 7 10 13 18 22 25 31 39 52 68 85 99 112 122 133 142 128 123 140 133 120 142 133 111 108 94 88 84 82 80 76 73 71 72 66 69 75 77 73 67 65 60 61 47 45 48 40 40 54 53 51 50 49 50 50 45 45 45 45 45 44 43 40 41 41 40 40 41 43 44 42 41 41 42 41 41 43 44 44 45 49 53 54 50 49 54 54 52 60 68 71 74 76 78 79 80 84 86 88 92 91 94 103 96 97 123 
27 27 28 28 28 31 31 29 29 29 26 23 20 17 13 9 7 5 4 4 5 6 6 6 8 10 10 19 16 12 22 29 18 27 25 20 17 18 20 20 19 20 20 19 19 20 21 24 25 27 29 31 32 32 31 31 33 36 39 39 40 46 52 55 61 61 64 69 70 74 78 80 81 84 90 95 95 98 103 104 102 104 108 109 105 105 107 105 100 99 99 98 95 93 91 92 91 89 88 91 94 96 94 92 91 90 91 94 95 87 75 80 80 74 79 85 103 97 89 83 72 42 20 16 8 8 10 9 7 8 8 8 8 9 9 8 6 5 4 4 4 4 5 6 7 9 10 11 12 14 13 13 19 28 39 47 52 57 69 91 96 90 99 97 87 102 101 87 84 77 73 57 52 52 51 47 41 37 37 37 37 37 38 37 36 40 42 32 28 30 26 26 39 37 34 33 32 31 31 31 31 30 30 30 29 30 31 32 33 32 32 34 35 35 34 33 33 34 34 35 37 38 38 39 42 46 55 60 58 65 71 70 75 75 72 75 79 84 88 91 90 88 90 96 96 100 111 102 104 102 
26 26 27 27 27 26 26 26 28 29 29 28 27 26 25 23 19 14 12 9 7 6 4 3 4 5 5 8 8 7 7 7 5 9 9 8 7 8 8 9 10 10 10 10 10 11 12 12 12 13 14 15 16 16 16 15 14 16 17 18 19 22 25 27 31 32 33 37 37 40 42 43 45 48 51 51 48 49 51 56 59 55 53 52 50 49 49 47 48 47 47 46 45 43 42 42 41 40 39 39 40 41 43 42 40 39 40 42 43 40 35 39 38 36 43 49 55 58 61 65 60 35 13 4 6 10 11 9 9 10 9 9 9 8 8 6 5 4 4 5 4 4 5 5 6 7 9 10 11 12 16 18 17 18 20 24 28 30 36 67 101 79 65 75 81 89 89 81 85 87 84 84 84 85 88 87 78 69 55 46 36 32 33 35 35 36 41 38 35 36 36 37 39 37 36 35 34 35 35 37 37 37 36 36 35 34 33 34 34 34 34 35 36 35 34 34 35 36 36 36 37 38 39 40 43 46 48 47 46 51 53 52 55 66 73 73 76 80 84 85 81 76 77 84 88 88 91 92 84 55 
26 26 26 26 25 25 24 23 24 25 26 25 21 22 26 28 29 27 26 19 17 15 12 8 5 3 2 2 3 3 3 3 3 3 4 4 4 4 4 4 5 5 4 4 4 5 5 5 5 5 5 6 6 6 7 6 6 6 7 8 8 9 11 11 14 14 15 17 17 17 17 18 20 23 26 29 30 31 30 33 37 38 37 38 39 40 41 42 43 43 43 43 42 41 40 41 41 42 42 42 41 40 42 41 39 38 38 38 39 43 43 51 49 48 57 63 68 71 69 68 65 48 27 16 12 9 7 6 9 12 8 8 8 8 8 6 6 8 7 7 5 4 4 4 4 6 7 7 7 8 8 9 10 9 10 15 22 38 46 70 104 83 65 72 80 81 78 71 73 78 72 68 67 69 75 79 76 71 69 67 63 56 52 45 36 31 32 35 33 30 30 32 31 30 29 29 30 30 31 31 31 31 30 29 29 28 27 27 27 27 26 26 27 27 26 26 27 28 28 28 27 28 29 30 32 35 39 43 46 48 45 43 47 55 59 58 60 63 64 64 66 62 59 66 70 64 58 49 41 26 
26 25 25 25 24 26 26 25 25 26 27 29 29 28 28 28 27 27 27 28 27 26 25 23 17 13 8 8 4 2 3 3 2 2 2 2 3 3 3 3 3 3 3 3 3 3 4 5 5 5 5 5 5 5 6 5 5 6 7 8 7 8 8 8 10 11 11 12 11 11 11 11 13 16 21 28 36 40 37 36 37 36 34 34 36 36 35 36 38 38 39 39 39 39 38 37 38 40 42 43 42 41 37 36 35 35 35 35 36 42 43 50 49 47 55 57 59 59 57 61 71 71 57 38 18 8 6 7 9 10 9 9 9 10 10 10 9 9 9 8 6 5 4 5 7 7 7 7 6 6 6 7 12 17 23 34 48 61 61 62 69 71 72 61 52 51 55 52 51 56 51 50 51 54 60 66 70 71 70 79 83 81 81 74 61 38 25 26 27 23 23 25 27 26 25 24 24 25 26 25 25 24 23 23 22 22 24 25 24 23 22 22 23 23 22 22 23 24 24 23 23 25 26 27 28 31 32 35 39 40 35 35 40 49 52 52 55 59 59 56 57 52 46 51 53 45 35 24 19 16 
27 26 26 25 25 25 26 27 27 28 30 31 31 30 28 27 28 29 30 31 29 28 28 30 31 31 31 30 20 12 10 8 4 3 2 2 3 3 2 3 3 3 4 3 3 3 4 4 4 4 4 5 5 5 4 4 5 5 6 6 6 6 6 6 8 8 8 9 8 8 8 9 11 13 16 19 26 30 30 28 27 32 32 31 32 30 27 28 29 29 29 30 30 29 29 27 27 29 31 31 32 32 31 30 30 31 34 38 41 43 43 49 47 46 53 53 57 56 54 59 68 63 46 26 12 7 8 8 7 7 7 7 7 8 8 8 8 7 8 7 7 6 6 7 8 8 8 8 9 10 10 13 20 28 37 46 56 64 62 57 53 57 57 37 21 25 44 50 46 54 52 56 60 64 68 74 79 84 83 94 97 96 106 116 113 70 26 21 25 21 22 23 23 23 21 21 21 21 22 23 22 22 21 20 20 19 19 19 19 18 18 18 18 17 16 16 17 18 17 17 19 20 21 22 23 25 26 27 29 29 26 27 32 37 40 40 44 47 47 42 37 32 29 31 31 27 22 21 18 16 
28 27 27 27 26 26 27 28 28 27 26 25 25 25 26 27 28 29 29 25 27 28 28 26 26 27 26 25 27 30 25 19 17 12 7 5 4 3 2 2 2 3 3 3 3 3 3 3 3 3 4 4 4 4 4 4 5 5 5 5 5 5 5 4 6 6 6 7 8 8 9 10 12 14 16 17 18 21 23 24 24 26 25 25 27 25 23 24 24 23 24 24 23 23 22 23 22 22 22 23 24 24 26 25 25 27 32 39 45 47 46 49 47 49 57 56 62 63 63 66 62 40 19 9 5 5 6 5 5 7 7 6 5 5 6 6 6 6 6 6 6 7 7 8 9 9 9 12 16 21 26 30 34 39 44 47 50 53 53 58 60 45 28 12 5 10 37 50 43 52 53 60 67 71 73 74 79 85 82 95 96 91 100 113 113 110 31 16 20 17 17 17 15 15 14 14 14 14 15 16 16 15 15 14 13 13 12 13 13 13 12 13 14 13 12 12 13 13 13 13 13 14 15 16 17 18 21 24 23 21 21 23 25 27 28 28 31 33 31 26 22 20 20 21 21 20 21 22 21 22 
29 29 28 27 28 28 27 27 29 28 25 26 27 28 28 28 29 30 31 26 27 28 28 28 29 29 29 27 28 28 24 20 19 16 14 14 13 10 7 6 3 3 2 2 2 2 2 2 2 3 3 4 4 4 5 4 3 4 4 4 4 4 4 4 5 5 5 5 5 6 6 7 9 10 11 13 14 14 15 18 19 18 18 18 18 18 19 19 18 18 18 18 18 18 18 18 18 18 19 19 18 17 16 16 17 20 25 32 36 38 41 46 49 52 58 61 63 72 75 61 37 16 6 3 3 4 5 5 7 8 6 6 6 6 6 7 6 6 7 7 6 5 6 6 7 11 17 22 27 32 37 39 39 39 42 48 50 51 56 60 38 21 10 5 4 4 31 53 45 57 56 64 69 72 75 77 80 83 86 98 99 100 106 105 108 131 58 13 13 12 10 12 10 10 11 11 11 11 11 12 12 12 11 11 10 10 10 8 9 10 9 9 9 9 9 9 9 10 11 11 9 10 10 11 12 14 16 16 16 14 13 15 18 17 18 20 17 19 19 17 19 18 18 22 21 20 23 23 21 17 
29 29 27 27 28 28 27 27 30 29 27 29 30 29 29 29 29 29 30 29 28 28 28 28 29 30 28 26 25 22 21 19 18 17 18 19 18 16 14 13 10 9 7 6 5 3 2 2 2 2 2 2 3 3 3 3 2 2 3 3 3 3 3 3 4 4 4 4 4 4 5 5 6 7 7 8 10 9 9 12 13 13 13 14 12 13 14 14 12 12 12 12 12 12 12 12 11 12 12 12 11 10 10 10 12 15 19 24 27 28 32 38 42 45 49 52 53 50 44 30 13 5 3 3 3 3 3 4 4 5 4 6 7 7 7 7 7 6 5 5 4 4 4 5 8 16 25 31 33 36 36 37 39 40 45 54 58 53 48 42 18 11 7 6 5 3 25 53 47 58 57 65 68 70 74 78 81 84 86 95 93 98 105 101 107 137 87 13 9 9 8 9 9 10 10 10 9 9 9 8 9 9 9 10 9 9 9 8 8 8 7 7 8 8 9 8 8 8 9 9 8 8 7 7 8 8 8 8 8 8 8 8 10 11 14 19 14 20 21 12 11 11 12 13 13 13 14 13 14 14 
29 28 27 27 27 27 26 27 29 29 27 28 29 29 28 28 28 28 28 29 28 28 26 26 26 26 22 21 21 20 20 19 19 18 18 18 18 18 18 18 19 18 17 16 13 10 7 5 4 3 3 2 2 2 2 1 1 2 3 3 3 3 3 3 3 3 3 4 4 4 4 4 4 4 4 5 6 6 7 8 9 8 8 8 7 7 8 8 7 7 7 7 7 7 7 7 6 6 6 6 6 5 6 6 7 9 11 14 16 19 23 27 29 30 32 33 26 19 12 7 4 2 2 2 2 2 2 2 2 2 2 3 4 5 5 5 5 5 3 3 3 3 3 3 6 12 20 26 29 31 30 31 34 36 36 38 36 35 28 18 9 10 9 7 5 2 19 51 48 56 57 63 65 67 71 75 81 85 83 91 88 94 103 104 112 143 128 19 9 8 9 8 8 9 9 8 7 7 8 8 8 8 9 9 9 9 9 8 7 6 6 7 8 9 9 9 8 7 7 7 6 6 6 5 5 4 4 4 4 6 10 8 9 14 26 38 23 25 23 9 4 4 5 4 4 5 4 5 9 16 
28 28 27 26 27 27 27 27 28 27 27 27 27 27 28 28 28 27 27 28 27 25 24 23 22 22 19 19 19 19 19 19 19 18 17 16 16 16 17 17 17 18 19 20 18 16 14 13 13 12 10 7 5 4 3 2 2 2 3 3 3 2 2 3 3 3 3 3 3 3 3 3 3 3 3 3 4 4 4 5 5 4 4 4 4 4 4 4 5 5 5 5 5 5 4 5 4 4 4 4 4 4 5 5 5 5 7 8 9 11 12 14 15 15 14 14 8 5 4 4 4 3 3 3 2 2 2 2 1 1 1 1 2 4 4 4 4 4 4 3 2 2 3 3 4 6 9 11 13 15 15 15 15 15 14 14 14 15 11 6 5 10 9 7 6 3 15 48 48 52 55 59 61 63 67 73 79 84 83 90 88 94 105 107 115 139 173 27 9 7 9 6 7 7 7 7 7 7 8 8 8 7 7 7 8 8 8 8 6 5 7 8 7 7 8 8 7 7 6 6 6 6 6 6 6 6 6 6 3 6 24 21 20 23 35 49 24 17 15 5 2 2 3 2 3 3 2 2 6 14 
29 28 27 27 28 27 28 28 28 27 27 27 26 27 28 27 27 25 25 24 23 22 21 20 20 20 19 18 18 18 18 17 17 18 17 16 15 15 15 15 14 15 16 17 17 17 16 16 17 18 17 14 11 9 9 7 6 5 4 3 3 3 2 2 2 2 2 2 3 2 2 2 3 3 3 2 3 3 3 3 3 3 3 4 4 4 3 3 3 3 3 3 3 3 3 3 3 3 3 3 3 3 4 4 3 3 4 4 5 5 6 6 7 6 5 5 4 3 4 4 4 3 4 3 3 3 3 3 2 2 1 1 3 5 5 4 4 4 5 4 3 3 3 4 5 4 4 4 4 4 5 4 4 3 4 5 6 5 3 2 5 10 9 8 8 4 12 45 46 47 51 54 56 59 64 70 77 81 80 87 86 91 98 96 101 104 165 27 8 6 8 6 7 7 7 7 7 8 9 9 9 9 9 10 11 12 13 12 10 11 15 15 11 9 11 12 11 11 11 11 12 12 12 13 14 15 15 10 3 9 43 41 34 35 41 47 20 9 6 3 2 2 2 3 3 3 2 2 7 12 
30 29 28 27 28 27 28 29 28 28 29 28 26 26 26 24 23 21 20 19 19 18 18 18 18 18 17 17 16 16 15 15 14 15 15 15 15 15 14 14 16 16 16 15 15 15 16 15 15 16 16 16 15 15 15 13 12 10 9 8 7 6 5 4 3 2 2 2 2 2 2 2 2 2 2 2 2 2 2 2 2 2 2 2 3 3 2 2 2 2 2 2 2 2 2 2 2 1 2 2 3 3 3 3 2 2 2 3 3 3 3 4 4 4 4 3 3 3 3 3 3 3 3 3 3 3 3 2 2 2 1 2 4 6 5 4 4 4 5 4 4 5 5 5 5 5 5 6 6 7 6 6 8 8 7 5 3 2 1 2 4 10 10 11 11 7 10 39 41 40 45 48 50 54 59 65 71 75 75 82 81 83 86 79 81 85 145 34 17 15 19 18 18 18 18 18 18 18 19 19 19 20 20 21 23 24 26 22 21 27 34 28 20 17 19 21 20 20 20 20 21 20 19 19 21 22 21 13 4 10 48 48 36 34 32 29 13 6 3 2 2 2 2 3 4 2 2 3 6 6 
29 29 27 27 28 27 28 28 26 27 27 25 23 22 21 19 17 16 15 16 15 15 15 15 16 16 15 14 14 14 13 13 12 12 13 13 13 13 13 13 14 14 13 12 12 13 14 14 13 12 12 12 13 14 15 14 14 15 15 13 12 11 10 8 6 5 4 4 3 3 2 2 2 2 2 1 1 2 2 2 2 2 2 2 3 3 2 2 3 3 3 3 3 3 4 3 3 4 4 6 7 7 4 3 3 3 3 3 3 3 2 2 3 3 3 3 3 3 4 4 4 3 3 3 4 4 3 3 3 4 2 3 5 6 5 4 6 7 9 7 5 6 6 6 6 6 6 7 7 7 7 7 8 7 5 3 2 1 1 3 4 10 13 14 13 9 8 31 34 34 38 41 44 49 54 59 63 66 67 75 73 76 78 72 75 90 122 39 27 25 28 28 27 28 28 27 27 27 28 29 29 29 29 29 28 29 30 26 29 37 41 31 23 20 22 23 23 22 22 24 26 25 23 22 22 22 23 15 5 9 33 35 28 24 16 12 9 12 10 6 6 5 5 7 8 7 6 3 3 1 
29 28 27 26 27 27 29 28 23 22 22 19 17 16 15 14 13 13 13 14 14 13 13 14 14 14 12 12 13 13 13 13 13 12 12 12 12 12 12 12 12 13 12 11 11 12 13 13 12 11 11 11 12 12 13 13 14 15 15 13 13 13 12 12 11 11 11 11 10 9 8 7 7 7 6 5 4 6 7 7 8 8 7 7 9 10 9 9 10 10 10 11 11 11 12 12 12 13 16 19 21 21 18 16 14 13 12 12 12 9 8 7 7 7 7 6 6 4 4 4 3 3 3 4 6 8 9 8 10 11 8 6 6 6 6 9 13 19 24 15 5 3 4 5 5 4 4 4 4 4 4 4 3 2 1 2 2 1 1 2 4 12 16 14 12 10 7 25 27 28 33 35 38 44 49 54 56 57 57 64 63 68 75 75 81 99 92 34 29 27 24 25 24 25 27 27 27 27 27 29 29 29 29 28 27 27 27 25 32 40 36 25 20 18 20 21 21 21 21 23 24 23 23 22 21 21 22 15 6 6 14 19 23 22 17 17 17 23 22 17 18 18 18 18 20 20 16 7 2 1 
28 28 27 27 27 27 27 23 18 16 16 15 14 13 13 12 12 13 14 13 13 13 13 13 13 13 12 13 13 14 14 14 14 14 13 12 12 13 13 13 13 14 14 13 13 13 13 12 12 11 12 13 13 14 13 13 13 12 12 11 12 13 13 14 14 14 15 15 15 14 13 13 13 13 13 12 11 13 15 14 15 13 13 15 17 17 16 17 17 18 18 18 18 18 18 18 21 26 31 33 34 33 33 30 29 29 27 25 26 24 22 21 21 21 20 20 19 15 7 5 3 1 2 6 15 21 21 22 22 21 14 9 8 11 17 22 25 30 37 22 5 1 2 2 2 2 1 2 2 2 2 2 2 2 2 2 1 1 1 2 5 12 16 11 10 8 6 19 23 25 30 33 35 38 43 47 48 47 45 51 54 58 65 71 80 104 74 32 27 27 24 23 25 26 27 27 27 28 28 26 26 27 29 29 28 28 27 27 36 43 36 21 19 18 17 19 22 24 23 22 22 21 21 21 20 18 19 13 6 4 5 10 21 24 24 26 24 33 27 24 25 25 25 24 24 28 21 7 2 1 
30 28 27 26 25 23 21 17 13 12 13 14 14 13 12 12 12 13 13 13 13 13 13 13 13 13 13 14 15 15 15 14 14 14 13 13 13 13 13 13 12 12 12 12 13 13 13 13 12 13 14 15 15 15 14 13 12 12 13 14 14 14 15 15 14 13 13 13 13 12 12 12 13 14 14 15 15 16 16 16 15 14 15 17 17 17 17 18 19 19 19 18 18 18 20 20 24 30 33 33 32 31 31 29 32 34 32 29 31 33 31 31 32 31 29 29 32 28 14 10 7 2 3 11 24 28 28 32 29 25 19 15 15 20 29 31 29 29 32 22 8 3 1 1 1 1 1 1 1 1 2 2 2 1 1 1 1 1 1 2 4 9 12 9 9 6 6 13 19 20 24 29 29 31 34 38 38 37 32 38 45 48 49 57 67 86 54 30 24 27 28 25 28 28 28 28 28 28 28 29 26 27 30 29 28 28 27 28 39 43 35 18 19 16 14 18 21 22 22 20 22 20 20 19 18 17 16 11 6 7 8 12 19 23 25 26 24 35 25 26 25 23 21 23 20 27 19 3 1 2 
27 24 21 18 17 15 14 13 13 13 13 13 12 12 12 12 12 12 12 13 13 13 13 13 13 13 13 13 14 14 14 13 13 13 13 13 12 13 13 13 13 12 12 12 12 11 11 12 13 14 15 15 14 13 13 13 12 13 14 14 15 15 16 16 14 13 13 13 13 12 12 12 13 14 14 15 15 15 15 15 16 16 15 15 16 17 17 17 18 17 16 15 17 21 25 31 30 29 28 27 28 29 32 30 31 33 30 28 28 28 27 30 33 28 22 22 28 25 12 9 6 2 5 17 18 15 18 25 26 26 28 28 26 23 21 19 19 21 27 26 17 8 4 2 2 2 2 2 2 2 2 3 3 3 4 6 7 8 7 5 4 6 8 7 7 5 6 11 13 13 15 19 21 23 27 31 33 33 25 30 37 41 43 48 55 67 44 27 25 29 28 23 28 28 28 28 28 28 29 30 28 28 31 30 29 28 27 32 42 41 32 19 20 14 24 29 24 22 21 21 21 21 21 22 23 22 20 12 5 8 13 18 21 23 27 26 22 32 22 23 26 24 22 26 24 27 16 3 2 3 
19 17 14 13 12 11 12 12 12 12 12 12 12 12 13 13 14 13 13 12 12 12 12 12 12 12 13 13 14 14 13 13 12 13 13 13 13 13 13 13 13 13 13 13 12 12 12 12 12 13 14 14 13 12 12 12 13 13 14 14 14 14 15 14 13 11 11 12 14 13 13 13 14 14 15 16 16 15 15 16 17 15 14 14 15 17 17 16 15 15 16 18 22 26 30 37 34 30 29 29 30 30 30 29 30 30 29 27 27 29 29 33 32 22 15 16 26 25 11 3 1 1 6 11 9 5 7 12 16 23 30 31 25 14 7 7 10 16 27 32 26 17 13 12 12 11 11 11 11 11 12 13 13 14 16 18 20 21 20 15 11 10 7 3 3 3 5 10 10 9 12 13 13 15 19 23 25 26 26 29 32 33 36 41 48 51 37 27 27 30 29 24 28 28 28 28 28 28 28 27 25 26 27 26 25 26 27 35 43 36 26 17 20 13 33 41 45 49 22 20 21 21 21 22 21 20 16 6 2 2 6 14 19 19 21 24 23 36 22 18 17 17 22 26 21 20 11 2 2 2 
15 14 14 14 13 12 12 12 12 12 12 11 12 12 13 14 14 13 13 13 12 12 12 12 12 12 13 13 13 13 13 12 12 12 11 11 11 12 12 12 12 12 12 12 13 13 14 15 13 12 12 13 14 14 13 13 14 15 15 14 14 13 14 14 12 11 11 12 12 12 12 12 13 13 14 15 14 14 14 15 15 15 15 16 17 18 17 15 15 17 21 26 30 32 32 33 31 30 31 34 34 32 30 30 31 31 31 31 30 27 28 29 22 9 4 6 10 13 9 3 1 1 2 2 3 2 2 2 4 11 17 17 11 5 3 8 13 16 23 29 30 28 28 28 26 25 25 24 25 26 27 28 28 28 27 27 26 27 27 26 25 23 15 6 2 2 5 9 10 9 12 11 11 12 14 15 17 18 21 21 20 20 24 32 40 39 33 29 27 29 28 27 27 27 27 27 28 28 28 28 26 27 27 26 26 28 30 40 44 31 23 18 21 12 25 35 67 93 21 20 20 20 21 21 21 19 13 4 2 2 3 6 10 13 16 17 16 27 17 12 7 7 15 17 11 8 5 2 2 2 
12 12 12 13 13 13 13 12 11 11 12 12 13 14 15 15 15 15 15 13 13 13 13 13 13 13 12 12 12 12 12 11 11 11 10 10 10 11 11 12 12 12 13 13 13 13 13 13 12 11 11 12 12 12 12 12 13 13 12 12 11 11 12 12 11 11 11 11 11 12 12 12 12 12 12 12 12 12 12 13 13 14 15 16 14 13 13 15 18 19 23 27 31 32 30 30 30 29 31 33 33 31 31 31 31 30 30 30 29 28 29 26 14 3 1 2 2 2 2 2 2 2 2 1 1 1 1 1 1 3 5 4 3 2 4 13 18 12 11 14 22 28 27 25 24 23 23 24 25 27 26 26 28 29 28 27 24 26 28 30 33 34 23 10 3 2 5 9 9 8 11 10 9 10 10 10 10 11 13 13 12 13 17 22 27 27 26 25 22 21 23 26 26 26 27 27 27 27 28 27 26 26 27 25 26 28 29 39 38 26 21 19 22 10 11 15 49 92 17 20 19 19 20 22 21 20 13 4 3 2 3 8 15 16 13 9 4 9 7 8 7 7 10 10 7 5 5 4 3 2 
12 11 11 11 11 12 13 12 12 12 13 14 12 12 12 12 12 12 11 11 11 11 11 11 11 11 10 10 10 10 10 10 10 11 11 11 11 11 12 13 14 14 14 13 13 13 12 10 11 11 12 12 10 10 11 11 12 11 11 10 10 11 12 12 12 12 12 13 13 13 13 14 14 14 13 13 13 13 13 14 14 14 13 13 12 12 16 22 26 26 25 27 30 31 29 33 32 30 29 28 29 29 33 34 32 30 30 29 27 26 27 21 9 2 1 2 1 1 1 1 1 1 2 1 1 1 2 2 1 2 2 2 1 1 3 6 8 4 3 5 7 9 10 12 15 15 15 17 19 21 22 23 24 27 27 26 25 23 21 20 21 21 15 7 3 3 6 8 7 7 8 8 8 8 7 7 7 8 10 10 10 11 11 11 11 8 9 9 7 7 8 11 7 7 8 8 8 8 8 9 9 9 9 9 10 13 23 30 26 16 16 16 18 9 5 4 14 39 15 20 18 18 18 18 16 14 10 4 2 2 4 11 19 20 17 10 5 13 12 12 16 14 13 11 12 11 10 8 6 4 
6 5 5 5 5 4 4 4 4 4 4 4 5 5 5 4 4 4 4 5 5 5 5 5 5 5 5 5 5 5 5 6 6 7 7 7 7 7 8 8 8 8 8 8 8 7 8 8 9 9 10 10 9 8 9 9 9 9 9 9 9 10 11 12 11 11 12 11 11 11 11 12 12 11 11 11 11 12 12 12 12 12 12 11 12 15 19 23 27 24 21 21 23 23 22 23 23 22 20 18 18 18 13 13 12 10 10 10 9 11 12 8 3 1 1 1 0 1 2 1 1 1 1 2 1 1 2 2 2 2 2 1 1 1 1 1 1 1 1 2 1 1 2 3 2 2 2 3 4 4 6 7 7 6 4 4 3 4 5 4 4 5 5 4 3 3 6 7 7 7 8 8 9 10 10 10 11 13 12 11 10 11 11 9 8 6 6 6 6 6 7 8 9 9 9 9 10 10 10 13 13 14 14 13 14 19 26 29 23 14 16 17 17 8 8 6 4 10 19 19 20 19 18 17 15 12 10 7 7 9 9 12 11 11 12 11 8 19 15 11 12 9 9 7 8 7 8 8 7 6 
10 10 10 10 10 10 10 10 9 9 8 8 6 5 5 5 4 4 4 3 3 3 3 3 3 3 3 3 2 2 2 2 2 2 2 2 2 2 2 2 2 2 2 2 2 2 2 3 2 2 2 2 3 2 2 2 2 2 2 3 3 3 4 4 4 3 4 4 5 5 5 5 5 5 6 6 6 7 7 6 6 6 5 5 7 8 8 8 8 8 6 6 7 6 5 7 8 10 9 8 7 7 7 8 7 6 7 7 6 4 5 3 1 1 1 1 1 0 0 1 1 2 1 1 2 1 1 1 1 1 1 1 1 1 1 1 1 1 0 1 1 1 1 2 2 2 2 2 3 3 3 3 3 4 4 5 6 5 5 6 5 5 6 7 6 6 8 10 10 11 12 14 15 17 17 18 20 23 22 20 19 20 21 21 20 18 17 18 20 22 23 22 22 22 22 22 23 23 23 22 21 22 22 22 24 31 39 38 27 17 21 21 19 9 13 12 6 7 25 19 22 22 22 22 21 18 17 16 17 18 15 17 20 20 21 19 17 31 23 17 15 14 18 16 16 13 16 17 16 14 
9 10 11 11 10 11 12 12 12 12 11 11 10 11 12 13 12 10 9 8 8 9 9 9 9 9 8 8 8 7 6 6 6 6 6 6 5 4 4 4 3 3 3 3 2 2 2 3 2 2 2 2 2 2 2 2 2 1 2 2 2 2 2 1 1 1 2 2 2 2 2 2 2 2 2 1 1 1 1 1 1 1 2 2 2 2 2 2 2 2 2 3 3 3 3 3 4 4 4 4 4 4 3 3 4 4 4 4 4 3 3 2 2 1 1 1 1 1 1 1 1 1 1 1 1 1 1 1 2 1 1 1 1 1 1 1 1 1 1 1 1 1 3 6 8 8 9 10 11 12 13 14 15 17 19 21 23 22 22 26 27 26 26 29 27 25 25 26 27 27 28 29 30 28 27 27 28 29 27 28 28 28 27 26 25 25 24 24 26 27 26 24 28 28 28 27 26 26 26 24 21 20 20 18 23 30 36 30 18 13 18 19 13 10 14 11 7 11 18 23 23 21 19 18 19 20 19 20 14 23 21 17 18 22 21 18 24 36 24 24 23 21 18 18 19 20 19 19 19 18 
11 12 13 14 13 11 10 10 10 10 10 10 11 11 11 11 11 10 10 9 10 10 11 11 11 11 12 12 12 12 12 11 11 12 12 11 11 11 10 10 11 11 11 11 10 10 10 10 9 7 5 4 4 3 3 3 3 3 2 2 2 2 2 2 1 1 1 1 2 2 2 2 2 2 1 1 2 2 2 2 2 2 2 2 3 3 3 3 2 2 2 3 3 3 3 2 2 2 2 2 2 2 1 1 2 2 2 1 1 1 2 2 2 2 2 2 2 1 2 3 3 3 4 4 3 1 1 2 2 2 1 1 1 1 1 1 1 1 1 1 1 2 6 18 29 30 30 31 31 32 34 35 35 34 33 33 32 32 33 35 33 29 27 28 29 29 28 27 28 28 28 27 27 27 28 28 29 28 28 29 30 30 29 28 27 27 26 27 28 28 28 27 29 28 28 27 27 26 26 26 24 24 25 21 28 32 35 28 18 15 18 19 15 15 18 14 9 11 16 21 24 22 21 21 20 19 19 22 17 20 18 19 18 21 23 22 28 37 22 23 23 22 20 20 21 21 21 20 21 20 
10 11 12 12 11 11 12 12 12 12 12 12 14 13 12 11 11 11 11 13 14 14 14 14 14 14 12 12 11 11 11 11 11 9 9 9 8 8 8 8 8 8 8 8 8 8 8 7 6 5 4 4 4 3 3 4 4 4 3 2 2 2 1 1 1 1 1 1 1 1 1 2 1 1 1 2 2 2 2 3 3 4 4 3 3 2 1 1 2 2 2 2 2 2 2 2 3 3 3 2 2 2 2 2 2 2 2 2 2 2 2 3 3 4 5 5 5 6 8 11 14 16 19 17 11 4 1 1 1 0 1 1 1 1 1 1 1 1 1 1 1 2 7 12 14 14 14 14 14 14 12 10 10 11 11 11 11 11 12 13 12 11 11 11 11 12 13 14 15 17 18 22 24 27 28 29 28 28 28 29 29 30 29 29 28 28 29 30 30 30 30 30 30 29 29 29 28 28 27 28 28 28 30 24 37 38 34 25 19 18 20 20 18 19 21 18 15 18 21 23 24 23 23 22 21 19 17 20 19 23 18 19 22 20 18 20 27 35 21 23 23 22 21 21 22 22 21 21 22 21 
12 12 12 11 10 10 9 10 10 10 9 9 10 9 8 6 6 6 6 4 4 4 4 3 3 3 3 3 3 3 2 2 2 2 2 2 2 2 1 1 1 1 1 1 1 1 1 1 1 1 1 1 2 1 1 1 2 2 1 1 1 1 1 1 2 2 2 1 1 1 1 1 1 1 1 1 1 1 2 2 2 2 2 2 2 2 2 2 2 2 2 2 2 2 2 2 2 2 2 2 2 2 2 2 3 3 3 3 2 3 3 4 5 6 6 7 6 6 6 6 5 5 5 6 4 2 1 1 1 1 1 1 1 1 1 2 2 2 2 2 2 2 4 5 4 5 5 5 6 6 6 7 8 9 11 13 14 14 15 16 16 16 16 18 17 18 19 21 24 27 29 26 26 27 28 29 28 28 28 28 28 28 28 28 27 28 31 32 31 30 31 32 31 31 30 30 30 30 29 30 30 29 30 29 41 45 34 23 21 23 22 21 22 22 23 21 20 23 25 23 22 21 21 22 21 19 20 21 19 23 17 17 27 24 18 19 26 36 22 23 22 21 21 22 22 22 21 22 23 21 
6 5 5 4 4 3 3 3 3 2 2 2 2 2 2 2 2 2 2 2 2 2 2 2 1 1 2 2 2 2 2 1 1 1 1 1 1 1 1 1 1 1 2 2 2 2 2 2 2 2 3 3 3 3 3 3 3 4 4 4 5 6 7 8 8 8 8 9 9 8 6 4 3 3 3 3 3 3 3 3 3 3 2 2 2 3 3 3 2 2 2 3 3 4 4 4 5 5 6 6 6 5 8 8 9 9 9 9 9 12 13 13 13 14 14 14 18 16 17 17 16 16 17 16 16 16 18 21 23 21 20 20 20 20 21 22 22 22 22 23 23 21 22 25 27 28 29 30 31 32 32 32 32 33 34 35 35 37 38 38 35 33 32 32 34 34 33 33 33 33 34 31 29 28 28 28 28 29 29 29 28 28 28 28 28 28 30 32 31 29 30 31 32 32 31 31 31 30 30 31 30 29 27 36 42 48 29 21 21 24 22 21 22 23 23 22 20 22 20 20 21 20 20 21 22 22 22 21 18 16 17 23 23 23 28 24 28 38 23 22 21 22 22 23 22 22 22 22 22 19 
1 1 1 1 1 1 1 1 1 1 1 1 1 2 2 2 2 2 2 2 2 2 2 2 2 2 2 2 2 2 2 2 2 5 5 5 5 6 6 6 6 6 7 7 7 7 7 8 8 9 10 10 11 12 13 12 12 13 14 15 15 14 13 12 11 10 9 6 3 2 2 1 1 2 3 4 4 4 4 4 3 4 4 4 4 5 5 5 6 7 8 10 12 14 15 19 21 23 24 25 25 25 25 25 26 27 27 27 27 31 31 30 29 29 28 27 24 23 26 30 31 33 35 32 33 32 32 33 30 27 27 28 27 27 27 28 29 29 27 28 28 27 29 30 29 29 29 29 30 30 33 35 35 34 33 32 32 32 32 30 29 27 26 26 27 27 26 26 26 26 26 31 31 30 28 28 29 30 32 31 30 29 29 29 29 27 29 30 29 29 29 30 30 30 30 30 30 30 29 29 29 28 27 41 40 43 25 20 20 22 20 19 21 21 21 21 22 22 22 22 22 21 20 21 23 23 20 21 28 31 53 70 44 22 27 22 27 38 24 23 22 23 24 24 23 23 24 23 23 19 
4 4 4 4 4 4 5 5 5 5 5 5 6 6 7 7 8 8 8 10 10 10 10 10 10 9 10 11 11 11 12 12 13 9 9 10 11 11 12 12 11 11 11 11 11 11 11 12 12 13 14 15 15 15 12 12 11 10 10 10 9 6 5 4 3 3 2 2 3 3 3 4 5 6 4 3 3 4 5 5 6 6 7 8 12 16 20 24 27 28 30 31 32 34 35 29 29 31 32 33 32 31 29 29 29 29 29 28 27 29 29 28 28 27 27 27 33 30 30 28 25 24 25 27 29 29 30 32 31 29 29 30 30 28 27 29 31 30 29 30 32 32 32 34 36 36 36 35 34 34 32 31 31 31 32 32 32 31 30 29 28 29 30 30 31 31 31 32 32 33 34 31 30 30 30 30 31 31 33 32 31 29 28 28 28 27 27 28 28 29 29 27 28 28 28 28 28 28 28 26 26 27 30 44 40 36 22 21 22 22 20 20 20 20 20 22 24 24 25 24 22 21 21 22 22 21 19 20 33 42 64 85 77 31 21 20 26 37 24 25 23 23 24 23 22 23 26 25 24 20 
11 11 10 9 10 9 9 10 11 11 12 12 13 13 12 12 12 12 13 13 12 12 11 10 9 8 9 9 9 9 10 10 10 11 11 11 11 12 12 12 13 13 13 13 13 13 13 14 14 14 13 12 12 11 9 8 7 6 5 4 4 4 3 3 2 2 2 2 3 3 3 4 5 6 7 9 11 14 19 23 26 29 30 29 29 30 32 33 34 32 31 30 28 26 26 26 26 27 28 28 28 27 27 27 27 25 24 23 22 24 24 25 25 26 26 26 28 27 28 30 29 30 31 31 30 27 26 29 29 28 29 30 29 27 27 28 29 28 28 32 35 33 30 30 31 31 31 30 30 30 30 31 31 31 32 32 33 32 31 29 28 29 29 29 31 32 31 29 28 28 28 27 28 30 31 32 31 31 33 32 30 28 27 26 26 28 26 26 28 29 29 27 26 26 26 26 26 26 26 24 25 27 34 44 40 30 22 24 24 23 22 22 21 22 22 22 22 21 20 21 21 21 21 21 19 17 15 10 10 12 13 26 61 43 22 23 30 38 23 24 23 22 23 21 21 22 25 25 26 23 
9 9 10 10 11 11 11 11 10 10 10 10 11 11 11 11 11 11 11 10 10 10 10 10 10 9 10 11 12 12 11 10 10 12 12 12 12 12 12 13 12 12 12 12 13 13 13 13 11 9 7 7 5 4 3 3 2 2 2 2 2 2 2 2 2 3 4 6 9 11 13 17 21 22 23 26 27 28 29 30 29 30 31 32 33 32 31 30 30 30 29 29 29 29 29 29 29 29 29 29 29 29 29 28 27 27 27 26 26 29 28 28 28 28 28 29 30 29 28 30 31 30 28 28 28 28 29 29 29 29 28 28 28 27 28 29 31 33 33 33 33 33 33 32 31 31 30 30 30 30 31 32 32 32 31 31 30 29 28 29 30 30 29 28 29 30 30 30 31 31 32 31 31 31 31 31 31 31 31 31 29 27 25 26 29 27 27 27 27 28 28 28 26 28 29 27 26 27 29 27 25 29 42 45 41 28 23 23 22 21 21 22 22 21 22 22 22 22 21 21 21 20 22 23 20 15 11 7 2 3 4 5 46 56 22 20 31 37 23 26 23 24 24 23 22 23 25 24 24 23 
10 10 10 10 11 10 10 10 10 11 11 11 12 12 11 11 10 10 9 9 10 10 10 10 10 10 12 12 11 10 10 11 11 12 12 12 12 12 12 13 14 13 11 11 10 9 8 5 4 3 2 2 2 1 2 2 3 3 4 4 5 6 6 6 8 12 17 22 26 28 28 29 32 31 30 29 29 28 28 29 29 31 33 33 34 33 31 30 29 29 29 29 29 29 29 31 31 31 31 31 31 31 30 29 28 28 28 28 28 29 29 29 28 29 29 29 29 28 28 30 31 30 29 28 28 29 29 29 29 29 28 28 27 28 28 29 30 32 32 32 31 32 32 32 31 31 31 31 31 31 31 32 32 32 31 30 30 29 29 30 30 30 29 29 29 29 29 30 31 32 32 31 30 30 31 31 31 31 31 31 29 27 26 27 29 26 26 26 27 27 27 27 26 29 29 28 26 27 29 27 28 35 45 46 32 22 23 23 23 22 22 22 22 22 23 23 23 23 23 24 23 22 22 23 22 18 16 8 2 3 2 1 48 71 30 24 36 38 20 23 21 22 23 23 22 23 25 25 26 25 
10 10 10 10 10 10 10 10 11 12 12 13 13 13 11 10 10 9 9 10 11 11 11 11 11 11 11 10 10 10 10 12 13 12 11 11 11 11 11 11 11 9 7 5 4 3 2 2 2 2 2 2 3 4 5 5 6 8 9 8 8 8 10 12 15 20 25 28 29 31 30 31 33 32 31 31 29 27 28 29 31 32 32 33 32 31 29 28 29 30 30 30 30 30 30 32 32 32 32 32 32 32 31 30 30 29 29 29 30 29 29 28 28 29 29 29 27 28 28 29 29 30 31 29 29 29 29 29 29 29 28 28 28 28 29 29 30 31 31 30 30 31 31 31 31 31 31 31 31 31 31 31 32 31 31 30 29 29 30 30 31 31 30 30 29 29 29 30 30 31 31 30 29 29 30 30 30 31 31 30 28 27 27 28 29 26 27 27 28 28 27 27 26 28 29 27 26 27 29 26 31 41 47 47 28 21 21 22 22 22 21 19 19 20 21 21 22 22 21 22 22 20 19 19 19 17 14 7 5 8 7 12 40 57 30 22 36 40 20 22 20 21 22 22 22 22 24 24 25 24 
11 11 11 11 11 11 11 11 11 11 11 11 11 11 10 10 10 10 11 12 12 12 12 12 12 11 12 12 13 13 13 12 12 11 10 8 6 5 4 4 4 3 3 3 3 4 4 5 6 7 8 9 11 12 12 11 11 12 12 11 12 15 19 24 26 28 29 28 28 30 30 32 35 34 33 33 31 30 30 31 32 32 31 31 31 30 29 28 29 30 30 30 30 30 30 30 31 30 31 31 31 31 31 30 30 29 29 30 30 29 29 29 28 29 29 29 27 29 29 28 28 29 31 29 29 29 29 29 29 30 29 29 28 29 30 30 30 31 30 30 30 30 31 31 30 30 30 30 30 30 30 31 31 31 31 30 29 29 30 31 31 31 30 30 29 29 29 30 30 30 31 30 29 30 30 30 30 30 32 29 27 27 29 29 28 27 28 29 29 29 28 27 27 28 28 27 26 27 28 26 31 40 43 41 27 22 23 24 24 23 22 20 20 22 22 22 22 23 23 24 23 21 19 19 19 18 12 11 10 11 9 19 29 32 25 18 37 44 21 25 21 20 21 22 23 23 23 22 23 23 
10 11 11 11 11 12 12 11 10 10 10 10 10 10 9 9 10 11 12 13 13 12 12 12 11 10 11 11 11 9 8 7 6 5 5 4 4 4 4 4 5 5 6 7 9 11 11 12 12 12 13 13 13 14 14 13 12 11 12 14 18 24 28 31 32 30 29 30 32 33 32 32 35 34 33 33 32 32 32 32 32 31 31 31 31 31 31 30 30 30 30 30 30 30 30 29 29 29 29 29 29 29 30 29 29 29 29 29 30 29 29 28 28 29 29 29 28 30 30 28 27 28 30 30 29 29 29 29 29 30 30 30 30 30 30 31 31 31 31 30 30 31 31 31 30 30 30 30 30 30 30 30 30 31 30 29 29 29 30 30 30 30 30 30 29 29 30 30 30 30 30 30 30 31 31 31 31 31 31 29 27 27 29 29 28 26 28 29 29 29 27 26 27 28 28 27 27 27 27 27 33 40 40 32 24 19 23 23 21 21 20 20 20 22 22 21 21 22 23 23 23 21 20 20 19 18 12 10 8 13 6 13 28 32 26 20 41 46 22 26 22 20 21 23 23 23 22 21 22 24 
10 11 11 11 11 10 10 10 10 10 10 10 10 10 10 10 10 11 12 12 12 12 11 10 9 9 8 7 6 5 4 4 4 4 4 5 7 9 11 12 13 12 11 12 12 12 13 15 14 13 14 14 12 11 11 11 12 12 15 21 26 29 29 29 28 28 29 29 30 31 29 29 31 30 30 31 32 32 31 31 29 29 28 29 29 30 30 30 30 29 29 29 29 29 29 29 29 29 29 29 29 29 28 28 28 28 28 29 29 29 29 28 28 28 29 29 30 31 31 29 27 27 29 31 30 29 29 29 30 30 31 30 30 30 31 32 32 31 31 31 30 31 31 31 29 29 29 29 29 29 29 29 29 30 30 29 29 29 30 29 29 29 29 30 30 30 30 30 30 30 30 32 32 31 31 31 31 30 30 28 27 27 28 28 27 26 27 27 27 27 26 25 27 27 27 27 27 27 27 26 37 45 45 31 24 19 24 23 21 20 20 21 21 22 21 20 19 20 20 21 21 21 21 20 19 18 13 6 6 9 4 9 23 33 25 21 41 45 21 25 22 21 21 22 23 23 22 20 21 23 
11 11 11 10 10 9 9 9 9 10 10 11 11 11 11 11 10 10 11 11 11 11 10 10 9 9 9 8 7 7 8 10 12 14 13 13 12 12 12 12 12 11 11 12 13 14 14 14 13 13 14 14 13 11 10 13 16 20 25 30 32 31 31 29 28 30 32 31 29 30 29 30 33 33 32 31 31 31 30 29 29 28 28 28 28 28 29 29 29 29 29 29 29 29 29 29 29 29 29 29 29 29 28 28 27 28 28 29 29 29 29 28 28 28 29 29 31 31 30 30 29 29 29 31 30 29 28 28 30 30 31 31 31 31 32 32 33 32 31 31 31 31 31 31 29 29 29 29 29 29 29 29 29 29 30 29 29 30 30 30 29 29 30 30 31 31 31 31 31 31 31 32 33 32 31 30 29 29 28 28 28 27 27 27 28 26 27 26 26 26 26 25 27 26 26 26 27 26 26 28 41 48 42 28 20 18 22 21 20 20 20 20 20 19 18 17 16 16 16 17 18 18 18 17 16 15 11 4 5 4 3 9 9 18 20 20 39 42 21 24 22 22 21 21 22 22 21 19 20 21 
12 11 11 9 8 8 8 9 9 10 11 11 11 11 11 11 11 11 10 10 10 10 10 10 10 10 9 9 9 10 11 12 13 13 13 12 12 12 12 13 13 12 12 12 13 13 12 13 14 14 13 12 12 12 14 17 23 30 33 31 29 28 30 31 31 31 31 31 32 32 30 31 34 34 33 33 31 30 29 29 30 31 32 31 31 30 31 31 29 28 28 28 28 28 28 29 29 29 29 29 29 29 28 28 28 28 28 29 30 29 29 28 28 29 29 29 31 30 29 31 32 30 29 32 31 29 28 28 30 31 32 31 31 32 32 33 33 31 31 30 30 31 31 31 29 29 29 29 29 29 29 28 29 29 29 29 29 31 31 30 30 30 31 32 32 32 32 31 32 32 32 33 33 32 30 29 28 27 26 27 28 27 26 26 28 29 29 28 27 27 27 27 27 26 26 26 27 26 27 37 45 44 31 18 11 10 10 10 10 10 10 10 10 9 8 8 7 7 7 7 8 8 8 7 7 7 4 2 3 3 4 9 6 13 19 23 39 41 21 23 22 22 20 20 21 21 20 18 20 21 
11 11 10 10 9 9 9 9 9 10 11 11 11 11 11 11 11 11 10 10 10 10 11 11 11 11 10 11 11 12 12 11 11 10 10 11 12 12 13 13 14 13 13 13 13 12 11 13 14 15 13 12 13 17 22 27 30 30 29 29 29 29 30 31 31 30 29 30 32 32 31 32 33 33 33 32 31 28 28 29 30 32 32 31 31 30 30 31 30 29 28 27 27 27 28 28 28 28 27 28 28 29 28 28 28 28 28 29 29 29 29 29 29 29 29 29 30 29 29 31 32 30 28 30 29 29 28 29 30 31 33 33 33 33 32 31 31 31 31 31 31 31 31 31 30 29 28 30 30 28 27 27 28 29 29 29 29 30 30 30 29 29 29 29 29 30 31 31 30 30 30 31 31 30 30 29 28 27 25 26 27 26 26 26 27 28 28 28 27 27 27 27 27 24 27 28 25 24 30 44 41 42 27 18 13 15 13 13 13 14 13 13 13 10 10 11 11 11 10 10 9 9 8 8 8 8 7 5 5 8 10 11 11 16 21 23 41 43 21 23 23 22 22 21 21 21 21 20 21 21 
10 10 10 10 10 9 9 9 10 10 10 11 10 10 10 10 10 10 10 9 9 10 10 11 11 11 11 11 12 12 11 11 11 10 11 11 12 12 13 13 12 12 12 14 14 13 12 13 12 12 14 17 21 23 27 31 32 28 26 29 32 32 32 31 30 30 30 30 31 31 32 32 32 32 32 31 29 28 28 28 30 30 31 31 30 28 29 30 31 30 28 27 27 27 28 29 28 27 26 26 27 28 28 28 28 28 28 28 28 29 29 29 29 29 29 29 29 28 29 30 31 29 27 28 28 29 29 29 30 31 33 33 33 33 31 30 30 30 31 31 31 31 30 30 30 29 29 31 31 30 28 27 29 30 30 29 29 29 29 29 30 29 28 28 27 28 30 29 28 28 29 29 29 30 30 29 28 26 26 26 26 26 26 26 26 27 27 27 27 26 27 27 25 27 26 26 25 22 31 44 39 40 27 23 20 22 21 20 21 21 20 19 21 20 20 21 21 21 19 19 20 18 17 16 16 17 17 16 14 16 18 15 16 19 23 22 40 43 21 23 23 21 22 22 21 21 22 22 22 22 
10 10 10 10 10 10 10 10 10 10 10 10 10 10 10 10 10 10 10 9 10 10 11 11 11 11 11 11 11 11 11 11 11 11 11 11 11 12 12 13 12 12 13 13 13 12 12 13 12 13 19 25 26 26 27 30 32 30 29 31 33 32 31 31 30 30 30 31 31 31 31 31 30 30 29 29 28 28 28 28 29 29 30 31 30 29 28 29 30 30 28 27 27 27 28 29 29 28 27 27 27 27 29 29 29 29 29 29 29 29 29 29 29 29 29 29 29 28 28 30 30 29 27 27 28 29 30 30 30 30 31 32 32 31 30 29 29 29 30 31 31 30 30 30 30 30 31 32 31 31 29 29 30 30 30 29 28 28 29 29 30 29 29 29 28 28 29 29 28 28 30 28 29 31 30 28 26 26 26 26 26 26 25 25 25 26 26 26 26 26 26 26 24 31 25 23 25 22 33 40 43 34 24 23 25 24 24 22 23 23 21 20 22 24 24 24 25 24 22 22 23 23 22 22 22 22 23 21 18 20 21 19 21 21 22 21 37 37 19 22 22 21 22 22 21 22 23 23 22 22 
