DOWN
21 22 23 23 21 20 17 17 13 9 10 12 9 7 6 7 8 10 10 8 9 12 7 7 4 6 13 11 18 12 8 6 7 10 8 12 9 10 10 8 8 14 13 10 10 12 11 10 12 14 15 14 15 19 19 14 18 13 12 14 15 14 15 13 14 14 14 13 16 19 14 12 15 15 10 10 12 8 7 8 9 9 8 7 8 10 8 6 9 9 8 8 7 4 3 4 4 3 2 2 3 4 3 2 4 6 4 3 3 3 2 3 5 7 7 7 6 7 9 12 10 7 5 4 4 5 5 6 9 12 13 10 6 5 11 12 12 11 11 11 9 6 5 4 4 5 7 10 8 6 7 8 8 6 6 5 3 3 3 6 8 8 4 3 3 3 3 2 3 2 2 3 3 5 8 8 7 5 6 7 8 8 7 7 6 5 5 5 7 8 8 8 8 7 7 8 9 7 5 6 8 8 8 7 6 4 4 5 6 7 6 5 4 4 4 4 5 5 5 5 3 2 2 3 4 3 3 4 3 2 2 1 1 1 0 0 0 0 1 1 1 1 1 0 0 0 0 0 1 1 
11 14 18 17 14 13 13 16 21 19 17 14 11 10 8 8 9 10 10 10 12 14 9 8 5 8 14 13 20 17 15 12 15 20 20 24 19 17 15 10 10 14 12 9 9 10 9 9 9 8 14 12 8 16 23 18 25 17 14 17 19 16 14 8 10 13 14 13 13 16 12 10 15 17 14 14 16 10 8 8 9 10 11 11 12 14 10 7 10 10 8 10 9 5 3 3 4 4 5 4 2 2 2 2 6 11 9 5 3 3 3 2 3 3 4 4 4 5 7 9 10 8 6 4 5 5 4 6 8 9 9 6 5 5 11 11 13 15 17 14 9 5 6 7 8 9 9 8 10 7 8 7 8 6 6 6 4 4 5 7 8 9 7 6 4 2 2 4 5 3 2 2 3 5 7 7 7 6 7 9 11 11 11 11 10 10 8 5 6 9 7 5 4 5 5 6 7 7 6 7 8 6 5 6 6 5 5 4 5 6 4 3 3 3 3 5 6 5 4 4 3 3 2 3 5 3 2 2 1 0 0 0 0 0 0 0 0 0 0 0 0 0 0 0 1 0 0 1 0 0 
12 12 16 17 13 12 14 20 25 22 18 14 13 15 17 17 17 16 16 16 18 20 18 16 13 15 21 16 8 8 10 10 13 18 16 13 16 16 11 7 9 17 20 15 13 13 11 9 8 9 15 14 10 13 19 17 15 12 12 14 15 13 12 10 10 10 13 15 13 11 8 7 10 12 9 8 8 12 11 8 9 13 15 13 14 15 14 15 14 7 6 7 6 5 3 3 3 3 5 6 5 8 7 4 6 8 6 3 1 2 3 3 2 2 3 2 2 2 2 3 6 8 7 4 4 6 7 7 7 7 6 6 8 10 8 8 9 12 13 10 6 6 7 8 10 11 9 7 7 7 11 10 10 6 4 6 5 8 8 7 4 4 5 5 4 4 6 6 4 3 3 3 4 5 5 4 3 6 8 6 6 6 8 8 7 8 8 5 5 5 5 5 4 3 4 5 6 7 7 7 6 4 2 3 3 4 8 7 3 2 3 3 3 3 3 4 4 3 2 2 2 2 2 2 1 1 1 1 0 0 0 1 0 0 0 0 0 0 0 0 0 0 0 0 0 0 0 1 1 0 
24 22 23 24 22 21 18 19 21 19 19 16 14 18 23 24 25 26 25 24 24 27 27 23 18 17 16 14 12 8 7 7 9 14 13 12 13 13 12 12 14 17 19 17 16 18 17 12 9 9 12 15 15 14 14 15 14 14 13 12 11 12 15 10 9 9 9 9 8 7 7 6 7 9 8 8 7 9 10 9 9 9 10 11 12 9 7 14 16 7 4 6 8 8 6 4 4 4 5 5 6 10 10 6 5 6 5 4 4 6 7 4 3 2 3 3 2 3 2 2 3 4 4 4 5 6 6 5 6 6 6 5 6 6 5 5 5 5 6 5 3 6 7 7 8 10 10 8 8 8 9 7 7 6 6 6 5 7 6 5 3 3 5 4 4 6 7 5 3 3 4 6 7 6 5 5 6 7 7 9 10 6 9 10 7 7 7 6 7 7 6 6 6 6 8 8 7 9 9 7 7 6 5 5 5 5 7 9 6 3 4 6 5 5 5 4 3 3 2 1 1 2 1 1 1 0 0 1 0 0 0 0 0 0 0 0 0 0 0 0 0 0 1 0 0 1 1 1 1 1 
33 35 30 27 29 30 24 19 19 17 16 12 9 11 15 19 24 30 31 27 25 26 28 25 22 21 19 19 19 13 12 10 12 18 21 25 21 18 19 23 21 16 18 16 15 16 17 13 9 7 8 10 13 11 9 9 10 11 10 7 5 6 8 7 8 8 7 6 6 6 6 3 4 5 5 6 5 5 6 8 7 6 5 5 6 4 3 7 11 7 4 6 9 11 10 8 9 10 9 6 7 7 6 4 4 4 3 3 3 5 6 4 2 3 4 3 3 4 3 3 4 4 6 9 9 7 7 7 6 5 5 5 5 5 5 6 6 6 6 7 7 7 9 8 8 9 11 9 9 7 6 6 9 10 10 6 6 8 6 6 6 6 9 7 6 7 6 5 6 7 6 6 7 6 5 6 7 10 6 7 11 8 10 13 10 9 8 8 10 9 8 8 8 10 11 11 8 11 12 9 8 7 6 7 8 8 9 10 10 7 6 6 6 5 3 2 1 1 1 1 0 1 0 0 1 0 0 0 0 0 0 0 0 0 1 1 0 0 0 0 0 0 1 1 2 3 4 5 5 7 
29 36 30 23 26 28 25 22 20 16 15 12 13 16 17 20 26 31 30 24 20 21 22 21 20 20 20 22 19 17 17 13 10 13 15 16 17 15 15 20 22 18 20 14 9 10 13 16 16 11 10 10 10 9 7 6 6 8 8 6 4 4 4 6 5 4 5 6 6 4 5 3 2 2 2 3 3 5 5 4 5 7 6 3 3 4 4 3 3 4 5 5 6 9 9 8 8 8 9 10 11 9 8 8 7 8 9 7 5 6 7 6 6 8 10 8 8 11 11 8 6 8 14 15 10 8 11 11 11 10 10 10 8 7 11 14 13 9 7 8 9 13 18 18 15 15 15 13 11 10 11 13 17 13 7 7 10 14 12 12 11 12 9 8 8 9 8 7 11 7 4 2 2 6 10 10 16 37 33 12 14 25 24 24 22 23 24 20 21 18 16 15 12 11 12 12 10 12 13 11 10 10 10 12 12 13 14 11 9 8 5 4 3 1 1 1 1 1 0 0 0 1 0 0 1 0 0 0 0 0 0 0 1 1 1 1 1 1 1 1 1 1 2 5 9 14 17 36 27 28 
24 27 29 25 26 24 22 23 23 21 18 18 24 26 22 22 24 27 28 27 25 23 21 22 21 19 21 23 20 18 18 15 12 12 15 15 17 15 14 18 20 17 12 10 9 10 14 17 18 9 9 9 9 7 6 7 6 8 7 7 7 5 6 6 6 5 5 6 6 5 6 5 4 4 5 6 6 8 7 5 5 6 7 8 9 9 9 8 8 9 10 11 11 11 12 13 13 12 11 11 13 13 13 15 15 13 12 11 13 15 14 15 14 15 19 19 17 18 18 17 14 12 17 21 17 14 17 21 21 19 17 19 17 12 15 19 20 17 17 18 19 26 31 33 33 34 35 33 28 26 23 22 21 19 16 16 20 24 22 17 15 19 22 19 16 18 23 19 10 3 3 1 7 34 62 65 67 87 79 42 33 42 37 45 43 46 49 42 43 38 33 33 30 27 28 28 25 22 19 18 21 24 25 26 24 21 17 13 11 10 6 3 1 1 1 1 1 1 1 1 1 1 1 1 1 1 0 1 1 0 0 0 0 1 1 1 1 2 2 3 3 7 11 14 18 26 34 42 33 33 
19 18 21 18 18 20 19 18 17 16 15 16 19 21 19 18 18 18 20 22 21 18 17 17 17 17 19 21 18 17 19 19 18 17 18 17 20 19 16 15 18 20 15 15 16 16 16 17 17 18 17 18 20 20 19 20 15 17 15 14 13 10 11 8 12 14 13 12 14 16 12 11 10 9 9 10 11 10 8 9 9 10 12 13 12 13 16 15 12 10 11 14 15 14 17 21 23 23 22 23 25 25 26 29 29 29 28 26 26 26 26 29 30 28 31 32 30 28 29 33 35 25 28 37 35 28 31 47 45 39 37 42 42 37 37 40 40 40 43 45 44 44 47 50 53 58 58 54 45 48 47 43 40 37 34 35 38 42 42 36 33 35 46 41 33 28 25 14 4 2 2 1 13 56 88 84 90 110 104 55 30 39 39 49 45 47 54 50 50 48 48 50 48 44 47 49 46 40 35 34 38 41 39 37 37 32 20 12 9 7 3 2 1 1 1 1 1 1 1 1 1 1 1 1 1 1 1 1 1 1 1 1 1 1 1 2 3 5 8 11 13 23 33 32 26 31 46 35 37 40 
17 14 17 14 12 13 15 17 16 15 16 18 20 22 24 20 19 20 20 18 17 18 18 19 19 18 17 18 20 21 24 28 29 28 26 20 21 23 21 17 18 26 29 31 29 26 24 27 32 24 21 21 25 26 25 25 22 22 19 20 22 20 21 21 20 20 23 27 28 27 27 29 30 25 22 21 24 26 29 35 40 40 33 25 26 27 27 32 34 28 19 22 28 34 41 48 54 58 61 61 57 53 52 55 58 59 58 59 60 55 48 48 50 48 45 50 51 45 47 56 55 49 50 50 44 44 52 56 51 44 41 44 44 43 49 48 47 48 51 53 53 51 52 53 53 54 53 51 47 51 51 49 49 50 49 38 39 43 47 51 53 54 46 46 35 16 6 2 1 2 2 6 33 83 87 68 77 97 113 44 9 23 40 43 42 47 50 44 42 54 57 54 51 48 52 56 54 53 50 45 45 47 46 46 37 24 18 11 6 3 2 2 2 1 2 2 1 1 1 1 1 1 1 1 1 1 2 2 2 2 2 2 3 4 4 6 9 15 21 27 29 31 40 45 38 35 41 31 30 32 
35 33 39 35 30 29 25 22 20 20 23 27 29 31 30 27 28 33 34 27 23 25 27 28 29 28 25 23 24 27 28 27 26 25 23 24 23 25 25 21 19 23 30 33 34 30 27 30 36 31 27 26 29 29 27 25 26 23 19 22 28 27 26 24 24 30 41 49 49 46 56 62 63 58 52 50 53 56 53 52 57 61 57 49 52 55 56 65 70 61 47 46 56 67 71 67 64 68 71 71 70 71 68 65 63 64 64 63 61 57 52 55 60 60 54 59 60 52 53 61 60 58 57 53 48 51 58 63 60 55 51 48 45 43 47 47 47 48 48 51 56 53 56 57 54 49 48 51 55 53 50 48 49 49 45 50 49 47 46 48 47 43 49 33 15 4 1 1 2 1 5 20 57 80 67 71 88 113 96 42 10 7 22 44 52 52 53 54 52 57 58 55 53 51 54 57 54 52 50 47 50 52 48 45 35 21 13 7 4 2 2 2 1 1 1 2 1 1 2 2 2 2 2 2 2 2 2 2 2 3 4 6 8 13 16 22 28 33 34 35 32 31 36 40 37 35 41 33 34 35 
63 62 69 65 60 54 47 43 38 33 30 30 31 32 33 30 30 33 34 31 28 28 30 30 31 32 29 25 31 38 37 29 27 29 33 36 37 40 40 36 32 33 49 57 62 59 53 53 56 52 47 47 50 50 46 45 45 46 41 44 48 44 42 37 44 57 71 74 72 75 77 77 75 75 73 71 69 63 59 61 67 72 70 62 65 72 79 82 78 73 70 67 69 74 75 71 67 68 67 65 69 76 76 67 62 65 66 59 58 58 60 65 69 67 62 63 62 55 54 60 64 59 59 62 60 57 56 57 59 61 62 60 58 58 59 54 52 53 51 50 52 56 56 57 55 50 49 54 50 53 52 51 51 50 46 45 49 49 49 51 48 41 30 11 2 1 2 2 1 2 7 28 72 86 64 81 89 107 99 41 8 5 6 26 44 49 51 61 58 53 53 53 52 51 55 57 52 48 47 47 51 49 39 31 24 15 7 3 2 2 2 2 2 2 2 2 2 2 3 2 2 2 2 2 2 2 3 5 7 11 15 20 24 28 33 40 45 44 41 37 42 45 46 41 35 36 43 32 35 36 
71 71 72 67 64 53 43 43 41 39 39 44 51 67 84 77 67 59 56 59 66 73 72 67 66 68 64 57 58 69 63 46 39 44 52 56 63 71 72 70 68 65 69 77 81 77 71 71 76 72 70 71 74 74 72 72 68 78 77 78 77 68 67 75 67 67 72 71 67 68 75 72 69 72 76 75 69 71 73 74 74 73 72 71 70 70 71 71 70 69 68 72 72 68 67 69 71 70 71 71 69 71 70 66 67 68 63 58 60 64 63 62 62 60 58 59 59 55 54 54 56 59 61 60 58 57 57 55 57 59 59 56 54 55 58 49 49 55 57 53 52 59 54 54 55 51 48 49 40 48 52 48 43 41 39 48 51 47 37 29 20 13 5 2 1 1 1 1 1 2 2 12 61 96 68 63 85 111 87 74 63 23 4 7 24 43 45 50 49 50 50 48 49 51 54 56 50 48 46 41 38 30 21 14 9 5 4 4 3 3 3 4 4 4 4 4 4 5 5 4 5 6 8 9 11 13 17 20 25 29 31 34 37 42 41 40 40 39 39 40 41 44 43 40 41 43 43 39 39 37 
89 89 96 95 77 60 53 50 49 49 53 60 68 76 82 84 93 94 81 77 83 85 83 84 82 76 75 82 84 77 75 74 70 65 66 75 65 75 77 74 78 75 74 78 76 78 76 72 81 72 75 73 70 72 75 71 72 71 66 70 73 69 73 79 65 72 76 72 70 77 78 74 68 66 68 70 72 72 70 68 66 65 64 63 68 66 66 72 73 69 68 70 71 69 65 62 64 69 68 65 65 65 65 67 71 70 63 61 67 73 68 63 63 62 58 61 64 58 56 58 59 61 59 58 61 64 63 59 56 54 54 56 57 56 52 54 58 55 49 50 58 53 53 55 54 51 50 53 45 45 47 48 42 38 38 43 34 20 9 4 2 1 1 1 1 1 1 1 1 1 1 13 69 79 61 73 98 102 94 112 142 91 24 7 18 40 47 49 54 52 50 48 50 49 43 41 38 32 27 21 17 16 15 14 12 10 9 11 13 12 12 12 13 14 15 14 14 16 18 22 23 26 31 36 40 43 45 45 45 43 41 41 42 47 48 43 47 48 42 45 41 44 44 44 45 45 41 41 41 40 
95 88 87 88 86 86 86 83 83 82 83 84 85 88 91 90 88 85 84 85 86 82 83 85 82 77 80 86 83 78 79 81 79 76 78 76 81 82 78 72 70 75 79 76 71 78 82 76 79 78 80 77 73 73 73 70 77 75 66 69 74 64 59 63 66 69 80 77 79 73 74 71 66 64 66 69 70 71 72 72 72 69 65 62 64 64 65 72 72 69 68 70 70 67 64 62 61 61 63 66 69 70 71 72 73 69 59 56 61 67 67 66 67 65 63 63 65 65 59 57 64 69 67 64 64 63 61 61 60 59 58 59 62 63 60 58 58 57 53 50 52 53 52 54 55 52 50 52 48 43 43 42 32 19 12 6 5 3 2 1 1 1 2 1 0 0 0 1 1 0 1 13 65 66 52 64 107 92 102 106 127 152 68 17 28 47 50 49 52 51 51 47 45 45 36 34 36 33 29 26 23 23 25 27 27 25 24 25 27 26 27 27 28 30 32 31 29 29 30 35 36 37 39 40 42 43 45 42 41 41 41 40 40 39 43 46 47 45 42 40 42 41 37 34 36 39 38 32 35 37 
92 90 91 89 86 92 97 98 98 96 94 90 88 87 93 99 92 86 90 87 80 80 85 86 82 78 81 88 86 82 83 84 81 78 80 73 76 71 75 70 61 73 85 95 86 90 105 96 77 79 80 80 79 79 79 76 74 72 69 78 73 40 17 63 78 47 68 78 72 71 71 72 74 77 77 74 69 69 70 73 75 74 73 71 71 71 71 75 74 69 65 69 70 68 67 69 68 65 65 68 69 69 67 65 65 65 64 61 63 66 67 66 64 63 63 60 63 68 60 54 62 66 64 61 60 59 57 60 60 58 55 53 54 57 60 59 59 59 58 56 55 56 51 50 52 51 51 52 42 25 14 9 6 3 1 1 1 1 1 1 1 1 1 0 0 1 1 1 0 1 2 11 52 54 55 74 89 109 105 89 110 132 77 38 46 56 53 49 49 49 47 40 41 47 41 38 40 42 42 40 38 35 35 37 39 40 37 37 37 38 39 40 39 41 42 41 40 38 39 42 42 42 41 40 39 40 43 41 42 45 45 40 37 46 41 42 36 35 44 41 36 38 37 36 39 41 39 37 37 36 
95 101 106 101 95 97 100 98 96 94 93 93 95 90 88 96 89 85 96 96 88 92 96 95 89 87 89 90 87 84 85 84 79 78 81 84 86 78 66 46 46 92 132 130 126 121 98 73 74 74 75 76 78 76 74 75 78 65 68 72 42 11 7 51 138 72 58 71 67 76 72 69 69 70 72 71 69 67 66 66 67 68 69 70 69 69 69 68 68 65 60 67 72 69 70 72 71 67 68 70 68 65 62 62 65 66 65 66 66 66 65 62 59 59 61 58 60 67 61 56 62 64 61 58 60 62 61 60 60 58 57 55 55 55 55 59 58 53 50 49 50 53 50 50 46 32 18 11 4 2 1 1 1 1 1 1 1 1 1 1 1 1 1 1 1 1 0 0 1 1 2 14 46 55 69 86 88 113 89 100 108 79 59 47 46 49 49 49 51 54 55 48 46 53 50 50 50 45 46 48 51 50 49 49 47 46 45 43 41 43 44 44 43 42 41 42 42 43 43 45 44 44 43 43 42 43 44 41 40 42 44 41 39 41 37 39 33 31 38 34 22 24 25 22 17 12 8 7 6 5 
96 97 99 97 95 100 101 96 94 93 92 94 97 97 98 98 87 80 86 87 85 88 90 87 85 88 87 83 81 81 83 82 78 79 83 77 76 81 81 68 51 48 55 66 110 121 59 23 39 68 67 70 73 70 67 67 63 77 63 33 13 4 3 33 152 141 72 61 73 76 74 70 65 65 67 70 73 71 69 68 67 67 67 67 66 66 67 64 66 68 65 66 69 69 67 66 65 63 64 64 64 62 60 61 65 62 60 63 62 61 64 62 60 59 59 59 58 58 58 58 57 59 57 55 57 60 59 56 54 53 56 59 57 53 50 55 54 50 50 52 49 44 31 23 17 9 3 1 1 1 1 1 1 1 1 1 1 1 1 1 1 1 1 1 1 1 1 1 1 1 3 34 65 71 80 86 89 102 109 116 65 46 50 45 41 38 40 39 39 40 44 45 49 52 48 53 52 50 51 51 52 53 51 48 46 47 49 46 44 46 47 47 46 44 43 44 45 44 43 44 43 41 41 41 42 44 46 41 38 38 40 42 42 41 41 39 33 27 21 16 9 8 6 5 8 12 15 16 17 19 
96 95 97 96 93 93 95 95 94 94 93 92 92 89 86 91 90 88 87 85 83 83 82 79 82 90 87 79 76 76 78 76 71 72 78 80 77 75 67 66 53 23 16 46 94 94 43 19 33 62 62 67 72 71 68 71 48 30 15 6 2 3 15 41 97 157 96 52 71 70 66 66 67 70 72 71 68 64 65 67 68 68 67 66 65 67 65 60 62 66 63 60 62 64 63 61 62 65 67 68 69 68 65 64 64 62 61 62 57 56 61 62 61 59 57 57 53 47 51 55 54 58 57 55 56 56 55 57 51 51 56 59 55 50 56 53 48 44 44 41 33 18 8 3 1 1 1 1 1 1 1 1 1 1 1 1 1 2 2 2 2 2 6 4 1 1 1 1 2 2 6 61 78 74 78 82 90 114 99 78 32 23 26 18 14 11 12 12 11 11 14 23 42 49 45 52 50 51 55 50 49 52 53 50 45 45 49 47 44 47 47 47 47 46 46 46 45 40 42 49 46 42 40 40 42 42 42 43 45 45 43 41 40 36 31 20 17 14 9 11 12 16 21 26 32 34 33 29 25 21 
91 91 92 92 91 91 94 95 94 92 90 88 86 86 88 90 89 86 85 89 90 84 81 82 85 84 84 84 80 84 84 78 74 75 75 72 80 80 59 29 11 4 8 25 32 22 14 12 15 55 49 42 35 26 19 17 14 10 14 14 7 4 16 82 147 149 109 61 58 65 60 64 68 64 55 52 56 57 57 56 55 55 57 60 59 59 59 59 58 60 62 61 56 54 59 61 60 66 62 56 58 57 56 58 57 57 58 56 55 54 54 54 55 56 54 55 53 47 51 56 52 52 49 49 54 54 49 47 48 46 46 49 43 33 28 23 15 10 8 6 4 2 2 2 2 2 1 1 1 2 2 1 1 3 6 11 16 23 25 25 24 24 40 19 2 1 2 4 3 3 14 85 66 54 69 73 89 113 66 29 14 18 16 5 3 4 5 5 6 4 4 6 16 29 45 44 41 45 40 36 34 37 38 38 37 38 37 39 43 38 38 44 38 31 33 38 46 43 35 37 39 39 37 34 36 37 30 27 27 27 23 15 10 6 7 6 11 15 14 16 13 20 27 27 21 16 14 11 7 4 
95 94 94 92 92 91 91 92 92 91 89 88 86 88 93 92 89 84 80 81 80 74 71 71 68 62 59 61 60 60 61 58 53 52 55 51 46 38 25 11 3 1 6 6 7 9 10 9 14 10 12 12 11 11 12 12 13 9 9 8 6 6 20 71 139 90 86 100 49 34 30 27 27 27 27 28 29 29 30 28 26 24 26 30 31 30 31 32 33 33 33 30 24 21 27 32 30 27 28 30 31 30 30 32 32 29 27 26 25 24 24 24 26 28 26 26 27 29 30 30 28 21 14 11 12 11 9 8 8 9 10 9 8 6 4 2 1 1 2 2 1 1 1 2 5 7 7 6 6 5 5 6 5 5 7 12 13 13 13 12 12 12 12 6 0 1 3 6 5 2 26 76 66 65 68 71 91 101 29 17 14 21 19 6 4 6 8 7 5 4 5 5 7 8 25 23 16 17 17 16 15 14 15 16 17 16 13 15 21 17 14 16 15 10 10 10 13 14 10 7 10 11 10 8 9 8 5 4 3 2 2 2 2 4 3 3 5 6 7 7 6 7 7 9 9 8 7 5 4 3 
79 78 75 73 73 71 70 69 67 65 62 58 56 55 58 61 62 58 50 44 41 42 42 42 37 30 28 31 32 29 31 32 28 27 30 27 13 5 2 1 1 2 9 2 2 8 12 11 16 20 27 22 12 8 5 2 1 4 9 12 14 11 15 47 60 35 34 57 40 33 37 35 32 31 33 34 31 25 26 31 32 30 30 32 32 29 24 23 24 25 25 25 21 18 23 32 33 32 28 24 22 19 18 18 17 15 15 15 15 15 14 13 13 13 13 11 12 14 12 10 7 4 2 1 1 1 0 1 1 1 1 1 2 2 1 1 2 4 5 5 3 1 1 3 8 11 9 6 7 6 6 6 4 2 2 1 1 1 1 1 1 1 1 1 0 1 3 13 21 6 29 73 78 80 69 70 88 97 24 14 15 22 19 7 13 19 23 26 18 10 5 4 6 5 19 20 16 15 15 14 12 10 9 9 9 8 4 4 6 5 3 3 2 2 3 3 4 7 7 6 7 7 5 4 3 3 2 2 2 3 3 4 5 8 6 6 5 6 9 7 6 5 6 7 8 6 5 5 4 3 
41 42 38 37 38 37 34 35 35 36 36 35 35 35 35 37 38 37 32 27 25 29 31 33 30 25 25 28 30 26 28 29 25 22 22 14 5 1 0 0 1 1 5 2 2 8 12 11 12 22 19 9 2 1 2 2 4 9 13 11 11 9 8 16 8 10 6 12 23 28 31 33 32 28 27 26 24 20 23 28 30 27 25 24 25 23 20 19 21 21 19 21 19 17 21 25 23 24 25 24 21 17 15 16 14 13 12 13 15 15 13 11 11 13 15 13 11 11 9 6 2 1 1 1 1 1 1 1 2 4 4 2 1 1 1 2 5 8 9 8 6 2 2 4 7 8 6 5 4 6 6 3 2 1 0 0 1 1 1 1 1 1 3 4 1 1 4 32 46 12 16 84 97 86 68 70 97 96 35 12 17 22 13 14 16 14 25 27 17 22 13 3 6 5 13 18 16 13 11 9 9 9 9 7 7 6 3 1 2 2 2 3 2 3 5 5 5 6 5 3 5 4 3 3 4 5 9 8 7 7 7 6 5 5 4 5 4 4 7 6 7 7 7 7 6 5 4 7 5 4 
32 34 30 30 33 32 30 31 31 31 31 30 30 30 31 28 26 26 27 27 26 24 25 27 27 25 26 29 29 27 25 24 22 17 10 3 1 1 1 1 1 1 1 1 2 6 10 10 11 7 4 2 1 2 3 5 10 14 15 11 13 12 13 9 8 3 1 3 5 9 14 20 22 18 17 17 17 15 15 15 15 16 17 18 15 14 17 21 22 20 17 16 16 18 23 23 19 18 25 28 22 16 14 13 11 12 16 16 16 15 13 11 10 10 10 7 4 2 1 1 1 1 1 1 1 2 3 3 3 3 2 2 2 3 4 6 10 11 8 4 3 3 3 6 9 7 4 3 1 2 2 1 0 1 1 1 2 2 2 2 4 7 12 9 3 1 6 47 40 8 17 96 100 82 64 74 111 94 33 10 18 18 6 5 7 8 8 11 16 20 19 5 4 10 12 25 18 11 8 5 4 4 4 2 2 2 1 1 1 1 3 5 2 3 8 9 7 7 6 8 10 8 7 9 12 12 11 8 6 6 6 6 6 4 5 6 6 6 7 8 9 9 8 7 6 7 8 7 6 7 
33 35 31 32 37 36 33 33 33 32 32 30 30 30 30 29 29 30 31 29 27 26 25 26 28 27 28 28 26 26 23 22 24 18 8 1 1 1 0 0 1 1 1 0 1 5 10 10 14 8 2 1 1 1 1 5 9 10 11 10 13 11 9 6 10 4 3 2 2 2 3 5 6 5 5 6 6 8 8 8 9 10 11 11 9 8 11 13 14 14 13 16 16 14 15 15 13 14 19 21 16 12 12 13 12 12 13 11 9 7 6 5 5 4 3 2 1 0 0 1 1 3 6 5 2 2 3 4 4 3 3 4 6 6 7 5 5 5 3 2 2 3 2 2 5 5 6 8 4 1 1 3 2 2 6 5 5 5 6 7 9 10 8 7 7 3 4 44 27 4 37 95 87 79 60 78 105 95 33 19 16 7 2 2 12 24 16 10 19 20 23 6 5 22 13 28 18 8 5 2 1 1 1 1 1 1 1 2 4 4 5 7 5 4 8 11 11 10 9 11 13 11 9 11 14 12 9 9 8 7 7 8 8 5 7 8 8 8 7 10 8 8 7 7 7 8 8 8 8 9 
34 31 29 30 34 37 37 34 32 31 32 32 31 30 31 32 33 32 30 28 27 26 31 32 29 28 30 28 25 27 24 21 21 13 4 1 0 0 0 1 2 4 3 1 1 6 8 10 11 6 4 5 3 3 6 6 8 8 10 12 13 9 6 4 7 6 4 2 1 1 2 2 1 1 1 1 1 1 1 1 1 2 1 1 1 2 3 3 3 3 4 6 6 4 4 4 4 5 6 5 4 3 3 3 3 4 4 3 2 1 1 1 1 0 0 0 0 0 1 2 5 6 5 3 1 1 2 4 2 2 5 10 9 5 4 3 3 4 3 2 2 4 3 5 9 9 6 6 6 2 4 9 11 9 12 12 10 9 9 9 8 7 10 9 8 5 5 18 14 5 48 86 87 80 62 81 97 101 46 19 8 2 3 10 37 16 7 16 15 22 21 3 8 31 11 24 11 2 2 2 2 2 4 6 6 5 7 7 8 8 10 10 9 10 13 14 12 12 12 10 12 12 9 9 10 9 9 8 9 8 7 7 8 8 10 11 11 9 7 9 8 9 9 10 10 10 9 6 7 9 
30 31 30 29 31 36 38 37 36 35 34 32 30 30 32 32 31 30 29 30 31 30 28 24 24 26 26 23 22 19 14 9 6 3 0 0 0 0 0 1 1 2 2 1 2 6 8 10 10 13 16 15 10 9 11 10 10 12 13 12 9 7 6 5 6 7 9 11 12 13 9 9 10 9 9 8 7 5 3 1 2 3 4 4 4 4 4 4 3 2 2 3 3 2 2 1 1 0 1 1 0 0 0 0 0 1 1 1 1 1 1 0 0 0 0 0 0 0 1 2 4 5 3 1 1 1 1 1 1 1 4 7 4 1 2 3 4 3 1 1 5 15 12 6 2 2 3 2 1 1 2 7 14 15 11 6 8 10 8 5 5 8 7 8 9 9 8 7 3 7 64 79 88 69 61 89 92 101 37 8 4 3 10 35 16 5 8 10 21 25 10 4 11 18 13 20 11 7 8 9 8 9 11 12 10 9 10 9 9 11 11 10 9 9 10 10 9 9 10 8 9 8 7 8 8 7 8 8 8 7 6 6 7 9 8 8 8 7 6 6 7 8 9 10 9 7 6 5 7 9 
24 26 26 25 25 29 30 29 30 30 28 26 26 27 28 27 25 22 23 26 26 23 21 21 24 25 21 15 7 5 4 2 1 1 1 1 1 0 0 0 1 2 4 1 2 7 8 9 9 8 14 13 10 10 8 9 9 10 10 8 6 6 7 6 6 8 12 17 19 18 16 18 20 18 14 11 10 7 4 4 6 10 12 12 11 11 10 9 7 7 7 7 7 6 5 3 2 2 1 1 0 0 0 1 1 1 0 0 0 0 0 0 0 0 0 0 0 0 1 1 1 1 0 0 0 0 0 0 0 1 3 4 2 1 1 1 2 2 1 1 2 4 8 6 2 2 5 4 2 2 1 3 9 12 7 7 5 4 6 7 8 9 9 9 10 9 9 8 4 7 62 79 91 69 65 98 92 96 41 9 4 11 26 24 8 3 10 19 17 7 3 7 13 12 23 21 12 10 10 10 10 11 11 11 11 11 10 9 10 12 12 12 11 9 10 11 10 10 9 9 9 8 8 9 9 7 7 8 7 7 8 10 10 11 8 7 9 9 7 6 7 8 10 10 9 8 6 7 7 6 
27 24 23 23 25 26 23 19 20 19 18 18 20 21 21 21 19 18 22 25 25 22 23 21 16 10 6 4 1 1 1 1 0 0 1 1 0 0 0 1 4 8 9 3 2 7 8 8 7 3 9 9 9 11 10 11 11 10 8 6 6 7 8 4 5 9 13 16 16 13 11 12 13 10 6 3 3 3 4 5 6 7 7 6 4 4 3 3 2 3 4 3 3 2 2 1 1 1 0 0 0 0 0 0 0 0 0 0 0 0 0 0 0 0 0 0 0 0 0 1 1 1 0 0 1 1 0 0 0 0 1 1 1 1 1 1 1 1 1 1 0 1 2 2 0 1 5 10 8 7 4 3 5 8 7 7 7 8 9 9 9 10 9 11 12 10 8 8 5 8 41 72 75 65 65 96 96 88 78 48 20 29 29 11 10 9 6 7 5 4 6 6 13 16 27 16 10 10 12 12 13 12 11 11 12 11 10 9 11 15 15 13 11 10 11 13 13 11 9 9 12 12 11 11 11 10 10 11 9 8 9 11 11 12 11 11 12 11 9 9 8 9 10 11 10 9 9 12 10 7 
26 21 19 21 22 21 21 22 20 17 16 16 18 17 15 17 15 15 19 22 22 23 19 13 6 1 0 0 0 0 0 0 0 0 0 0 1 1 2 5 10 16 16 7 4 9 8 6 4 2 5 6 7 9 10 9 7 5 3 2 3 3 3 1 3 5 7 6 5 4 3 3 2 2 1 0 0 1 1 1 1 1 0 0 0 0 0 1 1 0 0 0 1 0 0 0 0 0 0 1 0 0 0 0 0 0 0 0 0 0 0 0 0 0 0 0 0 0 0 0 0 0 0 0 0 0 0 0 0 0 0 0 0 0 0 1 1 0 0 0 0 0 1 1 1 1 3 4 7 7 7 6 5 5 6 5 9 14 12 7 4 5 6 7 6 3 2 3 2 2 5 16 16 19 24 39 44 31 42 47 36 61 49 36 41 22 14 18 11 6 8 8 21 25 19 12 13 14 13 13 13 11 10 10 11 12 11 10 13 16 16 13 11 11 13 15 14 12 10 9 12 12 11 10 10 10 11 11 10 9 9 10 11 11 11 12 12 10 9 10 11 11 10 9 9 9 9 9 9 8 
30 28 27 27 27 25 27 29 26 24 24 24 23 24 27 28 21 16 15 13 10 9 6 3 1 1 0 1 0 0 0 0 0 0 0 1 2 5 7 8 10 11 9 5 6 10 7 4 2 7 8 9 9 10 12 8 2 1 0 0 0 0 0 0 1 1 1 1 1 0 1 0 0 0 0 0 0 1 1 0 0 0 0 1 0 0 0 0 0 0 0 0 0 0 0 0 0 0 0 0 0 0 0 0 0 0 0 0 0 0 0 0 0 0 0 0 0 0 0 0 0 0 1 0 0 0 0 0 0 1 1 0 0 0 0 0 0 0 0 0 1 1 0 0 1 3 5 6 4 6 6 5 5 5 5 5 5 6 6 4 2 1 2 2 2 2 2 4 2 1 1 1 2 2 2 2 3 3 3 6 14 46 69 65 71 25 15 52 43 16 16 21 29 18 13 13 16 18 15 13 14 14 14 14 14 15 14 13 14 15 14 14 13 12 13 14 13 12 11 11 11 10 10 11 10 10 9 9 10 10 9 10 12 12 10 10 10 9 8 9 11 10 9 9 9 9 9 9 9 9 
33 33 34 32 32 34 32 29 27 25 25 27 27 26 28 25 14 7 5 6 7 4 1 1 0 1 1 0 0 0 0 0 0 0 0 0 1 2 3 2 2 2 1 1 4 8 5 3 5 10 9 10 10 12 11 6 1 0 0 0 0 0 0 0 0 0 0 0 1 1 1 0 0 0 1 1 0 0 0 0 0 0 0 0 0 0 1 1 1 0 0 0 0 0 0 0 0 0 0 0 0 0 0 0 0 0 0 0 0 0 0 0 0 0 0 0 0 0 0 0 0 0 0 0 0 0 0 0 0 0 0 0 0 0 1 0 0 0 1 1 0 1 2 4 5 6 6 5 7 6 4 3 5 7 5 4 3 2 2 2 2 3 2 5 7 8 8 9 4 1 1 1 2 2 2 2 2 3 3 4 5 29 63 75 69 35 6 28 60 61 36 27 21 14 13 13 12 13 11 11 12 13 14 15 14 15 17 13 11 15 14 12 13 12 11 11 11 10 10 11 10 9 9 11 11 10 10 10 11 11 10 10 10 11 10 9 9 9 9 9 9 11 11 9 9 9 10 9 9 8 
28 30 31 30 28 29 28 24 20 15 14 19 24 23 20 17 9 3 3 5 5 2 1 1 0 0 1 0 0 0 0 0 1 1 1 1 1 1 0 0 0 0 0 1 2 2 1 2 10 6 6 6 7 8 6 3 1 0 0 0 0 0 0 1 1 1 1 1 0 0 1 0 1 1 1 0 0 0 0 0 0 0 1 1 1 0 0 0 0 0 1 1 0 0 0 0 0 0 0 0 0 0 0 0 0 0 0 0 0 0 1 1 1 0 0 0 0 0 0 0 1 0 0 0 0 0 0 0 0 0 0 0 0 0 1 0 0 0 0 1 0 2 4 7 8 6 4 3 6 5 4 3 4 7 5 5 5 4 5 6 7 8 9 14 14 14 13 12 4 1 1 1 1 1 1 1 2 2 2 4 4 21 49 68 70 63 38 20 31 50 61 41 18 15 16 12 10 11 13 14 13 13 13 14 13 10 10 12 12 9 10 12 11 10 10 10 10 10 10 11 11 10 10 11 11 11 13 14 14 13 10 8 8 10 12 11 9 9 10 10 10 13 14 11 10 11 12 11 11 10 
23 24 25 24 24 22 24 24 17 10 6 6 6 5 5 4 2 1 1 1 1 0 0 1 0 0 1 0 0 0 0 0 0 0 0 0 0 0 0 0 1 1 1 0 0 1 2 1 2 1 1 1 1 1 1 2 3 3 3 2 1 1 1 0 0 0 0 1 0 0 0 1 1 1 1 1 1 1 0 0 0 0 0 0 0 0 0 1 1 0 0 0 0 0 0 0 0 0 0 1 1 0 0 0 1 1 0 0 0 0 0 0 0 0 0 0 0 0 0 0 0 0 0 0 0 0 0 0 0 0 0 0 0 0 1 2 2 1 0 0 0 1 3 4 4 5 5 5 5 6 7 5 5 7 5 7 9 11 12 13 14 15 13 16 14 15 15 14 6 1 1 1 1 1 2 2 2 2 2 2 4 15 47 59 51 63 79 54 33 27 43 59 52 28 16 15 13 12 14 15 13 12 15 15 13 10 8 12 14 10 10 12 11 10 10 10 12 13 12 11 12 11 10 10 10 11 14 16 16 14 11 9 8 11 14 14 11 10 11 11 10 13 14 13 12 13 13 11 12 13 
18 17 15 15 14 10 8 9 7 4 2 1 1 1 1 1 1 0 0 0 0 1 1 1 0 0 0 0 0 1 1 1 1 1 1 1 1 0 0 0 0 0 0 1 0 1 3 4 4 2 2 2 1 1 2 4 5 5 5 3 1 0 0 1 0 0 0 1 1 0 1 1 1 2 2 3 2 1 0 1 1 1 1 1 1 0 1 1 1 1 1 1 1 1 1 0 0 0 0 0 1 1 1 1 1 1 1 0 0 0 0 0 0 1 0 0 0 0 0 0 0 1 1 1 0 0 0 1 0 0 0 0 0 0 1 2 1 1 1 0 1 4 8 11 10 8 6 4 5 8 10 7 6 7 6 8 10 11 12 11 12 14 13 15 13 13 12 11 5 1 1 1 1 1 1 1 1 2 3 2 3 9 36 56 34 29 36 60 68 54 28 36 56 58 41 22 12 11 12 12 11 11 12 12 11 12 13 12 13 15 12 10 10 10 11 12 13 13 12 11 12 11 10 10 12 12 11 14 14 13 11 11 12 11 13 13 11 11 11 10 11 12 13 14 16 16 13 11 13 14 
26 26 22 16 11 4 1 1 1 1 1 1 1 1 1 0 0 1 0 0 0 1 0 0 1 1 1 1 2 3 4 3 3 2 1 1 1 1 1 1 1 1 1 1 0 1 6 10 10 7 7 8 8 6 5 6 5 4 3 2 1 1 1 1 0 0 0 1 1 2 3 5 8 10 13 10 5 2 1 1 1 1 1 1 1 2 5 8 6 2 1 1 1 1 0 0 0 1 1 1 2 3 4 5 5 4 2 1 1 0 0 0 0 0 1 1 2 2 2 2 1 2 2 1 1 1 1 2 1 1 1 0 0 0 2 3 1 1 1 0 2 7 10 12 10 7 5 4 4 6 9 6 5 6 5 7 7 7 7 7 7 9 8 10 9 8 6 6 3 1 1 1 1 1 1 1 1 2 2 2 2 5 14 23 17 20 37 24 49 68 57 35 24 38 58 48 23 11 8 7 7 7 7 8 10 10 9 10 10 10 9 8 8 9 10 11 11 10 10 10 11 10 9 10 12 12 11 12 12 10 9 9 10 10 9 9 9 10 10 8 12 11 10 12 16 15 10 11 12 12 
30 27 15 5 2 1 1 1 1 1 1 1 1 1 1 1 1 1 2 4 5 6 8 6 6 5 4 11 22 27 28 25 23 22 20 15 7 2 2 5 7 8 7 6 3 4 9 9 6 9 10 10 9 9 8 5 6 5 3 2 2 2 2 2 3 4 4 6 9 13 17 22 25 20 14 7 2 2 2 4 7 9 12 13 15 16 16 11 5 2 1 1 1 0 1 2 4 5 5 6 7 9 12 12 8 5 2 2 1 1 1 2 3 4 6 8 8 7 5 5 6 6 5 4 4 6 8 9 5 2 1 0 0 2 9 11 3 1 1 1 4 12 10 9 8 5 4 6 6 8 9 6 5 6 5 6 7 7 9 9 9 8 8 8 7 9 8 8 4 1 1 1 1 1 1 2 2 2 1 2 3 13 22 10 4 42 108 14 16 40 63 69 49 25 30 52 50 30 13 6 6 6 4 6 9 7 5 7 8 5 6 8 7 7 7 7 7 7 7 8 8 8 9 10 9 8 9 9 9 8 8 7 7 8 9 8 8 9 9 8 9 8 7 7 9 9 7 8 8 7 
33 24 8 2 1 1 1 1 2 2 2 2 2 1 1 1 2 4 9 16 19 23 24 22 22 21 19 21 24 28 29 30 33 34 31 22 10 4 4 10 26 36 25 26 16 6 7 5 9 9 9 8 8 9 9 8 7 7 3 4 3 2 2 2 3 4 4 5 6 8 7 10 12 10 8 6 4 6 9 14 17 17 17 16 15 16 21 19 11 4 1 1 1 1 3 9 11 9 7 6 7 10 13 9 4 2 2 3 3 4 7 11 14 14 15 13 10 8 8 10 12 10 9 9 11 14 18 17 8 2 1 0 1 2 8 8 2 0 0 1 7 21 20 21 18 8 4 4 9 10 10 7 4 5 5 7 9 10 11 11 10 9 26 18 12 13 15 13 6 1 1 1 1 1 1 1 2 3 2 3 4 25 46 21 4 49 130 18 22 45 36 53 74 66 38 27 36 41 25 12 11 8 6 8 10 10 9 8 9 10 11 10 9 10 10 10 9 9 8 9 11 11 10 11 10 8 9 9 9 10 10 8 8 8 9 9 8 8 8 9 9 9 8 8 8 7 7 8 7 7 
30 21 6 1 1 1 3 4 3 2 2 1 1 1 1 3 7 9 15 23 25 27 27 30 35 41 46 46 30 20 17 20 24 21 18 21 30 47 51 36 30 26 38 38 27 5 6 8 11 9 10 11 11 11 10 9 9 8 14 19 5 3 2 5 7 10 11 10 10 9 7 6 6 5 4 3 3 4 4 7 7 5 5 5 5 7 9 9 7 3 1 1 3 4 6 7 5 3 2 2 3 4 6 5 5 8 11 13 14 17 19 17 14 11 8 6 7 11 16 19 19 18 17 19 20 20 20 19 8 1 0 1 1 1 4 4 1 0 0 2 8 20 21 22 18 9 5 5 6 7 10 7 4 4 4 4 5 7 6 4 4 5 29 17 8 7 9 9 4 1 1 1 1 2 2 1 1 2 2 3 3 14 23 14 5 59 138 16 30 52 18 33 65 65 66 54 24 16 13 9 8 7 8 9 10 14 14 12 13 15 15 15 15 14 12 12 12 11 10 8 8 9 9 9 11 12 11 12 12 13 10 8 10 11 13 14 13 12 11 13 15 11 11 11 10 9 8 10 8 9 
19 12 5 3 7 10 6 3 1 0 1 0 1 3 7 15 17 19 21 22 25 28 28 27 27 32 41 52 62 42 25 17 14 10 6 9 11 18 20 17 18 17 15 39 55 14 7 15 10 9 10 11 12 12 12 11 9 8 43 39 6 2 2 2 2 3 3 3 3 3 3 2 3 3 3 4 4 5 5 5 4 2 1 1 1 1 0 0 0 0 0 0 1 2 2 1 1 3 4 7 8 8 10 11 16 25 30 28 24 22 18 13 9 8 11 15 18 21 22 23 22 24 25 26 24 20 19 19 9 2 1 0 0 1 1 1 1 1 0 1 5 18 18 19 18 12 8 7 4 4 5 5 3 4 3 4 3 4 5 5 4 4 10 5 3 2 2 2 1 1 1 1 1 1 2 2 1 1 2 4 3 4 4 8 6 66 142 34 24 36 10 34 40 13 38 76 59 32 12 4 2 3 3 6 8 7 7 6 5 5 7 12 14 8 6 6 7 7 6 4 2 3 5 4 7 11 8 11 15 14 10 9 14 32 33 31 28 25 27 28 19 12 13 11 9 11 9 9 8 8 
29 12 12 10 9 5 1 0 0 1 1 1 3 15 34 36 25 24 26 23 26 27 27 24 23 27 32 32 23 20 26 29 11 2 2 2 2 3 3 1 1 2 5 49 80 27 8 13 11 13 11 10 11 12 13 13 8 16 58 26 5 2 2 1 1 1 1 1 1 1 2 1 1 1 1 2 3 2 2 1 1 1 1 1 1 0 0 1 0 0 1 1 1 0 0 1 1 1 2 4 6 7 10 12 13 20 27 32 30 22 15 11 11 14 15 18 18 16 13 13 15 16 16 16 15 13 12 10 5 1 1 1 1 1 1 1 1 1 1 0 2 4 4 5 5 4 3 3 2 2 2 2 2 3 3 4 4 3 4 5 4 2 1 1 2 1 1 1 1 1 1 1 1 1 1 2 2 2 2 4 4 6 6 8 7 58 106 50 31 31 10 52 30 3 8 25 57 70 48 19 4 2 2 5 9 8 8 8 8 7 8 15 21 13 10 11 12 12 10 3 2 3 4 4 6 8 8 15 22 20 20 20 18 36 31 20 14 12 18 19 13 8 9 8 7 8 6 7 6 6 
43 42 27 7 1 1 0 1 1 1 1 2 9 28 43 36 22 22 27 27 28 27 28 27 27 31 31 24 10 3 7 22 41 29 3 2 1 3 4 3 2 2 16 65 77 36 18 13 12 13 12 11 11 13 13 13 7 22 39 6 2 1 2 5 4 3 3 3 4 4 4 4 19 30 25 40 60 54 56 46 30 16 3 1 1 1 0 1 0 0 1 1 1 1 1 1 1 1 1 1 1 1 3 5 7 9 12 17 19 18 14 8 7 7 5 3 4 5 4 4 4 3 3 2 2 2 2 2 1 1 1 2 1 1 1 1 1 1 1 0 1 2 2 2 2 2 2 2 1 1 1 2 2 3 4 5 10 9 4 2 1 1 1 1 2 2 1 1 2 2 2 1 1 1 2 2 2 2 3 4 12 27 36 32 34 72 54 39 49 53 31 69 35 12 17 12 21 41 63 58 35 13 4 3 4 7 12 18 24 24 22 21 19 12 9 8 9 12 13 8 9 9 9 9 7 6 9 18 24 19 20 23 19 35 28 14 10 9 20 19 10 8 9 9 8 7 6 8 7 8 
69 62 18 1 1 1 0 0 0 1 2 7 15 21 18 22 26 24 26 31 31 28 34 33 28 27 24 16 4 5 4 5 19 46 67 19 10 10 11 13 14 21 56 99 106 84 58 35 22 15 13 11 12 13 14 14 9 21 20 4 4 4 17 27 17 12 13 13 10 10 20 25 84 141 119 127 146 139 164 162 134 91 37 23 12 2 1 0 0 0 1 1 1 3 2 1 0 1 1 1 1 1 2 2 2 3 3 3 3 4 5 4 2 1 2 2 1 1 2 2 2 2 1 1 1 1 1 1 1 1 2 2 1 2 6 6 3 1 1 1 1 2 2 3 3 3 3 3 4 3 4 4 7 14 19 28 42 46 27 8 2 2 2 1 2 2 1 1 2 2 2 2 1 1 2 2 2 3 4 6 33 73 87 88 79 95 88 75 76 91 84 93 75 60 73 70 61 59 63 81 90 50 21 13 11 18 37 50 58 66 63 54 43 33 29 26 22 24 28 33 35 31 25 21 16 13 17 22 27 15 9 16 20 37 31 16 14 13 26 20 7 8 7 10 11 7 10 9 8 9 
63 15 3 2 1 1 1 1 1 4 11 16 16 12 11 30 43 28 23 23 23 24 35 40 40 42 46 45 39 33 34 31 20 23 49 74 51 45 47 42 35 45 106 129 138 128 105 88 71 44 31 20 15 13 12 14 8 9 8 6 6 8 35 76 62 50 49 46 40 36 42 31 58 104 101 102 104 96 112 112 105 91 62 63 33 8 4 3 2 2 2 2 2 4 4 3 2 2 3 3 3 2 1 2 4 4 2 3 2 2 3 3 3 3 2 1 1 1 1 1 2 2 2 2 2 1 1 2 2 2 3 4 3 5 12 13 7 3 3 4 4 6 8 9 10 13 15 15 20 21 25 28 31 40 47 61 69 84 71 30 7 3 2 2 3 3 2 1 2 3 3 2 1 1 2 3 2 3 4 8 40 82 84 85 87 88 93 95 100 91 95 94 107 94 94 94 90 103 98 99 90 74 67 50 46 71 94 91 86 94 93 89 89 85 85 78 66 58 56 51 48 42 38 31 26 32 55 53 54 35 14 18 36 36 29 12 8 9 13 6 3 4 3 10 11 6 11 8 8 9 
62 18 9 4 3 3 1 1 1 7 13 19 20 14 13 30 31 14 16 12 15 22 32 40 43 45 49 52 53 53 52 49 36 26 30 38 53 72 88 76 55 73 115 127 128 133 135 127 129 94 68 54 40 30 16 12 10 8 7 11 14 20 36 79 71 74 88 83 74 79 77 61 44 38 35 34 37 33 27 22 22 22 22 21 11 8 8 5 5 6 5 3 3 4 5 5 4 4 4 4 4 2 1 2 3 4 3 2 2 3 3 3 3 2 2 1 1 1 1 2 2 2 2 2 2 2 2 3 3 3 4 4 6 7 11 16 14 15 21 26 30 32 34 36 39 45 50 52 50 52 58 62 61 60 62 72 67 71 68 43 21 14 7 10 9 7 5 2 3 3 3 3 2 1 2 2 2 4 3 14 48 89 91 89 96 92 106 97 102 96 97 106 102 92 100 100 98 99 98 95 92 93 69 61 80 96 97 88 90 88 82 85 92 96 98 92 74 53 46 45 41 39 53 68 72 67 73 72 71 70 37 17 40 66 42 23 8 9 14 8 3 1 4 12 8 2 3 4 4 5 
40 19 8 4 4 3 2 2 3 7 13 21 23 17 12 12 11 9 12 15 13 10 16 23 25 24 22 22 21 29 30 29 33 30 36 34 40 45 43 36 32 83 123 131 130 132 128 125 145 158 125 116 98 81 41 10 6 10 11 21 27 31 34 74 56 62 80 66 47 56 51 41 32 27 23 20 20 15 11 9 8 7 6 5 4 4 6 7 6 5 4 4 4 4 4 5 5 5 5 6 6 4 3 4 5 3 3 3 4 3 3 2 2 3 3 3 3 2 2 3 4 4 4 3 5 8 10 13 16 21 27 33 39 45 51 55 50 48 48 49 59 56 55 56 57 56 58 64 69 63 59 56 49 41 38 41 32 28 28 22 15 11 25 43 39 36 26 8 2 3 3 2 2 2 2 2 3 4 4 15 57 87 91 95 101 97 106 99 104 101 100 98 101 100 99 103 101 96 98 97 99 79 51 72 102 99 92 85 71 44 38 61 89 89 94 75 33 12 6 6 6 6 17 52 82 81 66 65 74 88 67 28 24 65 56 57 51 23 26 57 16 2 5 10 6 4 3 3 3 3 
38 20 6 4 5 4 4 7 11 15 17 17 12 10 11 7 8 15 12 19 19 23 34 46 51 50 53 62 74 81 88 75 48 31 41 35 38 41 35 31 34 113 122 138 130 126 132 129 128 119 132 126 131 133 63 16 7 14 16 27 22 18 18 19 20 18 16 16 15 13 10 9 9 9 8 8 8 10 9 8 9 9 9 8 8 7 7 7 6 5 5 7 7 6 6 8 9 9 8 10 12 8 7 8 7 7 8 7 8 11 12 9 8 9 11 12 13 15 18 21 27 35 36 37 48 53 51 57 60 62 62 60 59 60 61 60 61 66 60 57 71 65 68 69 69 71 66 55 38 26 16 11 8 5 5 3 4 6 5 6 14 30 64 80 86 71 61 23 4 3 2 2 2 2 2 2 3 5 6 22 76 91 97 103 104 101 101 101 103 104 103 94 101 109 98 105 104 104 85 101 85 34 61 91 94 88 87 91 64 25 25 58 90 90 72 29 5 8 20 24 27 17 6 9 37 79 85 77 80 87 93 58 18 17 22 25 33 16 16 51 12 3 3 6 4 3 3 3 3 3 
72 58 34 20 8 6 7 10 15 19 25 22 12 10 11 11 11 18 9 12 14 14 17 23 25 24 27 35 45 59 64 61 42 35 41 39 39 38 34 36 47 130 121 142 130 125 138 126 99 99 141 132 127 105 33 7 6 13 16 21 26 28 28 39 41 39 35 32 29 29 24 23 24 23 23 23 22 24 23 21 22 21 21 22 22 20 19 20 18 15 16 17 16 15 15 18 20 20 18 19 22 22 25 30 31 29 29 31 31 31 31 31 33 36 38 41 44 50 57 60 60 65 62 63 71 70 62 65 68 69 67 63 62 61 56 45 49 71 79 76 89 86 93 87 77 71 52 29 11 7 5 4 4 4 4 4 6 8 13 23 44 73 77 72 96 74 71 32 5 3 2 2 2 2 2 2 2 4 7 30 84 93 97 104 102 103 97 101 101 103 101 93 97 105 96 98 99 99 90 96 48 43 94 84 83 79 77 72 41 11 11 38 76 86 60 17 5 28 71 78 78 53 15 6 29 90 92 91 91 86 98 85 37 9 9 20 16 5 10 29 5 9 8 8 4 2 4 3 2 3 
64 72 65 47 26 19 18 16 17 26 49 43 21 14 12 16 12 15 7 11 21 21 19 25 36 42 47 57 81 98 88 88 60 71 60 56 65 62 63 60 75 130 137 148 139 135 128 102 80 79 109 133 120 74 22 9 11 16 23 20 23 28 46 89 83 91 102 80 58 59 64 65 62 58 60 61 57 55 53 53 57 57 57 60 59 58 59 61 58 55 56 57 56 56 55 55 55 53 56 57 56 58 60 61 62 64 68 72 71 64 61 65 67 66 65 65 66 68 68 71 74 73 70 70 72 74 74 78 81 82 80 77 76 75 69 41 35 63 87 86 88 91 92 87 70 44 21 9 6 5 5 5 4 4 5 8 7 16 45 75 77 69 91 84 97 84 69 35 7 3 3 2 2 2 2 2 3 4 10 42 87 95 96 104 102 108 97 105 100 104 105 105 103 105 106 100 101 97 97 71 33 77 87 40 34 29 27 23 14 5 5 14 42 84 72 26 16 50 94 89 86 68 22 6 23 83 85 89 91 86 92 90 58 17 26 49 41 18 9 32 9 6 3 4 3 2 3 3 3 3 
19 24 28 33 33 26 24 27 23 35 68 54 22 13 12 18 12 15 14 24 53 49 39 49 79 98 101 108 136 134 119 124 60 61 52 48 58 51 54 57 91 127 130 133 141 146 120 90 93 92 90 137 116 57 33 27 33 13 23 35 41 34 82 118 110 126 130 90 51 40 43 42 39 39 47 54 52 58 61 62 65 62 57 56 56 56 57 53 51 53 54 53 53 57 60 60 61 60 64 63 57 59 59 56 57 61 59 58 61 63 61 56 59 65 60 59 61 60 58 65 79 83 87 83 77 78 81 81 85 88 89 90 92 93 79 39 23 45 76 80 74 84 80 86 71 33 11 8 8 6 5 4 4 4 5 6 12 36 68 78 77 88 97 93 81 88 68 50 18 4 3 3 3 3 3 3 5 5 15 61 92 99 97 105 103 110 99 108 101 105 103 106 99 96 105 93 92 95 80 43 55 113 72 27 10 8 8 11 11 7 8 15 40 83 96 75 73 85 88 88 91 78 25 6 22 80 95 93 92 92 94 92 80 39 31 54 30 15 9 10 12 2 1 1 1 2 1 1 1 1 
16 20 19 19 29 33 33 36 35 37 30 27 25 19 15 18 15 22 20 27 56 48 42 42 63 63 62 72 108 117 112 109 50 32 33 35 36 33 35 61 113 121 138 142 146 140 101 68 70 71 71 101 92 62 56 45 32 27 28 38 54 40 66 76 68 95 95 73 44 36 38 30 18 10 8 10 14 20 28 30 47 61 63 63 67 70 96 89 72 72 65 58 52 56 52 52 54 51 50 58 61 53 56 59 59 64 60 56 69 73 68 69 70 59 33 19 13 10 18 50 78 82 83 86 90 86 81 89 92 92 89 87 88 88 76 53 27 34 59 85 84 86 88 95 81 44 18 10 8 6 6 5 4 5 7 8 14 35 66 85 90 98 92 85 75 80 79 70 25 5 3 3 4 3 2 4 7 6 25 80 102 94 101 106 105 104 104 103 103 103 102 104 100 100 104 92 82 91 56 39 91 105 86 43 13 14 28 55 46 14 14 42 75 90 103 95 99 103 85 67 51 42 14 7 34 84 93 95 92 98 97 90 91 66 25 36 44 26 9 7 4 2 1 0 1 4 3 4 3 4 
16 16 19 22 33 40 42 45 40 34 30 26 23 22 19 18 19 21 14 26 39 42 44 50 59 55 48 62 100 118 114 110 59 40 32 33 32 29 35 49 68 91 141 132 133 143 120 83 73 74 58 91 96 62 40 19 30 34 33 27 37 34 38 34 38 45 43 37 38 43 40 34 25 19 17 16 15 17 18 19 28 31 34 36 43 57 99 91 68 75 62 35 19 18 17 15 19 23 28 41 57 67 72 73 79 74 54 45 50 63 69 71 74 67 35 15 8 6 12 39 74 79 82 88 94 88 81 85 85 83 81 81 84 86 81 63 42 47 61 83 91 95 92 94 87 60 28 11 9 8 8 8 7 8 10 13 32 62 86 98 99 95 83 79 80 80 69 60 30 7 4 3 3 3 3 5 6 16 52 88 96 101 104 106 107 106 106 106 106 105 102 107 103 83 71 57 38 33 34 57 103 115 102 64 24 14 32 75 80 22 14 49 93 96 97 101 104 98 73 29 17 10 9 20 67 88 95 97 92 97 98 92 94 82 43 30 50 23 7 9 3 1 1 1 1 4 9 9 9 10 
11 14 18 14 18 29 37 40 32 21 20 18 19 22 20 21 23 14 7 36 42 44 48 58 61 58 43 62 102 119 116 119 93 90 69 61 43 22 14 12 14 58 131 138 143 145 125 102 111 110 80 92 70 30 22 20 29 20 22 21 24 26 32 32 36 27 29 33 61 89 60 45 37 33 33 33 32 42 45 49 68 70 75 80 88 75 90 90 78 82 56 19 3 1 3 7 15 15 8 11 32 63 76 73 69 61 52 46 46 61 72 72 69 59 32 9 4 5 7 11 29 58 84 85 80 84 88 78 79 81 84 87 91 93 94 74 54 57 58 71 86 102 99 94 92 80 48 21 12 11 11 12 15 23 35 49 71 92 97 95 93 90 87 87 80 61 47 49 43 19 6 3 4 5 5 6 16 41 88 98 94 106 107 106 107 106 106 106 106 105 104 106 102 73 42 24 12 10 37 84 98 107 116 97 59 25 19 41 73 27 13 46 95 106 99 104 102 96 82 26 12 7 28 61 100 86 95 98 92 95 98 94 96 93 61 30 28 16 21 7 4 3 2 2 2 3 7 8 7 9 
11 13 15 10 9 14 19 23 18 12 14 16 22 24 16 19 22 14 9 54 57 52 51 57 63 62 49 66 105 119 120 117 108 120 89 49 21 6 4 5 9 81 133 143 145 145 135 130 152 119 124 83 27 7 7 8 5 3 10 21 28 31 36 31 32 32 43 45 56 71 69 64 63 69 78 85 87 94 97 80 82 77 74 72 76 73 87 77 67 57 23 6 9 10 17 35 65 78 43 15 13 33 65 74 40 20 29 40 41 52 62 64 68 48 14 3 4 1 2 3 9 37 70 76 71 80 88 85 87 90 95 98 99 100 107 80 57 61 60 68 80 96 101 100 100 100 84 61 36 34 35 40 49 67 89 98 97 101 101 93 87 91 103 77 50 32 37 47 46 46 19 5 4 4 8 23 59 79 103 107 102 110 111 107 107 106 105 105 105 106 107 99 101 91 53 32 22 24 69 111 95 100 108 99 89 57 20 10 24 17 16 52 99 109 105 112 107 95 87 56 29 16 24 47 77 97 97 100 92 94 99 96 96 94 81 46 24 22 19 9 15 14 7 13 9 7 16 16 20 33 
14 12 13 11 10 10 10 12 12 11 11 14 20 19 10 9 10 8 9 49 59 57 52 53 62 59 53 70 113 116 119 105 74 48 17 4 4 4 4 4 9 97 148 145 138 144 143 134 143 133 128 47 6 3 4 3 4 5 10 19 33 46 49 56 56 63 72 77 80 87 94 95 96 98 97 94 88 86 90 44 26 25 22 20 24 43 85 80 59 33 11 22 50 39 31 41 72 134 125 51 12 13 49 79 36 9 26 45 44 52 61 67 73 51 16 5 8 4 4 5 13 38 68 85 89 89 91 96 94 93 96 99 99 101 111 86 60 62 64 73 81 91 101 106 106 106 104 100 91 86 86 90 94 99 107 103 101 100 100 96 93 93 70 35 22 21 31 34 36 49 33 17 10 10 27 71 97 93 99 105 101 105 107 108 108 106 105 105 106 106 111 100 106 116 87 73 56 51 88 111 99 110 106 98 104 90 47 15 7 6 13 51 98 107 108 104 98 89 84 81 54 27 17 22 50 95 99 103 92 93 100 98 97 95 90 64 36 26 8 14 43 45 14 24 15 10 18 14 29 48 
17 18 17 12 13 14 12 11 13 15 11 11 14 12 11 10 6 3 6 50 77 60 57 53 63 53 55 69 109 123 109 54 17 8 3 6 3 4 3 4 14 123 136 143 140 142 137 128 137 107 77 22 11 14 12 23 33 42 48 65 76 83 89 90 93 105 89 95 97 93 93 94 95 93 91 90 89 84 90 25 4 7 7 8 7 14 44 74 52 13 13 79 124 55 21 18 30 97 160 102 28 13 36 70 36 11 35 56 47 49 56 60 70 50 15 17 28 7 8 10 16 42 76 94 98 95 94 99 91 86 88 94 98 102 111 94 65 62 62 72 78 93 101 108 105 98 98 104 100 93 93 100 105 106 107 103 112 104 88 89 97 90 36 16 24 34 34 28 50 47 48 43 33 36 61 94 102 98 107 111 106 111 113 111 110 108 108 108 108 108 110 99 104 112 99 98 65 70 107 106 101 114 101 97 102 101 85 37 10 8 14 45 92 113 107 64 46 51 48 45 42 29 27 32 42 71 100 104 92 92 102 100 100 102 87 82 40 21 13 11 30 51 3 6 5 7 3 8 11 13 
20 18 15 13 11 10 11 11 11 11 12 12 10 11 10 9 20 11 14 39 64 61 57 57 61 55 51 72 114 116 67 13 4 5 5 6 8 9 9 5 41 136 137 131 130 112 107 114 123 124 73 62 69 70 77 90 83 92 94 97 98 93 92 93 86 86 94 84 87 90 90 91 92 93 92 92 90 89 84 22 13 47 75 70 31 6 34 78 33 11 39 123 154 64 9 6 6 45 134 142 57 16 20 59 37 9 21 43 50 48 50 67 83 55 15 17 55 17 9 11 10 18 34 43 46 42 61 70 74 78 77 86 81 90 102 97 77 67 71 56 82 85 92 101 109 113 106 97 106 109 109 106 104 104 106 102 102 95 93 99 98 84 31 16 21 40 44 32 34 46 61 67 59 64 82 95 101 101 103 110 116 116 113 110 109 108 107 107 108 109 103 107 109 112 102 92 62 97 105 108 111 109 108 105 104 103 100 84 41 14 13 42 93 109 90 48 24 25 31 36 43 41 39 52 73 87 103 106 97 91 99 103 99 107 94 85 47 19 11 8 11 10 4 4 5 8 16 26 30 51 
15 13 18 16 11 12 13 12 11 10 11 12 12 10 9 12 15 9 9 26 58 58 56 56 62 58 55 76 118 106 47 8 4 4 14 57 54 47 41 25 51 94 89 100 115 121 127 124 111 97 89 88 85 86 96 93 95 89 90 92 96 98 92 94 90 86 96 93 100 95 91 92 91 92 91 91 90 89 79 18 11 42 68 59 26 8 41 74 34 15 67 150 163 63 10 12 7 20 105 153 73 15 24 65 42 7 8 13 31 53 53 59 76 59 18 19 63 35 14 11 12 16 33 48 42 45 58 70 74 76 70 75 71 84 94 80 64 59 75 66 78 79 85 92 98 102 103 102 105 112 115 109 102 101 106 99 95 96 101 103 97 85 48 14 16 25 28 34 34 38 46 56 66 80 95 101 105 105 107 110 114 113 109 110 110 109 108 109 110 111 110 116 111 109 99 81 80 109 109 112 114 114 112 110 108 106 109 106 82 57 52 68 98 113 108 83 60 54 55 57 64 68 78 96 103 101 108 108 100 97 104 106 100 102 97 92 58 21 8 10 9 5 14 28 45 41 58 83 79 92 
15 18 21 15 14 16 14 11 12 13 15 15 14 11 12 11 8 4 7 13 32 49 55 60 63 57 54 75 116 104 43 7 2 5 39 83 48 31 41 53 66 56 46 48 57 92 124 125 94 88 84 92 94 91 95 95 100 90 93 87 85 91 88 89 89 73 76 81 98 92 97 100 99 98 97 97 96 89 92 26 6 11 15 13 9 12 70 87 40 18 63 156 168 72 16 12 8 12 60 124 77 17 24 67 42 9 13 29 37 46 52 57 69 65 24 21 67 65 24 10 12 18 50 88 80 89 88 75 74 73 67 69 66 78 80 59 53 53 67 68 76 78 83 88 91 93 99 108 107 103 103 107 109 105 97 97 95 102 107 99 92 93 70 22 15 18 24 40 45 50 55 67 86 100 106 108 107 108 109 109 112 113 109 107 106 105 105 106 107 108 110 113 104 103 95 70 93 108 108 111 113 113 112 110 111 111 110 106 103 102 99 100 105 105 101 93 84 79 81 82 79 80 94 114 114 106 108 105 97 97 104 106 100 102 95 87 64 24 9 22 10 28 54 59 57 49 61 87 66 62 
33 19 24 23 13 12 13 13 14 16 18 16 14 13 14 12 12 6 12 14 13 28 44 58 65 61 62 77 86 66 21 5 5 5 22 26 24 19 16 17 24 28 41 45 41 55 58 62 56 40 49 69 84 92 85 64 94 82 67 62 88 88 49 62 72 48 43 54 95 108 103 101 101 99 99 100 99 88 91 27 7 15 23 23 13 11 56 85 54 22 37 126 151 115 57 14 10 18 44 93 58 20 30 78 42 12 35 83 74 51 53 60 66 71 35 24 65 87 39 13 11 14 40 80 81 88 83 87 76 73 70 72 67 80 81 40 39 56 64 62 67 77 80 87 92 94 101 114 105 104 104 105 106 104 99 103 104 108 104 91 91 105 94 54 23 17 24 38 56 76 85 96 105 105 104 109 104 107 110 107 110 116 113 110 109 108 108 109 110 111 113 108 101 103 95 75 101 101 106 108 110 110 109 108 110 114 112 104 101 108 110 110 114 107 99 93 92 94 97 100 93 91 99 113 118 114 110 102 94 94 103 112 113 105 93 85 76 32 13 42 56 75 82 53 18 26 69 62 26 12 
93 42 16 22 20 14 16 17 15 14 14 14 14 12 11 13 17 8 13 16 15 34 52 67 80 79 74 77 72 61 22 10 13 8 8 11 19 20 13 10 13 17 16 23 24 41 34 35 43 27 59 83 80 88 78 38 63 36 29 44 54 32 25 41 82 70 57 55 89 94 96 95 95 94 95 97 99 103 96 24 14 51 84 80 43 13 31 75 68 32 20 79 128 175 159 67 32 32 35 38 21 16 52 90 53 13 21 47 51 44 44 50 58 70 48 31 70 92 60 22 11 11 24 57 87 95 90 86 76 73 67 67 66 86 84 40 29 57 62 64 62 69 72 83 94 95 96 103 100 107 109 103 98 101 110 110 111 107 99 94 99 109 107 87 54 43 52 66 83 85 96 106 103 100 102 106 101 108 111 104 107 115 113 108 105 105 105 106 107 109 116 110 109 100 80 83 108 100 104 106 108 108 108 107 106 108 111 111 107 105 102 103 105 105 103 100 97 97 97 96 96 99 104 109 111 112 109 101 94 95 109 135 148 113 92 88 83 35 12 29 54 67 51 24 8 15 29 31 14 10 
131 87 48 49 29 18 21 16 14 12 13 14 15 14 16 14 10 6 10 10 21 46 57 69 90 97 84 78 68 50 29 25 26 19 31 42 65 68 38 17 12 17 18 24 21 29 21 39 84 38 68 80 59 54 57 42 59 44 29 47 66 41 32 42 99 87 62 49 85 97 99 99 98 99 101 104 107 102 104 33 14 35 53 52 32 14 44 83 81 56 22 29 66 129 173 130 48 24 17 7 11 21 85 77 58 13 7 11 13 20 35 49 56 67 61 42 80 94 80 34 12 10 16 38 78 71 67 70 67 65 54 50 53 77 63 49 28 41 42 59 67 67 67 79 91 88 80 80 95 88 88 95 106 111 109 113 110 100 96 106 113 107 101 91 102 99 93 100 81 80 98 107 100 103 110 106 102 112 114 103 103 111 110 106 106 105 105 106 107 109 114 105 108 86 55 78 105 98 98 100 102 103 103 102 103 101 98 100 99 95 97 100 97 95 95 95 95 95 95 96 92 92 94 96 99 101 103 97 91 94 114 157 181 146 109 97 84 32 8 13 28 35 32 19 12 9 9 15 22 47 
193 149 136 174 98 30 22 20 16 16 16 15 17 20 24 26 13 15 22 24 16 37 53 72 84 73 55 54 50 43 48 58 54 48 57 79 80 77 68 52 34 24 29 54 48 25 31 39 81 65 39 72 94 83 91 46 71 75 33 43 90 71 33 43 77 59 44 54 87 99 99 99 99 99 99 99 99 90 97 44 12 13 15 15 14 35 76 90 97 78 42 20 22 38 65 75 29 7 4 3 14 53 89 82 65 39 36 39 41 51 55 52 53 62 70 70 82 94 86 53 11 8 11 22 60 67 62 68 69 59 42 35 34 52 38 27 16 17 25 41 55 70 65 71 83 84 77 73 74 73 80 94 106 106 99 112 90 84 95 102 103 107 106 87 98 98 93 99 73 80 98 114 94 106 100 98 94 102 117 111 103 98 91 88 93 97 92 86 91 105 109 99 103 79 30 54 104 107 104 106 108 109 108 109 106 103 102 104 103 102 103 104 104 101 98 98 100 104 104 102 101 100 99 100 100 101 103 98 93 96 113 147 166 151 115 105 87 33 7 8 6 19 62 79 54 23 24 36 57 86 
225 219 186 208 176 87 45 35 28 22 19 19 19 18 17 25 22 38 40 33 13 23 48 53 47 50 59 69 74 73 81 96 103 91 78 80 87 92 92 86 78 73 73 81 63 43 58 52 67 43 35 67 93 92 110 72 80 101 72 68 96 93 72 74 91 65 57 71 93 98 97 98 98 99 99 99 99 98 107 71 42 44 44 45 52 76 102 100 102 101 84 53 31 20 15 14 9 4 4 5 12 57 90 69 70 79 82 82 80 87 78 60 54 59 66 70 77 88 84 60 23 8 6 12 39 80 93 100 103 84 71 48 35 74 44 35 32 22 19 34 53 69 60 62 78 92 97 96 78 87 99 106 108 109 110 99 93 96 103 103 103 109 112 106 108 108 106 98 76 96 99 109 109 104 103 106 126 110 105 119 91 70 54 51 58 61 60 64 80 103 112 100 102 76 22 41 97 107 104 105 107 109 109 109 107 106 105 106 106 106 106 106 106 104 103 102 104 106 105 101 102 103 105 106 107 108 110 104 98 96 100 111 120 123 103 104 100 38 8 14 17 29 73 81 56 42 41 34 51 60 
149 155 146 155 175 158 134 133 122 99 80 68 54 40 23 13 9 15 12 11 5 8 18 31 52 67 72 79 80 75 73 81 92 87 75 83 89 90 85 81 86 95 89 91 84 79 92 79 88 79 82 91 98 95 111 93 98 108 99 92 100 106 98 95 107 90 96 104 103 95 100 103 104 106 107 108 109 102 108 95 86 95 94 99 99 95 103 101 93 101 98 85 68 56 47 37 33 19 9 8 13 37 74 75 79 89 83 83 84 98 90 68 60 64 70 73 79 90 91 79 51 19 8 11 22 73 99 89 88 88 79 32 12 43 18 16 13 13 9 10 35 70 64 65 78 90 94 92 85 92 101 105 104 103 104 90 103 111 110 109 111 110 105 115 108 112 116 96 84 109 105 102 112 92 69 75 99 80 61 98 98 81 77 75 82 87 87 87 94 106 111 100 102 76 18 34 90 106 103 105 107 108 108 107 106 105 105 105 105 105 105 104 103 103 104 104 104 104 104 105 104 104 104 103 104 102 100 96 95 97 100 101 101 103 98 103 106 41 8 12 11 10 25 40 54 56 16 9 10 9 
27 27 35 36 49 67 83 111 136 157 173 181 158 100 23 9 5 7 5 5 4 2 5 11 21 26 31 46 63 57 61 71 76 81 89 89 94 95 91 86 87 90 84 88 95 98 103 95 105 95 109 98 98 100 110 105 109 96 96 97 99 104 95 97 104 88 95 98 97 101 102 104 105 107 109 110 111 116 116 109 109 107 97 99 107 97 101 108 96 100 97 100 93 95 95 78 78 51 18 11 15 22 64 102 94 98 100 96 94 109 105 83 71 67 70 72 76 87 94 92 74 31 12 11 12 48 83 94 90 91 63 31 23 34 16 13 16 21 16 13 30 60 65 70 76 83 89 93 101 94 94 102 108 102 92 94 109 114 110 114 118 111 100 115 101 107 112 89 94 103 110 102 102 87 31 42 69 60 23 49 97 95 101 98 99 108 110 107 102 100 102 96 103 75 16 30 85 104 104 106 108 108 108 107 107 107 106 106 105 105 104 102 101 103 105 106 105 103 103 107 106 104 102 100 99 99 101 96 94 96 98 95 93 98 97 99 95 42 8 7 7 7 26 65 100 88 21 10 7 8 
9 11 11 6 6 6 5 7 11 19 34 55 68 52 14 9 8 8 5 4 4 2 3 2 5 15 29 35 27 16 13 14 18 31 52 50 61 75 86 89 86 87 109 98 94 97 100 101 98 94 110 101 105 103 101 94 99 98 102 100 96 102 106 98 111 102 110 109 107 114 109 107 109 110 111 113 115 110 103 103 108 105 104 108 114 111 110 111 108 108 108 106 96 103 111 98 101 78 36 13 12 16 52 98 96 104 106 102 96 107 107 92 79 68 68 68 72 81 93 99 84 38 14 10 9 31 71 91 89 60 26 47 78 57 27 30 60 53 43 61 51 63 71 71 68 73 88 101 111 98 90 95 101 98 88 103 110 110 109 114 116 110 109 117 103 105 102 83 98 97 107 103 91 73 18 44 92 81 24 18 66 91 90 101 102 104 106 105 102 99 98 95 100 65 12 29 81 100 102 106 107 107 106 105 107 110 109 109 107 106 105 103 103 105 106 106 104 103 101 100 100 100 99 99 99 98 95 91 87 86 86 87 87 88 88 85 81 64 31 8 9 26 54 73 54 37 67 135 119 118 
11 12 11 9 10 10 9 7 5 6 7 7 8 10 11 11 9 7 5 5 5 3 3 6 18 26 20 14 5 5 5 6 7 8 8 12 16 23 32 43 54 64 77 81 89 92 94 106 101 95 102 96 100 95 98 100 99 106 104 101 101 104 111 97 114 104 109 110 107 106 109 110 110 111 111 112 113 118 112 113 112 105 106 106 106 117 113 105 110 106 106 112 105 106 111 105 107 95 55 18 13 13 35 85 95 99 100 102 99 111 113 102 88 69 67 67 69 78 92 101 86 43 16 9 9 18 52 67 60 37 27 48 65 63 35 47 48 48 54 61 66 62 71 73 70 75 85 90 107 105 98 91 87 90 97 105 109 112 111 108 107 108 108 108 103 106 96 82 100 111 103 100 85 42 17 57 97 91 61 14 33 73 89 101 103 104 107 108 106 102 99 97 97 52 8 27 77 94 99 103 105 105 102 100 102 106 105 103 102 100 99 98 98 98 98 98 97 96 95 92 91 90 89 88 86 84 82 82 79 74 71 73 76 79 77 74 80 99 81 14 17 56 61 33 11 10 118 169 166 181 
27 22 18 15 13 11 11 12 10 12 11 11 9 11 12 15 14 11 12 12 15 22 25 36 39 36 23 17 23 25 22 22 27 28 31 36 36 40 39 43 45 48 52 59 73 82 82 96 97 86 92 93 92 94 92 101 93 101 97 94 97 96 99 105 108 95 99 107 104 105 99 106 104 105 102 104 109 108 106 106 104 101 102 102 105 109 106 106 106 98 99 109 108 109 110 101 101 97 67 26 15 12 25 69 90 97 98 100 102 108 110 103 90 70 63 64 71 79 86 91 89 59 26 9 10 13 37 70 61 56 60 58 77 59 43 48 42 39 47 52 67 56 61 70 71 75 82 82 98 110 106 81 66 76 103 100 99 105 104 105 99 102 101 92 101 96 78 68 91 100 85 86 79 26 21 70 90 94 84 37 13 40 84 94 101 102 99 109 107 102 97 97 105 37 7 24 73 92 102 102 101 106 101 97 93 98 99 102 93 96 97 95 96 99 87 88 82 91 81 84 86 83 77 76 79 72 63 65 57 49 44 81 61 39 35 41 41 53 45 11 8 16 11 9 6 14 104 157 166 174 
114 95 77 66 63 62 60 63 63 61 64 70 73 76 72 78 77 74 75 79 81 77 81 82 66 68 74 80 79 80 73 71 70 69 73 73 75 83 78 76 74 72 76 74 79 83 82 82 72 86 81 81 79 85 79 88 80 89 87 89 95 93 97 97 97 96 99 102 98 96 101 110 100 104 100 98 96 100 103 104 105 106 107 108 105 102 103 104 102 99 101 98 98 102 104 101 97 92 77 42 15 12 17 46 83 94 90 94 97 100 103 101 95 77 61 59 66 73 78 87 93 78 43 12 7 8 23 61 64 58 62 59 79 58 47 44 48 41 42 46 57 69 64 68 68 69 84 95 98 93 78 58 50 62 82 89 92 93 91 90 82 82 84 77 80 72 50 42 60 104 100 108 93 32 28 71 92 95 89 57 15 17 56 88 89 93 101 96 96 99 94 93 76 22 11 18 68 99 101 94 91 99 93 92 95 96 92 91 84 88 88 87 85 82 85 72 67 79 61 67 60 53 70 53 32 35 18 17 12 10 15 85 28 17 5 17 60 75 26 2 4 4 2 6 14 11 25 34 40 49 
212 193 173 163 159 158 156 155 148 105 94 87 92 91 87 87 90 90 85 91 95 85 85 70 43 30 31 52 51 49 52 45 31 28 36 42 54 71 71 70 74 75 86 79 91 93 73 55 57 68 40 31 28 34 35 40 35 39 41 48 55 56 63 72 81 100 96 82 82 80 83 87 77 85 87 89 89 87 89 91 94 96 96 96 96 99 100 96 96 99 99 97 101 97 94 99 93 87 83 54 16 14 12 26 67 93 92 97 100 100 97 98 100 89 64 58 62 66 73 81 80 84 64 21 8 9 18 56 72 62 63 56 59 58 48 43 50 48 47 45 52 64 52 58 64 65 79 95 119 102 84 76 76 80 82 89 83 79 80 80 71 56 62 62 54 55 41 47 75 162 172 167 126 41 44 84 89 84 96 78 36 9 23 74 81 85 99 94 96 96 90 92 60 19 18 17 61 93 90 89 91 95 83 81 89 82 82 78 75 83 83 75 71 70 82 80 53 30 28 24 17 24 84 57 7 6 5 5 3 4 14 84 15 22 7 28 127 136 43 3 2 3 2 7 27 12 6 5 6 12 
226 223 221 218 213 207 206 204 178 108 90 81 92 91 90 88 93 92 81 81 88 83 62 47 37 27 48 132 145 139 140 95 45 36 46 51 75 101 102 99 106 103 100 96 97 71 36 20 41 87 32 14 7 5 4 4 4 5 6 10 13 14 21 58 82 127 111 72 79 81 75 76 65 67 65 75 92 78 72 72 72 72 70 69 74 77 72 69 73 81 82 84 86 80 78 86 86 84 84 57 22 16 10 18 53 90 83 88 94 95 89 89 96 92 70 62 61 61 67 75 79 84 74 29 9 10 14 48 70 66 67 44 32 44 46 40 48 48 50 49 55 53 39 47 60 64 70 78 113 104 99 101 103 97 88 83 71 78 72 67 61 48 54 57 46 49 39 55 91 176 202 183 126 27 52 84 95 89 93 75 56 14 10 41 74 89 86 92 93 91 92 75 42 23 25 17 52 72 72 80 78 79 77 76 91 87 99 87 75 120 141 134 90 75 120 93 97 106 92 89 88 101 149 129 79 76 71 76 65 69 97 131 73 82 37 24 107 115 36 3 2 2 2 6 16 9 9 9 8 11 
232 227 224 224 225 221 218 202 152 92 84 88 97 99 96 95 98 95 85 80 86 89 48 25 24 18 45 163 190 188 192 124 57 49 57 57 85 113 113 106 114 102 91 88 61 24 13 13 47 87 23 8 4 3 3 3 2 3 3 5 5 6 14 54 80 143 119 64 79 79 59 61 58 65 69 103 161 111 83 80 77 74 72 70 92 85 60 50 51 51 51 49 48 57 63 53 52 51 56 44 25 14 13 15 35 71 75 75 83 90 89 91 90 81 73 62 55 56 61 71 87 86 76 39 12 10 11 37 65 69 70 39 27 38 44 40 45 43 49 50 53 64 43 44 55 63 71 73 87 88 91 95 97 95 91 64 60 87 70 48 49 56 54 53 51 51 42 51 83 154 191 185 114 24 65 74 71 76 91 78 72 27 6 12 47 86 79 77 81 81 82 48 21 37 42 14 47 70 71 72 47 54 89 102 148 184 187 135 78 180 215 199 101 79 119 90 97 117 116 125 124 125 119 120 125 119 122 128 117 126 155 154 153 144 71 18 41 43 15 8 3 2 3 3 7 7 7 5 8 16 
233 226 223 224 223 221 221 199 130 90 85 97 90 95 97 99 96 94 97 94 85 73 48 22 24 23 45 151 169 169 181 118 60 56 57 55 83 108 110 103 112 95 92 46 18 4 4 5 40 74 15 6 4 2 3 3 2 2 3 4 3 4 14 62 77 142 119 63 84 76 69 73 64 67 68 102 169 115 83 79 76 75 76 77 152 139 81 65 62 55 54 50 54 110 142 83 74 76 62 57 58 50 84 59 64 78 85 67 65 68 65 65 67 72 77 61 48 55 62 66 84 82 71 43 13 9 10 28 63 64 65 48 55 50 41 45 49 43 52 55 51 62 48 45 48 56 68 70 69 75 83 88 90 89 88 63 48 74 74 49 51 64 55 45 55 46 46 55 93 170 173 183 74 24 71 56 24 31 61 66 62 38 13 9 12 45 77 71 86 64 36 49 61 89 81 14 56 94 88 69 24 37 106 119 159 212 213 142 57 195 215 178 81 86 84 74 28 7 9 6 7 7 6 7 7 7 8 8 9 10 12 19 20 22 15 4 4 5 12 77 25 2 3 3 10 7 5 11 44 83 
232 232 231 230 227 224 220 179 109 87 93 101 89 94 92 95 93 83 77 80 81 74 52 26 25 26 44 153 196 186 193 130 58 53 51 60 87 106 107 100 105 87 63 16 5 5 5 4 46 73 11 6 5 3 3 2 3 2 3 4 4 5 16 61 75 146 125 71 87 83 69 69 59 64 66 101 166 106 73 69 69 69 71 76 154 133 74 65 66 58 57 50 53 132 177 97 83 89 80 82 83 92 170 129 113 115 124 73 57 63 63 57 54 86 121 76 44 54 62 63 76 75 77 60 28 19 17 33 57 59 58 55 60 57 43 43 49 49 58 57 52 52 49 44 43 49 59 67 68 67 69 67 87 79 62 59 43 55 73 62 48 60 62 51 50 40 46 56 89 176 163 161 49 29 79 53 11 15 24 33 39 36 29 22 8 26 134 140 161 112 31 48 117 130 99 15 61 102 97 89 22 35 125 112 129 185 212 146 59 219 215 180 76 89 95 75 24 6 7 4 5 5 5 4 4 4 3 3 3 2 2 4 3 5 3 3 5 5 17 128 40 2 4 4 9 5 3 17 81 162 
237 237 233 230 228 226 222 167 102 88 99 102 91 100 100 100 98 80 60 61 73 77 52 26 22 23 41 157 198 189 194 133 55 53 51 57 83 100 106 103 105 88 31 15 10 12 10 10 50 70 11 6 5 4 6 6 7 3 3 4 5 4 13 43 80 150 114 73 87 86 81 79 64 63 63 102 175 118 83 81 80 78 78 85 157 133 73 61 58 51 52 60 65 128 154 81 65 68 71 72 72 99 154 140 126 125 143 76 50 52 53 47 48 106 165 98 47 47 52 57 65 78 95 81 61 102 114 50 58 62 59 62 56 59 46 39 46 50 60 57 53 63 44 41 54 63 60 58 57 69 72 43 51 46 41 49 64 69 56 60 49 57 59 55 46 36 44 48 54 64 56 53 20 30 57 25 8 14 5 13 27 29 24 19 12 8 93 140 117 80 26 14 58 73 54 9 34 68 72 76 25 34 101 82 104 163 187 131 60 185 208 183 72 81 86 68 18 4 5 6 5 4 5 5 5 4 3 4 4 4 3 3 3 3 2 2 3 3 21 158 44 3 4 3 8 6 4 19 85 161 
243 241 238 236 233 231 214 147 92 87 96 102 95 100 97 97 99 93 81 82 87 83 55 24 17 19 42 162 202 196 190 131 59 56 53 60 86 106 110 103 96 80 59 68 64 58 59 55 77 71 45 47 50 52 46 44 42 44 48 43 42 45 77 124 150 158 101 81 91 94 70 69 61 62 63 99 162 186 185 186 188 185 183 189 183 135 89 74 67 59 61 59 58 121 179 156 157 155 145 148 141 157 171 123 112 129 162 131 120 121 119 122 123 147 152 84 55 48 51 64 56 68 98 113 113 155 148 66 62 67 56 69 72 64 49 46 49 49 65 67 59 60 43 59 69 57 55 59 59 65 69 54 64 73 89 98 108 123 48 56 59 58 61 53 47 48 66 53 31 10 7 6 11 35 33 7 4 11 5 15 18 21 22 15 14 4 6 18 18 12 7 2 7 6 4 4 8 6 5 5 4 16 49 51 50 52 44 35 21 36 48 43 20 29 40 71 18 3 4 3 3 3 3 3 3 3 3 4 4 4 3 3 4 3 4 4 3 2 9 69 30 4 2 2 9 6 4 20 88 126 
242 240 238 235 233 230 207 135 90 93 95 101 98 100 99 98 102 104 100 100 100 93 61 28 21 23 41 148 198 200 192 138 65 56 54 61 84 103 105 95 81 69 74 76 67 69 77 73 70 66 67 73 76 84 73 75 75 69 87 79 96 132 133 100 88 84 77 86 82 85 72 74 67 70 62 68 83 89 90 93 98 97 95 100 102 87 76 74 71 63 61 67 63 89 114 109 117 113 111 130 121 117 109 87 91 95 117 120 132 142 142 142 143 146 118 72 71 60 47 59 60 68 101 130 131 137 106 62 60 68 52 68 73 63 51 50 51 48 65 68 59 61 51 67 64 51 58 59 68 60 64 75 110 140 169 147 106 134 57 54 49 64 70 50 47 59 73 54 38 18 12 5 20 53 27 10 6 8 8 23 13 12 14 13 11 12 10 8 22 14 4 4 4 4 5 3 6 5 6 5 3 15 40 47 56 55 31 20 18 13 15 8 5 6 17 67 15 3 3 3 4 3 3 5 8 9 8 9 10 9 8 9 10 10 5 3 3 3 2 7 3 1 2 3 9 4 2 17 59 48 
239 237 234 232 229 227 201 127 90 100 95 101 100 101 103 101 102 103 101 99 96 90 60 28 24 28 39 136 197 199 193 150 69 54 56 63 82 104 110 103 87 79 77 77 78 86 81 84 82 75 76 71 64 74 72 80 77 57 76 69 101 152 101 45 58 68 59 67 65 58 57 60 53 60 58 56 55 56 58 59 61 59 56 58 61 59 57 59 59 58 59 66 57 53 48 46 55 56 55 56 70 75 36 96 129 55 53 54 58 64 64 62 63 70 65 56 65 57 46 53 59 60 72 75 68 76 65 58 62 71 53 72 71 66 55 55 57 53 66 66 58 66 54 55 53 60 67 52 64 60 63 71 86 101 115 97 96 134 57 46 46 73 72 55 52 67 65 59 86 64 45 11 38 81 40 39 39 14 10 32 12 7 6 16 41 27 34 10 24 48 35 29 19 6 8 7 14 15 12 20 12 16 29 42 62 60 43 30 28 20 21 17 13 10 24 74 21 8 7 5 5 5 7 16 27 29 25 27 27 25 24 24 26 25 11 4 2 2 1 1 1 1 1 2 6 4 1 17 47 26 
238 236 234 232 230 226 195 116 87 105 94 102 103 98 97 98 99 99 101 101 97 89 60 26 20 24 36 135 204 195 190 159 70 50 58 55 75 115 146 171 172 182 172 173 175 179 156 167 162 170 168 178 170 177 167 160 155 160 179 155 175 201 171 81 100 132 112 116 126 121 111 113 98 103 100 98 93 92 91 91 92 87 84 87 82 79 76 73 75 79 80 79 71 76 73 77 81 73 76 70 70 95 51 100 127 67 68 66 64 65 66 64 62 59 59 59 59 62 52 48 63 58 62 66 62 69 57 56 60 60 49 73 58 59 53 50 57 55 58 52 47 51 52 49 48 58 63 55 65 62 57 62 64 59 49 48 108 136 55 46 46 59 56 48 38 56 51 49 68 103 99 18 65 102 81 107 94 23 29 75 23 7 5 6 50 58 79 39 12 46 84 86 85 28 7 8 26 52 45 65 34 19 46 41 44 56 58 69 88 83 66 63 57 55 75 112 70 59 54 52 49 41 38 44 46 41 45 47 46 44 42 45 47 45 39 33 23 27 32 38 37 28 17 6 8 17 25 40 66 35 
238 236 232 230 231 227 184 107 89 102 96 101 101 101 100 101 101 100 100 99 95 90 63 26 22 21 36 138 207 191 189 161 70 48 57 52 74 104 119 132 123 127 134 128 123 127 120 131 121 128 125 132 133 135 133 125 129 135 133 133 147 138 130 119 130 157 156 154 147 140 147 157 151 161 163 165 162 164 164 164 165 163 162 167 163 161 160 157 159 163 161 156 149 153 149 153 160 154 161 150 131 169 146 150 166 152 144 145 144 142 139 136 138 138 133 139 133 140 101 53 52 56 57 69 96 126 123 111 115 111 105 130 108 114 108 100 107 110 108 97 92 80 72 84 95 92 105 86 57 66 63 62 62 68 76 77 145 152 90 75 67 59 76 72 49 70 75 63 47 105 94 18 88 138 123 134 103 20 44 107 46 12 5 4 29 78 110 105 36 25 89 112 125 116 17 4 41 97 88 94 49 23 90 80 43 56 54 78 128 148 122 121 111 108 113 85 57 51 40 36 39 39 40 43 38 33 44 45 45 44 42 44 46 49 48 45 35 40 48 54 58 53 36 10 5 28 49 68 94 57 
234 233 228 229 231 221 169 100 94 96 100 101 94 102 99 99 101 101 101 101 96 91 63 23 24 20 35 130 198 192 197 165 72 47 47 45 80 117 124 133 121 120 127 126 126 126 125 125 125 125 131 124 129 121 123 118 116 119 124 126 127 125 123 116 123 106 92 97 99 99 93 90 91 93 96 97 95 100 103 103 103 105 106 107 107 107 107 107 106 106 106 108 109 110 111 112 113 114 120 119 120 112 94 130 143 121 123 121 121 119 115 114 115 108 109 114 102 117 102 57 49 60 53 65 103 125 124 118 124 124 126 139 125 134 138 131 133 139 136 131 128 109 92 133 142 138 154 132 63 66 58 55 65 93 141 138 172 173 149 146 141 115 110 106 96 131 153 156 134 100 49 14 60 86 71 91 59 12 36 60 45 17 4 3 8 44 99 110 42 9 50 103 84 99 22 5 36 78 88 79 50 18 84 101 37 41 53 76 121 135 128 133 130 132 151 81 46 45 48 43 44 40 37 39 40 37 34 32 33 33 30 29 30 29 31 29 29 31 32 31 30 33 29 13 9 30 28 41 64 40 
199 200 204 204 197 189 151 95 94 98 102 104 95 101 98 99 100 101 101 100 97 89 60 24 26 24 38 119 197 194 188 151 71 50 51 64 100 132 130 132 123 128 125 125 126 127 127 128 128 125 130 124 129 121 125 120 128 128 129 130 131 130 129 123 130 112 97 101 102 101 105 105 103 103 105 103 100 96 95 94 93 92 92 93 92 90 90 89 88 88 87 82 80 80 80 80 81 81 80 91 94 61 62 133 135 86 83 83 79 72 67 68 67 60 64 69 55 61 73 58 45 56 60 58 66 76 73 74 75 75 80 93 79 78 69 73 74 72 71 71 68 45 45 69 73 86 83 81 57 57 57 64 64 64 80 80 81 76 75 84 85 74 61 46 59 95 99 101 83 62 15 15 54 52 27 49 22 11 34 26 38 20 4 3 2 7 34 40 27 13 12 32 47 45 48 11 17 38 47 39 30 9 43 61 36 37 53 54 63 61 56 61 55 50 77 69 63 59 59 60 56 52 53 62 69 67 59 59 63 67 66 66 68 55 57 54 49 45 40 36 43 45 43 28 22 36 24 36 50 37 
146 144 152 155 147 148 128 91 96 101 105 107 97 100 98 99 100 102 102 101 99 97 85 66 77 76 78 126 151 139 127 114 87 91 99 113 123 129 116 122 118 130 128 128 128 128 127 127 126 120 125 120 127 123 130 126 127 125 123 122 122 124 126 120 129 111 98 102 102 101 98 96 94 96 96 95 92 94 96 95 94 93 94 95 94 93 91 90 88 87 87 89 90 90 89 88 87 87 89 95 95 80 94 143 133 93 86 87 80 72 70 72 74 69 65 72 71 69 69 64 57 53 62 59 61 79 80 79 76 73 80 93 73 69 72 73 72 73 74 67 53 52 64 58 68 65 76 71 68 56 56 70 71 60 66 63 60 58 53 46 49 58 59 24 41 63 60 72 62 56 11 27 54 58 39 43 19 18 33 24 40 33 11 3 2 1 18 33 41 40 15 9 49 62 55 21 8 20 30 30 33 9 29 48 49 36 37 47 50 59 57 44 44 47 52 44 41 45 44 43 40 40 43 45 43 40 41 41 44 47 46 47 50 50 55 56 56 57 55 51 52 56 57 50 51 72 55 49 54 53 
94 94 92 89 89 89 91 91 101 104 107 110 99 102 100 101 101 103 104 104 102 102 101 97 105 102 97 109 102 99 96 105 118 139 141 131 126 126 123 134 126 129 125 125 124 124 123 123 123 127 130 121 124 118 122 118 125 124 122 121 122 124 125 123 131 114 99 102 100 98 98 96 96 99 101 101 99 96 95 95 95 95 97 98 93 91 90 88 87 87 86 86 86 87 88 90 91 92 93 98 94 83 97 122 110 89 89 87 76 68 69 67 65 64 63 67 71 71 75 79 68 51 56 59 61 71 74 79 76 74 82 95 74 70 71 65 65 69 66 53 43 74 76 67 61 63 64 77 79 60 53 65 68 60 64 68 61 59 57 50 49 55 43 23 55 72 62 62 41 28 7 27 25 30 27 20 7 5 16 52 38 24 11 2 2 1 8 21 26 36 41 16 23 106 113 48 8 8 14 45 41 7 34 60 59 40 28 48 45 61 74 59 64 64 56 59 66 68 56 56 62 60 47 35 34 37 36 36 38 40 38 38 40 38 39 38 37 38 39 37 38 38 37 39 44 55 39 46 40 43 
173 184 171 160 165 156 124 94 105 107 107 112 102 104 102 103 104 105 106 106 108 112 111 107 102 103 107 106 106 110 99 93 103 112 108 115 112 119 119 124 107 106 113 115 116 117 119 120 121 123 127 119 123 119 125 122 118 118 117 117 119 121 122 116 125 110 97 101 100 97 99 100 100 103 105 106 104 99 97 96 96 95 96 97 93 92 92 91 91 91 91 88 87 88 89 92 94 95 93 99 98 84 93 106 99 93 94 88 74 69 72 67 61 68 72 68 65 66 74 85 76 57 53 61 60 57 65 78 77 76 83 94 74 72 75 71 75 73 60 53 61 77 70 73 60 61 55 74 80 66 54 60 67 67 71 74 61 57 59 58 54 51 48 35 50 33 22 25 16 7 3 19 10 11 9 5 2 1 20 120 35 3 3 2 2 1 1 6 8 14 75 51 10 97 202 74 10 14 11 58 53 11 56 109 89 64 34 35 36 66 107 106 96 103 93 96 82 92 97 92 75 53 29 14 11 13 12 11 13 14 14 14 15 15 16 15 15 16 17 16 13 17 17 19 20 28 24 25 27 43 
148 178 172 166 172 155 120 97 107 108 108 113 106 107 105 105 106 106 107 106 106 104 105 106 99 102 113 110 105 104 80 53 51 52 49 46 47 53 55 58 52 55 52 54 56 58 60 63 64 60 65 65 75 83 106 112 103 105 102 105 106 108 107 103 113 105 101 107 110 110 106 105 105 107 110 109 106 106 108 106 104 93 86 87 85 84 84 84 84 85 85 85 84 82 81 80 79 78 80 82 84 91 96 82 81 87 83 75 74 74 79 75 69 74 77 72 75 78 73 76 80 64 50 56 59 58 67 76 78 77 82 87 68 68 72 74 77 66 48 55 88 73 73 74 75 57 63 61 70 69 58 59 65 61 58 64 63 62 62 64 68 73 32 46 67 46 39 51 47 14 6 34 37 38 32 14 3 15 27 89 46 29 32 16 3 2 5 19 35 40 83 150 54 16 123 89 14 33 27 31 37 10 42 98 84 70 39 23 38 66 86 101 93 82 88 119 93 97 93 46 26 18 17 16 16 17 18 17 17 16 14 12 13 14 13 13 13 12 12 11 12 11 8 14 25 33 32 55 70 98 
87 145 177 178 175 155 119 96 100 104 107 108 109 109 107 106 105 104 104 103 103 101 105 113 112 106 110 116 98 81 56 34 35 33 30 30 30 29 30 31 32 33 29 29 29 29 29 29 29 30 31 32 33 47 110 153 151 158 145 149 148 155 147 143 142 142 142 141 141 141 136 136 139 141 141 141 140 133 139 128 125 71 35 36 37 38 39 38 37 37 39 41 40 39 38 37 38 38 40 41 42 42 42 42 41 41 40 40 88 108 109 111 114 115 116 113 109 106 105 109 114 102 65 46 56 64 60 79 102 106 114 110 97 107 97 67 43 35 34 40 57 47 48 47 45 47 43 34 47 52 45 46 58 59 53 61 61 52 45 47 55 64 31 80 91 98 85 92 96 22 12 76 93 83 85 31 5 63 90 100 111 107 87 34 6 1 9 37 69 74 83 123 81 13 40 66 12 22 64 59 41 6 12 21 23 24 19 15 21 32 31 27 30 31 31 30 48 85 99 85 83 84 84 79 79 82 76 75 73 73 71 68 67 69 62 63 68 65 59 57 62 48 37 46 70 76 84 93 96 88 
114 129 114 100 107 110 101 96 99 102 105 106 106 106 105 105 105 105 104 105 105 105 108 115 117 111 107 108 102 90 81 77 77 63 70 70 68 66 65 64 65 65 64 63 61 58 56 54 53 56 49 47 46 52 100 127 138 149 138 142 141 150 144 145 147 147 149 150 152 153 150 149 149 149 149 151 151 153 151 141 137 72 25 20 23 23 21 20 22 23 24 21 20 20 21 21 21 22 22 22 22 22 22 22 21 19 19 28 93 135 137 133 138 139 141 139 136 134 135 134 139 135 81 43 48 58 54 78 122 134 133 126 121 140 113 44 15 14 17 16 16 16 17 17 17 17 16 13 16 19 20 31 46 51 54 55 55 32 18 18 22 31 52 112 113 98 58 40 37 9 4 31 39 33 30 12 3 31 42 38 51 52 29 8 2 3 4 7 13 16 20 19 26 9 6 18 11 15 45 57 51 9 5 9 11 12 11 9 7 8 10 11 10 10 14 42 99 116 103 108 109 115 119 114 112 115 117 115 114 117 118 113 111 120 111 105 107 108 102 93 96 66 59 78 95 92 100 104 94 96 
167 151 110 58 41 53 77 95 99 102 106 107 107 106 103 103 104 105 107 108 111 113 109 109 112 113 110 103 104 153 174 166 166 154 175 159 158 157 157 160 164 165 155 153 151 151 151 151 151 154 149 148 150 141 124 66 44 51 47 48 47 53 52 53 54 55 56 58 59 60 70 71 69 68 68 69 71 72 70 71 77 66 56 55 55 55 52 51 53 59 67 72 73 74 74 71 69 66 65 65 66 66 65 64 62 58 60 60 84 95 99 104 108 99 101 101 99 98 100 101 110 117 83 50 46 51 48 53 84 97 113 120 110 112 75 30 21 26 27 26 26 26 24 23 24 26 25 22 16 16 18 29 41 47 55 51 57 34 17 16 19 27 35 66 72 68 39 20 17 6 4 11 10 8 6 4 4 3 3 4 6 5 3 3 2 2 3 2 3 2 2 4 5 2 4 7 11 19 26 24 24 10 9 12 18 26 31 30 20 12 12 13 15 32 76 112 106 109 119 107 105 111 117 114 113 112 107 109 112 112 111 112 111 105 109 107 108 112 100 78 53 35 73 146 179 168 182 176 172 180 
164 182 184 105 43 43 71 91 95 99 103 107 107 106 103 104 105 107 109 110 110 109 109 109 111 110 100 82 71 138 170 155 170 167 161 157 157 157 158 162 165 167 158 157 156 157 159 162 164 157 169 163 156 162 150 71 33 40 37 36 33 38 40 38 37 35 33 31 30 29 28 28 26 26 25 25 26 25 25 25 29 59 99 106 98 99 102 98 96 110 131 148 152 152 150 148 143 139 142 146 147 148 148 146 145 145 139 78 34 23 28 24 24 27 28 28 27 26 26 26 24 27 30 30 29 36 45 46 48 36 34 35 37 60 88 70 92 109 100 92 82 79 63 51 47 43 37 33 26 25 22 26 34 41 54 53 59 44 23 13 9 10 7 9 8 8 7 6 8 5 7 14 12 13 13 12 8 9 18 10 10 11 9 8 7 8 8 7 8 7 6 5 4 4 3 6 6 12 17 16 18 19 29 46 59 64 71 75 68 61 63 60 56 75 85 83 83 84 85 83 76 76 78 78 80 81 80 87 90 86 82 86 89 80 90 90 82 69 47 28 16 11 69 169 204 182 188 183 184 184 
136 134 154 130 81 68 80 93 97 100 104 105 105 105 105 106 107 108 109 110 110 110 113 110 105 100 88 70 49 78 146 163 159 156 156 157 155 153 152 154 156 158 156 154 153 153 156 159 161 163 162 156 159 169 166 94 37 44 42 39 33 38 40 35 34 33 32 31 30 29 28 27 26 26 25 24 24 25 25 26 24 58 102 104 97 100 104 100 98 112 134 145 146 146 145 146 145 145 144 143 145 146 148 148 147 147 130 56 18 19 26 21 21 22 22 21 19 18 18 19 19 16 18 18 14 15 20 22 22 15 14 15 30 76 94 77 92 89 70 58 41 31 22 17 14 12 12 14 17 19 14 14 22 34 51 54 55 56 36 13 7 5 5 7 6 6 7 6 7 5 6 12 12 16 18 17 16 19 32 25 18 17 18 16 15 19 17 13 14 13 9 10 8 8 5 8 11 23 32 35 42 57 76 88 93 93 91 84 80 85 86 83 80 82 85 80 69 64 52 22 17 16 17 17 17 18 19 21 22 20 19 20 21 22 23 22 19 16 16 19 30 16 79 175 196 177 183 190 180 176 
57 57 57 52 59 93 112 103 106 107 109 108 108 108 109 109 109 109 110 111 110 111 111 106 106 120 131 131 123 127 123 72 68 81 57 69 68 67 67 68 69 70 68 68 67 68 71 74 76 73 80 92 90 76 87 80 91 111 104 97 88 94 98 89 86 83 80 76 73 72 67 66 66 65 63 61 60 56 51 57 51 70 90 83 90 94 94 91 94 104 117 127 128 127 125 125 128 130 131 132 135 136 139 140 140 127 103 55 34 36 31 26 31 29 28 27 24 22 21 21 22 22 21 18 13 6 3 4 6 11 17 15 19 41 24 19 21 15 9 11 8 7 7 7 6 7 13 23 21 23 14 9 13 25 40 53 50 63 46 15 9 6 5 7 6 4 6 6 8 6 5 12 18 23 24 23 17 19 30 29 21 19 17 17 17 21 19 15 14 11 9 10 9 18 19 35 54 66 78 94 93 97 99 94 88 90 91 78 75 85 81 72 66 62 71 75 56 35 25 14 10 9 10 10 10 10 9 8 8 8 9 8 7 8 10 13 13 10 10 18 41 18 70 146 170 173 193 173 173 184 
41 42 42 41 39 53 80 97 103 105 107 111 113 111 112 114 113 110 109 113 112 108 108 106 116 146 179 189 181 170 140 64 27 41 27 29 30 32 32 31 29 28 26 25 25 27 28 28 28 27 25 34 42 33 26 33 112 167 141 143 159 157 160 163 163 163 161 160 158 157 151 153 156 153 150 150 154 157 151 136 132 77 36 32 31 28 27 30 31 30 30 32 32 31 31 34 35 34 37 39 37 36 37 40 41 46 88 105 104 104 110 97 100 98 101 99 96 98 97 94 92 87 78 78 67 22 3 2 3 6 9 8 6 5 6 6 5 6 7 7 5 5 7 8 7 9 18 33 22 17 12 9 9 15 32 49 50 51 51 19 10 13 7 6 5 6 7 7 8 6 5 10 18 20 17 20 16 13 15 18 20 19 18 17 17 16 14 15 18 23 30 41 57 76 88 92 95 90 100 104 88 91 95 81 75 100 113 73 45 49 47 39 42 40 36 30 24 19 19 20 19 17 18 17 17 18 17 14 16 14 12 13 13 11 11 13 9 9 5 13 13 15 57 128 165 149 150 145 138 139 
45 41 40 42 35 37 62 89 97 102 107 110 114 114 110 109 110 114 116 112 108 106 99 118 151 170 174 176 171 172 174 113 47 35 26 30 31 32 32 31 30 29 28 27 27 28 29 29 28 27 30 33 37 39 34 25 79 143 147 157 163 157 160 152 154 159 163 163 161 158 159 160 159 159 160 159 159 160 153 148 149 75 24 21 26 25 24 25 25 23 23 23 23 23 24 25 24 23 23 23 23 23 24 24 23 33 91 134 149 142 137 132 140 140 138 131 128 127 122 115 108 90 67 52 37 16 7 3 2 5 9 7 4 4 4 4 4 5 7 7 6 5 6 7 8 10 16 28 21 18 15 12 10 13 21 40 47 42 41 20 12 13 7 6 6 7 7 7 7 6 6 11 19 21 17 17 15 16 20 22 22 19 16 15 16 21 29 41 57 73 83 90 99 107 108 103 97 99 97 81 71 69 51 34 33 60 104 108 91 94 100 96 94 95 97 96 94 93 91 90 95 90 81 90 91 81 80 72 81 74 46 23 13 10 7 7 6 7 6 11 14 12 18 32 39 41 51 48 44 39 
98 91 91 98 87 80 94 104 100 102 109 113 113 113 109 108 110 115 116 112 108 107 110 143 184 197 185 183 190 187 189 159 84 56 52 44 44 45 45 44 43 42 43 42 41 42 42 42 40 34 37 34 36 48 52 41 75 138 161 179 182 179 179 181 184 187 188 185 181 178 182 178 175 178 183 182 178 172 169 163 156 79 27 23 24 22 21 24 26 25 26 24 22 22 22 23 23 22 22 22 21 21 23 25 27 51 112 138 145 153 153 148 140 132 111 86 69 58 46 35 26 22 17 12 8 7 8 8 3 3 5 4 4 6 5 5 5 5 5 5 4 7 7 8 10 11 16 21 21 17 16 15 12 11 14 23 33 24 23 15 10 10 6 6 7 9 9 9 8 8 8 13 23 26 21 18 20 23 26 26 25 26 26 43 57 69 81 88 91 91 92 92 91 94 98 96 88 75 58 40 28 21 17 27 62 99 123 134 132 129 124 121 124 123 122 120 118 116 120 122 115 117 107 107 123 119 107 112 96 53 23 11 9 13 9 7 7 5 6 7 7 8 7 7 5 6 9 10 10 8 
185 183 178 185 176 174 171 136 104 96 108 115 114 113 114 115 111 104 102 104 107 121 149 165 170 180 182 171 171 177 171 178 158 154 157 154 155 155 153 152 152 151 153 149 147 148 148 146 143 148 144 139 138 140 141 139 134 170 176 185 181 181 172 184 182 177 172 171 172 173 182 179 176 179 183 182 178 176 188 177 169 131 103 98 104 102 98 98 95 90 88 91 90 86 84 85 85 85 83 79 78 78 79 77 73 104 156 153 136 129 101 81 51 35 28 21 18 19 17 17 18 15 12 8 6 8 12 11 4 2 2 2 4 7 4 4 4 4 4 4 5 5 6 8 11 14 18 23 24 22 20 19 18 16 15 12 17 10 9 9 9 8 9 8 7 7 8 10 11 8 8 13 23 28 26 24 29 37 44 48 59 74 82 74 62 51 41 37 36 38 39 41 44 51 54 46 35 25 22 20 15 23 52 106 148 143 132 135 140 139 136 138 139 137 136 135 135 137 134 127 131 135 134 127 120 115 93 49 24 12 7 9 12 14 12 10 9 5 5 6 6 8 8 8 7 8 7 5 7 8 
171 173 165 169 162 162 171 148 107 95 105 111 115 117 117 113 107 102 105 115 128 155 175 177 167 169 170 165 172 176 167 171 163 170 162 167 167 166 165 164 163 164 165 162 161 162 163 160 158 161 161 165 166 159 153 154 146 157 154 161 159 169 161 160 158 155 154 157 161 165 165 165 165 164 165 164 164 152 161 153 163 158 156 160 162 157 152 155 154 147 146 149 149 146 145 145 143 139 143 145 140 133 126 114 104 85 70 63 45 35 24 26 21 24 23 22 23 27 28 26 23 20 16 11 8 7 8 6 4 4 4 4 4 5 4 4 4 4 4 4 5 6 7 9 12 14 16 19 21 19 17 17 16 15 13 12 11 8 5 6 9 8 8 8 10 12 12 11 9 8 10 18 32 44 51 56 63 75 87 93 106 119 118 102 90 83 80 82 83 84 89 87 76 72 76 83 87 80 80 80 72 93 127 152 161 156 158 162 159 154 165 168 155 155 153 153 152 152 148 147 146 106 97 102 80 62 28 10 8 10 9 9 9 9 9 11 9 7 5 9 7 8 6 7 5 7 7 9 9 9 
174 175 170 181 175 167 173 156 120 105 104 103 111 118 112 103 101 110 130 151 164 173 163 167 174 167 159 162 169 164 168 171 159 175 165 167 166 164 163 163 163 164 165 163 162 164 165 164 162 166 168 161 156 161 165 159 154 160 160 165 156 170 165 158 158 159 162 164 166 167 163 165 169 165 162 162 166 161 160 152 174 161 146 156 154 145 142 149 150 146 147 146 146 149 154 153 144 134 116 96 77 57 41 31 24 23 23 24 23 29 26 32 23 26 29 29 28 28 26 23 22 20 14 9 7 6 5 4 4 5 7 8 7 4 5 5 5 5 4 4 6 7 8 10 13 14 17 21 22 21 19 18 17 16 14 15 9 7 4 4 8 8 10 10 10 11 13 16 18 27 34 46 61 76 87 97 105 116 123 123 134 143 133 134 137 137 140 143 140 134 139 140 131 128 131 135 139 141 150 147 134 142 142 136 138 140 140 141 141 139 145 146 139 140 141 141 140 139 137 145 127 75 65 40 14 12 8 13 13 8 10 10 5 6 6 9 8 9 5 10 8 9 9 10 6 6 6 8 7 5 
172 173 174 175 173 171 167 169 149 108 106 115 112 111 107 109 122 145 170 178 176 169 165 168 171 166 165 169 166 166 167 168 167 168 168 169 170 169 168 167 166 166 165 165 165 165 165 165 165 169 169 168 166 166 165 165 157 158 156 155 157 162 164 163 159 159 165 171 168 161 162 163 164 163 163 163 164 165 164 159 155 151 151 156 148 145 148 153 152 147 142 144 133 110 95 83 60 38 26 19 14 10 11 16 21 25 28 29 28 29 31 32 31 33 33 33 34 34 31 28 25 20 15 10 8 6 5 5 6 7 8 8 6 5 5 5 5 4 4 4 5 6 6 8 10 13 17 21 25 23 22 22 23 22 20 18 13 9 8 11 16 19 17 19 23 28 36 49 64 82 94 107 114 116 122 130 135 137 138 138 139 141 141 137 138 141 141 138 137 137 135 136 139 139 138 138 139 137 136 137 138 137 135 134 136 138 138 139 140 141 141 139 136 137 138 138 136 134 130 133 146 139 132 86 37 31 28 11 10 10 8 8 9 7 8 10 9 11 8 10 10 13 11 7 6 6 5 8 5 5 
176 177 179 179 177 175 175 175 164 133 109 104 107 109 119 152 176 174 165 164 171 172 169 173 175 170 170 173 167 167 167 167 167 167 167 167 167 166 166 165 164 164 166 166 166 166 166 166 166 169 169 168 167 166 165 165 162 161 160 157 156 159 163 161 160 163 167 167 166 163 164 164 164 164 163 163 164 161 155 152 160 166 158 143 144 142 131 111 94 79 69 57 43 31 23 21 22 22 18 14 12 11 13 17 21 23 24 26 25 26 28 28 28 28 28 29 30 30 29 26 23 19 15 12 10 8 8 7 8 9 9 8 6 4 5 5 4 4 4 4 5 5 6 9 13 17 22 26 29 29 29 27 24 20 17 15 12 12 19 30 38 39 52 62 71 79 87 98 110 115 122 132 135 134 136 141 137 135 135 137 137 137 138 137 138 141 141 138 136 137 135 136 140 140 139 139 139 139 138 139 141 141 139 138 138 138 138 139 140 141 141 139 137 138 138 138 136 135 135 142 139 128 138 132 114 117 93 40 18 11 9 10 10 6 7 9 10 11 9 9 10 11 8 4 5 7 8 6 8 7 
178 179 181 181 179 178 178 172 172 172 138 126 140 151 167 171 173 168 168 174 179 172 169 173 175 170 170 173 168 168 168 168 168 168 168 166 165 164 164 163 162 162 167 167 167 167 167 167 167 169 169 168 167 166 165 165 165 164 164 162 157 158 165 158 164 170 168 163 163 166 165 164 164 164 163 163 164 163 155 154 166 165 131 90 65 56 49 41 34 30 28 27 27 28 27 24 21 19 16 14 13 13 16 19 22 23 24 25 25 26 27 27 25 26 28 29 29 29 30 27 20 17 15 13 12 11 11 10 11 12 11 10 8 6 5 5 5 5 5 5 6 6 9 14 19 25 30 34 36 37 35 29 22 18 17 24 29 38 47 58 70 80 92 102 114 120 122 124 127 128 133 139 138 135 134 137 136 136 137 138 139 139 139 137 138 141 141 138 136 137 135 136 139 140 138 138 139 140 140 141 143 143 141 140 139 138 138 139 140 141 141 139 137 138 138 138 136 135 132 132 133 130 139 139 128 128 126 120 80 33 16 12 7 5 5 7 7 8 6 7 7 7 6 5 7 8 9 8 15 16 
176 177 178 178 177 176 178 168 168 189 173 165 177 177 177 168 169 176 180 173 167 170 167 171 173 168 168 172 169 169 169 169 169 169 169 169 168 167 167 166 165 165 168 168 168 168 168 168 168 169 169 168 167 166 165 166 168 165 167 166 157 157 169 158 167 175 170 162 161 167 165 164 164 164 164 164 164 167 160 155 162 154 116 74 50 42 38 34 31 30 29 27 24 20 17 17 18 19 18 15 15 15 18 20 22 22 23 25 25 27 30 30 29 30 33 33 31 30 30 27 22 19 16 14 13 12 12 13 14 14 13 11 9 8 7 7 6 6 6 7 8 11 15 21 24 27 30 32 36 39 39 37 38 44 51 64 76 87 92 96 108 122 126 130 137 140 140 139 139 135 136 138 137 136 135 137 137 136 137 138 139 140 140 137 138 141 141 138 137 137 135 136 139 139 138 138 139 139 138 139 140 140 139 138 138 138 138 140 140 142 142 140 138 138 139 138 137 135 136 137 134 134 134 135 136 133 131 131 137 97 43 19 13 7 7 9 11 12 7 7 8 9 9 9 10 10 10 14 34 64 
174 176 176 176 176 174 177 175 168 174 176 172 170 167 167 175 176 171 167 172 175 169 166 169 171 167 167 171 171 171 171 171 171 171 171 171 171 171 170 169 168 168 169 169 169 169 169 169 169 169 169 169 167 166 166 165 166 162 167 167 155 155 172 162 168 176 172 164 162 165 164 164 164 164 164 164 164 159 154 152 161 170 169 161 148 138 125 105 88 75 66 57 48 40 32 28 24 19 18 17 15 13 13 13 13 14 16 17 17 18 21 22 23 26 27 26 25 23 22 20 18 18 17 17 18 19 20 22 21 20 18 16 13 11 9 9 9 9 10 11 14 22 27 32 34 35 39 43 58 62 67 72 81 96 112 120 115 116 125 136 137 132 132 132 131 132 133 133 134 135 135 134 134 135 136 136 133 132 133 134 134 135 135 135 138 141 141 138 137 137 135 136 139 140 138 138 139 137 136 138 138 138 138 136 137 138 138 140 140 142 142 140 138 138 138 138 137 135 134 131 131 140 133 134 140 131 130 125 136 127 106 95 82 55 22 11 9 12 9 10 10 13 13 10 10 19 33 58 82 124 
175 176 178 178 177 175 174 179 174 163 176 175 168 174 173 179 179 174 170 172 175 172 169 173 175 170 170 174 171 171 171 171 171 171 171 172 170 170 169 169 168 168 169 169 169 169 169 169 169 169 169 168 167 167 166 166 162 159 166 167 154 153 175 167 170 174 171 167 164 164 164 164 164 164 164 164 164 162 164 163 155 147 150 160 159 158 159 158 153 145 139 130 123 115 104 94 85 78 68 60 55 49 43 37 32 28 27 25 21 18 20 20 19 19 19 20 22 23 22 20 19 19 20 21 22 24 25 26 26 25 23 21 19 18 18 18 18 19 22 26 30 41 48 55 59 64 73 83 89 95 104 111 117 124 128 132 132 136 138 139 137 134 139 138 137 137 138 137 136 139 138 136 136 137 137 137 134 134 134 135 135 137 137 136 138 141 141 138 137 137 136 136 139 140 138 138 139 138 137 138 139 139 138 137 137 138 138 140 140 141 142 140 138 138 138 138 137 135 136 134 131 141 128 130 143 133 135 128 134 132 132 138 132 125 74 44 23 20 22 40 49 63 61 40 33 59 110 122 126 133 
176 176 177 177 176 176 175 176 175 171 175 175 174 177 176 177 177 176 174 171 171 171 171 172 172 171 171 172 171 171 171 171 171 171 171 170 169 170 170 171 171 171 169 169 169 169 169 169 169 169 171 168 164 166 168 165 171 169 170 172 157 151 185 174 167 176 173 165 167 166 164 164 164 164 164 164 164 163 164 164 161 157 157 159 156 154 154 153 150 147 145 148 151 151 149 146 143 141 133 125 122 116 106 97 89 84 80 76 70 65 65 65 67 72 69 66 63 59 57 56 59 59 58 59 60 63 64 64 64 64 65 66 68 68 68 70 73 74 78 81 84 75 79 85 90 96 103 107 126 127 130 132 133 133 134 142 139 137 133 132 134 137 137 137 137 137 137 137 136 138 138 137 137 137 137 137 136 137 137 137 137 137 137 137 139 140 141 141 140 139 138 138 139 139 139 139 139 139 139 139 139 139 139 138 138 138 138 137 137 138 139 139 139 139 138 138 136 136 136 135 134 135 132 133 138 135 133 128 131 132 130 129 126 114 128 121 91 73 86 119 120 125 124 117 113 119 134 125 132 139 
176 177 177 176 177 176 176 175 175 174 174 174 175 176 179 179 177 177 175 174 173 171 171 171 171 171 171 171 171 171 171 171 171 171 171 169 169 170 171 172 172 172 169 169 169 169 169 169 169 168 172 168 164 167 169 165 170 168 164 163 147 138 170 168 162 173 172 163 169 166 164 164 164 164 164 164 164 163 161 161 161 159 159 158 158 158 157 153 152 151 150 151 153 153 151 151 149 149 150 150 152 151 149 144 140 137 133 126 118 112 108 107 101 90 89 89 89 90 90 90 89 88 87 85 84 83 83 84 83 82 82 82 83 83 84 84 83 83 85 91 98 109 112 117 124 131 137 140 138 139 139 139 139 139 139 142 141 137 135 134 135 136 137 137 137 137 137 137 136 136 136 137 137 137 137 136 137 137 137 137 137 137 137 138 140 140 142 141 140 139 139 139 139 139 139 139 139 139 139 139 139 139 139 139 138 138 137 136 136 137 138 139 139 139 138 137 136 136 135 134 134 134 134 134 134 134 131 131 131 131 131 131 134 148 132 125 134 143 137 124 132 133 133 133 132 131 129 134 133 130 
177 178 177 177 177 177 177 176 175 175 175 175 175 177 180 179 178 177 175 175 174 171 172 172 172 172 172 172 172 172 172 172 172 172 172 170 171 172 172 172 172 172 170 170 170 170 170 170 169 166 171 169 165 168 169 165 170 170 164 163 150 141 167 171 165 177 175 164 167 164 163 164 164 164 164 164 164 160 159 158 158 157 156 156 157 157 157 157 157 156 156 154 153 153 152 152 150 150 150 151 153 155 155 154 152 153 155 150 146 142 140 141 141 141 138 131 124 118 114 111 111 110 108 105 101 96 93 87 85 83 82 81 81 81 85 89 94 101 113 127 139 138 137 136 135 134 134 133 142 142 142 143 142 143 143 140 139 139 139 138 136 135 137 137 138 137 137 137 137 137 137 137 137 137 137 137 139 139 139 139 139 139 139 139 140 140 142 141 140 139 138 139 139 139 139 139 139 139 139 139 139 139 139 139 138 137 137 135 135 137 137 138 138 138 137 137 135 135 135 134 135 135 135 134 135 134 132 132 132 131 131 132 131 130 130 129 126 125 128 131 131 132 133 133 132 131 130 133 133 131 
179 179 179 179 179 179 178 176 176 176 176 176 176 176 176 176 175 174 173 172 172 173 173 173 173 173 173 173 173 173 173 173 173 173 173 172 172 172 172 172 172 171 170 170 170 170 170 170 169 164 170 169 166 169 170 165 173 175 167 165 155 145 164 165 161 174 173 164 168 164 163 164 164 164 165 165 164 160 158 157 157 156 155 155 155 155 155 156 157 157 157 155 154 154 152 152 150 150 151 151 152 152 151 149 147 148 149 148 147 146 147 148 147 144 145 146 147 148 150 149 145 146 145 143 138 133 131 132 130 129 128 128 129 128 129 131 133 132 132 135 138 138 138 138 138 139 139 139 142 142 142 142 142 142 142 138 139 140 141 141 138 135 138 138 138 138 138 138 138 138 138 138 138 138 138 138 140 140 140 140 140 140 140 139 140 140 142 141 140 140 138 139 139 139 139 139 139 139 139 139 139 139 139 139 139 138 137 136 135 137 137 138 138 138 137 137 135 135 136 135 136 136 136 135 136 135 132 133 133 132 132 132 132 131 133 133 131 130 133 136 131 132 134 134 134 132 131 126 131 136 
180 180 180 181 181 181 180 179 178 178 177 178 177 176 173 173 172 172 171 169 171 174 175 175 175 175 175 175 175 175 175 175 175 175 174 173 173 172 172 171 170 170 170 170 170 170 170 170 169 161 168 169 167 170 170 164 169 174 163 157 148 137 151 147 145 162 167 163 169 166 164 164 164 164 165 165 165 161 159 159 158 157 157 157 155 155 155 155 155 155 155 154 153 154 152 152 151 151 150 149 150 150 151 152 152 152 152 151 149 147 146 144 146 150 149 147 145 142 140 140 141 142 142 142 142 140 141 142 141 140 141 143 145 144 133 139 143 143 141 140 140 140 141 141 141 142 142 142 140 140 140 140 140 140 140 138 139 141 142 141 139 137 140 140 140 140 140 140 140 140 140 140 140 140 140 140 142 142 142 142 142 142 142 139 140 140 142 141 141 140 139 139 139 139 139 139 139 139 139 139 139 139 139 139 139 138 137 136 135 137 137 139 139 139 137 137 135 135 136 137 137 137 137 137 137 136 134 134 134 134 134 134 133 128 125 124 127 130 128 125 130 131 133 134 134 133 133 134 133 132 
181 181 180 180 181 181 180 179 179 178 178 178 178 177 176 175 175 174 173 172 173 175 174 174 174 174 174 174 174 174 174 174 174 174 174 173 173 172 171 170 170 169 170 169 170 169 169 170 169 159 168 170 168 171 171 165 162 168 161 160 158 151 162 153 150 167 171 165 168 164 163 164 164 164 165 165 165 163 162 162 162 160 160 160 159 159 158 157 157 156 156 154 154 154 152 152 150 150 150 150 150 150 151 151 152 153 153 154 154 153 150 148 148 148 149 149 149 149 149 150 147 145 145 145 147 148 149 144 143 142 142 144 146 145 143 146 144 140 137 137 139 143 142 142 141 140 139 139 141 141 141 141 141 141 141 139 140 140 141 141 140 140 140 140 140 140 140 140 141 141 141 141 141 141 141 141 143 144 144 143 143 143 143 140 140 140 142 141 141 140 139 138 138 138 138 138 138 138 138 138 138 138 138 138 138 138 137 136 136 137 137 139 139 139 137 137 136 135 136 137 137 137 137 137 137 136 134 134 134 134 134 134 134 133 136 137 134 131 132 134 130 131 133 134 134 134 133 135 133 131 
180 180 180 180 180 180 179 178 178 177 177 177 177 178 178 178 177 177 175 175 175 174 174 174 174 174 174 174 174 174 174 174 174 174 174 174 174 172 171 170 169 169 169 170 169 169 170 169 170 172 170 169 170 165 149 129 124 126 130 138 144 147 157 168 172 175 171 166 165 159 164 165 165 164 164 163 163 162 162 161 161 160 159 159 160 161 160 159 159 157 157 157 156 156 154 153 153 153 154 154 154 153 153 153 153 153 153 154 155 155 153 152 151 152 152 150 149 147 146 147 147 146 145 146 146 148 148 146 145 145 145 145 145 145 144 144 144 144 144 146 147 142 143 143 144 145 146 145 141 141 142 142 142 142 142 142 142 142 142 142 142 143 142 142 142 142 142 142 142 142 143 143 144 143 143 142 144 145 144 144 144 144 144 143 143 143 143 143 143 143 141 139 139 139 139 139 139 140 141 141 140 140 139 139 140 139 139 137 137 139 139 139 138 138 138 138 136 135 135 137 137 137 136 136 136 135 134 134 134 134 134 134 134 133 132 132 134 135 132 130 132 132 134 135 135 135 135 133 133 133 
179 179 179 179 179 179 178 177 177 177 177 177 177 178 179 179 178 177 176 175 175 174 174 174 174 174 174 174 174 174 174 174 174 173 174 175 174 172 171 170 168 168 169 169 169 169 169 169 169 171 164 163 168 167 152 136 156 153 156 162 164 165 172 173 180 178 169 166 164 159 165 167 166 164 164 162 162 163 162 161 161 160 159 159 160 161 161 160 159 158 158 158 158 157 155 155 154 155 155 154 154 154 153 153 153 154 155 155 155 155 153 151 150 150 150 149 149 148 147 147 147 147 147 147 147 147 146 145 145 145 145 145 145 146 145 145 145 145 145 145 145 145 145 145 145 145 145 145 142 142 142 142 142 142 142 143 143 143 143 143 143 144 143 143 143 143 143 143 143 142 143 144 145 144 143 142 144 145 145 145 145 145 145 145 145 145 145 145 145 145 143 142 142 142 142 142 142 143 143 144 142 142 140 140 141 141 140 139 139 140 141 140 138 139 139 138 137 135 135 137 137 136 136 134 134 134 134 134 134 134 134 134 134 133 132 132 135 136 133 130 133 133 133 134 135 136 136 133 133 133 
179 179 179 179 179 179 178 177 177 177 177 177 177 178 179 179 178 177 176 175 175 174 174 174 174 174 174 174 174 174 173 173 172 172 172 174 173 172 171 170 168 168 169 169 169 169 169 169 169 168 165 163 165 169 172 174 176 169 167 167 162 158 162 169 180 179 170 165 165 162 166 167 166 164 164 163 163 164 164 163 163 162 162 161 161 161 161 159 159 158 158 159 158 156 154 154 154 154 154 153 154 154 154 154 154 154 155 155 156 155 154 152 150 150 150 150 149 149 149 147 147 147 147 147 147 147 147 146 146 146 146 146 146 146 146 146 146 146 146 146 146 146 146 146 146 146 146 146 142 142 142 142 142 142 142 144 144 144 144 144 144 144 143 144 144 144 144 144 144 144 144 145 146 146 144 144 145 145 145 145 145 145 145 145 145 145 145 145 145 145 144 144 144 144 144 144 144 144 144 144 142 142 141 140 141 142 141 141 140 141 142 141 139 139 139 139 138 136 136 137 137 136 136 134 134 134 135 135 135 135 135 135 135 134 132 132 135 136 134 130 133 133 133 134 135 136 136 133 133 133 
179 179 179 179 179 179 178 177 177 177 177 177 177 178 179 179 178 177 176 175 175 174 174 174 174 174 174 174 174 174 173 172 171 171 170 173 172 171 171 170 169 169 169 169 169 169 169 169 169 172 172 170 165 165 170 177 174 167 167 169 165 163 167 168 179 180 170 164 164 164 166 167 166 164 163 162 162 164 165 165 163 163 162 161 161 161 161 159 159 158 158 159 158 156 155 154 154 154 155 154 154 154 154 154 154 154 155 156 156 155 153 152 151 152 152 150 150 150 149 148 148 148 148 148 148 148 148 147 147 147 147 147 147 147 147 147 147 147 147 147 147 147 147 147 147 147 147 147 143 144 144 144 144 144 144 145 145 145 145 145 145 145 144 144 144 144 144 144 144 144 144 146 147 147 145 144 145 145 145 145 145 145 145 145 145 145 145 145 145 145 146 145 146 145 146 145 146 145 144 144 142 142 141 141 142 143 142 141 140 142 143 142 139 140 141 140 139 137 136 137 137 136 136 134 134 134 136 136 136 136 136 136 136 135 133 134 136 137 135 132 133 133 134 134 136 136 136 134 134 134 
179 179 179 179 179 179 178 177 177 177 177 177 177 178 179 179 178 177 176 175 175 174 174 174 174 174 174 174 174 173 172 171 169 169 169 171 171 171 171 171 171 170 169 169 169 169 169 169 170 168 170 171 168 167 168 171 168 162 162 164 161 160 164 166 178 181 170 162 165 167 167 166 166 164 164 162 162 164 163 163 163 162 161 160 161 161 161 159 159 158 158 159 158 156 154 154 154 154 154 154 154 154 154 154 154 154 155 156 156 156 153 152 151 153 152 152 150 150 150 150 150 150 150 150 150 150 150 148 148 148 148 149 148 149 148 148 148 148 148 148 148 148 148 148 148 148 148 148 145 145 145 145 145 145 145 146 146 146 146 146 146 147 144 144 144 144 144 144 144 145 146 147 147 147 146 145 146 146 146 146 146 146 146 146 146 146 146 146 146 146 146 145 145 145 145 145 145 145 144 144 142 142 141 141 142 144 143 142 142 143 144 142 140 141 142 141 139 137 137 137 137 136 136 134 134 135 137 137 137 137 137 137 137 136 135 135 137 138 136 133 133 133 134 135 136 136 136 135 135 135 
179 179 179 179 179 179 178 177 177 177 177 177 177 178 179 179 178 177 175 175 175 173 173 173 173 173 173 173 173 173 171 170 168 166 167 172 172 172 172 172 172 172 170 170 170 170 170 170 170 168 167 167 169 171 172 171 174 168 168 171 167 165 170 164 178 182 170 162 164 168 167 167 167 165 164 163 163 162 161 161 160 159 159 158 160 161 161 159 159 158 158 159 159 157 155 155 155 155 155 154 154 153 154 153 154 153 155 156 155 156 153 151 152 154 153 152 152 150 150 150 150 150 150 150 150 150 150 149 149 149 149 149 149 149 149 148 148 149 148 149 148 149 148 148 148 148 149 149 145 146 146 146 146 146 146 147 148 147 148 147 147 147 144 144 144 144 144 144 144 145 147 148 149 148 147 146 146 146 146 146 146 146 146 146 146 146 146 146 146 146 145 144 144 144 144 144 144 144 144 144 142 142 141 141 143 145 144 143 142 144 144 144 141 142 142 141 141 139 138 138 138 137 136 135 134 135 138 138 138 138 138 138 137 135 134 135 137 139 136 133 133 133 133 134 135 136 136 136 136 136 
179 179 179 179 179 179 178 177 177 176 176 175 175 176 178 178 177 177 175 175 174 174 174 173 173 172 172 172 173 172 170 169 168 167 168 172 172 171 171 170 170 170 168 168 168 168 168 168 169 171 168 166 168 171 172 170 170 166 166 167 166 165 167 162 176 182 169 160 162 166 166 166 166 164 164 162 162 161 160 159 159 159 158 158 160 161 161 159 158 156 156 158 158 157 155 155 155 155 155 154 154 154 154 154 154 154 156 157 157 156 154 152 152 153 154 153 152 151 150 151 151 151 151 151 151 151 151 149 149 149 149 149 149 149 148 148 148 148 148 148 148 149 149 148 148 147 147 147 147 147 147 146 146 145 145 147 147 147 147 147 147 147 145 145 145 145 145 145 145 145 147 147 149 148 147 146 146 146 146 146 146 146 146 145 145 145 145 145 145 145 144 144 143 144 143 144 144 145 145 144 144 142 141 140 142 144 144 143 143 144 144 143 141 142 142 142 140 139 138 139 139 138 137 136 136 136 137 137 137 137 137 137 137 135 134 135 138 140 137 134 134 134 134 135 135 135 135 136 136 136 
180 180 180 180 180 180 178 176 176 175 174 172 172 174 178 177 176 176 174 174 174 174 173 173 172 171 171 171 174 171 169 169 169 169 171 172 171 170 170 169 168 168 166 166 166 166 166 166 166 166 166 166 167 167 169 169 169 168 167 167 166 166 165 161 175 179 167 158 160 163 165 165 164 163 163 162 162 159 158 158 158 158 158 158 161 162 161 159 157 156 155 157 158 157 155 154 154 155 155 154 154 154 154 154 154 155 157 158 158 156 155 154 153 153 153 152 152 151 151 151 152 153 153 153 153 153 152 149 149 149 149 149 149 149 147 147 147 147 147 147 147 149 149 148 147 146 145 146 148 148 147 146 145 145 145 146 146 146 146 146 146 146 145 145 145 145 145 145 145 145 146 147 148 147 146 145 146 146 146 146 146 146 146 144 143 143 143 143 143 143 143 143 143 143 143 143 143 145 147 145 144 142 141 140 141 143 143 143 143 143 143 142 140 141 141 141 139 138 138 141 140 139 139 137 137 137 137 137 137 137 137 137 137 134 133 135 138 140 138 135 135 135 135 135 135 135 135 135 135 135 
179 179 179 179 179 179 178 176 176 175 174 172 172 174 177 176 176 174 174 174 174 173 172 172 171 171 170 171 174 171 169 169 169 169 171 171 170 170 169 168 168 168 166 166 166 166 166 166 166 164 164 164 165 165 166 166 168 167 167 166 165 166 165 161 173 176 166 159 161 162 164 163 163 163 161 161 161 159 158 158 158 158 158 158 162 163 162 160 160 158 157 159 159 156 154 154 154 156 156 155 155 154 154 154 154 155 156 157 158 156 154 152 153 153 152 151 150 150 150 150 152 152 152 152 152 152 152 149 149 149 149 149 149 149 148 148 148 148 148 148 148 150 150 149 148 147 146 146 148 148 147 146 145 144 144 146 146 146 146 146 146 146 145 144 144 144 144 144 144 144 145 146 146 146 145 144 145 146 146 146 146 146 146 144 143 143 143 143 143 143 143 143 143 143 143 143 143 144 145 145 143 142 141 140 141 143 143 143 143 143 143 142 141 141 141 141 140 138 138 140 139 139 138 138 137 137 137 137 137 137 137 137 137 136 134 135 138 140 138 135 135 135 135 135 135 135 135 135 135 135 
178 178 178 178 178 178 177 176 176 175 174 172 172 174 176 176 174 174 173 172 172 172 172 171 171 170 169 170 174 172 170 169 169 169 170 170 170 169 169 168 167 167 167 167 167 167 167 167 167 165 165 166 166 167 167 167 167 167 165 165 165 164 164 161 171 174 164 160 162 162 163 163 163 162 161 160 160 158 158 158 158 158 158 158 161 162 161 161 160 159 158 159 159 156 154 154 155 156 156 155 155 154 154 154 154 155 155 156 156 156 154 152 151 152 151 150 150 150 149 149 151 151 151 151 151 151 151 149 149 149 149 149 149 149 148 148 148 148 148 148 148 149 149 149 148 147 146 146 148 148 147 146 145 144 144 146 146 146 146 146 146 146 145 144 144 144 144 144 144 143 144 146 146 146 145 143 145 146 146 146 146 146 146 144 143 143 143 143 143 143 143 143 143 143 143 143 143 144 143 143 142 142 140 140 141 142 142 142 142 142 142 141 141 142 142 142 140 138 137 140 139 138 138 137 136 136 136 136 136 136 136 136 137 137 135 136 138 140 137 134 135 135 135 135 135 135 135 135 135 135 
