DOWN
30 28 28 31 33 32 28 28 32 30 28 28 25 18 16 24 33 36 31 27 23 18 22 28 30 23 15 14 18 18 22 29 28 24 23 25 20 16 15 14 13 15 19 13 14 19 21 21 22 30 25 22 22 24 28 34 31 31 30 27 23 20 17 23 23 22 19 15 13 13 14 13 15 20 20 16 15 14 17 21 22 19 17 16 17 17 17 14 12 10 9 10 13 17 16 15 14 12 12 14 14 14 13 14 16 14 10 11 11 8 6 6 6 6 6 7 7 7 6 6 6 6 6 6 6 5 5 5 5 5 5 5 5 5 5 6 5 5 5 4 3 3 3 3 3 3 3 3 3 4 4 5 4 4 3 2 3 4 5 5 4 3 3 4 5 6 6 6 6 5 6 6 5 4 4 5 4 3 3 3 3 4 4 3 4 5 6 8 9 8 7 7 7 6 7 7 7 9 8 9 10 9 9 5 8 14 14 14 12 9 8 9 12 13 16 16 14 15 16 16 16 17 18 18 18 18 18 19 21 20 18 16 15 16 14 13 13 13 21 34 28 27 22 23 22 18 17 20 17 12 
28 25 22 23 27 34 33 28 28 30 31 28 26 22 17 20 23 24 22 19 17 15 17 19 19 17 17 20 25 25 28 32 30 27 27 25 21 19 17 15 16 18 20 16 17 21 21 18 17 18 17 20 24 24 24 25 27 26 26 26 24 19 15 15 17 19 16 13 12 13 15 13 15 19 17 13 13 13 14 15 15 16 16 17 14 12 12 12 11 10 11 13 17 19 16 15 15 13 15 18 17 15 12 10 9 9 10 10 11 9 6 6 7 7 7 8 9 9 9 8 7 7 6 6 6 5 5 4 4 4 4 4 4 5 5 5 5 4 4 4 3 3 3 3 3 3 3 3 4 4 5 5 5 5 4 4 4 4 5 5 4 4 4 5 5 5 5 4 4 5 6 6 4 3 3 4 3 4 4 3 3 3 4 4 5 5 5 6 7 7 6 6 7 9 10 10 8 7 8 15 16 11 11 12 12 10 11 12 15 15 15 14 14 15 16 15 13 13 15 14 14 14 14 15 17 17 18 18 17 18 19 20 21 19 21 20 17 19 25 29 22 21 17 19 22 20 22 27 26 24 
31 29 24 21 23 28 31 26 23 27 30 26 25 27 28 27 26 25 23 20 17 13 13 15 16 16 18 21 23 25 28 31 31 31 33 34 31 27 22 17 17 20 21 19 22 26 25 22 20 18 17 20 24 24 22 21 24 22 22 23 22 17 12 10 13 16 16 14 14 17 21 20 21 23 20 15 13 13 12 12 13 15 17 18 15 14 14 14 14 15 16 18 21 20 16 16 17 14 14 15 14 13 13 11 9 9 10 11 11 10 7 8 9 10 9 8 8 7 6 6 7 7 6 5 5 5 5 4 4 4 4 4 4 4 5 5 4 3 4 4 3 2 3 3 3 3 4 4 3 3 3 3 4 4 4 4 4 4 4 4 3 3 3 4 5 5 4 4 4 4 5 5 4 3 4 4 4 4 5 4 3 4 5 4 4 4 3 4 5 5 6 6 5 5 7 8 7 7 6 8 9 8 12 12 14 14 13 12 14 16 17 14 9 10 12 14 15 19 20 17 15 14 15 16 16 16 16 15 14 15 17 20 21 19 24 23 19 20 22 19 14 17 18 23 25 20 19 22 22 22 
31 31 30 29 28 28 29 28 25 25 27 29 27 26 27 25 24 24 22 19 16 14 14 18 22 23 23 23 25 27 30 31 31 30 32 35 33 30 24 19 18 22 19 19 23 27 27 25 24 25 20 18 18 18 18 19 22 22 22 22 20 17 14 11 12 13 15 16 17 19 22 22 23 26 22 16 12 12 13 15 16 18 19 20 17 16 17 16 16 17 18 19 20 17 13 14 16 14 13 12 11 12 13 13 12 12 12 12 12 11 8 8 9 8 7 6 6 6 5 5 6 6 5 5 5 4 4 4 5 5 4 4 4 4 4 4 3 3 3 3 3 3 3 3 3 3 3 3 3 3 3 3 3 4 4 4 3 3 3 3 3 3 4 5 5 4 4 3 3 3 3 4 4 3 4 4 4 5 6 5 4 4 5 4 4 3 3 3 4 4 4 3 3 3 5 6 6 5 4 7 8 7 10 11 15 18 16 13 12 13 16 17 14 14 13 13 13 14 15 14 12 12 16 19 17 15 17 16 15 15 16 18 19 18 22 22 20 18 18 17 18 19 18 21 22 17 17 21 19 18 
24 24 26 29 30 28 27 29 28 22 22 30 27 21 20 21 24 26 26 23 20 17 16 20 27 30 31 31 32 35 35 33 32 30 28 29 28 28 25 21 21 24 21 21 22 23 22 20 20 25 18 14 14 14 14 15 16 19 20 19 17 17 19 16 14 13 14 16 17 17 15 16 19 22 21 16 13 12 16 21 23 22 20 20 17 16 16 15 14 13 13 14 15 13 10 11 13 12 13 13 12 11 13 14 14 15 15 13 13 12 9 9 8 6 5 5 6 6 6 5 5 5 6 6 5 5 5 5 5 5 4 4 4 4 4 3 3 3 3 3 3 3 3 3 3 3 3 3 3 3 4 4 4 4 4 4 3 3 3 4 4 4 6 6 6 4 3 2 2 3 3 3 3 3 3 3 4 4 5 4 4 4 4 3 3 3 3 3 3 2 1 1 2 3 5 5 3 2 3 9 11 7 8 10 12 12 14 15 13 13 16 17 15 15 14 14 15 15 14 12 10 12 19 23 20 17 21 18 16 15 17 20 21 21 20 22 22 19 18 22 26 22 16 15 15 14 16 21 20 20 
21 19 19 21 22 22 21 24 25 19 18 25 24 18 19 21 24 26 27 25 23 18 16 18 23 27 31 34 31 32 31 30 32 31 29 32 30 30 27 23 21 23 27 28 27 23 20 17 17 20 15 14 15 16 15 15 11 13 15 15 15 16 19 21 18 15 16 18 17 15 12 13 17 20 21 19 17 13 16 22 25 22 19 18 16 16 17 16 15 13 13 11 11 11 9 9 11 11 11 12 12 12 14 15 17 17 15 13 13 12 9 9 9 7 7 7 7 6 6 5 5 5 6 6 6 5 5 4 4 4 4 3 3 4 4 3 3 3 3 3 3 3 3 3 3 3 3 2 3 3 3 4 4 4 3 3 3 3 3 3 4 4 5 5 5 4 3 3 3 4 4 4 4 3 3 3 3 4 4 4 4 3 3 3 3 3 2 2 2 1 1 1 1 1 2 1 1 0 1 4 6 5 6 5 7 10 13 14 14 13 13 12 10 12 13 15 18 17 17 17 16 18 22 24 20 18 20 18 16 16 18 20 22 20 18 19 20 18 18 23 24 23 19 18 17 13 12 15 13 16 
22 22 22 22 22 23 24 27 28 25 24 28 28 25 23 23 22 21 20 21 22 20 21 22 22 22 28 32 29 26 23 23 27 29 28 35 31 30 29 25 23 23 30 33 32 27 23 20 19 17 14 13 16 18 17 16 11 12 14 16 17 17 18 18 17 17 18 18 17 14 13 13 14 15 17 18 17 13 14 17 19 19 17 15 13 13 15 16 15 14 14 12 12 13 10 10 11 11 11 11 13 14 14 16 17 17 14 12 12 11 9 9 9 8 7 7 7 7 6 5 5 5 5 5 5 5 4 4 4 4 4 3 3 4 3 3 3 4 3 2 3 3 3 3 3 3 3 3 3 3 3 3 3 3 3 3 3 3 3 3 3 3 4 4 4 3 3 3 4 4 4 4 4 4 3 3 3 3 3 4 4 4 3 3 3 3 2 2 2 1 1 1 1 0 0 0 0 0 0 1 1 1 3 3 8 11 10 10 11 13 13 12 14 15 15 16 17 14 12 14 15 16 16 15 15 16 17 19 22 23 21 19 17 16 17 16 15 17 18 19 20 22 22 24 23 16 14 20 15 16 
25 27 28 29 29 29 30 31 34 36 32 29 32 33 30 30 30 26 21 20 21 21 26 28 25 25 30 31 28 25 21 20 23 24 23 27 28 27 25 24 27 31 33 31 31 29 24 20 20 16 14 13 15 18 19 19 12 14 18 21 21 20 20 18 17 16 16 16 15 12 12 12 13 15 17 17 15 12 12 14 17 18 17 14 12 11 12 13 13 12 11 12 14 16 14 13 13 14 15 15 16 16 16 16 15 14 13 12 12 10 8 8 9 8 7 7 7 7 6 5 5 5 5 5 5 5 6 5 4 4 4 3 3 3 3 4 4 4 3 3 3 3 3 3 4 4 4 4 3 3 3 2 3 3 3 3 3 3 4 4 4 4 4 4 4 3 2 3 3 4 4 4 4 4 4 4 4 4 3 3 4 3 3 3 3 4 3 3 3 2 1 1 1 0 0 1 1 1 0 1 0 0 1 3 8 10 8 8 10 11 12 14 18 19 17 19 16 11 9 10 10 11 11 12 14 16 18 20 23 24 24 18 13 15 18 17 15 17 18 17 22 21 20 21 22 20 19 26 21 21 
28 28 29 30 29 27 27 30 33 36 32 25 25 27 28 31 33 29 21 18 19 19 23 27 25 27 31 26 21 19 18 17 18 18 18 22 25 24 23 25 29 33 29 26 23 21 21 21 20 18 16 14 14 15 17 18 14 17 21 22 21 20 20 20 20 18 16 16 15 12 12 14 16 18 19 18 16 15 15 17 20 22 21 18 14 12 11 12 13 13 13 14 16 18 18 17 17 18 18 17 17 17 17 16 14 13 12 12 11 9 8 9 9 9 8 8 8 7 6 6 5 5 6 6 5 6 6 6 4 4 4 3 3 3 3 4 5 4 3 3 2 3 2 2 3 4 4 3 3 3 3 2 3 4 3 3 3 4 4 4 4 3 3 3 3 2 2 2 3 3 3 3 4 4 4 4 4 3 2 2 2 2 2 2 3 4 4 3 3 3 2 1 0 0 0 1 1 1 1 0 0 1 1 1 5 8 8 10 10 8 9 11 13 14 14 17 14 10 11 12 12 12 14 16 18 20 21 20 18 18 20 17 13 13 16 18 20 24 24 20 19 18 18 19 19 19 17 22 20 21 
26 25 26 28 27 23 24 27 26 29 29 23 18 18 21 25 28 23 17 18 21 22 23 25 24 26 24 18 17 16 16 16 17 17 17 21 21 22 26 31 30 24 22 23 19 16 20 23 21 16 16 15 15 15 16 18 20 20 21 22 21 19 16 18 20 19 19 19 17 14 14 15 16 16 16 17 19 16 15 15 17 19 19 18 16 15 14 14 14 15 15 16 16 17 18 18 17 16 15 15 15 15 14 14 14 13 13 11 10 10 10 10 10 9 8 7 7 7 7 6 6 7 7 7 6 5 5 4 4 4 5 4 3 3 3 3 3 3 3 3 2 3 2 2 3 3 3 2 3 3 3 3 3 4 3 4 4 3 3 3 3 3 2 3 3 2 2 3 3 3 3 3 3 4 4 4 4 3 3 3 3 3 2 3 4 4 4 4 4 3 1 0 0 0 1 1 2 2 2 1 0 0 0 1 4 7 10 12 12 10 10 9 10 12 14 13 12 11 10 10 11 13 14 16 19 21 19 18 15 14 16 17 16 13 16 18 20 21 21 23 20 23 26 26 25 22 19 22 20 18 
25 23 24 28 29 26 24 22 21 22 25 22 17 15 17 20 21 19 17 19 24 27 25 26 24 25 21 16 23 22 21 21 21 20 19 20 20 21 27 32 29 22 23 22 23 23 21 19 20 18 19 19 17 15 14 14 18 16 15 17 18 16 13 15 17 18 19 20 19 17 13 12 13 13 15 17 19 16 14 15 16 17 17 16 17 18 16 14 13 14 14 14 14 14 15 16 15 13 12 12 13 12 11 12 13 14 14 12 11 10 11 11 11 9 7 6 6 7 7 7 7 8 8 7 6 5 5 4 4 4 5 4 3 3 3 3 2 3 4 3 2 3 3 3 3 3 3 2 3 3 2 2 3 3 3 3 3 2 2 2 3 3 2 3 3 3 3 3 4 3 3 3 3 4 4 4 4 4 4 4 4 4 4 4 4 4 3 3 3 3 1 1 0 0 1 1 1 2 2 1 0 1 0 1 2 6 11 12 12 12 11 9 7 9 11 8 8 11 9 10 13 15 15 16 19 20 15 14 13 14 17 21 21 18 18 17 14 11 14 22 20 23 24 24 22 22 22 24 22 19 
30 26 24 27 28 26 24 21 20 20 22 22 20 18 19 18 16 15 17 20 22 21 22 25 24 24 23 19 25 24 22 22 20 18 17 19 21 21 22 25 26 25 18 18 22 25 20 16 19 19 21 22 20 16 13 11 16 13 12 15 18 17 14 14 17 17 17 18 19 18 13 11 12 14 18 18 16 15 15 16 18 18 17 16 15 15 13 12 14 17 17 16 15 14 15 18 17 14 12 12 13 13 12 12 14 15 16 15 13 11 9 9 9 9 7 6 6 6 7 7 8 8 7 6 5 5 5 4 4 4 3 3 3 3 3 3 2 3 3 3 3 3 3 3 3 3 3 2 2 2 2 2 2 2 2 3 2 2 2 2 3 3 2 3 3 3 3 3 3 3 3 3 3 3 3 3 3 3 3 3 4 4 4 5 5 3 3 3 3 2 1 1 0 0 1 1 1 1 1 1 1 1 0 0 2 5 10 10 8 9 8 6 5 8 11 8 10 15 12 11 15 17 16 14 16 17 14 13 14 18 21 22 22 23 15 14 17 20 23 26 14 15 17 17 17 20 23 25 23 22 
29 26 24 24 25 26 25 23 23 21 21 23 23 23 23 19 15 14 17 18 18 19 24 28 25 25 26 23 25 24 22 21 19 15 14 18 20 19 17 18 22 25 17 20 19 17 16 16 15 14 15 17 19 19 17 15 19 17 16 18 21 21 19 17 19 19 17 17 19 19 17 15 15 18 22 19 14 11 12 15 16 15 13 12 12 13 13 12 14 17 18 15 14 13 14 17 18 16 15 15 15 16 15 16 17 17 16 17 14 10 7 7 8 9 7 6 6 7 7 7 8 8 6 5 4 4 4 4 3 3 2 2 3 3 3 3 2 2 2 3 3 3 2 2 2 2 2 2 2 2 2 2 2 2 2 3 2 2 2 2 2 3 2 3 3 3 3 2 3 3 3 3 3 3 3 3 3 3 3 3 3 3 4 5 5 4 3 3 3 2 1 0 0 0 1 1 1 1 1 1 1 1 0 0 2 6 10 9 9 10 10 9 12 14 15 11 11 14 13 11 13 14 12 10 11 13 14 13 15 18 19 15 15 24 18 18 23 27 27 25 17 19 22 23 23 22 23 25 24 25 
25 25 24 23 23 25 24 22 23 22 23 27 27 25 24 22 18 16 19 20 21 27 32 36 32 31 30 25 26 26 25 24 22 19 16 18 20 19 17 18 21 22 20 23 19 14 14 17 16 22 19 16 16 16 14 12 14 14 15 15 15 16 16 17 19 20 18 18 19 18 19 17 16 19 20 18 13 12 14 17 18 16 14 13 13 17 19 14 11 13 14 13 12 11 13 15 17 17 17 18 18 19 20 20 20 18 16 15 13 10 8 8 8 9 7 6 6 6 6 6 7 7 6 5 4 4 4 4 4 3 2 2 3 3 3 3 3 2 2 3 3 2 2 2 2 2 2 2 3 2 2 3 2 2 2 3 2 2 2 2 2 2 2 3 4 4 3 3 3 3 3 4 4 4 4 4 3 3 3 3 3 4 4 5 4 4 4 5 4 2 1 0 0 0 1 1 1 1 1 1 0 1 0 1 3 7 10 12 13 15 15 11 8 10 10 11 10 11 14 14 15 13 11 11 13 16 14 12 14 16 15 12 13 22 25 24 20 18 17 17 21 23 25 26 25 21 19 25 25 26 
28 30 27 22 19 19 19 19 20 21 26 32 31 24 21 24 22 20 23 26 27 29 33 38 37 38 37 28 23 24 25 26 24 21 19 19 19 19 20 22 22 18 17 16 17 18 15 17 24 26 19 15 15 17 17 16 13 15 16 16 15 16 18 13 17 19 19 19 20 19 17 16 15 15 16 15 13 12 14 16 17 15 14 13 12 18 23 15 9 10 12 13 14 14 15 18 21 23 21 19 19 20 21 22 20 18 17 14 12 11 10 10 9 7 6 5 5 5 5 4 4 5 6 6 6 5 6 7 7 5 3 3 3 3 3 3 3 3 3 3 3 3 3 2 2 2 2 2 3 2 2 3 2 2 2 2 2 2 2 2 2 2 2 2 3 3 3 3 3 3 3 3 3 3 3 3 3 3 3 3 3 3 4 4 3 3 4 6 4 2 1 1 0 1 1 1 1 1 1 1 0 1 1 1 4 7 9 11 12 13 11 9 10 12 10 13 12 11 14 13 11 9 8 9 13 17 15 14 16 18 17 18 21 22 22 18 17 20 19 15 19 19 21 25 27 26 24 21 25 28 
24 22 26 28 22 18 16 17 20 24 27 27 25 21 18 21 23 21 21 24 29 30 25 26 29 25 22 23 22 21 23 27 27 23 20 22 23 21 19 20 21 21 19 14 12 14 18 21 23 21 16 16 18 16 14 19 20 14 12 15 16 13 10 13 12 13 14 15 14 13 11 12 14 15 14 14 13 13 11 10 11 12 12 11 11 12 12 12 12 12 12 14 14 12 13 17 20 19 18 18 18 17 17 17 18 17 16 17 15 12 10 10 10 8 7 7 8 8 6 4 5 4 4 4 5 6 7 8 8 6 4 3 3 3 3 3 3 3 3 3 2 2 2 2 3 2 2 2 3 2 2 3 3 2 2 2 2 2 2 3 2 2 3 3 3 3 2 2 2 2 2 3 3 3 3 3 4 4 4 4 4 4 4 3 3 4 7 7 6 3 1 0 1 0 0 1 0 0 0 1 1 1 1 7 11 6 7 11 12 9 9 12 15 16 16 16 16 17 16 12 9 8 9 11 12 14 15 14 17 18 13 11 14 14 14 15 16 16 14 12 15 15 14 14 17 20 20 25 23 21 
23 21 22 23 19 17 17 16 18 19 21 22 21 19 19 20 21 20 21 24 27 27 21 22 24 22 22 24 24 22 22 23 23 22 20 17 19 19 19 21 23 22 20 19 21 24 24 21 18 16 17 15 12 14 17 18 18 15 15 16 15 13 13 19 17 14 12 12 12 12 11 13 15 16 15 15 16 15 13 12 13 14 14 12 13 14 13 13 12 12 12 13 13 12 13 16 17 16 15 15 16 17 18 18 17 15 16 16 15 12 10 10 10 10 7 7 8 8 6 5 6 5 5 5 5 5 5 4 5 4 3 4 4 3 3 3 3 3 3 2 2 2 1 2 3 2 2 3 3 3 2 2 2 2 2 3 2 2 2 3 3 2 3 3 3 3 2 2 2 3 3 3 3 4 4 4 4 4 4 4 4 4 3 4 5 5 6 5 6 5 2 1 0 0 1 1 1 1 1 0 0 0 2 8 13 13 14 11 10 14 14 12 12 12 12 11 9 9 9 10 9 9 9 9 10 11 14 15 11 9 12 15 14 18 18 18 17 17 16 16 14 15 15 17 22 26 25 26 25 23 
23 22 22 20 19 19 20 20 19 18 18 19 19 19 19 18 18 19 20 22 23 21 17 16 18 18 20 23 20 19 16 15 15 16 17 17 20 20 19 20 20 19 18 19 21 23 21 16 12 15 17 16 14 13 14 14 14 14 15 15 12 12 13 16 15 13 12 12 13 13 15 16 17 16 15 14 14 15 15 15 16 17 16 15 14 13 12 13 15 16 16 14 12 12 13 14 14 14 14 15 15 17 19 18 16 14 14 14 13 11 9 8 10 11 8 7 7 8 7 7 6 6 6 5 5 5 5 4 3 3 3 4 4 3 3 3 3 3 2 2 2 2 2 2 3 3 2 3 3 2 2 2 2 2 2 3 2 2 2 2 2 2 3 3 3 3 2 2 2 3 3 3 3 3 3 4 3 3 4 4 4 4 3 2 3 4 2 2 5 7 5 2 0 0 1 0 1 1 1 0 0 2 6 11 12 11 11 9 9 11 12 10 8 9 10 10 10 10 10 10 11 11 10 11 11 13 16 15 11 10 13 16 16 19 19 18 16 15 17 19 18 19 21 25 29 27 22 17 18 20 
24 24 24 22 21 21 22 21 19 17 17 18 18 19 20 18 18 20 21 20 19 17 14 14 15 16 17 20 23 22 18 15 16 17 17 16 19 19 19 19 19 18 18 18 18 18 17 16 15 16 15 20 22 16 11 13 14 16 17 16 14 14 15 15 15 15 15 15 15 15 15 14 13 13 14 14 12 15 16 15 16 17 16 15 15 14 12 13 15 17 16 14 12 12 12 12 12 12 13 14 13 13 15 15 13 12 12 12 11 9 8 8 9 9 8 6 6 6 6 6 5 5 6 6 6 6 6 5 4 3 3 3 3 3 3 3 2 2 3 2 2 2 2 3 3 2 2 2 2 2 2 2 2 2 2 2 2 2 2 2 2 2 2 2 3 3 3 3 2 2 2 2 2 2 3 4 3 3 3 3 4 4 3 3 3 4 3 7 18 19 8 3 2 1 1 0 1 1 1 2 3 5 8 8 8 8 8 11 10 8 9 11 9 10 12 13 13 12 12 13 13 13 13 15 15 15 16 14 15 16 15 14 17 20 21 20 17 15 17 21 19 21 25 29 32 28 22 16 19 21 
22 24 24 24 23 22 20 17 15 15 16 19 20 22 22 21 21 23 24 21 19 16 15 16 17 17 17 19 21 21 18 15 16 16 15 15 17 18 18 20 21 21 19 19 19 18 18 18 19 15 15 19 22 19 17 18 18 20 20 19 19 19 19 18 18 17 15 14 14 14 14 11 10 12 16 16 14 15 15 15 15 16 15 15 18 18 15 15 16 15 14 13 12 12 12 12 12 12 13 12 11 10 10 10 10 10 10 11 10 10 9 9 8 7 7 6 6 5 5 5 5 6 6 6 6 5 5 5 4 4 3 2 2 3 3 2 2 2 3 3 2 3 3 2 2 2 2 1 2 2 2 2 2 2 2 2 2 2 2 2 2 2 2 2 2 3 3 3 2 2 3 3 3 3 4 5 4 3 3 3 4 4 4 5 4 4 5 13 26 23 8 5 6 3 1 1 1 1 3 5 6 7 8 5 6 10 10 10 8 6 7 10 13 14 14 14 14 12 13 16 14 13 16 21 20 16 15 15 15 17 19 18 17 19 22 22 19 17 18 21 20 20 21 23 27 28 25 25 28 29 
19 21 22 23 23 21 17 15 14 15 17 20 23 24 23 21 20 21 21 20 19 17 18 19 20 20 21 21 21 21 17 15 18 18 16 18 18 17 15 17 19 19 15 17 18 18 16 16 17 13 15 15 16 21 23 21 18 19 19 19 20 20 18 17 15 13 11 11 13 15 17 15 14 16 19 19 17 17 17 18 19 19 18 17 19 20 19 19 19 18 17 14 12 12 13 14 14 13 13 13 12 11 10 9 10 11 10 10 11 10 10 9 8 7 8 8 7 7 7 7 6 6 6 5 5 4 4 3 4 5 4 3 2 3 3 2 2 2 3 3 3 2 3 2 2 2 2 2 2 2 2 2 3 2 2 2 3 3 3 2 2 2 2 2 2 3 3 3 2 2 3 3 4 4 4 5 4 4 3 3 4 5 5 4 5 7 6 5 8 9 6 8 11 7 3 2 2 4 5 7 8 8 9 7 10 16 17 11 7 9 10 12 15 15 16 17 16 15 15 18 17 15 18 24 22 16 16 18 15 14 23 25 17 18 20 21 18 17 18 21 24 23 19 17 19 22 23 26 28 29 
17 17 18 21 23 21 16 14 14 14 16 18 19 19 18 16 14 13 14 15 16 16 18 19 20 22 24 24 26 24 19 18 23 24 20 18 18 15 13 14 18 19 14 17 19 17 14 13 13 15 13 14 17 19 19 17 15 17 17 15 15 16 15 13 13 12 11 11 13 15 17 17 17 18 19 19 19 17 17 21 23 21 19 17 17 18 19 19 18 17 16 13 11 12 15 17 17 13 12 14 15 14 11 11 12 13 12 11 10 9 8 7 7 8 8 8 7 7 8 8 7 6 6 5 4 4 4 4 5 8 10 7 4 3 3 3 2 2 3 3 3 3 4 3 3 3 3 2 2 2 2 3 3 3 2 2 3 3 3 2 2 2 2 2 2 3 3 3 2 2 3 4 4 4 4 4 3 3 3 4 4 4 4 5 5 8 6 3 4 5 6 8 10 9 5 3 4 7 7 6 6 8 9 8 9 13 15 13 10 10 11 13 14 14 14 16 17 17 16 17 18 17 18 22 19 14 17 18 16 16 21 21 16 18 19 19 18 18 19 22 23 25 23 19 18 19 19 22 24 23 
14 15 16 18 20 18 15 14 14 14 14 14 14 13 12 10 12 12 10 11 14 15 15 16 18 20 21 21 20 19 16 17 20 21 17 15 14 13 12 14 17 18 16 17 17 15 14 14 15 18 13 13 15 15 13 13 15 17 16 15 15 15 13 12 14 14 14 13 13 12 13 14 16 15 14 15 16 14 14 18 20 19 16 14 15 16 16 16 15 14 12 11 11 13 16 18 17 12 10 12 14 12 11 10 10 11 11 10 9 7 6 5 6 7 7 7 6 6 6 6 5 4 4 4 4 6 7 9 10 13 16 14 9 5 4 4 4 4 4 3 3 4 5 4 3 3 3 3 2 3 3 3 3 3 2 2 3 3 3 3 3 2 2 2 2 3 3 3 2 3 4 4 4 4 3 3 3 3 4 4 4 4 4 6 5 4 5 5 5 5 6 6 7 7 3 3 4 7 7 6 7 8 8 7 7 7 8 9 9 8 10 14 16 14 12 14 19 20 16 17 18 15 17 20 16 15 17 18 19 21 20 17 17 23 21 19 18 20 22 23 25 25 24 21 19 21 24 24 24 22 
10 11 13 13 13 12 12 13 13 12 11 11 11 11 10 9 13 14 11 11 13 13 13 14 16 16 15 13 12 13 15 16 16 14 12 12 12 14 16 18 17 17 15 14 13 12 12 13 13 15 13 11 10 11 11 11 15 16 16 16 16 15 12 10 12 13 13 13 13 11 12 13 13 12 10 10 11 11 12 13 14 13 12 12 13 13 12 13 13 13 11 10 10 13 14 14 13 11 8 10 12 10 10 9 9 9 9 10 9 7 6 7 8 7 5 5 4 4 3 4 3 2 2 2 5 22 29 17 21 23 22 18 14 12 12 10 8 7 6 6 5 5 6 5 5 5 5 5 3 4 4 4 3 3 3 3 3 3 3 3 3 3 3 3 3 3 3 3 3 3 3 4 3 3 3 3 3 3 4 4 3 2 4 5 5 4 5 5 5 5 6 6 7 5 2 3 4 5 7 7 8 8 8 7 7 6 7 8 8 8 10 12 14 14 11 12 20 22 19 20 20 16 17 18 16 16 16 20 23 22 19 17 18 22 21 18 18 21 24 24 25 21 19 19 22 24 26 27 26 26 
8 9 10 11 10 9 9 9 9 10 10 10 10 10 11 10 12 12 12 12 13 12 13 13 13 11 10 9 10 13 16 15 13 10 9 9 10 14 18 20 18 15 13 12 11 11 11 11 11 11 11 10 10 11 10 10 11 12 13 14 15 14 12 10 10 10 10 12 14 14 13 12 12 11 10 10 11 11 11 12 12 12 12 11 12 11 11 11 11 11 10 9 10 11 10 10 10 10 9 9 11 13 12 11 11 9 8 9 9 8 8 8 9 8 5 4 4 3 3 4 4 4 3 2 7 31 55 48 47 46 42 38 36 33 25 22 19 15 13 12 12 11 12 11 10 10 9 8 6 6 6 6 5 5 4 4 3 3 3 3 3 3 3 3 3 3 3 3 3 2 3 3 3 3 3 3 3 3 3 3 2 2 3 4 4 4 5 4 4 4 6 6 6 5 2 3 6 7 6 6 7 7 7 6 6 6 8 10 8 7 10 12 12 15 15 14 15 17 19 22 20 19 17 17 19 20 18 18 20 22 21 19 16 17 21 21 19 19 22 22 17 17 17 19 24 26 23 30 31 30 
11 11 11 10 10 9 8 7 8 9 9 9 9 9 10 10 10 10 11 12 11 12 11 10 8 7 8 9 10 12 12 11 10 9 9 8 8 10 13 15 14 11 10 11 11 11 11 11 11 11 11 11 12 12 11 10 10 10 9 9 11 12 12 12 12 11 10 11 13 14 13 12 11 11 11 11 10 11 11 11 12 12 13 13 11 11 11 11 11 11 10 9 10 10 9 9 10 10 10 8 10 15 10 9 10 8 7 7 8 7 7 7 7 6 6 6 7 7 7 7 9 13 11 11 14 27 57 83 81 80 78 73 66 59 53 50 46 41 35 30 27 24 25 23 20 19 17 15 13 12 11 11 10 8 7 7 6 5 5 5 4 4 3 3 3 3 3 3 3 2 3 3 3 3 4 3 3 3 3 3 2 2 3 3 3 4 4 4 3 4 5 4 5 4 2 4 8 7 5 5 5 6 6 6 7 8 10 11 9 8 11 14 13 15 16 13 9 10 15 20 19 22 19 17 25 26 21 16 17 25 30 25 18 20 24 24 22 21 20 18 15 23 25 21 22 25 24 29 31 30 
12 11 10 9 9 10 9 8 8 8 9 9 8 7 8 9 8 8 10 10 8 9 10 8 6 6 7 9 9 8 7 7 7 8 8 9 8 8 9 11 11 9 9 10 11 12 12 12 12 10 10 10 11 11 11 11 10 10 8 7 9 11 12 14 15 13 11 11 12 12 11 10 9 9 9 9 9 8 8 8 9 10 11 11 10 10 11 12 12 11 9 9 9 10 9 9 11 11 11 9 12 16 9 7 9 8 7 7 7 6 6 7 7 6 6 8 10 11 11 10 9 11 9 10 10 11 24 50 72 91 94 91 100 112 100 95 86 76 65 56 51 48 48 43 38 36 35 33 28 26 24 21 19 17 15 14 13 11 10 10 8 7 6 5 5 4 4 4 3 3 3 3 3 3 4 3 3 3 2 2 2 2 2 3 4 5 5 4 4 4 5 5 5 4 2 3 5 4 3 3 4 4 5 5 6 6 7 9 9 8 11 17 19 17 18 17 12 13 17 19 19 24 19 16 23 23 19 20 22 24 25 26 26 25 26 27 28 29 26 20 23 35 35 26 24 28 29 24 27 28 
11 10 8 8 9 11 10 8 7 7 8 8 7 6 7 8 8 7 9 8 6 7 8 9 7 6 7 8 8 6 6 6 7 7 7 8 8 8 9 9 9 8 10 10 10 11 10 10 10 10 10 10 9 9 10 11 10 11 10 9 9 10 10 12 13 13 12 12 12 11 11 10 10 10 10 10 10 9 8 8 8 10 11 10 10 10 12 13 12 11 10 10 11 11 11 11 13 13 13 12 15 17 10 8 9 10 10 9 8 8 8 8 9 8 7 8 9 9 10 13 17 16 14 15 13 9 8 10 17 25 28 34 53 75 88 99 114 121 119 108 99 88 86 77 67 63 60 56 53 48 44 41 38 34 31 26 23 21 19 17 15 13 13 12 10 9 8 7 6 5 5 4 3 3 3 3 3 3 3 3 2 3 3 3 4 4 4 3 3 3 4 4 4 3 1 1 2 2 2 2 2 2 2 2 3 3 5 10 14 12 12 16 17 13 13 14 12 12 14 16 18 21 17 15 20 21 22 25 26 25 24 25 26 24 24 26 31 37 35 29 36 40 36 30 31 34 32 29 32 33 
10 9 9 9 9 10 10 9 7 7 7 7 6 6 6 7 7 7 7 7 6 6 8 9 8 7 6 6 7 7 6 7 7 7 7 8 9 9 9 8 7 7 9 9 9 9 9 9 8 9 10 10 9 9 9 10 9 10 10 9 8 9 9 9 11 11 11 12 12 11 12 13 13 12 11 11 12 13 12 11 11 13 12 11 10 11 12 12 11 11 11 12 14 13 12 13 14 14 13 14 14 12 12 12 11 12 12 10 9 9 10 11 12 11 9 9 9 9 10 11 10 10 12 14 17 19 17 12 6 2 3 5 9 15 31 45 71 100 122 131 131 117 119 111 101 94 86 78 81 74 68 67 65 60 55 46 41 37 33 30 27 24 25 24 21 19 17 14 12 11 9 6 4 4 4 3 3 5 5 4 3 4 4 4 4 4 3 3 4 4 4 3 3 2 1 1 1 1 1 1 1 1 1 1 1 1 5 14 19 16 16 21 22 20 19 18 17 15 14 16 18 17 16 17 19 23 27 24 24 28 29 25 21 19 22 23 24 27 31 32 37 34 30 27 28 29 30 36 37 36 
10 10 9 8 8 7 9 10 8 7 7 8 7 7 6 5 5 5 6 6 7 7 8 7 6 6 6 6 7 7 6 5 5 6 8 11 11 10 8 7 7 8 8 8 8 8 8 9 9 8 9 10 9 8 8 8 8 9 8 6 6 7 8 9 10 11 11 12 13 12 12 13 14 12 11 11 13 14 12 11 11 11 11 9 9 9 10 9 8 9 10 13 15 13 11 11 12 13 11 13 11 7 13 14 11 12 12 10 8 9 10 12 12 12 12 14 16 14 13 12 9 6 5 3 6 15 17 14 10 7 5 4 2 2 3 4 8 17 34 58 79 106 116 121 122 121 115 107 96 89 84 84 84 80 75 71 66 61 55 51 46 42 38 35 31 29 26 24 21 19 16 11 7 6 6 4 4 5 6 4 3 4 4 5 5 6 5 7 9 9 8 5 3 2 1 1 1 1 1 1 0 0 0 1 1 1 4 12 15 12 16 22 24 26 26 25 24 21 19 24 26 17 16 17 16 20 20 23 25 24 23 22 20 15 21 21 15 14 18 26 29 28 27 22 17 20 27 30 30 29 
12 12 12 10 8 7 7 6 7 8 8 7 7 7 5 5 5 5 5 5 5 6 6 6 6 7 7 8 8 6 6 6 5 5 7 9 8 7 6 7 7 8 6 6 7 8 8 7 6 11 7 6 6 5 5 5 4 5 5 5 5 7 10 9 8 10 13 13 12 11 9 10 11 12 12 14 16 14 14 13 12 11 11 13 13 12 11 9 10 11 14 13 16 16 12 14 16 13 13 14 15 15 15 13 11 10 11 11 12 12 12 12 12 11 9 16 20 13 12 16 14 13 12 8 7 7 6 8 12 11 6 4 3 2 1 2 2 2 2 5 11 27 39 52 72 91 106 126 137 123 112 107 106 100 93 87 91 85 78 78 79 73 68 59 57 55 46 40 41 36 35 25 25 17 8 5 4 5 6 5 4 3 4 6 8 8 7 10 15 15 15 12 4 2 4 6 2 1 0 0 0 0 0 0 0 0 1 4 8 16 23 27 30 28 24 21 23 23 22 22 21 20 20 20 21 20 20 23 23 21 20 21 23 23 23 19 14 13 20 28 22 21 24 21 17 18 19 22 19 20 
13 12 12 11 8 8 8 8 8 7 6 5 5 6 7 7 6 6 5 5 5 5 5 5 4 4 5 6 6 5 5 5 5 5 6 7 6 6 6 6 6 6 6 7 8 8 8 7 6 6 6 6 7 6 4 3 3 3 3 2 2 4 6 13 11 9 8 9 11 14 17 16 14 13 14 15 18 18 18 17 16 14 14 15 15 14 12 12 13 15 16 18 22 19 13 13 14 13 13 13 15 18 18 17 15 13 13 14 15 16 15 15 13 13 14 11 10 14 16 14 12 12 14 13 14 15 12 13 14 9 4 3 3 4 2 2 3 2 2 3 5 5 7 8 12 19 28 41 77 88 104 115 119 118 116 122 118 106 97 97 97 91 84 93 88 77 84 88 75 66 69 59 62 62 45 17 3 3 3 3 4 6 9 9 8 8 7 8 10 8 9 8 4 3 7 6 2 1 0 0 1 0 1 1 1 0 1 2 5 14 24 22 17 18 18 19 25 28 28 28 20 17 20 21 17 14 16 20 22 22 21 22 23 24 21 18 17 19 24 28 26 21 20 17 15 20 24 26 23 24 
11 11 12 12 10 10 10 9 8 7 6 6 6 7 8 8 7 7 6 5 5 5 5 5 5 5 6 6 7 6 5 5 5 5 6 7 6 6 6 6 6 6 8 9 9 9 8 7 6 6 6 7 7 6 5 6 5 3 1 1 1 2 3 7 10 13 15 16 17 18 16 15 15 15 17 19 20 20 19 19 19 18 18 19 17 16 16 17 18 17 14 15 17 13 9 10 9 10 12 13 16 20 22 21 20 20 20 20 19 18 18 18 16 12 9 10 15 15 13 14 15 14 15 15 15 14 10 8 9 7 4 2 2 2 2 3 3 3 2 2 3 6 7 6 6 5 4 5 6 14 31 50 69 87 104 117 128 140 146 144 132 115 123 113 107 109 106 103 107 109 112 102 111 132 118 44 6 3 3 3 4 7 10 12 10 8 5 6 8 6 4 4 2 4 9 5 1 1 0 1 1 1 1 1 1 1 1 1 3 12 20 18 17 18 18 20 25 28 27 21 18 17 21 23 23 19 17 20 24 25 24 23 24 25 21 19 21 25 28 28 29 27 29 26 22 24 25 23 23 26 
12 14 14 14 13 14 13 11 10 9 8 7 7 8 8 7 7 7 7 7 6 6 6 6 6 6 7 8 8 7 6 6 6 6 7 7 7 7 6 6 7 7 8 8 8 7 7 7 7 7 7 7 6 6 7 9 9 4 1 1 1 1 1 3 10 18 22 22 21 17 14 14 15 17 20 20 19 20 21 20 19 19 18 17 18 19 20 24 26 23 18 16 16 14 14 16 13 14 15 15 17 19 21 21 21 20 19 17 17 18 21 24 27 25 15 15 23 29 24 20 21 17 16 15 14 13 8 4 3 3 3 2 2 2 2 2 2 2 2 2 2 1 2 2 4 6 6 8 10 8 7 6 7 15 26 44 50 58 68 84 103 118 119 120 131 136 122 115 125 122 123 131 147 157 132 47 7 5 5 4 3 4 5 7 8 7 7 9 8 4 2 2 2 5 11 4 1 1 1 1 1 1 1 1 1 1 1 1 2 11 16 17 23 23 21 20 21 21 22 23 25 24 21 18 18 20 20 22 24 25 22 21 23 27 24 22 24 28 29 28 30 28 32 30 25 26 24 25 26 29 
17 18 17 15 14 13 12 11 11 10 8 8 8 8 7 7 7 7 7 7 6 6 6 6 5 6 6 7 7 7 7 7 7 8 9 8 7 7 7 7 7 7 7 7 7 7 6 7 8 7 8 8 6 6 7 9 9 3 1 1 1 1 0 2 9 15 15 16 17 16 17 16 15 17 19 20 19 22 22 21 20 19 18 17 17 16 15 17 20 20 18 16 17 17 18 20 15 13 15 16 16 16 17 18 19 21 22 21 20 19 19 20 22 24 19 13 17 34 38 31 25 20 19 18 18 19 15 10 4 1 1 2 2 2 2 2 2 2 2 2 2 3 2 2 2 3 3 4 5 6 8 10 10 9 9 11 12 13 13 15 21 30 49 79 96 89 87 95 98 87 90 108 125 110 79 28 6 6 6 5 4 3 3 3 4 5 7 9 8 3 2 2 3 9 11 4 1 1 1 1 1 1 1 1 1 1 1 0 2 11 17 17 23 22 21 20 19 19 21 24 27 28 27 24 24 24 22 21 22 23 20 21 24 29 27 26 25 25 27 28 27 24 26 25 23 26 26 30 31 32 
19 20 17 14 13 12 10 9 9 10 10 10 11 10 8 8 7 7 6 6 6 6 6 5 5 5 5 6 6 6 7 9 8 8 9 9 9 9 9 9 9 9 10 11 11 10 8 8 9 7 10 11 10 9 9 8 5 1 0 1 1 1 1 1 7 14 14 15 18 17 20 16 12 13 18 21 22 22 21 20 21 22 23 23 23 21 17 15 15 16 17 17 20 21 19 19 16 13 15 17 16 15 15 17 18 20 23 23 24 24 24 23 24 24 22 24 23 20 25 30 28 24 23 20 20 22 19 17 8 3 1 2 2 2 2 2 2 1 2 2 2 2 3 2 3 3 3 3 5 5 5 7 9 12 13 13 13 13 12 8 7 7 20 38 70 90 68 30 11 13 14 16 20 14 9 4 4 5 5 6 6 6 6 5 4 3 3 4 5 4 3 2 4 11 9 3 1 0 1 1 1 1 1 1 1 1 0 0 2 12 20 19 20 20 22 23 23 25 28 31 32 33 35 35 32 29 26 23 24 25 23 25 30 32 29 26 23 23 25 27 25 24 30 31 29 30 28 30 31 33 
18 20 19 18 19 19 15 13 13 13 12 12 12 10 8 8 7 7 6 6 6 5 5 5 5 5 5 6 7 7 9 10 9 8 9 8 9 11 11 10 9 8 10 13 15 14 12 11 10 10 13 14 13 12 11 9 3 1 1 1 1 1 1 1 7 16 15 16 20 20 23 19 15 16 20 23 22 25 24 22 22 24 25 26 25 24 23 22 22 21 21 20 24 25 20 22 23 20 19 18 18 18 19 20 22 22 22 20 19 20 24 26 30 30 27 34 37 31 31 34 29 26 25 21 19 20 18 19 12 4 2 2 2 1 2 2 2 1 1 2 2 2 2 2 3 3 2 3 2 2 3 4 7 10 14 13 12 15 17 14 8 5 6 13 41 81 79 40 14 3 3 2 2 2 2 2 3 4 4 5 5 6 7 7 6 5 3 3 3 3 3 2 5 15 9 4 2 0 1 1 1 1 1 1 1 1 0 1 4 15 24 22 21 21 24 27 26 28 32 35 37 36 32 30 31 33 29 24 26 28 26 27 32 34 28 24 21 22 24 26 31 27 31 31 30 31 29 31 32 35 
20 21 22 22 23 22 19 18 17 16 13 12 12 11 9 9 9 8 8 7 7 6 5 5 5 6 6 6 7 7 7 7 6 6 7 6 8 10 11 10 9 8 9 12 14 13 10 10 11 12 13 14 13 13 11 9 4 2 1 1 1 0 1 2 10 17 17 19 22 24 27 24 20 19 20 19 19 22 23 24 26 25 24 22 19 20 26 29 26 24 24 26 28 28 26 27 28 27 26 24 23 23 26 29 30 27 23 23 22 20 19 20 21 23 24 28 35 39 39 36 28 29 27 22 21 20 17 18 14 4 1 2 2 1 1 1 2 2 1 1 2 2 2 2 2 2 3 3 3 3 2 3 4 6 9 10 11 16 20 18 11 7 5 5 6 12 22 21 11 4 4 3 4 4 3 4 4 4 4 4 4 4 5 6 8 7 6 6 4 3 6 4 4 13 12 5 2 1 1 0 0 1 1 1 1 0 0 3 10 21 24 24 26 24 23 25 27 27 26 23 27 27 25 27 35 38 31 28 28 29 28 27 30 35 32 28 27 29 30 30 40 34 30 27 28 30 28 29 34 38 
25 22 21 22 21 18 17 18 19 18 15 13 12 12 13 11 10 9 8 8 9 8 7 6 6 7 6 5 5 5 5 4 4 5 6 5 6 8 10 10 10 9 10 13 13 11 8 9 10 10 12 14 15 14 12 11 8 3 1 1 1 0 3 7 16 21 22 24 24 26 28 26 24 23 19 16 16 17 19 24 26 25 22 20 20 22 28 32 30 28 31 35 34 32 31 29 28 31 32 30 28 30 34 35 33 29 27 30 32 30 26 22 21 21 24 26 26 25 25 26 30 34 33 29 28 25 22 23 21 7 2 2 2 2 2 2 2 2 1 1 2 2 2 2 2 2 2 2 2 2 2 3 3 3 3 3 4 5 7 7 7 7 6 5 5 4 4 4 4 4 4 4 4 4 4 4 4 4 4 3 3 3 3 4 6 6 6 7 5 7 19 16 5 5 12 9 4 1 1 0 1 1 0 1 1 1 1 6 16 24 25 29 34 31 25 23 25 26 23 20 20 20 22 28 35 35 34 32 30 30 30 29 30 38 38 35 34 36 37 36 40 38 32 30 33 34 30 32 35 36 
28 23 22 23 24 22 20 19 19 18 17 15 16 16 16 14 11 10 10 10 10 10 9 8 8 8 7 7 7 7 7 6 6 6 7 6 7 8 9 10 11 11 10 10 10 9 9 9 10 12 16 19 19 17 16 16 13 7 2 2 1 2 7 14 21 22 21 22 20 20 25 23 21 22 20 16 15 17 19 20 22 22 22 21 22 22 24 28 30 30 31 35 34 31 27 23 23 28 29 26 26 28 30 29 25 24 27 28 28 26 23 21 21 22 24 23 20 18 17 20 24 29 33 32 29 26 26 30 28 11 3 2 2 2 2 2 2 2 1 1 2 2 2 2 2 2 2 2 2 2 2 2 2 2 3 3 2 2 2 3 3 4 4 5 5 5 4 3 3 3 3 4 4 4 4 4 4 3 3 3 3 3 3 3 4 3 3 4 4 8 35 44 17 4 8 16 12 5 2 1 1 1 0 1 1 1 7 17 24 24 26 29 33 35 30 23 21 22 23 25 23 22 25 31 32 30 32 31 30 29 30 32 34 38 42 42 39 38 36 33 35 34 32 33 38 39 36 39 33 29 
29 26 25 26 26 23 23 24 21 19 17 17 18 19 18 17 14 13 11 11 11 10 10 10 9 9 9 8 8 8 8 8 7 8 7 6 6 6 7 8 9 10 11 11 10 10 10 11 12 14 18 21 20 18 16 16 18 15 11 10 7 6 14 21 25 22 21 23 21 20 24 20 17 19 20 20 20 21 21 21 24 27 28 28 27 23 20 24 28 28 27 31 35 36 35 29 25 28 32 31 29 29 29 29 28 25 24 24 23 21 20 21 21 22 24 24 21 19 21 22 19 22 27 28 23 22 25 29 27 12 3 1 2 2 2 2 2 2 2 1 1 2 2 2 2 2 2 2 2 2 2 2 2 2 2 2 2 2 2 3 3 3 3 3 4 4 4 3 3 3 3 3 3 3 3 3 3 3 3 3 3 3 3 4 4 3 2 2 2 4 19 30 18 5 9 22 30 25 12 2 0 1 1 1 2 7 18 30 32 27 27 25 22 28 28 24 21 20 21 23 21 20 25 29 27 25 29 30 30 30 31 34 36 38 46 49 43 36 31 27 33 32 32 34 37 38 35 33 27 23 
30 26 21 16 13 11 11 12 12 13 15 16 17 18 19 16 13 11 11 12 13 13 13 12 10 9 8 8 8 8 8 9 9 8 8 8 7 7 7 8 10 11 10 12 12 11 10 10 12 12 14 17 20 21 21 21 16 17 17 15 10 8 14 22 23 20 21 25 23 23 26 21 17 18 19 19 20 20 20 21 25 29 30 29 26 21 18 22 26 25 22 27 34 40 43 36 31 32 35 35 33 31 30 30 29 26 23 23 21 20 19 20 20 19 22 22 21 20 23 24 22 21 23 22 18 19 24 25 22 11 3 2 2 2 2 2 2 2 1 1 1 2 2 2 2 2 2 2 2 2 2 2 2 2 2 2 2 3 3 3 3 3 2 3 3 3 3 3 4 3 3 3 3 3 3 3 3 3 3 3 3 3 3 3 3 4 3 3 2 2 3 6 8 7 9 15 29 36 23 8 3 3 4 9 17 25 30 33 32 30 30 25 20 23 25 24 24 23 22 22 19 20 25 29 25 24 31 33 34 34 33 33 35 43 44 39 31 28 30 32 31 30 30 32 34 32 30 29 25 22 
32 24 14 7 4 3 2 2 2 3 5 8 11 12 14 15 17 17 15 14 13 13 12 12 11 10 9 9 8 8 9 9 10 9 9 11 10 9 9 10 12 13 12 15 16 15 12 12 14 9 10 12 15 19 20 19 17 19 18 18 13 11 16 24 24 20 23 27 24 25 26 23 23 26 27 25 23 25 26 27 30 32 32 30 30 27 26 31 35 34 31 29 30 33 36 33 31 34 33 30 31 32 30 27 23 22 21 21 19 17 16 17 18 18 19 19 18 18 18 21 24 23 22 20 18 20 23 21 19 12 4 2 2 2 2 2 2 2 1 1 1 2 2 2 2 2 2 2 2 2 2 2 2 2 2 2 2 2 2 2 2 2 3 3 2 2 3 3 4 3 3 3 3 3 3 3 3 2 3 3 2 2 3 2 2 3 3 3 3 3 2 2 4 7 7 4 10 19 17 8 9 13 16 26 35 41 40 38 37 33 27 25 26 24 21 22 26 26 27 31 29 31 33 32 30 31 36 37 38 38 35 31 29 36 35 30 26 28 34 37 33 30 32 36 37 35 35 37 32 27 
32 25 20 16 13 11 10 11 7 5 3 3 3 4 7 10 14 17 16 13 12 11 10 10 10 10 9 7 6 6 5 6 6 5 5 5 4 4 4 4 4 4 3 4 4 4 3 3 3 3 3 3 4 4 5 5 5 5 4 4 4 3 5 6 6 5 6 7 5 5 5 5 6 8 9 8 7 8 8 9 9 9 9 9 10 9 9 11 12 12 11 14 16 16 18 17 18 21 22 22 25 27 27 24 21 21 21 22 22 21 21 21 21 21 21 21 21 20 18 19 23 26 26 25 25 26 24 17 18 14 5 1 2 1 1 2 2 2 2 1 2 2 2 2 2 2 2 2 2 2 2 2 2 2 2 3 2 2 2 2 2 2 3 2 2 2 2 3 3 3 3 3 3 3 3 3 2 2 3 3 3 3 3 3 2 3 3 2 3 3 2 2 2 4 4 3 5 8 8 6 15 29 27 30 31 38 42 42 40 33 24 22 28 26 24 25 28 27 27 32 32 33 32 27 27 31 35 33 34 36 35 30 25 25 28 29 30 33 36 35 33 30 32 37 39 39 41 43 40 34 
27 31 42 60 64 54 41 35 37 37 29 14 5 2 2 2 2 3 6 10 13 14 11 9 8 7 4 3 2 2 1 1 1 1 1 1 1 1 1 1 0 0 1 0 0 0 0 1 0 0 1 1 0 0 0 1 1 1 1 1 1 0 1 1 1 0 1 1 0 0 1 1 1 1 1 1 1 1 1 1 1 1 1 2 1 1 1 1 1 1 1 1 1 1 2 2 2 2 2 2 3 4 4 5 5 5 6 7 8 8 9 10 11 12 11 12 14 14 11 10 12 18 20 20 22 22 18 15 20 18 6 1 2 1 1 1 2 2 2 1 2 2 2 2 2 2 2 2 2 2 2 2 2 2 2 2 2 2 3 3 3 2 2 2 2 3 3 2 2 2 3 3 3 2 2 2 2 2 2 2 2 2 3 3 2 3 3 2 3 2 2 3 3 2 1 2 3 4 6 12 28 31 21 23 29 38 39 33 27 28 28 25 23 27 31 35 35 29 27 33 35 37 33 27 30 34 28 26 26 31 35 31 26 27 27 25 27 33 39 39 28 25 27 32 34 34 37 39 39 37 
34 27 28 50 80 94 89 83 78 73 76 68 39 17 8 7 4 2 3 3 3 2 2 1 1 1 0 1 1 1 0 0 1 1 1 0 0 0 0 0 0 1 1 1 1 0 0 1 0 1 1 1 1 1 1 1 1 1 0 0 0 0 0 0 0 0 0 0 0 0 1 1 1 1 1 1 1 1 1 1 1 1 1 1 1 1 1 1 1 1 1 1 1 1 1 1 1 1 1 1 1 1 1 1 1 1 1 1 1 1 1 1 1 1 1 1 1 1 1 2 2 3 3 4 5 5 6 7 10 9 5 2 1 1 1 1 1 1 1 1 1 1 1 2 2 2 2 2 2 2 2 2 2 2 2 2 2 2 2 2 3 3 3 3 3 2 2 2 2 2 3 3 3 2 2 2 2 2 2 2 2 2 2 2 2 2 2 2 3 3 3 3 2 2 2 2 2 3 5 8 14 22 26 26 28 31 30 30 32 32 30 29 30 31 30 29 29 32 33 32 34 35 35 33 30 28 25 23 25 29 31 32 33 28 26 27 29 29 30 34 32 32 32 34 36 35 35 39 37 34 
31 28 36 50 64 81 102 109 103 103 82 43 25 21 23 27 23 13 6 4 3 2 1 1 1 1 1 1 1 1 1 1 1 1 1 1 0 0 0 0 0 0 1 1 1 0 0 1 0 1 0 0 1 1 1 0 1 1 1 0 0 1 1 0 0 0 0 0 0 0 1 1 1 1 1 1 1 1 1 1 1 1 1 1 1 1 1 1 1 1 1 1 1 1 1 1 1 1 1 1 1 1 1 1 1 1 1 1 1 1 1 1 1 1 1 1 1 1 1 1 0 0 0 1 1 1 1 1 2 2 1 1 1 2 1 1 1 1 1 1 1 1 1 2 2 2 2 2 2 2 2 2 2 2 2 3 3 3 3 3 3 4 3 3 3 3 2 2 2 3 3 3 3 3 2 2 2 2 2 2 2 2 2 2 3 3 3 3 3 3 3 3 2 3 2 2 2 6 6 6 11 15 22 24 24 27 29 28 27 28 34 34 30 30 30 29 31 35 34 29 30 28 27 29 29 28 31 29 30 30 27 26 26 27 27 28 27 26 28 35 39 39 40 41 42 40 37 32 33 33 
34 34 42 42 39 51 74 89 98 98 72 41 31 34 50 74 83 65 38 23 16 10 5 2 2 1 1 0 1 1 1 1 1 1 1 1 1 1 1 1 1 1 0 0 1 0 0 1 0 1 1 1 1 1 0 1 1 1 1 1 1 1 1 1 1 1 1 1 1 1 1 1 1 1 1 1 1 1 1 1 1 1 1 1 1 1 1 1 1 1 1 1 1 1 1 1 1 1 1 1 1 1 1 1 1 1 1 1 1 1 1 1 1 1 1 1 1 1 1 1 1 1 1 1 1 1 1 0 1 1 0 1 1 2 1 1 1 1 1 1 1 1 1 2 2 2 2 2 2 2 2 2 2 2 2 2 2 3 3 3 4 4 4 3 3 3 3 3 3 3 3 3 3 3 3 3 3 3 2 2 2 2 3 3 3 3 3 3 3 3 3 3 3 3 2 2 2 7 7 6 9 9 15 20 22 23 19 20 27 34 34 30 27 28 29 28 27 28 28 30 32 26 23 29 31 29 34 34 35 34 31 31 32 29 32 34 33 29 30 35 36 37 38 39 40 39 36 33 35 35 
38 39 40 34 31 37 56 85 111 112 99 91 78 69 77 99 119 120 99 75 62 47 23 7 3 2 1 0 1 1 1 1 1 1 1 1 1 1 1 1 1 1 1 1 1 0 0 1 0 0 1 1 1 0 0 1 1 1 1 1 1 1 1 1 1 1 1 1 1 1 1 1 1 1 1 1 1 1 1 1 1 1 1 1 1 1 1 1 1 1 1 1 1 1 1 1 1 1 1 1 1 1 1 1 1 1 1 1 1 1 1 1 1 1 1 1 1 1 1 1 1 1 1 1 1 1 1 1 1 1 1 1 1 1 1 1 1 1 1 1 1 1 1 2 2 2 2 2 2 2 2 2 2 2 2 2 2 2 2 3 3 3 3 3 3 3 3 3 3 3 3 4 4 3 3 3 3 3 3 3 3 3 3 3 3 3 3 3 3 3 4 3 3 2 2 2 2 6 7 9 12 7 9 16 20 23 22 24 28 31 29 28 29 30 31 31 29 28 27 29 33 28 27 39 44 38 39 38 36 32 28 28 32 33 35 36 36 35 33 34 33 32 32 34 35 36 35 34 36 35 
38 40 37 35 39 42 45 57 77 98 112 110 91 74 70 81 106 132 132 108 98 96 64 31 13 6 3 1 1 1 0 0 1 1 1 2 2 2 2 2 2 1 1 1 1 1 0 1 0 1 1 1 1 1 1 1 1 1 1 1 1 1 1 1 1 1 1 1 1 1 1 1 1 1 1 1 1 1 1 1 1 1 1 1 1 1 1 1 1 1 1 1 1 1 1 1 1 1 1 1 1 1 1 1 1 1 1 1 1 1 1 1 1 1 1 1 1 1 1 1 1 1 1 1 1 1 1 1 1 1 1 1 1 1 1 1 1 1 1 1 1 1 1 1 1 1 2 2 2 2 2 2 2 2 2 2 2 2 2 2 2 2 3 3 3 3 3 3 3 3 4 4 4 3 3 3 3 3 3 3 3 3 3 3 3 3 3 3 3 3 3 3 2 2 2 2 4 6 9 18 19 9 8 13 16 20 28 32 28 26 30 33 32 28 25 24 24 25 25 28 32 28 27 36 38 33 34 32 32 31 29 33 39 40 35 31 31 35 37 37 36 34 32 33 35 37 37 33 35 35 
40 40 38 38 41 41 41 42 50 82 111 108 98 93 79 68 74 96 113 122 123 116 111 84 52 28 10 3 2 1 1 0 1 1 1 1 2 2 2 2 2 2 2 2 2 1 0 1 0 1 1 1 1 1 2 0 1 1 1 1 1 1 1 1 1 1 1 1 1 1 1 1 1 1 1 1 1 1 1 1 1 1 1 1 1 1 1 1 1 1 1 1 1 1 1 1 1 1 1 1 1 1 1 1 1 1 1 1 1 1 1 1 1 1 1 1 1 1 1 1 1 1 1 1 1 1 1 0 0 1 1 1 1 1 1 1 1 1 1 1 1 1 1 1 1 1 1 1 1 2 2 2 2 2 2 2 2 2 2 2 2 2 3 3 3 3 3 3 3 3 3 4 4 4 4 4 4 4 3 3 3 3 3 3 3 3 3 3 3 3 3 3 2 2 2 3 5 6 15 26 23 17 13 12 13 15 20 24 26 26 27 26 20 14 9 7 8 9 10 13 16 15 17 25 29 29 32 30 30 32 32 35 41 45 37 30 29 36 41 40 36 34 34 35 38 39 39 38 40 39 
37 35 38 37 32 32 34 34 37 49 70 92 108 115 107 88 76 71 78 100 119 124 122 114 106 87 43 16 4 3 2 1 1 1 1 1 1 1 1 1 1 1 1 1 2 1 0 1 1 1 4 11 5 1 5 3 1 1 1 1 1 1 1 1 1 1 1 1 1 1 1 1 1 1 1 1 1 1 1 1 1 1 1 1 1 1 1 1 1 1 1 1 1 1 1 1 1 1 1 1 1 1 1 1 1 1 1 1 1 1 1 1 1 1 1 1 1 1 1 1 1 1 1 1 1 1 1 1 1 1 1 0 1 1 1 1 1 1 1 1 1 1 1 1 1 1 1 1 1 1 2 2 2 2 2 2 2 2 2 2 2 2 3 3 3 3 3 3 3 3 3 4 4 4 4 4 4 4 3 3 3 3 3 3 3 3 3 3 3 3 3 2 3 2 2 2 3 5 18 26 19 25 22 14 14 14 13 12 13 14 13 11 6 5 4 4 4 4 4 4 4 5 7 12 16 17 19 18 21 26 28 29 33 37 37 33 33 36 39 36 30 31 34 39 43 44 43 40 44 43 
34 33 36 36 31 30 32 34 34 34 45 73 96 105 109 107 98 85 71 64 73 104 117 117 123 123 64 21 4 3 3 2 2 1 1 1 1 1 1 1 1 1 0 1 1 0 0 1 1 1 15 37 9 9 37 36 4 5 9 2 2 1 1 1 1 1 1 1 1 1 1 1 2 1 1 1 1 1 1 1 0 1 1 1 1 1 1 1 1 1 1 1 1 1 1 1 1 1 1 1 2 1 0 1 1 1 1 1 1 1 1 2 1 1 1 1 1 1 1 1 1 1 1 1 1 1 1 1 1 1 1 1 1 1 1 1 1 1 1 1 1 1 1 1 1 1 1 1 1 1 1 1 1 2 2 1 1 2 2 2 2 2 3 3 3 3 3 3 3 3 3 4 4 4 4 4 4 4 3 3 3 3 3 3 3 3 3 3 3 3 2 2 3 3 2 1 3 7 20 28 25 29 29 21 18 18 17 10 7 12 13 9 5 6 7 7 7 7 7 7 6 6 5 4 5 5 4 4 7 11 16 20 26 27 33 37 35 36 39 36 31 34 38 43 45 43 41 37 41 40 
33 33 33 34 34 34 34 35 35 36 42 56 71 87 102 106 108 110 101 74 57 63 81 107 127 99 33 7 4 3 2 3 3 2 1 1 1 1 1 1 1 1 0 0 0 0 0 1 1 2 26 54 10 29 81 67 7 16 45 13 1 6 23 10 2 1 4 2 1 1 1 0 2 1 1 1 1 1 1 1 1 1 1 1 1 1 1 1 1 1 1 1 1 1 1 1 1 1 1 1 4 2 0 1 1 1 1 1 1 1 1 2 0 1 1 1 1 1 1 1 1 1 1 1 1 1 1 1 1 1 1 1 1 1 1 1 1 1 1 1 1 1 1 1 1 1 1 1 1 1 1 1 1 1 1 1 2 2 2 2 2 2 2 2 2 2 2 2 3 3 3 3 4 4 4 4 3 3 3 3 3 3 3 3 3 3 2 2 2 2 2 2 2 2 1 1 4 12 24 35 37 34 33 28 21 17 17 14 13 20 30 36 34 30 28 27 25 22 19 14 13 12 10 8 8 8 5 2 2 1 3 4 11 14 19 27 28 34 42 39 40 39 37 38 39 39 40 37 40 37 
30 29 30 33 35 38 39 40 41 39 38 43 53 63 79 105 120 116 106 99 87 58 48 62 80 51 10 2 3 2 2 2 3 2 2 1 1 1 1 1 1 1 0 0 0 1 1 1 1 4 37 56 16 57 107 66 9 21 80 49 13 32 72 21 4 9 32 23 4 2 1 1 1 1 2 1 2 1 1 1 1 1 1 1 1 1 1 1 1 1 1 1 1 1 1 1 1 1 1 1 10 11 2 1 1 1 1 2 1 0 2 1 2 3 1 0 1 1 1 1 1 1 1 1 1 1 1 1 1 1 1 1 1 1 1 1 1 1 1 1 1 1 1 1 1 1 1 1 1 1 1 1 1 1 2 2 2 2 2 2 2 2 2 2 2 2 2 2 2 3 3 3 3 3 3 3 3 3 3 3 3 3 3 3 3 3 2 2 2 2 3 2 2 2 1 1 3 12 24 34 37 37 38 37 33 25 16 13 11 11 22 42 58 68 75 72 61 54 49 43 39 29 22 18 14 11 8 3 4 4 3 2 2 2 4 9 13 26 35 35 43 40 37 36 36 39 41 39 42 40 
30 29 28 30 33 37 40 42 42 39 35 35 38 45 59 75 84 83 87 99 104 95 77 39 20 12 4 1 2 2 2 2 2 2 2 2 1 1 1 1 1 1 0 0 1 1 1 1 1 5 46 60 35 76 102 58 8 15 76 93 71 81 71 15 5 35 96 72 13 2 1 2 3 13 18 1 2 1 1 1 1 1 1 1 2 2 1 1 1 1 1 1 1 1 1 1 1 1 0 1 16 45 21 3 1 1 1 2 1 1 5 9 13 6 2 1 1 1 1 1 1 1 1 1 1 1 1 1 1 1 1 1 1 1 1 1 1 1 1 1 1 1 1 1 1 1 1 1 1 1 1 1 1 1 1 2 2 2 2 2 2 2 2 2 2 2 2 2 2 2 2 2 3 3 3 2 3 3 3 3 3 3 2 3 3 2 2 2 2 2 2 2 2 2 1 1 2 5 10 14 15 17 21 25 28 28 23 21 21 21 17 18 28 48 69 76 76 80 80 75 74 61 52 51 42 29 16 5 10 12 13 9 6 4 2 3 5 21 31 37 41 41 39 38 36 36 36 39 42 40 
31 30 28 28 30 34 37 37 36 37 38 39 38 38 40 43 49 58 72 87 93 86 67 30 7 2 2 3 2 2 2 2 1 1 2 2 1 1 1 1 1 1 1 1 1 1 1 1 2 6 55 77 67 74 77 52 5 12 72 86 61 86 44 7 9 63 112 81 21 2 2 3 6 38 51 4 2 2 1 2 2 1 2 2 2 2 1 1 1 1 1 1 2 2 2 1 1 1 1 1 13 69 69 27 6 1 2 1 2 14 31 47 34 4 1 1 1 1 1 1 1 1 1 1 1 1 1 1 1 1 1 1 1 1 1 1 1 1 1 1 1 1 1 1 1 1 1 1 1 1 1 1 1 1 1 1 1 1 1 1 1 2 1 2 2 2 2 2 2 2 2 2 2 2 2 2 2 2 2 2 2 2 2 2 2 2 2 2 2 2 2 2 2 2 2 1 1 1 1 2 2 2 4 6 7 10 14 17 25 34 23 9 5 10 19 34 53 65 70 80 86 82 81 89 79 61 34 8 10 13 17 17 16 16 9 6 7 22 30 39 40 38 34 31 30 31 35 32 34 35 
34 35 34 33 34 37 40 40 37 38 42 42 37 34 34 38 36 25 18 19 23 25 18 9 4 2 2 2 2 2 2 2 1 1 1 2 2 1 1 1 1 1 1 1 1 1 1 2 2 8 66 107 92 57 65 54 5 9 66 71 31 76 29 3 18 80 77 68 29 3 3 2 6 48 61 5 2 2 2 3 2 1 3 2 2 3 2 2 2 2 2 2 1 1 2 1 1 1 1 1 10 64 94 74 34 4 2 4 20 54 67 66 29 2 1 1 1 1 1 1 1 1 1 1 1 1 1 1 1 1 1 1 1 1 1 1 1 1 1 1 1 1 1 1 1 1 1 1 1 1 1 1 1 1 0 1 1 1 1 1 1 1 1 1 2 2 2 2 2 2 2 2 2 2 2 2 2 2 2 2 2 2 2 2 2 2 2 2 2 2 2 2 2 1 1 1 1 1 1 1 1 0 0 1 1 2 3 3 5 9 8 4 1 1 2 7 16 22 27 39 47 52 58 69 69 59 39 13 12 14 20 21 21 23 20 14 22 33 32 37 37 37 35 31 29 30 32 33 33 35 
35 39 39 37 35 37 41 44 41 40 42 39 34 32 31 28 30 31 23 15 11 10 8 3 1 3 3 1 2 2 2 2 2 2 2 2 2 1 2 2 2 1 1 1 1 1 1 2 2 9 71 122 86 31 70 52 6 5 47 73 52 72 19 2 36 83 43 71 40 4 2 2 10 56 56 5 2 2 2 3 1 4 16 18 9 6 4 3 3 2 1 2 2 2 1 1 1 1 2 1 11 68 94 98 83 28 13 36 66 82 80 44 10 2 1 1 1 1 1 1 1 1 1 1 1 1 1 1 1 1 1 1 1 1 1 1 1 1 1 1 1 1 1 1 1 1 1 1 1 1 1 1 1 1 1 1 1 1 1 1 1 1 1 1 2 2 2 2 2 2 2 2 2 2 2 2 2 2 2 2 2 2 2 2 2 2 2 2 2 2 2 2 1 1 1 1 1 0 0 0 1 1 0 0 0 1 1 1 1 1 1 1 0 1 1 1 2 3 4 6 8 12 17 24 31 30 18 11 14 20 25 19 19 26 34 27 62 68 47 39 35 40 43 40 35 32 31 41 38 38 
30 35 36 32 28 28 32 36 37 39 40 39 38 36 33 37 40 34 30 37 46 50 47 20 4 2 2 1 2 2 2 2 2 2 2 2 2 2 2 2 2 2 1 1 1 1 1 2 2 7 66 113 64 14 79 46 4 6 36 89 91 57 10 4 64 76 22 69 44 4 2 3 22 86 64 7 3 2 2 3 2 15 69 100 95 86 69 52 39 27 18 12 9 6 4 2 2 2 3 2 7 81 115 103 110 87 87 106 93 77 97 35 3 2 1 1 1 2 2 1 1 1 1 1 1 1 1 1 1 1 1 1 1 1 1 1 1 1 1 1 1 1 1 1 1 1 1 1 1 1 1 1 1 1 1 1 1 1 1 1 1 1 1 1 2 2 2 2 2 2 2 2 2 1 1 1 2 2 2 2 2 2 2 2 2 2 2 2 1 1 1 1 1 1 1 1 1 1 1 1 0 0 0 1 1 1 0 0 0 1 1 1 1 0 0 1 1 1 1 1 1 2 2 2 3 4 4 4 6 11 16 11 12 21 33 25 80 78 46 32 42 41 38 33 31 34 39 41 37 36 
29 31 32 30 28 29 29 26 21 22 26 36 38 37 47 47 40 41 42 40 43 45 38 26 8 1 2 1 2 2 2 2 2 2 2 1 1 1 1 2 2 2 2 2 2 2 2 2 2 3 8 16 9 9 30 34 4 3 21 89 114 43 5 15 100 60 12 64 57 8 2 10 67 110 90 24 3 2 1 1 2 18 68 106 110 108 114 124 125 121 113 110 110 59 7 2 2 2 2 2 3 49 118 102 117 118 109 99 101 114 73 11 3 3 2 1 1 1 2 2 1 1 1 1 1 1 1 1 2 1 1 1 1 1 1 1 1 1 1 1 1 1 1 1 1 1 1 1 1 1 1 1 1 1 1 1 1 1 1 1 1 1 1 1 1 1 1 1 1 1 1 1 1 1 1 1 1 1 1 1 1 1 1 1 1 1 1 1 1 1 1 1 1 1 1 1 1 1 0 0 0 0 0 0 1 1 1 1 1 1 1 1 1 1 1 1 1 1 1 1 1 1 1 1 1 0 0 2 6 9 9 8 8 13 21 17 57 48 36 32 41 38 32 28 38 78 45 45 40 41 
34 33 30 26 27 33 39 35 27 32 34 34 37 33 30 30 29 35 40 37 36 34 35 34 15 2 2 2 1 1 1 1 1 2 2 2 2 2 2 2 2 2 1 2 2 2 2 2 2 1 1 2 1 2 6 4 3 2 9 34 44 20 4 34 106 42 6 56 75 19 2 34 98 73 73 41 4 2 2 2 2 5 22 39 51 59 71 84 90 95 99 104 111 59 5 1 2 1 2 1 3 50 123 102 111 107 100 113 126 112 48 7 3 2 3 3 2 2 2 2 2 2 2 2 2 1 1 2 2 1 1 1 1 1 1 1 1 1 1 1 1 1 1 1 1 1 1 1 1 1 1 1 1 1 1 1 1 1 1 1 1 1 1 1 1 1 1 1 1 1 1 1 1 1 1 1 1 1 1 1 1 1 1 1 1 1 1 1 1 1 1 1 1 1 1 1 1 1 1 0 0 0 0 0 0 1 1 1 1 1 1 1 1 1 1 1 1 1 1 1 1 1 1 1 1 1 1 1 3 6 10 16 19 15 18 12 41 38 35 31 38 39 38 37 50 84 48 40 43 43 
35 34 29 25 27 34 35 26 24 32 31 26 29 34 39 36 30 31 30 23 22 25 28 37 22 3 1 1 1 1 1 1 2 2 2 1 2 1 1 1 1 1 1 2 2 2 1 1 2 3 2 1 2 2 2 2 2 1 3 5 7 5 2 20 44 14 4 34 68 25 8 74 98 25 53 65 15 1 2 2 2 6 16 20 17 16 20 23 27 34 44 45 53 36 5 2 1 2 2 4 14 62 119 111 116 114 115 118 120 90 27 3 2 2 2 1 1 6 12 11 8 6 4 3 2 2 2 1 1 1 1 1 2 1 1 1 1 1 1 1 1 1 1 1 1 1 1 1 1 1 1 1 1 1 1 1 1 1 1 1 1 1 1 1 1 1 1 1 1 1 1 1 1 1 1 1 1 1 1 1 1 1 1 1 1 1 1 1 1 1 1 1 1 1 1 1 1 1 1 1 0 0 0 0 1 1 1 1 1 1 1 1 1 1 1 1 1 1 1 1 1 1 1 1 1 1 1 1 3 6 9 10 11 12 9 7 24 29 43 44 34 39 40 42 56 74 41 41 49 49 
32 30 27 26 27 29 25 21 30 35 27 26 31 33 34 33 28 29 29 26 27 27 25 35 27 5 1 1 1 1 1 1 1 2 2 2 2 2 2 2 2 2 1 1 2 1 1 1 1 2 3 2 2 2 1 2 2 1 2 2 1 2 1 3 5 4 3 10 20 10 14 59 48 8 38 63 21 3 2 1 2 16 52 69 60 52 45 35 30 28 28 28 24 11 2 2 1 6 12 31 63 95 112 119 120 114 121 111 109 98 42 9 3 3 3 2 2 16 55 68 55 46 36 28 23 19 17 14 14 10 4 2 2 2 1 1 1 1 1 1 1 1 1 1 1 1 1 1 1 1 1 1 1 1 1 1 1 1 1 1 1 1 1 1 1 1 1 1 1 1 1 1 1 1 1 1 1 1 1 1 1 1 1 1 1 1 1 1 1 1 1 1 1 1 1 1 1 1 1 1 1 1 1 1 1 1 1 1 1 1 1 1 1 1 1 1 1 1 1 1 1 1 1 1 1 1 0 1 2 4 4 3 3 6 3 3 9 15 34 49 37 39 40 41 56 61 35 41 45 46 
32 27 24 24 25 26 27 35 54 49 32 34 38 32 30 31 25 24 24 26 31 32 25 30 32 12 4 3 2 2 1 1 1 1 1 1 2 1 1 1 1 1 1 1 1 1 2 2 1 1 2 1 2 2 1 2 2 2 3 2 1 2 2 1 2 3 2 2 2 1 3 9 7 3 11 18 8 3 2 2 1 19 74 112 112 104 101 98 97 95 91 83 74 37 4 2 7 35 64 89 115 121 114 114 116 107 112 110 111 121 85 43 17 1 3 3 1 14 75 112 103 101 99 93 85 76 72 69 67 49 16 3 2 1 2 2 2 2 2 2 1 1 1 1 1 1 1 1 1 1 1 1 1 1 1 1 1 1 1 1 1 1 1 1 1 1 1 1 1 1 1 1 1 1 1 1 1 1 1 1 1 1 1 1 1 1 1 1 1 1 1 1 1 1 1 1 1 1 1 1 1 1 1 1 1 1 1 1 1 1 1 1 1 1 1 1 1 1 1 1 1 1 1 1 1 1 1 0 0 1 1 1 1 2 1 1 1 3 13 34 41 41 39 42 62 59 38 37 34 37 
35 30 24 22 24 27 31 45 61 52 34 38 38 29 31 32 26 23 24 25 30 31 25 26 35 21 7 3 2 2 2 2 2 2 2 2 2 2 2 2 2 2 2 1 1 2 2 2 1 2 2 1 2 2 2 2 2 2 2 2 2 2 2 2 2 2 1 2 3 2 2 2 2 2 1 1 3 2 2 3 2 7 28 44 55 61 69 82 94 101 101 110 115 58 7 14 41 84 116 115 109 115 116 109 114 116 120 112 103 112 104 94 55 8 3 3 1 10 43 58 63 71 81 90 93 92 95 107 108 84 28 4 2 2 2 2 2 2 2 2 2 1 1 1 1 1 1 1 1 1 1 1 1 1 1 1 1 1 1 1 1 1 1 1 1 1 1 1 1 1 1 1 1 1 1 1 1 1 1 1 1 1 1 1 1 1 1 1 1 1 1 1 1 1 1 1 1 1 1 1 1 1 1 1 1 1 1 1 1 1 1 1 1 1 1 1 1 1 1 1 1 1 1 1 1 1 1 0 0 1 0 0 1 1 0 1 0 1 4 23 37 38 38 44 71 59 41 35 32 35 
37 38 33 26 24 27 30 33 40 39 33 39 38 28 28 30 26 28 31 31 32 30 30 27 37 25 6 1 2 2 1 1 1 1 2 2 2 3 3 3 4 4 4 4 3 3 2 1 1 1 2 2 1 2 2 2 2 2 1 2 2 2 2 2 2 2 3 2 4 3 3 2 2 3 2 2 3 2 1 2 3 2 4 4 7 9 14 22 31 41 49 59 65 40 14 41 77 100 109 107 107 114 115 111 112 117 121 109 105 114 100 110 89 35 6 2 2 7 17 16 22 25 31 40 50 59 62 62 71 64 22 3 2 2 2 2 2 2 2 2 2 2 2 2 2 2 2 2 1 1 1 1 1 1 1 1 1 1 1 1 1 1 1 1 1 1 1 1 1 1 1 1 1 1 1 1 1 1 1 1 1 1 1 1 1 1 1 1 1 1 1 1 1 1 1 1 1 1 1 1 1 1 1 1 1 1 1 1 1 1 1 1 1 1 1 1 1 1 1 1 1 1 1 1 1 1 1 1 1 1 1 0 1 1 0 1 1 1 1 15 32 36 39 50 80 58 41 36 38 38 
41 41 37 32 29 29 27 25 27 27 28 35 37 32 31 28 27 29 30 29 28 27 29 31 38 32 6 1 1 1 1 1 1 1 1 1 1 1 2 2 2 2 3 4 3 2 1 1 1 1 2 2 1 1 2 2 2 2 2 2 2 2 2 2 2 2 3 1 3 2 2 2 2 2 2 2 2 2 2 2 2 2 2 2 2 2 2 2 2 3 4 5 10 16 12 27 39 47 54 62 72 79 79 101 117 108 116 106 105 113 98 101 101 74 38 13 3 17 50 44 36 32 27 25 24 24 25 27 30 27 10 2 2 2 2 2 2 2 2 2 1 2 2 2 2 2 2 2 2 2 2 2 2 1 1 1 1 1 1 1 1 1 1 1 1 1 1 1 1 1 1 1 1 1 1 1 1 1 1 1 1 1 1 1 1 1 1 1 1 1 1 1 1 1 1 1 1 1 1 1 1 1 1 1 1 1 1 1 1 1 1 1 1 1 1 1 1 1 1 1 1 1 1 1 1 1 0 0 1 1 1 1 1 1 1 1 1 1 0 12 33 45 52 66 85 59 41 36 41 41 
39 33 28 26 26 26 26 27 30 26 25 31 33 33 33 29 24 20 17 19 24 25 22 27 30 30 5 1 1 1 1 1 1 1 1 1 1 1 1 1 1 1 1 1 1 1 1 1 1 1 1 1 1 2 2 2 2 2 2 2 2 2 2 2 2 2 2 2 2 2 2 2 2 2 2 2 2 2 2 2 2 2 2 2 2 2 2 2 2 2 2 2 2 2 2 2 3 4 6 9 13 18 23 64 117 104 112 94 64 60 64 70 80 81 71 41 20 48 99 93 89 85 81 79 75 69 64 55 46 26 8 3 1 2 2 2 3 2 2 3 2 2 2 2 2 1 2 1 2 2 2 2 2 2 2 2 2 2 2 2 2 1 1 1 1 1 1 1 1 1 1 1 1 1 1 1 1 1 1 1 1 1 1 1 1 1 1 1 1 1 1 1 1 1 1 1 1 1 1 1 1 1 1 1 1 1 1 1 1 1 1 1 1 1 1 1 1 1 1 1 1 1 1 1 1 1 1 1 1 1 1 1 1 1 1 1 1 1 1 18 51 63 65 83 93 65 45 38 42 42 
33 28 21 16 16 20 25 30 33 30 27 28 26 25 30 31 28 20 15 20 29 31 25 25 24 25 4 1 1 1 1 1 1 1 1 1 1 1 1 1 1 1 1 1 1 1 1 1 1 1 1 1 1 1 1 2 1 2 2 2 2 2 2 2 2 2 2 2 2 2 2 2 2 2 2 2 2 2 2 2 2 2 2 2 2 2 2 2 2 2 2 2 2 2 2 2 2 2 2 1 2 2 4 34 105 111 112 75 23 12 16 20 26 31 35 33 24 41 65 67 84 88 94 98 100 100 101 102 95 58 13 2 2 2 1 1 2 2 1 2 2 2 1 2 2 1 2 2 2 2 2 2 2 2 2 2 2 2 2 2 2 2 1 1 1 1 1 1 1 1 1 1 1 1 1 1 1 1 1 1 1 1 1 1 1 1 1 1 1 1 1 1 1 1 1 1 1 1 1 1 1 1 1 1 1 1 1 1 1 1 1 1 1 1 1 1 1 1 1 1 1 1 1 1 1 1 1 1 1 1 1 1 1 1 1 1 1 1 1 27 66 64 60 87 103 70 45 44 43 43 
32 28 22 16 17 22 26 29 32 29 27 25 21 20 23 25 28 28 28 31 34 29 26 28 27 28 5 1 1 1 1 1 1 1 1 1 1 1 1 1 1 1 1 1 1 1 1 1 1 1 1 1 1 1 1 1 1 2 2 2 2 2 2 2 2 1 1 2 2 2 1 2 2 2 2 2 2 2 2 2 2 2 2 2 2 2 2 2 2 2 2 2 2 2 2 2 2 2 3 2 3 2 2 25 101 122 111 59 9 1 2 2 2 3 5 8 7 10 14 16 24 30 38 48 58 69 77 78 84 59 14 2 2 2 2 2 3 3 2 2 2 2 1 2 2 2 2 2 2 2 2 2 2 2 2 2 2 2 2 2 2 2 2 2 2 2 2 1 1 1 1 1 1 1 1 1 1 1 1 1 1 1 1 1 1 1 1 1 1 1 1 1 1 1 1 1 1 1 1 1 1 1 1 1 1 1 1 1 1 1 1 1 1 1 1 1 1 1 1 1 1 1 1 1 1 1 1 1 1 1 1 1 1 0 1 1 1 1 2 25 48 44 48 87 106 67 40 41 36 37 
26 26 26 27 28 31 30 29 32 33 35 36 35 35 35 26 24 27 31 34 34 28 28 32 31 32 6 1 1 1 1 1 1 1 1 1 1 1 1 1 1 1 1 1 1 1 1 1 1 1 1 1 1 1 1 1 1 2 1 1 2 2 3 2 2 2 1 1 2 2 2 2 2 2 2 2 2 2 2 2 2 2 2 2 2 2 2 2 2 2 2 2 2 2 2 2 2 2 2 1 2 2 2 16 74 113 93 35 5 3 4 2 3 3 2 2 2 2 3 2 3 4 6 8 11 15 19 24 31 26 7 2 3 2 6 10 12 11 9 7 6 3 2 2 2 2 3 2 2 2 2 2 2 2 2 2 2 2 2 2 2 2 2 2 2 2 2 2 2 2 2 2 2 1 1 1 1 1 1 1 1 1 1 1 1 1 1 1 1 1 1 1 1 1 1 1 1 1 1 1 1 1 1 1 1 1 1 1 1 1 1 1 1 1 1 1 1 1 1 1 1 1 1 1 1 1 1 1 1 1 1 1 1 1 1 1 1 1 2 25 35 35 48 94 107 67 46 46 39 41 
33 35 39 44 45 41 37 37 39 42 45 46 45 47 49 42 37 35 35 39 42 36 35 36 32 33 7 1 1 1 1 1 1 1 1 1 1 1 0 2 6 5 1 1 1 1 1 1 1 1 1 1 1 1 1 1 1 1 1 1 4 8 10 10 10 7 3 2 2 1 2 2 2 2 2 2 2 2 2 2 2 2 2 2 2 2 2 2 2 2 2 2 2 2 2 2 2 2 3 3 3 2 2 7 41 100 79 18 2 3 2 2 2 2 2 2 2 3 2 2 2 2 2 2 2 3 4 3 5 5 1 2 2 2 9 18 21 22 21 16 13 6 2 2 2 2 2 2 2 2 2 2 2 2 2 2 2 2 2 2 2 2 2 2 2 2 2 2 2 2 2 2 2 2 2 2 2 2 2 2 2 2 2 1 1 1 1 1 1 1 1 1 1 1 1 1 1 1 1 1 1 1 1 1 1 1 1 1 1 1 1 1 1 1 1 1 1 1 1 1 1 1 1 1 1 1 1 1 1 1 1 1 1 1 1 0 0 1 6 38 45 45 59 100 103 67 61 62 58 60 
45 44 47 51 49 43 40 41 41 42 44 41 37 35 36 39 41 39 34 35 35 30 30 29 25 27 5 1 1 1 1 1 1 1 1 1 1 2 2 16 55 46 4 1 1 1 1 1 1 1 1 1 1 1 1 1 1 1 1 2 8 16 19 20 21 16 11 9 7 4 3 2 2 2 2 2 2 2 2 2 2 2 2 2 2 2 2 2 2 2 2 2 2 2 2 2 2 2 2 2 2 2 2 4 29 84 55 8 2 3 3 5 6 6 5 4 4 3 1 2 2 2 2 2 2 2 2 2 2 2 2 3 3 3 8 20 22 22 25 20 15 8 2 2 2 2 2 2 2 2 2 2 2 2 2 2 2 2 2 2 2 2 2 2 2 2 2 2 2 2 2 2 2 2 2 2 2 2 2 2 2 2 2 2 2 2 2 2 2 2 2 2 1 1 1 1 1 1 1 1 1 1 1 1 1 1 1 1 1 1 1 1 1 1 1 1 1 1 1 1 1 1 1 1 1 1 1 1 1 1 1 1 1 1 1 0 1 1 9 52 56 53 67 102 95 63 68 57 58 58 
34 34 36 40 41 39 35 32 33 37 39 36 32 33 37 32 30 29 27 25 24 24 27 31 29 33 7 1 1 1 1 1 1 1 1 1 1 1 1 18 76 59 7 1 0 1 1 1 0 1 1 1 1 1 1 1 1 1 1 3 10 20 21 17 17 18 21 28 27 17 5 3 2 2 2 2 2 2 2 2 2 2 2 2 2 2 2 2 2 2 2 1 1 2 2 2 2 2 2 3 2 3 1 2 21 63 34 4 3 2 2 5 7 4 3 3 4 2 2 3 3 2 2 2 3 2 2 2 2 2 2 3 1 2 9 24 22 21 26 22 15 7 2 1 2 2 2 2 2 2 2 2 2 2 2 2 2 2 2 2 2 2 2 2 2 2 2 2 2 2 2 2 2 1 1 1 2 2 2 2 2 2 2 2 2 2 2 2 2 2 2 2 2 2 2 1 1 1 1 1 1 1 1 1 1 1 1 1 1 1 1 1 1 1 1 1 1 1 1 1 1 1 1 1 1 1 1 1 1 1 1 1 1 0 1 1 1 1 10 54 53 53 70 106 94 61 68 54 59 58 
28 29 30 29 29 29 29 26 24 27 27 23 22 24 25 23 23 24 23 20 20 27 24 23 24 23 3 1 1 1 1 1 1 1 1 1 1 1 2 31 75 54 4 1 1 1 1 1 1 1 1 1 1 1 1 1 1 1 1 8 19 34 44 23 27 29 23 22 28 36 28 19 12 6 2 2 2 2 1 1 2 2 2 2 2 2 3 3 2 2 2 2 2 2 2 2 2 2 2 2 2 2 1 2 14 37 17 2 3 2 2 3 2 2 1 2 2 2 2 2 3 2 2 2 2 2 3 2 3 2 2 2 2 2 8 19 25 26 32 30 18 7 3 1 2 2 2 2 2 2 2 2 2 2 2 2 2 2 2 2 2 2 2 2 2 2 2 2 2 2 2 2 2 2 2 2 2 2 2 2 2 2 2 2 2 2 2 2 2 2 2 2 2 2 2 2 2 2 2 2 2 2 2 2 1 1 1 1 1 1 1 1 1 0 2 1 0 2 1 2 1 1 2 0 1 2 1 1 2 3 2 1 1 2 1 1 1 1 19 70 55 48 71 113 88 63 51 47 49 43 
28 27 25 23 21 21 22 22 22 23 26 27 27 28 27 24 23 24 24 23 23 27 23 21 20 21 3 1 1 1 1 1 1 1 1 1 1 1 3 39 78 46 3 1 1 1 1 1 1 1 1 1 1 1 1 1 1 1 3 12 23 36 44 36 31 21 14 13 18 23 28 26 25 21 15 12 8 6 3 2 2 1 2 3 2 2 2 2 2 2 2 2 2 2 2 2 2 2 2 2 1 2 2 2 7 16 7 2 3 2 2 2 2 2 2 2 2 2 2 2 1 1 2 2 2 1 2 2 3 2 2 3 2 3 6 16 24 28 36 33 20 6 3 2 2 2 2 2 2 2 2 2 2 2 2 2 2 2 2 2 2 2 2 2 2 2 2 2 2 2 2 2 2 2 2 2 2 2 2 2 2 2 2 2 2 2 2 2 2 2 2 2 2 2 2 2 2 2 2 2 2 2 2 2 1 1 1 1 1 1 1 1 1 1 2 2 1 2 1 1 2 1 1 1 1 1 1 2 1 0 1 1 0 0 1 2 2 1 16 53 49 41 61 105 92 54 43 49 48 42 
27 27 25 22 21 22 22 23 23 23 26 32 34 33 32 27 23 22 23 23 24 28 23 21 19 20 3 1 1 1 1 1 1 1 1 1 1 1 6 51 81 36 2 1 1 1 1 1 1 1 1 1 1 1 1 1 1 1 8 13 19 26 27 19 17 17 19 24 26 26 27 25 26 25 24 24 20 19 14 10 6 2 2 2 2 2 2 3 3 2 2 2 2 2 2 2 2 2 2 2 1 2 2 2 3 5 2 2 3 2 2 2 2 2 2 2 2 2 3 4 4 3 2 2 2 2 2 2 2 2 2 2 2 3 3 7 10 13 18 17 10 4 2 2 2 2 2 3 2 2 2 2 2 2 2 2 2 2 2 2 2 2 2 2 2 2 2 2 2 2 2 2 2 2 2 2 2 2 2 2 2 2 2 2 2 2 2 2 2 2 2 2 2 2 2 2 2 2 2 2 2 2 2 2 2 1 1 1 1 1 1 1 1 1 2 2 1 1 1 1 1 1 1 1 1 1 0 0 1 1 1 1 1 1 1 1 2 4 18 38 40 32 38 66 73 42 36 47 47 46 
24 25 25 25 24 25 25 25 25 22 24 32 34 31 28 25 23 23 24 26 27 27 25 23 22 21 3 1 1 1 1 1 1 1 1 1 1 1 11 63 81 26 1 1 1 1 1 1 1 1 1 1 1 1 1 1 1 3 14 15 17 22 21 22 22 24 27 28 23 17 16 15 17 16 16 20 20 25 21 18 14 9 7 5 3 2 2 2 2 2 2 2 2 2 2 2 2 2 2 2 2 2 3 2 2 3 2 2 2 2 2 2 2 2 2 2 2 3 9 16 16 10 6 6 5 4 5 4 3 2 2 2 2 2 2 2 2 2 4 5 3 2 2 2 2 2 2 3 2 2 2 2 2 2 2 2 2 2 2 2 2 2 2 2 2 2 2 2 2 2 2 2 2 2 2 2 2 2 2 2 2 2 2 2 2 2 2 2 2 2 2 2 2 2 2 2 2 2 2 2 2 2 2 2 2 1 1 1 1 1 1 1 1 2 2 2 2 2 2 2 1 1 2 1 1 1 1 1 1 1 1 2 2 2 2 1 2 10 25 34 30 29 24 27 44 35 41 49 51 54 
23 24 25 24 23 23 23 24 24 23 24 30 31 27 24 23 23 25 27 29 29 27 27 27 25 23 3 1 1 1 1 1 1 1 1 1 1 1 17 71 75 18 1 1 1 1 1 1 1 1 1 1 1 1 1 1 1 5 19 19 20 27 28 32 29 26 25 24 20 18 19 19 21 18 15 18 17 19 16 16 18 18 19 17 11 6 3 2 2 2 2 2 2 2 2 2 2 2 2 2 2 2 3 2 2 2 2 3 2 2 2 2 2 2 2 3 4 7 20 36 36 21 11 11 12 11 12 10 6 3 3 3 3 2 2 2 2 2 2 3 2 2 2 2 2 2 2 2 2 2 2 2 2 2 2 2 2 2 2 2 2 2 2 2 2 2 2 2 2 2 2 2 2 2 2 2 2 2 2 2 2 2 2 2 2 2 2 2 2 2 2 2 2 2 2 2 2 2 2 2 2 2 2 2 2 1 1 1 1 1 1 1 1 1 1 2 2 1 2 6 16 14 3 2 4 2 1 1 1 1 1 2 2 2 2 2 4 12 17 18 16 21 17 11 25 32 40 40 40 43 
26 26 25 23 22 23 25 27 27 28 31 33 32 31 30 29 28 27 27 28 29 29 30 30 27 23 3 1 1 1 1 1 1 1 1 1 1 1 24 74 64 12 1 1 1 1 1 1 1 1 1 1 1 1 1 1 2 11 24 23 21 28 29 27 25 26 29 30 28 27 28 23 20 15 13 17 18 20 19 20 20 21 28 29 26 20 13 10 8 6 3 2 2 2 2 2 2 2 2 2 3 2 2 1 3 2 3 2 2 2 2 2 2 1 2 4 6 10 28 51 48 22 8 9 12 13 15 14 8 3 5 8 6 4 4 3 3 3 2 2 2 2 2 2 2 2 3 3 2 2 2 2 2 2 2 2 2 2 2 2 2 2 2 2 2 2 3 3 2 2 2 2 2 2 2 2 2 2 2 2 2 2 2 2 2 2 2 2 2 2 2 2 2 2 2 2 2 2 2 2 2 2 2 2 2 2 1 1 1 1 1 1 1 1 1 7 14 7 6 19 63 56 11 12 41 26 4 9 18 18 8 3 4 2 2 3 5 7 4 2 5 9 9 5 10 22 25 31 31 35 
25 24 23 23 24 28 31 31 31 35 38 34 32 34 35 34 31 29 30 32 34 35 35 34 29 23 3 1 1 1 1 1 1 1 1 1 1 2 31 75 54 8 1 1 1 1 1 1 1 1 1 1 1 1 1 1 4 21 27 26 22 26 26 26 24 25 33 36 33 30 27 20 18 19 23 28 25 24 26 30 27 25 34 41 36 28 22 19 19 15 11 7 5 4 2 2 2 2 2 2 2 2 2 2 3 2 2 2 2 2 2 2 2 2 2 4 6 11 34 63 60 31 16 18 17 10 9 9 5 3 9 14 9 6 9 7 5 3 2 2 2 3 3 2 3 3 3 3 2 2 2 2 2 2 2 2 2 2 2 2 2 2 3 2 2 2 3 3 2 2 2 2 2 2 2 2 2 2 2 2 2 2 2 2 2 2 2 2 2 2 2 2 2 2 2 2 2 2 2 2 2 2 2 2 2 2 1 1 1 1 1 2 1 1 3 27 71 57 54 60 105 89 21 35 102 59 17 55 80 72 68 59 36 11 2 3 10 17 7 4 2 2 4 4 3 11 10 19 23 31 
18 20 20 20 22 27 30 29 30 36 35 28 27 31 32 30 29 29 29 32 35 34 34 31 26 22 3 1 1 1 1 1 1 1 1 1 1 2 40 76 45 5 1 1 1 1 1 1 1 1 1 1 1 1 1 2 10 22 26 26 23 26 28 28 25 24 28 31 32 32 28 26 28 33 37 38 31 26 26 30 28 27 32 36 30 24 21 20 21 21 20 16 14 10 5 3 3 2 2 2 2 2 3 2 3 2 2 2 3 2 2 2 2 2 3 4 6 13 40 72 71 48 38 44 34 12 5 4 3 4 13 18 7 6 10 9 6 4 3 3 2 2 3 3 4 4 4 3 3 3 3 3 3 3 3 3 3 3 3 3 3 3 3 3 3 3 3 3 3 2 2 2 2 2 2 2 2 2 2 2 2 2 2 2 2 2 2 2 2 2 2 2 2 2 2 2 2 2 2 2 2 2 2 2 2 2 2 2 2 2 2 1 1 2 4 54 130 112 101 112 125 111 36 62 98 53 38 108 104 84 107 125 100 46 5 3 20 28 28 25 3 1 3 3 3 9 10 13 13 22 
15 18 18 16 16 20 23 24 26 28 26 23 26 29 28 28 29 27 23 23 25 26 26 23 20 21 4 1 1 1 1 1 1 1 1 1 1 3 48 76 36 3 1 1 1 1 1 1 1 1 1 1 1 1 2 4 17 19 20 21 22 23 25 27 26 24 24 26 27 28 27 27 31 35 37 36 32 29 28 27 27 26 26 26 25 24 24 24 22 21 21 22 25 23 17 13 9 4 2 2 2 3 3 2 2 2 2 2 2 2 2 2 2 2 4 4 6 16 43 74 71 51 45 46 30 9 4 3 3 4 19 24 5 7 14 11 8 7 5 3 2 2 2 3 4 4 4 4 3 3 3 3 3 3 3 4 3 3 3 3 3 3 3 3 3 3 3 3 3 3 2 2 2 2 2 2 2 2 2 2 2 2 2 2 2 2 2 2 2 2 2 2 2 2 2 2 2 2 2 2 2 2 2 2 2 2 2 2 2 2 2 2 2 2 2 45 128 109 65 94 125 108 36 87 101 48 43 99 53 27 41 80 134 74 9 5 27 33 44 40 7 1 2 2 8 16 23 22 20 28 
17 19 18 16 16 19 20 21 22 18 17 22 27 27 23 26 31 31 27 25 24 20 19 18 17 20 3 1 1 1 1 1 1 1 1 1 1 5 53 73 28 2 1 1 1 1 1 1 1 1 1 1 1 1 3 10 27 24 22 22 24 25 26 26 25 24 24 26 27 27 26 25 27 31 35 34 30 30 31 30 30 30 30 31 32 32 33 34 33 30 27 24 25 27 29 30 23 14 8 6 4 4 3 2 2 2 2 2 2 2 2 2 2 3 4 5 7 17 46 76 70 49 41 28 13 5 3 3 3 9 24 23 5 16 35 29 24 17 7 3 3 4 3 4 4 5 6 7 5 5 5 5 5 5 5 5 4 4 4 4 4 4 3 4 4 4 4 3 3 3 3 3 3 3 3 3 3 3 3 3 3 3 3 3 3 3 2 2 2 2 2 2 2 2 2 2 2 2 2 2 2 3 3 2 2 2 2 2 2 2 2 2 2 2 1 16 88 108 50 78 113 64 17 102 113 31 51 91 27 3 6 35 140 65 9 7 32 44 57 45 10 2 1 6 24 42 53 49 54 61 
14 16 16 15 15 18 19 19 19 15 14 19 22 22 21 22 24 24 23 24 23 20 18 18 18 21 3 1 1 1 1 1 1 1 1 1 1 8 58 67 20 1 1 1 1 1 1 1 1 1 1 1 1 1 6 22 31 27 23 23 25 27 27 26 25 25 26 28 28 27 29 29 29 29 30 29 27 28 29 29 29 29 30 30 32 33 34 36 39 38 32 32 31 29 31 33 28 22 16 12 12 10 7 4 4 3 2 2 2 2 2 2 2 3 5 6 7 18 49 72 62 46 43 20 5 4 3 2 4 19 29 12 6 26 37 39 31 18 11 11 13 7 6 5 5 6 7 9 7 7 7 7 6 6 6 7 7 7 7 7 7 7 5 5 5 5 5 4 4 3 4 3 3 3 3 3 3 4 4 3 3 3 3 3 3 3 3 3 3 3 3 3 3 3 3 3 3 3 2 2 2 3 3 2 2 2 2 2 2 2 2 2 1 3 2 3 41 110 105 112 106 35 12 115 104 20 66 88 17 3 3 36 139 50 6 10 38 50 64 53 12 6 7 22 49 64 72 73 81 90 
13 12 10 10 10 12 15 17 16 17 18 16 16 18 20 20 18 18 19 22 24 25 24 24 25 27 4 1 1 1 1 1 1 1 1 1 1 13 62 59 14 1 1 1 1 1 1 1 1 1 1 1 1 2 12 37 31 28 26 25 25 25 26 26 25 25 26 26 25 23 26 27 28 27 25 25 26 25 25 24 25 25 26 26 29 31 31 31 36 38 34 38 42 41 44 39 31 25 15 10 18 24 21 15 11 7 4 3 2 2 2 2 2 2 4 5 6 22 56 70 52 42 39 16 3 4 4 3 3 25 33 7 9 34 40 34 19 11 17 35 48 33 21 14 14 16 16 13 11 11 10 9 7 7 6 7 7 7 7 7 7 7 7 7 7 7 7 7 7 7 6 6 5 5 4 4 4 4 4 4 3 3 3 3 3 3 3 3 3 3 3 3 3 3 3 3 3 3 3 2 2 3 3 2 2 2 2 2 2 2 2 2 2 2 2 2 15 81 140 127 99 26 18 117 86 21 72 75 11 3 2 62 130 45 5 15 39 41 50 48 14 9 13 34 55 56 54 57 61 71 
26 18 11 9 10 11 15 16 15 20 23 18 16 17 19 21 22 23 27 30 28 25 26 27 27 28 5 1 1 1 1 1 1 1 1 1 1 18 66 51 9 1 1 1 1 1 1 1 1 1 1 1 1 4 20 48 39 38 36 33 31 30 30 30 29 27 27 26 24 22 24 26 26 24 22 22 24 24 23 23 23 23 24 24 26 29 29 29 36 43 42 39 40 43 44 39 32 26 14 8 16 22 21 20 19 19 16 9 5 3 2 2 2 2 3 4 6 26 65 69 45 38 31 12 3 4 5 3 5 30 31 6 17 40 39 20 13 21 39 63 90 125 104 75 49 36 34 38 34 32 30 26 24 21 20 14 14 12 10 9 7 6 7 6 6 6 7 8 8 7 6 6 6 6 6 6 5 5 4 4 4 4 4 4 4 4 4 4 3 3 3 3 3 3 3 3 3 3 3 3 3 3 3 2 2 2 2 2 2 2 2 3 3 2 2 3 5 43 127 149 99 19 24 134 77 27 88 66 7 2 4 101 118 36 6 21 38 31 37 38 15 5 9 32 48 48 40 39 36 43 
33 25 20 19 19 20 21 20 18 20 23 23 22 22 25 27 25 22 21 21 20 22 23 23 21 22 3 1 1 1 1 1 1 1 1 1 2 25 73 46 6 1 1 1 1 1 1 1 1 1 1 1 2 11 30 43 39 36 33 32 31 29 27 33 32 31 32 32 32 31 30 28 27 27 28 28 26 25 25 24 24 24 24 24 21 22 24 23 28 35 35 36 39 36 29 24 20 14 11 14 17 15 12 14 18 26 29 21 14 10 7 5 4 3 3 4 5 28 67 61 38 37 30 17 8 5 4 3 9 27 19 5 18 27 14 12 25 57 88 109 127 159 138 95 53 33 35 46 48 48 47 46 45 44 44 42 41 39 35 31 28 26 17 14 12 12 12 11 9 6 6 6 6 6 6 6 6 6 6 6 6 5 5 5 5 5 5 5 5 5 4 4 4 4 4 3 3 3 3 3 3 3 3 3 2 2 2 2 2 2 2 2 2 2 4 3 3 15 70 124 74 12 34 151 62 31 100 67 11 5 18 120 112 21 8 27 36 30 38 33 12 2 9 32 42 47 40 37 31 35 
19 21 25 29 30 26 25 26 22 17 19 27 28 26 29 30 26 23 25 26 24 24 24 22 18 18 3 1 1 1 1 1 1 1 1 1 2 31 78 43 5 1 1 1 1 1 1 1 1 1 1 1 4 21 36 32 38 32 28 29 33 33 29 31 31 32 35 39 42 42 33 28 27 34 43 45 41 30 26 25 25 25 25 25 27 31 32 25 24 26 24 21 23 25 22 22 20 11 12 21 27 23 16 14 14 17 20 21 24 25 21 14 10 5 3 4 5 27 63 51 32 39 36 30 19 7 4 3 8 14 8 11 13 9 25 53 86 115 148 167 161 112 68 37 28 31 32 30 23 24 27 30 33 36 38 42 45 50 56 60 64 66 78 72 65 60 54 45 36 29 26 21 17 13 10 8 7 7 6 6 6 6 6 6 6 6 6 6 6 6 6 5 5 5 5 4 4 4 4 4 4 4 4 3 3 2 2 2 3 2 2 2 2 3 4 2 3 3 9 24 18 4 33 103 27 19 88 147 124 97 108 141 112 14 12 34 36 31 40 27 11 3 17 40 34 38 34 33 29 34 
18 20 27 29 26 26 30 30 27 27 29 27 25 25 27 25 24 25 26 27 26 24 27 26 21 19 3 1 1 1 1 1 1 1 1 1 6 45 73 28 2 1 0 1 1 1 1 1 1 2 1 1 8 21 26 26 32 29 23 27 34 35 36 41 43 35 31 31 29 31 34 32 31 36 41 41 37 29 31 32 28 28 31 32 27 25 29 31 27 23 22 23 31 28 22 34 34 20 21 28 29 28 24 21 20 20 22 22 20 18 19 22 25 24 16 9 6 11 22 34 37 32 43 38 28 19 7 3 9 15 9 6 15 44 74 105 144 165 170 131 69 34 33 31 27 26 29 33 28 30 25 20 23 29 31 30 38 42 39 36 36 36 42 44 46 52 63 73 75 73 78 79 71 62 52 44 35 27 25 26 19 12 10 11 9 7 7 7 7 6 6 6 6 5 5 6 8 7 6 6 8 7 6 5 5 4 2 3 4 2 3 3 2 3 3 3 3 3 3 3 3 3 5 6 6 6 22 80 122 123 137 92 26 7 15 37 40 25 40 32 12 3 17 36 30 41 43 38 49 48 
26 25 27 29 31 38 42 38 34 35 37 36 34 32 29 28 28 27 24 20 19 22 22 20 16 16 2 1 1 1 2 3 2 3 2 2 9 48 72 28 3 1 1 1 1 1 2 1 1 1 2 4 14 28 29 26 23 32 34 32 30 28 34 42 64 53 31 29 35 39 39 38 37 37 36 32 28 26 28 31 32 34 36 34 26 23 26 31 31 27 27 24 28 28 24 29 25 19 21 24 24 24 21 20 21 24 26 27 24 20 18 18 20 23 28 33 27 17 12 16 27 35 30 23 40 34 6 2 8 12 10 17 47 103 132 162 165 114 69 49 33 26 26 26 24 23 26 29 32 31 27 24 24 28 30 33 39 41 37 34 31 29 31 30 28 30 37 40 37 36 43 52 61 70 76 78 79 80 75 63 57 52 47 38 33 29 26 23 20 17 14 12 11 9 8 9 11 10 8 7 8 9 8 7 5 3 5 4 3 3 4 4 3 3 3 3 3 3 3 3 3 3 4 4 3 3 3 5 9 14 20 15 6 13 31 55 45 31 37 26 8 4 19 40 35 44 46 39 47 44 
28 30 34 35 37 43 45 40 35 34 33 29 26 27 31 31 31 30 26 21 19 22 21 18 15 16 3 1 1 2 14 31 25 29 23 24 34 63 66 29 9 8 6 4 3 2 2 2 2 1 3 8 20 31 30 27 23 32 33 30 26 24 29 36 46 37 27 31 33 30 29 29 29 28 27 27 27 27 29 30 31 33 36 35 28 24 25 30 32 30 29 26 26 28 29 25 18 21 27 28 28 26 23 22 22 22 24 26 26 24 23 23 25 27 25 24 40 65 50 29 19 16 21 27 36 22 4 4 10 18 34 76 120 162 131 99 72 45 31 29 25 25 27 27 26 25 26 28 27 26 26 28 30 33 39 35 39 40 40 41 41 38 37 34 30 31 36 38 33 27 28 30 31 36 42 42 39 49 52 44 54 69 65 56 56 58 58 55 54 54 48 46 49 50 47 42 38 32 24 18 16 16 13 12 9 6 5 4 3 3 3 3 4 4 4 3 3 3 4 4 3 3 3 3 3 3 3 3 5 4 4 7 8 16 45 62 39 36 40 29 7 6 22 39 33 36 35 37 42 39 
28 30 31 32 36 42 44 39 36 37 37 34 33 32 28 27 27 29 28 26 24 25 25 23 22 22 3 1 1 4 36 85 76 88 75 85 87 98 94 68 53 55 41 36 29 17 4 2 2 1 6 12 18 22 21 23 27 27 22 23 27 26 28 31 30 28 29 27 20 19 24 23 21 22 25 28 30 29 28 26 24 25 28 33 34 31 29 31 33 31 30 28 25 27 31 23 16 23 30 29 29 28 27 25 24 23 23 24 25 25 26 27 28 30 34 29 33 66 97 97 58 23 11 10 11 8 4 8 27 58 108 166 142 113 66 33 22 24 30 34 32 29 32 34 32 29 28 29 33 29 28 29 26 26 32 36 36 34 35 39 42 40 34 34 33 32 35 36 35 33 32 29 26 27 30 29 29 35 37 31 35 43 39 33 35 41 44 47 52 60 68 76 84 91 91 87 82 73 63 57 55 50 43 41 33 17 10 9 10 8 6 5 5 5 5 5 5 5 5 5 4 4 4 4 4 4 4 5 5 4 4 9 13 30 67 70 33 37 38 27 6 10 25 38 33 30 30 40 42 37 
29 27 24 25 32 40 44 41 38 37 36 32 31 31 28 24 24 26 30 31 29 28 29 30 30 28 4 1 1 2 24 58 54 71 66 81 78 81 86 88 90 93 83 89 81 45 8 2 2 1 9 16 17 15 13 15 21 22 20 23 29 29 32 32 38 36 31 24 18 19 25 23 23 25 30 31 28 25 25 26 25 24 25 31 36 34 30 31 32 31 32 33 29 29 34 26 22 28 29 25 25 26 27 27 26 26 25 24 22 21 22 23 26 27 28 32 27 25 50 90 96 72 43 27 25 15 7 24 78 124 146 137 68 40 32 23 27 31 32 34 33 32 36 38 35 32 29 28 30 27 28 29 28 29 35 37 33 27 25 28 31 30 33 38 38 34 31 32 33 34 33 30 28 33 39 40 38 39 41 40 38 36 33 29 29 32 31 31 35 43 44 42 41 44 49 55 60 63 66 71 75 71 63 64 61 50 43 37 33 26 19 15 13 13 11 8 6 5 5 6 5 5 5 5 5 5 5 4 4 5 7 14 22 46 86 77 37 41 35 19 6 13 28 34 33 30 32 37 37 33 
26 26 24 27 31 32 32 33 31 32 33 30 31 34 32 27 25 28 31 31 30 28 29 31 32 30 4 1 1 0 3 8 8 15 16 26 29 35 43 52 57 57 60 74 73 43 8 3 1 4 15 23 21 17 13 14 15 21 24 27 28 26 30 32 39 32 26 29 28 24 23 22 24 29 34 32 26 24 24 26 29 29 28 29 29 27 26 28 29 28 30 36 36 39 40 31 33 39 35 30 28 27 27 26 25 24 24 22 20 20 21 22 25 28 25 23 23 24 26 33 61 89 90 80 67 41 30 55 116 124 86 52 21 22 28 25 29 31 31 33 31 28 32 36 35 31 30 29 26 27 30 33 34 36 39 34 31 25 23 26 29 30 36 44 44 36 31 31 32 38 37 32 30 34 37 36 35 35 39 43 41 37 36 36 37 37 35 34 37 43 43 40 39 41 43 44 43 38 37 43 47 45 41 44 49 62 76 71 64 66 58 48 47 44 38 30 23 19 15 10 9 8 7 6 5 5 5 4 6 8 9 17 26 39 69 61 41 47 40 19 7 19 30 28 30 27 32 29 28 27 
26 25 24 26 30 26 26 29 28 30 31 29 31 34 32 28 27 29 29 26 24 27 26 27 28 29 4 1 1 1 1 1 1 2 1 1 2 3 5 8 10 12 21 25 25 16 3 4 1 8 19 24 22 19 17 18 19 24 25 25 24 19 20 23 25 23 25 29 26 24 24 24 25 27 28 28 27 25 21 20 23 26 24 22 20 20 24 29 29 27 28 33 37 43 38 29 39 43 38 37 30 26 25 25 25 24 23 22 22 22 23 23 24 29 33 27 22 27 27 27 40 56 68 79 78 58 48 55 75 57 39 35 22 28 27 27 29 26 24 26 22 19 23 27 28 27 26 27 23 29 32 32 32 31 28 26 26 23 21 24 28 30 33 39 40 35 33 33 34 36 35 31 30 33 36 33 30 32 35 38 39 38 36 34 34 35 36 37 40 44 41 37 36 37 39 39 37 36 34 34 36 36 36 40 40 42 54 59 63 70 67 61 60 61 60 58 54 53 52 47 45 40 33 26 21 18 14 13 14 21 44 62 49 39 54 42 39 44 41 18 10 25 34 27 33 33 41 33 31 28 
24 21 21 25 30 29 31 33 30 28 23 19 20 25 27 25 23 23 22 21 22 27 26 24 24 22 5 1 1 1 2 1 1 1 1 1 1 1 1 1 1 1 2 2 2 2 3 5 3 19 21 21 20 19 18 17 24 23 20 19 19 16 15 21 25 26 24 23 21 23 23 23 23 23 21 20 21 22 18 16 19 21 19 17 17 21 25 29 30 32 34 35 35 37 33 29 35 35 30 27 25 24 22 20 22 25 26 23 24 25 22 21 22 24 26 24 22 22 25 28 30 30 30 36 41 32 27 30 32 28 32 39 32 33 30 30 29 24 21 19 16 16 17 20 22 22 22 20 18 23 28 31 33 31 27 26 25 21 20 21 24 26 30 33 36 37 38 39 38 33 29 29 33 36 37 37 32 30 31 35 38 39 37 34 32 31 32 34 36 37 35 33 33 34 36 38 42 41 36 34 35 37 40 43 42 37 38 44 50 48 43 39 37 42 46 49 52 56 64 75 76 72 67 69 69 62 51 55 61 80 116 123 84 42 47 34 37 37 37 14 13 29 36 34 40 42 47 44 38 31 
25 22 23 28 31 28 29 30 26 23 20 18 23 28 28 26 24 22 23 24 27 32 31 30 28 20 6 1 1 1 1 1 1 1 1 1 1 1 1 1 1 1 1 1 1 2 4 3 4 30 25 24 25 24 22 21 27 23 22 24 26 25 21 24 29 27 23 24 27 25 19 17 19 21 19 17 17 18 17 18 21 22 21 20 20 22 25 24 24 28 31 32 31 29 28 29 28 26 22 19 21 25 22 17 18 28 32 25 24 24 19 18 20 25 28 26 26 28 33 39 37 36 35 33 31 27 25 25 27 30 31 31 31 31 31 29 26 27 31 31 28 24 21 23 23 24 25 21 22 25 30 33 33 32 30 31 27 24 23 25 27 29 31 32 34 36 37 36 34 33 35 35 35 40 44 41 38 33 32 39 41 37 34 31 28 26 28 31 33 33 35 36 37 39 37 37 43 43 38 37 37 37 38 39 39 37 38 42 46 45 38 34 35 38 40 38 36 36 39 47 50 51 54 62 67 65 64 72 80 96 109 91 61 38 42 37 44 39 36 13 19 32 36 37 40 40 40 42 40 36 
29 26 26 29 29 26 25 25 22 18 18 23 29 34 36 33 33 35 36 35 33 32 31 32 32 24 9 2 1 1 1 1 1 1 1 1 1 1 1 1 1 1 1 1 1 2 4 5 9 28 26 27 28 28 28 29 33 27 24 26 30 29 26 26 28 27 26 29 30 26 20 17 16 19 20 19 18 14 13 16 18 17 18 21 20 21 21 19 18 22 26 27 28 28 26 24 24 25 24 20 21 26 25 19 19 24 26 20 20 21 19 21 26 34 36 31 31 30 30 33 34 34 34 35 34 32 30 30 32 30 26 23 24 27 27 27 28 31 38 40 37 33 30 31 28 27 32 31 24 26 28 29 30 32 34 30 28 26 26 28 30 30 33 35 36 36 36 34 32 29 34 32 29 37 46 40 34 31 32 36 37 34 30 27 24 23 26 31 34 34 35 35 35 35 33 34 39 40 37 36 36 36 37 38 40 41 40 40 41 39 34 33 35 36 39 41 38 33 30 29 28 31 33 31 32 36 37 41 45 55 63 51 35 39 44 42 49 41 34 12 21 30 31 33 38 37 38 37 42 45 
32 29 28 29 28 26 24 24 21 17 17 25 30 30 30 30 32 35 37 35 34 34 33 32 33 31 22 17 19 17 15 13 11 10 8 7 6 4 3 2 2 1 2 1 1 2 5 12 23 27 27 28 30 30 30 32 37 29 22 23 28 30 29 29 31 31 31 32 31 25 24 22 21 22 22 20 19 15 15 19 21 19 19 23 22 21 21 19 20 26 31 30 29 30 27 25 25 27 26 23 24 28 28 23 21 23 22 18 19 21 20 20 22 25 27 25 27 28 24 27 31 31 31 31 31 28 28 31 31 28 23 21 23 26 27 28 27 29 33 34 32 33 29 30 27 27 33 33 22 23 24 26 29 33 36 28 25 24 24 25 26 26 25 26 29 30 32 33 33 31 27 25 27 31 32 31 30 28 27 28 29 29 29 28 26 24 26 30 32 32 32 31 31 32 31 31 35 36 33 33 33 34 35 36 38 40 38 39 40 38 35 33 31 30 32 35 37 35 33 30 28 30 32 29 31 34 30 30 29 31 37 36 30 35 37 34 38 34 30 14 24 28 27 30 35 36 37 36 41 45 
38 33 29 26 24 23 25 28 26 21 21 27 28 24 22 26 30 31 31 33 36 40 38 34 34 38 40 42 51 50 49 48 47 44 40 31 28 24 20 17 14 12 9 6 5 7 10 20 32 23 23 26 28 27 28 30 27 24 24 28 33 33 30 29 34 36 36 35 34 32 32 33 33 30 27 24 23 25 26 30 32 29 26 27 30 31 28 23 21 24 27 27 26 25 25 24 25 26 27 27 27 30 31 28 26 27 29 26 27 27 23 19 18 19 22 22 27 30 27 31 38 36 33 31 29 25 24 26 25 24 25 27 28 28 28 29 29 29 33 35 33 30 26 27 26 27 29 26 25 23 23 26 29 29 27 28 25 21 20 20 21 22 19 21 24 25 26 28 29 29 24 23 27 29 27 27 26 26 26 27 28 30 31 30 28 26 27 31 33 32 35 37 37 40 38 36 36 38 36 34 31 29 29 29 29 29 30 31 33 33 31 30 31 31 31 31 32 32 33 33 32 30 30 33 37 37 38 37 31 26 25 28 29 29 29 24 25 25 25 17 31 31 26 27 30 28 29 34 36 38 
41 38 34 31 29 30 31 33 33 29 28 29 28 26 27 34 38 36 35 40 41 35 35 32 30 33 35 37 45 47 50 54 56 54 50 42 42 42 45 47 48 46 37 33 29 30 25 29 32 20 20 23 27 27 27 30 24 23 23 25 27 28 28 32 37 39 38 35 34 35 34 37 39 35 32 31 31 28 26 27 29 27 23 21 28 33 32 27 24 26 27 23 20 21 21 23 24 24 25 26 26 27 27 26 25 26 26 27 30 33 32 29 26 27 27 24 27 28 25 29 37 36 34 35 34 32 31 30 26 26 28 30 28 26 28 28 28 28 32 35 35 32 28 30 31 31 30 22 25 24 25 28 30 28 24 30 27 23 21 22 23 24 29 31 31 29 26 25 26 22 24 24 23 28 33 30 23 25 30 30 31 31 31 30 28 27 29 34 37 37 39 40 41 43 40 34 32 32 30 27 23 21 21 21 22 23 25 26 27 26 25 25 29 32 35 36 35 33 32 33 34 28 26 33 36 32 32 37 37 32 29 33 36 28 27 24 24 25 23 19 32 31 26 26 27 26 27 34 36 40 
35 38 39 37 36 38 39 37 37 35 31 26 26 28 31 34 35 33 32 36 37 33 32 31 32 33 30 28 38 42 49 56 59 58 55 51 51 52 53 55 54 54 63 64 61 58 38 33 32 29 28 30 35 37 36 36 38 33 26 21 21 25 32 35 35 34 33 31 30 30 29 31 30 28 30 33 34 27 23 23 24 23 21 21 22 26 30 29 29 30 30 23 20 23 24 23 23 24 23 22 23 22 21 21 23 27 31 28 26 27 27 25 23 24 26 24 27 30 31 33 31 31 32 35 37 38 38 37 33 30 30 30 27 25 29 29 26 25 27 31 32 36 35 39 40 38 37 29 24 26 29 32 32 31 30 30 28 26 26 27 29 30 32 34 32 28 23 21 22 21 27 26 20 24 31 31 27 31 34 30 29 30 31 33 32 30 31 34 36 35 35 34 35 37 35 30 28 27 26 22 20 19 21 24 27 29 29 29 27 26 26 26 27 29 34 39 40 36 34 35 35 33 32 34 35 34 35 39 40 36 31 31 33 33 31 30 29 31 30 28 29 31 29 30 32 30 35 41 40 43 
30 35 37 34 32 31 35 39 37 36 30 21 22 30 36 35 33 32 32 32 32 27 24 24 29 34 27 21 26 31 41 51 57 56 55 55 56 57 60 63 64 61 55 62 63 58 35 32 33 29 26 27 31 32 29 27 31 30 26 21 19 23 28 27 24 23 25 27 29 29 25 23 20 19 24 30 31 24 20 20 20 20 21 25 24 27 31 29 25 22 19 19 23 28 27 22 20 21 22 23 24 22 20 21 24 31 34 27 21 20 23 24 27 35 34 28 28 29 30 35 38 36 34 33 33 31 31 33 32 31 31 32 34 36 34 34 30 28 31 36 37 35 38 46 46 44 46 41 29 35 38 35 30 29 31 26 25 26 28 32 34 34 32 34 35 32 29 28 31 35 31 27 24 21 23 30 41 45 40 29 26 31 37 43 42 36 33 32 30 27 31 32 32 35 36 34 33 39 41 35 30 28 30 34 36 36 34 32 30 30 31 34 35 30 30 34 37 33 31 33 32 37 40 35 35 37 32 31 32 32 31 31 34 38 34 32 31 38 40 44 35 37 36 37 36 33 39 47 39 34 
34 33 33 33 30 28 26 29 32 29 24 27 33 33 26 26 25 23 23 26 28 29 29 28 27 26 29 31 34 31 29 32 43 53 56 62 67 68 65 61 63 67 66 51 39 34 35 36 37 35 32 31 30 30 28 25 24 27 34 40 37 34 35 36 36 35 36 39 34 24 32 27 17 13 14 16 17 22 26 30 28 25 23 23 28 29 30 34 39 38 34 27 25 27 27 25 23 21 24 25 23 21 21 24 28 28 23 18 20 24 23 23 23 21 21 23 24 24 25 27 26 24 26 28 26 26 30 36 30 26 28 30 30 29 29 27 28 31 34 34 32 32 34 35 36 40 42 39 33 29 27 30 34 35 34 34 31 25 24 28 32 30 27 28 29 33 37 34 25 23 25 26 29 31 34 36 33 30 32 34 28 25 31 42 40 32 28 29 31 32 35 35 35 37 42 47 51 50 44 41 42 40 34 30 27 27 32 38 35 29 30 31 33 38 40 39 36 35 33 32 37 38 34 32 37 40 36 38 38 37 34 30 30 34 34 34 36 39 42 44 40 42 44 44 41 39 37 40 41 42 
32 31 31 31 30 28 26 27 30 29 28 31 34 31 26 28 28 27 25 24 26 29 27 26 27 29 30 31 31 25 22 24 30 37 44 51 57 60 58 55 55 55 45 38 32 31 32 31 30 27 27 29 33 36 36 35 37 35 36 35 31 29 31 33 35 35 33 34 34 30 31 26 21 19 19 20 20 25 29 32 31 28 27 28 33 32 29 28 29 31 32 30 28 27 26 25 24 23 25 26 25 24 24 25 26 27 26 24 24 25 22 19 19 22 23 25 23 19 20 23 23 22 24 26 25 28 30 27 25 24 24 26 27 28 25 26 28 31 32 29 26 24 24 22 21 25 30 32 29 27 26 28 31 33 33 37 35 29 27 31 35 35 33 32 30 31 34 33 26 26 24 22 22 24 26 27 28 26 27 28 22 18 21 33 36 34 36 37 37 35 33 32 33 36 38 38 39 39 40 41 39 30 23 24 30 32 30 32 37 36 33 31 30 32 35 38 37 34 31 33 35 35 31 29 31 33 34 34 35 36 37 37 37 36 36 36 38 41 44 47 42 41 40 38 36 35 35 41 42 43 
32 32 31 31 30 27 27 29 30 30 32 35 34 29 26 29 31 31 28 25 26 31 28 27 30 33 33 32 31 32 40 47 42 36 35 38 42 45 43 40 38 37 34 32 32 34 35 32 30 28 29 30 33 35 34 32 32 30 30 30 28 28 30 32 35 35 31 29 32 34 29 26 25 26 27 26 24 25 28 30 30 30 32 35 34 31 29 26 26 26 27 30 29 26 25 27 27 27 28 29 29 29 28 26 25 22 23 26 27 27 26 22 21 25 28 30 25 20 20 23 23 23 23 22 20 23 25 22 25 26 25 24 28 31 27 29 32 35 33 26 21 25 27 26 25 27 32 35 30 29 28 28 29 32 35 34 33 30 28 31 35 37 41 40 36 35 37 37 32 30 26 23 23 26 30 31 29 28 29 30 26 22 26 31 32 33 36 37 32 27 24 25 28 30 31 30 28 32 36 35 35 32 28 29 34 34 31 31 34 36 38 38 34 35 39 43 44 39 36 36 36 35 34 32 32 34 38 37 36 36 37 38 39 40 40 39 40 42 44 45 43 40 37 35 35 36 38 42 43 43 
35 34 33 34 32 30 30 32 30 29 31 35 32 29 30 31 31 31 30 28 29 30 31 32 33 33 33 33 32 34 49 59 47 33 32 41 43 44 41 38 37 37 32 33 34 37 37 35 33 31 32 32 33 32 30 28 26 27 29 31 31 31 31 34 35 33 30 28 29 32 29 28 29 30 31 29 26 30 32 31 31 31 33 36 33 32 33 33 29 27 25 27 26 22 22 25 29 30 27 26 26 26 24 22 20 20 25 31 29 27 28 25 22 23 26 29 27 21 20 22 22 23 22 20 20 24 26 22 27 30 27 25 29 33 33 35 38 41 38 31 25 24 28 30 29 28 30 33 28 27 24 23 22 24 26 29 29 29 28 29 31 33 40 41 40 39 40 39 34 32 29 26 27 29 31 32 28 27 30 33 31 30 33 34 33 32 32 31 26 21 20 23 26 28 29 29 29 34 34 28 30 35 35 31 28 29 32 32 28 27 35 41 39 41 43 45 45 41 39 36 36 35 36 36 35 35 38 37 37 38 38 39 39 40 39 39 39 40 40 41 42 39 37 37 39 41 42 43 41 38 
35 35 35 37 38 36 36 35 33 31 33 37 36 35 36 34 31 30 30 31 30 32 36 37 34 31 33 36 34 29 32 36 32 27 30 34 35 34 33 32 33 34 36 35 36 36 37 37 36 33 35 35 35 34 33 32 35 34 33 32 33 34 34 34 32 31 32 31 30 29 30 30 29 29 29 28 27 34 35 33 30 30 31 33 33 34 34 32 28 25 22 24 22 19 18 21 24 25 27 28 28 28 27 26 26 28 34 36 31 26 24 22 20 19 20 24 25 21 19 19 18 20 20 20 22 27 28 21 25 28 25 23 25 27 25 26 29 33 34 30 27 30 32 33 31 29 31 36 34 33 30 27 26 26 27 29 29 29 28 27 26 27 29 34 37 37 37 35 31 31 31 30 30 30 29 27 26 27 29 31 30 29 30 34 33 30 28 28 27 25 25 26 28 29 28 29 30 33 30 26 27 29 27 25 27 30 33 34 30 26 29 34 36 39 40 38 36 36 37 36 34 34 36 36 35 34 34 36 37 39 40 40 38 34 34 35 36 38 39 40 41 38 37 38 40 40 40 40 36 32 
34 34 35 38 41 41 40 40 41 40 39 44 45 44 40 36 33 32 32 32 32 36 39 38 33 29 32 37 38 33 33 35 33 32 32 27 27 26 26 27 28 30 39 37 36 35 35 36 37 37 38 38 36 34 34 34 39 37 32 29 31 33 33 32 29 29 33 33 30 27 30 30 28 27 26 26 26 27 26 25 24 26 28 30 32 30 26 22 20 19 19 21 21 19 17 18 19 19 23 28 29 29 31 31 31 33 35 34 30 25 22 22 21 20 21 25 26 23 22 21 19 21 20 19 21 23 23 21 23 24 24 22 22 23 23 24 27 32 35 34 32 36 32 30 29 28 30 36 35 33 30 30 30 29 29 31 27 25 25 25 24 26 26 31 34 32 32 32 31 29 31 34 36 35 35 35 33 33 35 35 33 31 30 31 29 26 26 29 31 31 29 30 30 29 26 25 27 26 25 27 29 26 24 28 33 35 37 41 41 35 31 32 35 36 35 33 32 34 36 38 38 38 39 40 39 39 39 39 38 37 35 34 32 28 30 32 35 37 39 40 41 37 36 37 39 38 37 37 34 30 
36 34 35 37 38 38 37 40 46 45 40 41 44 41 36 35 36 37 38 34 33 34 32 27 23 22 25 29 31 30 31 34 37 37 34 35 34 33 33 33 32 31 35 34 32 30 30 31 34 34 34 34 32 30 32 34 38 36 31 27 28 28 24 31 29 30 33 31 27 25 29 29 27 25 24 25 26 23 21 20 20 21 23 25 27 24 20 18 19 20 19 20 21 21 20 19 19 19 21 24 27 30 33 34 35 35 32 29 28 26 21 21 23 25 28 30 28 24 24 26 25 26 24 24 26 26 24 25 25 25 27 28 26 24 28 28 31 36 38 37 34 30 26 24 24 23 23 25 22 21 21 23 26 26 24 26 20 17 19 21 24 28 30 32 31 28 27 31 34 28 30 36 36 34 35 37 35 36 39 39 39 38 36 32 29 27 28 30 32 31 31 33 34 32 27 25 26 26 26 28 31 30 28 29 30 31 38 46 44 37 37 38 37 34 32 32 34 36 37 39 41 43 44 46 48 48 43 40 36 33 31 30 30 30 31 33 34 36 37 38 40 36 34 36 39 40 39 39 37 35 
34 33 31 31 33 36 35 34 37 39 39 39 38 35 33 35 39 41 40 37 34 30 25 23 23 23 21 19 16 17 19 24 31 33 31 33 33 34 33 32 31 30 33 32 30 28 27 29 31 30 29 30 30 30 31 35 35 34 28 24 23 23 24 36 33 29 27 27 26 26 29 28 26 26 27 29 30 29 26 24 24 22 21 21 23 23 22 22 22 21 21 19 20 23 24 23 22 22 23 26 30 36 40 40 38 37 33 28 29 30 26 24 25 26 29 30 27 25 26 28 27 26 25 26 29 30 29 29 28 28 29 30 27 25 25 23 23 27 31 31 29 31 28 25 25 24 22 20 17 18 21 25 25 21 20 21 18 17 19 23 27 31 31 30 29 28 29 30 32 30 29 30 32 30 29 32 34 36 36 35 38 39 37 34 33 31 30 30 28 27 29 33 37 36 32 30 31 32 32 31 30 31 30 26 22 23 31 33 31 32 36 38 36 36 39 40 36 34 34 37 42 42 41 43 46 46 40 36 34 35 35 34 34 33 31 33 35 35 35 37 38 39 37 36 38 40 40 38 39 38 
32 30 28 26 27 30 30 27 26 29 35 38 35 32 34 38 42 42 42 41 38 31 29 29 29 27 22 18 19 23 25 28 31 30 25 22 25 27 28 27 26 26 29 28 27 26 26 27 27 26 26 29 33 32 31 33 38 34 29 25 25 28 32 36 33 27 24 26 29 29 31 31 31 34 37 38 37 34 31 28 28 25 22 23 26 28 29 26 23 21 20 19 20 23 25 23 22 23 24 25 28 33 36 33 29 27 26 22 25 29 28 25 24 24 26 27 27 29 31 32 30 25 22 22 25 26 26 27 27 26 26 25 23 22 25 21 21 24 28 30 30 31 30 26 25 26 24 20 21 24 30 33 28 22 19 21 21 21 22 24 25 26 28 25 25 28 29 28 27 30 30 30 32 31 28 28 28 29 28 27 32 36 35 34 36 33 32 32 27 29 28 30 35 35 33 34 35 36 37 37 34 33 33 29 26 25 25 25 27 31 33 36 42 47 53 50 40 34 34 37 42 40 38 42 45 44 37 33 35 39 41 40 41 40 37 38 41 39 36 37 35 39 37 34 34 36 35 32 35 34 
37 36 35 33 31 28 27 26 25 27 32 34 32 30 33 36 40 41 40 40 37 31 34 36 36 34 33 33 36 41 42 38 34 29 24 20 23 25 26 24 22 22 24 23 22 23 22 21 19 16 17 22 27 29 30 32 46 40 34 32 33 35 35 32 31 28 27 28 29 27 29 31 34 38 41 39 35 34 31 27 26 24 23 25 29 30 30 28 25 23 23 23 24 25 24 21 21 23 25 26 26 27 29 27 22 20 19 19 23 26 26 25 25 25 26 27 29 31 33 32 24 18 16 20 26 29 28 27 26 26 26 25 23 22 26 26 27 28 29 29 29 29 31 31 30 29 26 22 24 24 28 30 26 22 21 21 21 21 21 21 21 21 24 21 20 22 22 22 23 24 30 33 31 31 33 29 24 24 25 26 30 34 34 34 36 34 34 35 32 34 32 33 37 35 33 34 37 37 40 42 39 35 34 33 33 32 28 33 38 36 35 38 43 47 49 44 35 33 36 40 41 39 39 43 47 45 39 34 34 38 40 42 43 43 41 40 39 39 38 36 35 36 35 33 34 34 31 27 31 31 
35 35 37 38 36 33 30 29 30 34 39 39 34 31 32 35 36 35 34 33 33 32 37 39 38 35 36 37 38 44 45 38 32 28 26 25 26 27 26 23 22 22 24 22 22 23 23 20 17 14 14 16 20 25 29 32 41 34 26 24 26 29 30 31 32 30 28 27 27 24 29 30 31 34 36 35 32 34 33 30 28 26 25 26 27 28 29 29 28 28 28 29 30 29 27 24 25 27 30 30 28 29 32 32 28 24 21 22 24 25 25 25 26 26 25 26 28 31 32 30 25 19 17 22 29 32 32 33 32 31 31 30 28 26 27 27 27 27 27 27 27 29 33 36 36 34 31 27 26 25 24 25 25 26 27 24 24 24 25 24 24 23 23 20 19 20 20 20 22 20 26 29 27 29 35 37 33 32 33 32 33 33 33 33 35 33 32 33 30 32 35 38 41 37 34 35 38 39 42 44 41 36 33 32 34 34 31 37 43 42 41 42 41 42 43 42 37 37 40 42 40 38 40 44 44 42 43 38 36 37 37 38 40 38 37 31 28 32 35 34 34 33 34 34 35 33 30 27 30 31 
27 28 30 32 32 31 32 34 36 39 42 42 37 34 34 36 36 35 33 32 33 37 38 39 38 37 35 34 37 41 41 34 28 27 30 34 33 32 30 28 29 29 24 23 23 26 28 26 24 26 24 23 24 27 30 31 32 28 22 19 19 22 27 31 33 32 29 30 32 31 36 35 34 36 38 37 34 34 35 34 33 32 31 31 30 30 32 34 33 32 30 32 34 33 32 31 31 32 34 32 29 30 34 36 35 31 27 26 24 22 23 26 27 26 25 26 30 33 35 36 39 35 33 34 36 37 37 38 36 34 33 32 31 29 27 24 22 23 25 26 26 28 31 34 34 32 30 29 32 33 34 34 35 36 36 31 31 30 29 27 25 24 26 23 22 22 22 23 25 24 24 25 25 24 26 32 32 31 31 31 31 31 31 32 34 31 30 31 27 29 31 33 37 35 33 37 42 46 47 45 44 42 38 35 32 32 34 34 37 42 44 45 44 40 42 46 46 46 44 36 35 37 44 48 47 44 42 39 39 40 39 38 40 43 41 34 28 30 33 30 28 28 29 31 32 30 27 30 33 34 
30 30 28 28 28 29 33 36 34 33 35 37 36 34 32 34 35 35 34 34 35 35 34 36 40 42 40 35 31 33 33 29 25 26 32 38 38 37 36 36 38 40 34 32 31 33 34 32 30 32 33 33 35 38 37 33 35 37 36 33 31 32 35 35 36 33 29 29 32 34 36 36 36 39 40 37 32 30 32 34 34 35 35 34 30 30 32 34 36 35 33 32 33 34 35 35 36 36 35 33 30 29 30 33 34 35 36 33 28 27 31 35 37 36 33 32 32 34 34 34 34 35 37 40 43 45 43 36 35 33 33 32 32 30 27 23 21 23 26 28 28 29 29 31 32 31 29 29 29 35 40 41 39 34 28 30 30 30 30 29 28 27 29 28 28 29 27 27 29 30 27 29 33 28 24 28 30 27 25 27 29 29 29 30 33 31 31 33 30 32 32 33 36 34 33 37 41 43 40 37 39 41 38 35 31 32 35 31 31 38 40 38 37 33 34 37 38 38 36 32 31 35 42 43 40 37 32 32 36 39 39 40 43 44 47 44 40 39 37 34 31 30 32 34 34 32 32 35 35 35 
28 29 27 23 23 26 31 35 33 32 32 33 33 31 28 30 31 31 32 32 34 37 34 32 32 31 27 24 25 26 29 28 25 27 34 37 39 39 39 38 39 40 43 43 43 42 39 35 32 29 32 35 39 44 43 38 39 42 44 43 42 41 41 39 39 33 27 25 28 29 33 32 32 33 35 34 31 30 33 35 33 34 35 34 30 29 29 32 35 37 38 34 32 32 34 35 37 37 36 36 34 31 29 30 32 34 35 32 28 28 34 38 41 43 40 36 32 30 30 31 32 31 31 33 33 30 28 30 29 28 29 31 31 30 25 26 27 28 29 29 30 34 31 34 37 34 31 29 30 36 40 41 38 33 26 25 26 27 29 32 34 36 34 34 37 38 34 32 34 35 34 35 37 35 32 33 32 26 22 25 29 29 29 29 31 30 31 34 31 34 36 39 42 37 33 34 36 34 30 29 32 33 30 29 30 32 33 32 33 34 33 33 34 33 34 34 32 33 36 36 33 35 38 35 32 31 29 29 32 35 37 39 43 38 40 43 43 40 39 41 39 38 39 40 37 37 40 39 37 37 
28 32 30 26 27 32 34 33 37 41 41 37 32 29 28 30 30 30 29 29 33 39 38 39 40 41 39 37 34 35 37 37 32 31 35 37 39 40 39 36 33 32 33 38 43 45 43 40 38 35 36 34 35 41 42 37 33 31 29 30 32 33 32 35 37 34 28 27 31 33 38 35 30 30 33 37 40 41 43 41 36 35 37 35 39 39 34 33 35 37 38 35 33 32 32 35 37 37 37 37 37 33 29 28 32 36 37 35 31 33 40 42 38 34 33 31 29 29 32 36 35 30 29 32 32 26 22 22 21 22 24 26 28 27 23 29 34 35 31 29 29 36 33 35 40 37 31 28 30 32 32 30 31 32 29 29 29 30 31 33 36 37 38 40 44 46 42 37 38 40 42 37 30 32 36 33 27 19 15 20 27 29 30 28 29 28 28 31 29 31 32 34 37 34 31 32 34 33 31 32 35 32 27 29 33 31 28 34 39 34 31 31 31 36 38 34 29 33 40 41 37 39 40 38 38 40 40 37 37 36 36 39 44 41 36 36 34 31 32 40 38 37 38 36 32 31 36 42 39 38 
