UP
5 5 5 5 5 5 5 5 5 5 5 5 5 5 6 6 6 6 6 6 6 6 6 6 6 6 5 5 6 6 6 5 5 5 6 6 5 5 5 5 5 5 5 6 6 6 6 6 6 5 6 9 11 10 8 7 7 7 7 7 7 6 5 6 5 5 5 5 5 5 5 5 6 7 7 7 7 6 6 7 7 6 7 7 8 19 43 27 9 9 8 9 9 8 8 9 9 9 9 8 7 7 7 7 7 7 7 7 7 7 7 7 9 11 11 10 11 15 14 10 9 8 8 7 7 8 8 7 7 8 8 9 11 12 11 12 12 10 8 7 7 7 7 7 6 7 7 7 7 7 7 7 7 7 7 7 6 6 6 6 6 6 5 5 5 6 7 7 6 6 5 5 6 6 6 6 6 5 5 5 5 5 5 5 5 7 8 7 6 7 7 7 7 7 7 6 6 6 6 6 7 8 9 5 3 5 6 4 3 4 3 4 5 5 5 5 6 8 12 9 5 6 7 8 7 7 8 8 7 8 9 9 9 10 11 10 9 9 9 10 10 11 11 12 11 10 10 11 11 11 
5 5 4 5 5 5 5 5 5 5 5 5 5 5 6 6 6 6 6 7 7 6 6 6 6 5 5 4 5 6 6 5 5 5 5 5 5 5 5 5 5 5 5 5 6 6 6 5 5 5 6 9 12 14 13 12 11 7 6 7 7 6 5 5 5 4 4 4 4 4 4 5 5 6 6 7 7 6 6 8 7 5 6 6 7 14 42 35 12 7 8 9 8 7 7 8 8 9 8 7 6 6 7 7 7 7 7 7 7 7 7 7 7 8 9 9 9 12 11 6 6 7 7 7 7 8 7 6 5 6 6 7 8 9 9 9 10 8 7 7 7 7 6 6 5 6 6 6 6 7 7 7 7 7 6 6 6 5 5 6 5 5 4 4 5 5 6 6 6 6 4 5 5 6 6 5 5 4 5 5 5 5 5 5 6 7 7 7 7 6 7 7 7 7 6 6 6 6 6 6 6 6 8 6 4 5 5 4 5 6 3 5 7 7 6 7 8 7 10 8 6 6 7 7 7 8 8 8 7 7 8 8 8 9 10 9 9 8 9 10 11 11 11 10 10 9 10 10 11 10 
4 4 4 4 4 5 5 5 5 6 5 5 5 5 5 6 6 6 6 7 7 6 6 5 5 5 4 4 5 6 7 6 5 5 5 5 5 5 5 5 5 5 5 5 6 6 6 5 5 5 4 7 10 13 15 15 13 8 6 6 7 6 6 5 5 4 4 4 4 4 5 5 5 5 6 6 6 6 5 7 6 4 6 5 5 11 43 50 19 5 6 7 7 6 5 6 7 8 7 7 7 7 7 7 7 7 7 7 7 7 7 7 7 7 7 8 8 12 12 6 6 7 6 7 7 7 6 5 5 5 6 7 7 7 7 7 7 7 6 6 6 6 6 5 5 5 6 6 6 7 6 6 6 6 6 5 5 4 5 5 5 5 4 5 5 5 5 5 5 5 5 5 6 6 5 5 4 4 4 4 4 4 5 5 6 7 6 6 7 5 6 6 6 6 6 6 6 6 6 7 6 5 4 5 4 4 3 3 4 5 3 3 5 5 5 6 7 6 7 7 7 7 7 6 7 8 8 8 8 8 8 8 8 9 9 9 9 8 9 10 11 11 10 10 11 11 11 11 11 11 
4 4 5 4 4 4 4 5 5 6 5 5 5 5 5 5 5 5 6 6 6 6 5 5 5 5 5 4 5 5 6 6 5 5 6 6 5 5 5 5 5 5 5 5 6 6 6 6 5 5 4 6 8 11 13 13 13 9 6 5 6 6 6 5 4 4 4 5 5 4 5 5 5 5 5 5 5 6 5 6 6 5 6 5 5 10 46 71 30 6 6 5 5 5 4 4 5 5 6 7 7 7 7 7 7 7 7 7 7 7 7 7 7 6 6 6 7 9 9 6 7 7 5 6 7 6 5 5 5 6 6 7 7 7 7 7 7 6 6 6 6 6 5 5 5 5 5 6 6 6 5 5 5 5 5 5 5 4 5 5 5 5 5 6 6 6 5 5 5 5 5 5 6 5 5 4 4 4 4 4 4 4 4 5 5 5 4 5 5 4 4 4 4 4 4 4 4 4 4 4 5 4 3 3 3 3 4 4 4 3 4 3 3 5 5 6 6 7 6 6 8 8 6 5 7 8 7 7 8 8 9 9 9 8 8 9 9 9 9 10 10 10 9 10 11 11 11 10 10 10 
4 4 5 5 4 4 4 5 5 5 5 5 5 5 5 5 5 6 6 6 5 5 5 4 5 5 5 5 5 5 5 5 5 5 5 5 5 5 5 5 5 5 5 5 5 5 5 5 5 5 6 7 10 12 13 13 12 9 7 6 6 5 6 5 5 4 4 4 4 4 5 4 4 4 4 5 5 5 5 6 5 5 6 5 4 9 43 82 35 6 6 4 4 5 4 4 4 4 5 5 6 6 6 6 6 6 6 6 6 6 6 6 7 6 6 6 6 7 6 5 6 6 5 6 6 5 5 5 5 5 5 7 7 6 7 7 7 6 6 5 6 5 5 4 4 4 5 5 5 5 5 5 5 4 4 5 5 5 5 5 5 5 5 6 6 5 5 5 5 5 5 5 5 4 4 4 4 4 4 4 4 4 4 4 4 3 3 4 3 3 3 3 3 3 3 3 3 3 3 3 3 3 3 4 4 5 5 7 6 4 6 4 4 6 7 6 6 7 7 7 8 7 6 5 7 7 6 6 6 7 7 7 7 6 5 6 7 9 8 7 7 7 7 7 7 8 8 7 7 7 
5 4 5 5 5 4 4 5 5 5 5 5 5 5 5 5 5 6 6 5 4 4 4 4 5 5 5 5 5 5 4 4 4 4 4 4 4 6 5 5 5 5 6 5 5 5 5 5 5 4 4 5 8 11 11 10 9 9 8 7 6 5 5 6 5 4 4 4 4 3 4 4 4 4 4 5 4 4 5 5 5 4 4 4 3 6 35 77 33 5 6 4 4 5 5 4 4 4 4 4 5 6 6 6 6 6 6 6 6 6 6 7 7 7 6 6 7 8 6 5 6 5 5 6 5 5 5 5 5 4 5 6 6 5 6 6 6 6 6 6 6 5 5 4 4 4 4 5 5 5 6 5 5 4 4 4 5 5 5 4 4 5 5 5 5 5 5 5 5 5 5 4 4 4 4 4 4 3 3 4 4 4 4 5 4 3 3 3 3 3 3 3 3 3 3 3 3 3 4 4 3 2 3 6 6 5 4 6 6 5 5 4 5 6 6 5 5 5 7 8 7 6 6 6 7 7 5 4 5 5 5 5 5 4 3 4 6 8 6 5 4 4 5 4 4 5 5 5 5 6 
4 4 4 5 5 5 6 6 5 7 5 4 4 4 5 5 5 5 5 5 4 4 4 5 4 3 4 4 4 5 3 4 5 5 5 6 6 5 5 4 5 7 6 5 5 6 6 5 5 5 4 4 6 10 13 13 14 14 13 13 10 6 5 5 4 3 4 4 4 3 3 3 3 4 4 4 4 4 5 5 4 4 4 3 4 4 16 41 46 12 6 6 8 6 6 2 5 4 4 4 5 6 6 5 5 5 6 6 6 5 6 7 7 6 5 5 6 6 5 6 7 7 6 5 5 5 5 6 6 5 6 6 5 5 6 6 7 6 5 5 5 6 5 5 5 5 3 4 5 5 6 5 4 4 4 4 4 5 4 4 4 4 4 4 4 5 5 5 5 4 4 4 4 3 3 4 4 3 4 3 4 4 4 4 4 3 3 4 4 3 3 3 3 3 3 3 3 3 3 4 5 4 4 6 7 5 4 5 4 3 3 3 4 5 5 4 4 5 5 6 6 5 5 5 6 6 5 5 5 5 5 5 5 5 4 4 5 8 7 4 3 4 5 4 4 5 6 5 4 5 
4 4 4 5 4 4 3 3 3 3 5 5 5 5 6 5 5 5 5 5 4 4 4 5 5 5 5 4 4 4 5 5 5 4 4 5 5 4 5 5 5 6 5 4 4 5 5 5 5 5 6 4 5 9 13 17 19 16 13 12 9 5 3 4 5 4 4 4 4 4 3 3 3 4 4 4 4 4 4 3 3 3 3 5 3 6 18 45 56 32 8 9 5 4 6 4 5 5 5 4 4 4 4 4 4 5 5 4 5 5 5 5 6 6 5 5 6 6 6 6 6 6 6 6 5 5 5 6 7 6 6 6 6 5 6 6 6 6 5 5 6 6 5 5 6 6 4 4 5 5 5 5 4 4 4 4 4 5 5 4 4 3 3 4 4 5 5 5 4 4 3 4 4 4 3 3 3 4 4 4 4 5 4 5 4 3 3 3 3 3 3 3 3 2 2 3 3 3 3 4 5 4 3 5 7 7 7 7 5 4 4 4 4 5 5 4 4 5 5 6 6 5 5 5 6 6 5 5 5 5 4 4 5 5 4 4 6 9 8 5 4 5 6 5 4 5 6 6 5 6 
5 5 4 4 4 4 3 4 5 5 4 5 6 6 5 5 5 5 5 5 5 4 4 4 5 5 5 5 5 5 4 5 5 5 5 6 6 5 6 6 5 6 5 5 5 6 6 6 5 3 6 5 5 7 9 13 15 13 11 12 11 7 4 4 4 5 5 4 4 5 4 3 3 3 4 4 4 4 4 3 3 4 4 3 8 31 65 74 102 78 61 56 19 4 4 6 3 3 4 4 5 6 6 5 5 5 5 4 4 5 5 5 6 6 6 5 5 6 7 7 7 6 6 5 5 5 5 6 6 6 5 6 6 6 6 6 6 6 6 6 6 6 5 5 6 5 4 4 5 5 5 5 4 4 4 4 4 5 5 4 4 4 4 4 4 4 4 4 4 4 3 4 4 4 3 3 3 4 4 4 4 5 4 5 5 4 3 3 3 3 3 3 3 3 3 3 3 4 3 3 4 4 3 4 6 8 8 9 6 4 6 5 5 6 5 4 5 5 5 5 6 6 5 5 6 6 5 5 5 5 5 4 5 5 4 4 6 8 7 5 4 5 6 5 5 5 6 6 6 7 
5 4 4 4 4 4 4 4 5 4 5 6 7 7 6 6 6 5 5 6 6 5 4 4 5 5 4 4 5 4 6 6 7 7 7 6 6 6 7 6 6 6 6 6 5 5 5 5 6 5 6 5 5 5 6 7 11 14 13 13 11 8 6 4 3 3 4 4 4 4 4 3 3 3 3 3 3 3 3 3 3 4 5 3 8 72 96 64 61 90 127 123 58 7 3 4 2 3 4 4 4 5 4 5 4 4 4 4 5 5 5 5 6 6 6 4 4 5 6 7 6 5 5 5 5 4 5 4 4 5 5 5 5 6 6 6 6 6 6 6 6 5 5 5 4 4 4 4 5 5 5 4 4 4 4 3 4 4 4 4 5 5 5 4 4 4 4 4 4 4 4 4 4 4 3 3 3 4 4 4 4 4 4 5 5 4 3 3 3 4 4 4 4 4 4 4 4 4 3 3 4 4 3 3 6 7 7 7 5 4 6 6 6 5 5 5 5 5 5 5 5 5 5 5 7 7 6 5 6 5 5 4 5 5 5 5 6 8 7 5 5 6 6 5 4 4 5 5 5 6 
4 4 4 5 5 4 4 3 4 5 6 7 7 7 6 6 6 6 5 6 6 5 4 5 5 4 4 5 5 4 7 5 5 6 7 6 6 7 6 5 5 6 6 5 5 5 5 6 6 6 6 5 5 6 8 13 17 16 14 11 9 10 11 7 4 3 4 5 4 4 4 3 3 3 3 3 3 3 4 3 4 6 6 4 8 94 53 57 82 112 127 134 81 8 3 4 3 4 4 4 4 5 5 5 5 4 4 4 4 4 4 5 5 6 6 5 5 5 6 6 6 5 5 5 5 5 5 4 4 5 5 5 5 5 5 5 6 6 6 6 5 5 5 4 4 4 4 5 5 6 4 4 4 4 3 3 3 3 3 4 4 4 5 4 3 3 4 3 3 3 4 4 4 3 3 3 3 3 4 4 4 4 4 5 5 4 4 3 3 4 4 4 4 4 4 4 4 4 3 3 4 4 4 3 5 5 4 5 3 3 5 5 5 4 4 5 5 5 5 5 4 4 4 5 7 7 6 6 6 6 5 4 5 5 5 5 7 9 8 5 5 5 5 5 5 5 6 5 5 7 
5 4 5 6 5 5 5 4 7 15 29 30 32 33 32 29 27 27 26 26 28 26 22 18 11 10 18 25 27 30 23 17 16 24 34 37 39 45 40 39 41 40 36 30 30 34 32 25 18 14 18 14 10 7 6 10 14 13 11 8 8 12 16 9 4 3 3 4 4 3 3 3 3 3 3 3 3 3 4 3 4 5 6 3 6 64 101 99 113 120 117 112 60 6 3 5 6 7 6 4 4 5 5 4 4 4 4 4 5 6 4 5 6 6 6 6 6 6 6 6 6 6 6 5 4 5 5 4 4 5 5 5 5 5 5 5 5 5 6 5 5 5 5 5 4 4 5 5 5 5 4 4 4 4 3 3 3 3 3 3 3 4 4 3 3 3 3 3 3 3 4 4 4 3 3 3 3 4 5 4 3 4 4 4 5 5 4 4 4 4 4 4 4 4 4 4 4 4 4 3 4 6 5 4 5 4 3 4 3 3 4 5 5 4 4 4 4 5 4 4 4 4 4 5 6 7 7 7 7 6 6 5 5 6 5 6 7 9 7 5 5 6 5 5 4 5 5 4 4 5 
8 6 7 9 7 7 8 7 13 34 55 57 62 66 64 54 48 44 42 43 46 44 38 37 26 24 43 56 60 69 38 30 30 45 62 60 57 60 53 54 59 55 48 44 43 37 29 23 19 19 16 14 12 9 7 8 10 9 8 7 10 13 12 11 10 9 8 8 10 11 12 11 11 11 12 12 11 12 12 12 12 14 14 14 9 35 95 77 74 104 75 72 29 6 4 7 6 7 8 9 15 24 31 33 35 29 15 6 3 4 4 5 5 4 4 4 5 5 4 5 5 6 5 4 3 4 5 4 4 6 5 5 5 5 5 5 5 5 5 5 4 5 6 6 4 3 4 4 4 4 4 4 4 4 3 3 3 3 3 3 4 4 4 3 3 3 3 3 3 3 3 4 4 4 4 3 3 4 5 5 4 4 4 4 4 5 5 4 4 4 5 5 5 5 5 4 4 5 4 4 5 7 6 4 5 3 3 5 4 3 5 6 6 5 5 5 4 4 4 4 5 5 5 5 6 7 7 7 7 6 7 6 7 7 7 7 9 9 8 7 8 9 9 9 9 9 9 8 7 8 
5 5 6 5 5 7 7 8 7 6 23 29 13 13 8 10 7 5 5 5 7 4 5 8 6 11 8 11 12 12 7 8 10 11 20 14 14 17 20 17 24 19 21 21 20 19 21 22 24 36 21 13 9 10 12 10 8 7 8 8 8 7 7 9 12 15 15 15 16 19 17 16 16 16 16 16 16 16 16 16 16 16 17 16 16 21 21 24 27 26 22 26 25 20 17 19 20 20 24 29 36 43 50 49 53 54 38 22 15 14 9 9 10 11 11 11 11 11 13 12 13 14 13 11 8 6 7 6 4 4 3 4 5 5 4 4 4 5 4 5 6 5 6 5 5 4 3 3 3 4 5 4 4 4 4 3 3 3 3 3 4 3 3 4 3 3 3 4 4 4 4 4 4 3 2 2 3 4 5 5 3 3 4 5 4 4 5 5 5 4 5 5 6 6 6 5 5 5 5 4 5 7 9 6 5 4 4 4 4 3 4 6 5 5 6 4 4 5 4 4 4 5 5 5 6 8 8 8 9 9 8 8 8 8 8 8 8 8 9 9 10 11 11 10 10 10 10 10 10 11 
2 2 3 3 5 5 2 8 14 9 37 121 106 21 21 5 6 8 5 4 9 4 11 22 16 22 23 14 12 29 31 34 47 40 44 42 46 39 36 28 34 33 40 49 56 72 82 56 25 16 14 12 10 10 11 13 12 8 9 9 10 10 10 12 14 15 15 14 14 15 16 15 15 15 14 14 14 15 16 15 14 14 15 13 15 14 14 15 17 15 14 14 14 13 12 13 14 12 12 12 12 12 12 11 11 14 14 14 14 15 16 15 15 16 17 18 17 17 19 18 19 20 20 24 21 18 25 26 16 9 7 6 5 4 5 6 5 4 6 6 4 4 3 3 4 4 3 3 3 4 4 4 4 4 3 2 2 3 3 3 3 3 3 3 3 3 3 3 4 4 4 3 3 3 2 2 2 3 5 5 3 2 4 6 4 4 5 5 5 5 5 5 5 5 5 4 4 5 5 4 4 6 8 6 5 5 4 5 5 5 5 7 5 5 6 5 4 5 4 4 4 5 4 5 6 7 8 8 8 8 8 8 8 8 8 8 8 9 9 10 10 10 9 9 10 10 10 10 10 10 
1 1 2 3 4 3 4 6 10 13 11 75 146 67 15 6 5 7 6 2 4 5 12 24 31 37 29 18 20 30 30 44 86 85 83 89 103 88 84 74 64 55 51 48 39 34 33 21 11 9 10 12 11 9 8 12 14 11 9 9 11 14 15 15 14 14 14 14 14 14 15 14 14 15 14 14 14 14 15 14 13 13 13 13 16 13 14 14 15 14 17 16 14 14 15 16 15 13 14 14 13 13 13 15 15 13 14 15 14 13 15 14 13 14 16 16 15 13 14 13 13 14 14 13 12 14 19 24 26 27 25 17 11 7 3 4 5 4 4 5 5 4 4 3 3 4 4 4 4 4 4 4 4 3 3 2 2 2 3 3 3 3 3 3 3 3 4 4 4 4 4 3 3 4 3 3 2 3 5 5 3 2 4 6 4 4 4 4 5 5 5 5 5 4 4 3 3 4 4 3 3 5 7 5 4 4 4 5 6 5 6 7 4 4 5 5 5 4 4 4 4 5 4 5 6 7 8 7 8 8 8 8 8 8 8 8 8 8 9 9 10 10 9 9 9 9 9 10 10 9 
1 1 1 2 3 4 4 4 5 7 5 17 98 155 49 9 8 6 6 5 5 5 20 28 19 20 31 39 34 23 20 26 55 54 53 64 79 61 60 63 45 54 61 65 52 32 16 8 8 7 8 11 11 9 7 7 10 10 10 12 16 17 15 17 17 15 15 15 15 15 15 15 16 16 16 16 16 15 16 16 15 14 15 15 16 16 15 16 16 16 16 16 16 15 15 16 16 14 15 15 15 16 16 15 14 14 15 15 15 14 14 13 13 14 15 14 13 13 13 11 10 11 11 14 15 14 13 13 15 17 28 22 22 21 11 5 5 5 3 5 6 5 4 3 3 4 4 3 3 3 3 4 3 3 3 2 2 3 3 3 3 4 3 3 3 4 4 4 4 4 4 3 3 4 4 4 4 5 7 6 3 2 4 5 4 4 4 4 5 4 4 4 4 4 4 3 3 3 3 3 4 5 4 3 2 3 3 4 4 4 4 5 4 4 5 4 4 4 4 4 4 4 4 4 5 7 7 7 7 7 7 7 8 8 8 8 8 7 8 9 9 10 9 9 9 9 10 10 9 9 
3 1 1 0 2 3 2 2 4 4 6 9 32 138 154 14 6 7 4 7 6 5 29 42 12 10 40 49 27 13 18 17 26 28 43 58 71 49 55 72 33 42 45 57 49 30 13 8 10 6 7 9 11 10 9 8 9 11 11 14 17 17 15 17 18 17 16 16 16 16 14 14 14 14 14 14 14 14 14 14 12 12 12 13 13 16 13 15 15 14 13 15 16 15 14 14 15 15 15 15 14 14 14 14 14 16 15 15 14 14 14 15 16 17 16 14 13 11 11 9 8 9 8 6 7 9 11 13 16 17 15 16 18 24 26 10 2 4 5 4 4 5 4 3 3 3 3 2 3 3 3 3 3 2 2 3 3 3 3 2 3 4 3 2 3 4 4 3 3 4 4 4 4 6 7 7 9 10 11 8 4 3 3 5 3 3 4 4 4 3 4 4 4 3 3 3 3 4 3 3 4 4 3 2 3 3 2 3 3 2 3 3 3 4 4 3 4 4 4 4 4 4 4 4 5 7 7 7 7 7 7 7 7 8 8 8 8 8 8 9 9 9 8 8 9 9 10 10 9 9 
5 1 1 1 1 1 3 3 3 7 6 8 12 45 184 91 16 10 7 7 6 8 22 25 10 11 28 29 21 13 14 18 19 25 52 55 71 66 65 84 34 55 67 91 57 22 8 5 9 6 4 5 7 8 9 9 9 9 7 6 7 9 10 12 13 14 14 13 14 15 15 15 16 16 16 16 16 15 16 16 15 14 15 14 13 14 13 13 13 12 12 13 13 13 13 14 14 13 14 14 13 13 14 13 12 14 14 14 15 17 13 15 17 16 14 13 14 15 16 14 14 15 14 13 15 13 8 7 12 18 14 12 8 9 16 11 5 4 4 3 3 4 4 3 3 3 3 2 3 3 4 4 4 3 3 4 6 4 3 2 3 3 3 3 3 4 3 3 3 4 5 6 8 10 10 10 11 14 12 9 4 3 4 5 3 3 4 3 4 4 3 3 3 3 3 3 3 3 3 2 3 4 4 4 4 3 3 3 3 2 3 3 2 3 3 3 4 4 4 4 4 4 4 5 5 7 7 7 7 7 7 7 7 7 8 8 8 8 8 8 8 8 7 8 8 9 10 10 9 9 
6 1 0 1 1 1 2 3 4 3 5 6 8 11 59 180 73 11 7 10 9 6 8 14 14 8 17 19 22 13 12 19 13 21 60 64 86 85 79 105 44 71 78 90 39 10 7 6 8 4 5 6 7 8 9 10 10 10 10 10 10 9 10 11 12 12 10 7 6 6 6 7 7 8 9 10 10 9 10 11 12 13 14 16 18 15 16 14 13 13 14 12 11 13 14 14 14 14 14 14 13 14 14 14 13 11 11 12 13 14 15 17 18 15 14 14 15 14 16 16 16 17 16 14 10 6 4 8 16 20 17 14 14 11 9 23 39 20 3 3 5 2 3 3 3 4 4 4 4 5 5 6 5 4 4 7 9 4 3 3 3 3 3 4 4 4 4 4 4 5 6 8 11 12 9 6 7 9 7 5 3 2 3 5 4 3 3 3 4 4 3 3 3 2 2 2 2 2 2 2 2 4 8 4 2 2 2 3 3 3 4 4 3 3 3 3 4 4 4 4 4 4 4 5 6 7 7 7 7 7 7 7 7 7 8 8 7 7 7 8 8 8 8 7 8 9 9 9 9 8 
5 3 1 1 1 1 1 2 2 3 4 6 7 7 17 95 195 64 12 12 6 9 11 19 23 10 6 7 16 7 9 15 14 20 53 49 57 60 56 55 30 52 51 38 16 8 16 19 15 14 16 16 19 21 20 23 26 25 22 16 13 14 14 14 15 15 13 12 10 9 8 8 8 8 7 6 5 4 3 4 4 4 5 6 7 8 10 9 9 12 12 12 11 11 12 12 12 12 12 13 14 13 13 12 11 9 8 8 7 8 8 9 11 11 9 10 12 13 12 10 11 15 17 15 10 8 13 19 22 24 23 26 21 22 22 24 35 24 4 2 4 3 3 3 4 4 4 4 4 4 5 5 8 7 6 5 4 3 2 5 4 3 3 4 3 5 2 4 7 5 7 8 7 8 13 9 4 6 7 5 3 3 4 4 3 2 3 3 4 4 3 2 2 2 2 2 2 2 2 3 4 5 7 4 4 4 3 4 4 3 5 4 3 3 3 3 3 4 4 4 3 4 4 4 4 6 6 7 7 8 8 7 7 7 8 8 7 6 7 9 9 9 9 8 8 8 9 9 9 8 
6 6 1 1 1 0 0 1 1 2 4 4 6 6 8 30 130 141 39 12 8 6 7 14 13 5 8 8 12 7 7 10 11 14 35 29 40 46 35 38 25 33 25 13 8 7 13 19 20 19 15 17 21 22 18 18 19 17 14 11 9 9 8 8 8 8 9 9 9 8 11 11 11 12 11 8 7 6 5 5 4 3 4 7 7 8 8 7 5 6 5 6 7 7 8 7 7 7 8 10 10 9 11 12 11 10 9 9 9 9 9 9 11 11 10 10 11 11 10 9 10 13 15 16 16 16 18 20 21 21 18 21 21 22 21 20 23 19 6 5 6 4 4 5 5 5 5 5 5 6 5 6 10 12 12 9 4 4 5 3 4 4 4 4 3 6 3 5 7 6 6 7 13 16 10 5 4 3 3 3 5 8 8 7 5 4 4 4 4 4 2 2 2 2 2 2 2 2 2 3 3 3 3 2 3 3 3 3 3 2 3 3 3 3 3 3 3 3 4 3 3 4 4 3 4 5 6 6 6 7 7 6 6 7 8 7 6 5 6 7 7 8 7 7 7 7 7 8 8 7 
10 10 2 1 1 0 0 0 1 1 2 4 3 4 9 8 37 147 124 26 12 8 12 14 13 6 12 18 16 11 13 13 11 11 25 21 35 40 33 43 26 23 19 7 6 5 4 4 5 3 3 4 5 5 4 4 5 5 5 4 4 4 4 4 4 4 4 4 4 4 4 4 5 5 6 4 5 6 6 6 6 6 6 7 7 7 7 5 4 3 2 3 3 4 4 4 4 5 5 5 5 4 6 9 10 10 9 9 10 11 11 12 13 13 11 11 13 13 11 11 11 11 12 13 16 18 17 16 16 17 22 22 26 24 23 25 22 17 11 9 8 7 6 5 5 5 6 6 6 6 5 6 8 9 12 10 5 5 4 3 7 7 5 6 4 6 4 5 6 6 8 8 10 12 9 8 9 7 6 5 6 7 7 7 5 4 4 4 3 3 2 2 2 2 2 3 2 2 2 2 2 2 3 3 5 5 5 7 5 3 3 3 3 4 3 3 3 3 4 3 4 4 4 3 4 6 6 6 6 6 7 6 6 7 7 8 7 5 6 7 8 8 8 9 8 8 8 9 8 7 
15 16 3 1 1 1 0 1 1 1 1 2 3 5 7 7 10 59 171 99 14 11 19 14 11 6 11 20 15 7 17 13 11 10 18 15 28 30 26 36 18 11 11 6 6 6 5 6 6 5 4 5 5 5 4 4 5 4 5 5 5 5 5 4 4 3 4 3 3 4 5 4 3 3 3 3 3 3 3 3 4 5 4 4 5 6 5 3 2 3 3 3 3 3 2 2 4 4 3 3 2 2 2 3 3 3 3 4 4 5 4 5 5 5 5 5 5 6 5 5 4 4 5 6 7 8 6 6 8 9 12 9 11 9 10 14 13 16 13 9 8 8 7 5 5 7 10 11 11 12 11 13 13 8 7 10 8 7 8 12 10 12 14 16 9 10 6 6 6 7 11 13 12 10 9 7 6 6 5 5 5 6 7 7 5 4 4 4 3 3 2 2 2 2 3 3 3 2 2 3 3 4 5 6 8 7 8 13 9 4 3 3 4 4 3 3 3 3 3 3 3 4 3 3 4 5 5 5 5 5 6 6 6 6 6 6 6 5 5 6 7 7 7 8 7 7 7 7 7 6 
17 17 4 1 1 1 1 1 1 1 1 1 2 5 3 7 10 13 90 160 58 10 19 23 12 6 14 20 12 8 16 13 13 15 20 15 26 29 22 25 15 10 7 6 6 6 6 6 6 6 8 11 13 14 13 9 6 4 5 4 4 4 4 4 4 4 4 4 5 8 13 10 8 7 7 8 7 7 10 9 4 3 4 3 5 5 3 2 2 3 3 3 5 5 3 2 3 4 2 2 2 2 2 2 2 2 2 3 3 3 3 3 3 3 4 3 3 3 3 3 2 2 2 2 2 2 2 2 3 3 3 3 4 4 5 8 8 12 10 7 6 8 7 6 6 11 17 19 20 25 19 26 26 14 7 11 11 15 14 18 14 34 32 33 21 19 10 8 9 11 12 12 15 12 7 15 28 20 10 6 6 7 6 7 6 5 6 5 4 3 2 2 2 2 2 3 3 3 3 3 4 5 6 6 7 6 9 16 12 5 4 3 3 3 2 2 2 2 2 2 3 3 2 2 2 3 3 3 3 3 4 4 4 3 3 3 3 3 3 4 4 4 4 4 4 4 4 4 4 3 
12 12 5 2 1 1 0 0 0 1 1 1 0 2 3 7 5 9 16 90 152 44 23 33 11 5 12 14 8 8 9 8 10 13 14 9 15 20 14 14 13 12 5 6 6 6 6 6 7 10 15 21 28 33 32 20 10 5 4 4 3 4 3 3 3 4 4 3 5 11 18 15 12 11 12 15 14 13 18 15 7 4 4 5 6 5 3 2 2 3 2 3 5 5 2 2 3 4 2 2 3 3 3 2 3 4 5 5 4 3 4 4 4 4 4 3 3 5 4 2 3 5 3 3 3 3 4 3 2 2 3 3 4 5 7 7 7 8 8 7 7 8 8 7 7 11 16 17 20 30 22 27 31 19 8 8 12 23 16 15 24 59 41 33 23 23 11 11 14 16 11 14 26 23 9 13 27 21 9 5 5 5 5 6 5 4 5 5 3 3 2 2 2 2 2 2 2 3 3 2 4 6 6 5 7 7 9 13 10 5 3 3 2 2 2 2 2 2 1 2 2 2 2 2 2 2 1 1 2 2 2 2 2 2 1 2 2 2 2 2 2 2 2 2 2 2 2 3 2 2 
6 5 4 2 1 1 1 0 0 0 1 1 1 1 1 6 5 8 11 21 167 150 38 26 9 4 6 8 8 6 8 6 5 8 7 5 5 7 7 8 10 15 9 7 7 6 4 5 8 10 16 19 23 26 24 12 6 5 4 4 4 5 5 5 5 6 5 3 5 11 21 17 13 12 12 13 12 11 13 12 10 9 6 6 6 4 2 2 2 2 3 2 3 2 1 1 3 4 3 3 3 3 4 3 4 8 11 11 8 5 4 4 3 3 3 2 3 8 5 3 9 16 10 5 4 7 11 7 3 3 7 7 4 5 7 6 8 7 10 11 9 8 8 9 8 10 11 10 13 24 21 18 23 18 8 5 7 10 8 9 15 30 22 17 13 16 7 10 17 18 9 12 20 20 10 6 8 9 6 5 3 3 5 5 3 3 5 5 4 3 3 3 2 2 2 2 2 2 2 2 5 8 7 4 7 9 9 9 6 4 3 3 2 2 2 2 2 2 1 2 3 2 1 2 2 2 1 1 2 2 2 2 2 2 1 2 2 2 2 2 2 2 2 2 2 2 2 3 2 2 
4 4 4 2 1 0 0 0 0 0 1 1 1 1 1 2 3 6 8 10 47 142 113 22 10 3 5 4 9 8 6 4 4 5 7 7 7 9 10 11 14 14 10 5 4 6 7 6 4 5 4 6 7 6 7 5 3 4 4 4 4 4 4 3 4 4 4 4 5 8 16 15 11 12 11 9 9 10 11 10 14 12 9 8 6 3 2 2 2 2 3 2 2 2 2 4 5 5 4 5 5 5 8 5 2 3 7 10 11 11 11 7 5 2 2 6 5 13 46 25 15 19 12 6 5 10 15 16 12 8 12 10 8 9 10 10 11 12 14 16 14 10 10 12 11 11 11 11 12 14 10 9 13 15 11 8 9 11 11 11 11 12 13 12 12 13 11 14 17 15 7 6 6 6 8 8 5 6 7 5 5 7 9 7 6 6 6 5 4 3 2 2 2 3 3 3 2 2 2 2 2 3 3 3 3 4 5 6 5 3 2 2 2 2 2 2 2 3 2 1 2 2 2 3 2 2 2 2 3 2 2 1 1 2 2 2 2 2 2 2 2 2 2 2 2 2 2 2 2 2 
7 8 9 5 2 1 1 1 0 1 1 1 0 1 1 1 2 4 6 6 10 56 144 86 15 12 8 11 10 9 9 8 8 8 8 7 6 5 5 5 7 7 5 3 4 5 5 5 5 4 3 5 7 7 10 10 8 8 8 9 10 10 10 10 9 8 9 9 9 8 13 13 11 11 11 7 8 10 9 7 7 6 4 3 3 2 1 1 2 3 3 2 2 2 2 2 3 3 2 2 2 2 6 4 2 6 12 17 17 17 30 16 8 6 8 6 3 4 20 14 11 11 7 4 2 5 9 5 4 8 26 29 26 19 17 24 27 19 21 27 33 34 35 33 32 33 33 32 34 36 33 29 29 32 34 35 36 34 35 36 36 35 33 33 35 33 30 30 28 24 12 10 9 9 13 15 9 8 9 7 6 7 9 7 6 5 5 4 3 2 2 2 3 3 3 2 2 3 2 3 3 3 4 3 2 2 3 4 3 3 2 2 3 3 3 3 3 3 3 3 3 4 3 4 2 2 2 2 3 2 4 4 4 3 3 5 6 4 4 4 4 4 3 4 4 4 4 4 4 4 
10 11 12 9 3 1 1 0 0 1 1 1 1 0 0 1 1 2 6 6 7 15 83 160 64 13 14 14 15 13 12 13 14 14 13 12 12 14 13 12 13 13 10 7 8 9 8 11 14 14 11 14 16 17 20 20 19 20 19 17 15 14 13 16 16 16 17 18 16 13 11 12 10 11 10 7 9 13 11 6 5 3 1 1 2 2 2 2 6 11 9 8 8 7 4 3 2 3 3 3 2 3 6 6 6 9 14 15 15 15 17 14 9 13 17 13 14 15 17 9 5 3 3 3 2 10 16 7 2 6 22 24 21 15 13 20 26 26 24 26 28 26 24 23 25 26 25 23 22 21 19 18 16 15 18 18 16 14 14 15 16 15 13 13 14 13 12 13 12 10 11 8 7 5 7 8 5 5 5 4 4 4 5 4 4 4 5 5 5 5 5 5 6 5 5 5 5 5 5 5 5 5 5 5 5 5 5 5 5 5 5 5 5 5 6 6 5 4 4 5 6 6 5 6 5 5 5 4 6 6 6 8 8 8 8 6 6 7 7 6 6 6 6 6 6 6 6 6 6 6 
11 11 12 13 6 1 1 1 0 1 1 1 1 1 1 1 1 1 3 4 8 10 18 122 154 44 22 20 22 18 19 21 22 20 19 18 18 20 19 17 19 20 18 16 16 18 18 20 22 24 20 22 22 21 22 21 20 19 18 15 13 11 11 10 11 11 12 12 11 11 12 14 12 13 12 10 11 13 12 8 6 4 2 3 4 4 4 4 7 11 9 8 8 8 5 4 4 5 6 7 6 6 8 10 11 11 11 11 12 15 15 19 15 16 18 17 20 17 15 10 7 7 6 7 8 13 17 10 5 7 15 13 12 13 14 12 13 17 17 17 18 19 19 18 18 17 16 14 10 5 8 14 16 15 17 16 14 15 13 14 16 17 15 14 13 12 12 13 13 13 12 11 11 10 11 12 10 10 11 12 12 12 13 13 12 12 12 11 10 10 10 12 12 11 11 12 13 14 14 15 16 17 17 16 17 18 18 17 17 19 19 19 18 18 17 17 17 18 17 18 20 20 19 20 18 12 6 8 18 23 25 24 22 25 30 29 25 24 24 25 25 25 25 25 25 24 23 22 21 21 
6 6 7 11 5 1 0 1 0 0 0 0 0 0 1 1 1 1 1 1 4 8 8 27 122 140 42 18 16 13 12 12 11 10 9 8 9 12 12 12 14 17 16 16 15 16 18 15 14 16 15 15 15 14 14 14 13 12 12 11 12 13 13 14 15 16 15 14 15 17 15 17 14 15 15 14 15 15 17 14 14 12 11 11 12 12 11 11 11 10 12 11 11 11 11 11 13 12 11 11 11 12 14 13 14 15 13 13 15 17 13 16 13 14 15 14 16 15 13 10 12 22 22 23 23 20 19 19 20 21 20 20 21 22 20 16 17 24 26 25 23 24 25 25 24 22 21 21 15 7 10 20 24 22 24 27 25 23 21 20 23 25 25 28 26 24 24 24 25 26 26 27 31 30 30 32 28 27 28 29 30 28 28 28 28 28 29 30 31 31 32 33 33 31 30 32 32 30 30 31 31 33 33 31 31 34 34 32 32 35 35 35 34 33 32 31 30 30 28 28 30 31 31 31 28 16 7 11 28 34 32 30 29 29 30 34 34 33 33 32 32 31 31 30 29 28 27 25 25 24 
8 8 8 11 8 3 1 1 1 1 0 0 0 1 1 1 1 1 1 2 2 3 7 11 36 173 112 32 13 15 11 10 9 10 11 11 11 11 12 11 12 13 13 12 12 14 15 14 13 15 15 15 14 14 15 15 15 14 13 13 13 14 15 15 16 16 14 14 14 16 14 16 15 15 15 14 14 12 15 13 15 15 15 15 15 16 16 16 15 14 17 15 14 15 14 15 17 17 15 13 14 16 17 14 13 14 13 13 13 13 15 14 13 13 15 13 11 14 14 15 14 20 17 17 18 16 14 16 18 16 13 15 17 16 14 12 13 15 17 16 16 17 18 17 19 18 17 19 17 11 18 25 25 23 24 27 27 28 26 26 27 28 29 32 31 30 34 35 35 37 35 36 41 38 35 37 37 41 37 37 36 34 35 38 37 35 33 32 30 30 28 27 26 25 24 24 24 23 22 20 19 19 19 19 20 20 20 19 20 21 20 20 19 19 19 18 18 18 16 16 17 18 18 18 17 15 11 11 18 18 21 25 32 31 20 15 18 18 18 17 16 15 15 16 16 15 15 14 14 13 
10 9 9 9 10 5 1 1 1 1 1 1 1 1 1 1 0 1 1 1 3 2 4 6 21 80 163 103 18 19 11 10 9 10 11 10 9 10 10 10 10 11 10 10 13 13 12 12 13 12 12 11 11 10 10 10 12 12 11 10 10 10 10 11 10 10 10 11 11 10 10 12 12 13 12 11 12 13 14 11 12 12 13 14 15 16 17 15 15 15 15 13 13 13 13 14 15 14 15 15 13 13 13 12 12 13 12 13 15 13 13 14 17 14 14 14 10 13 12 16 12 14 11 11 13 14 12 11 11 11 12 12 12 13 15 17 17 18 19 19 22 24 21 22 27 27 23 26 31 29 30 30 30 30 32 32 31 32 33 32 30 29 30 30 27 29 33 33 30 30 29 29 34 31 28 32 33 32 26 24 23 22 25 27 25 22 18 15 13 12 12 10 10 10 11 10 10 11 10 9 9 10 11 12 12 10 9 9 10 11 12 12 11 11 11 11 11 12 12 11 12 12 12 14 10 11 13 10 9 10 12 13 22 30 20 11 11 11 10 10 10 10 10 8 8 8 8 8 8 8 
9 9 8 8 9 7 1 0 1 1 0 1 1 1 1 1 1 1 1 1 1 2 3 4 8 23 101 164 64 12 15 7 12 9 8 12 7 9 9 9 9 9 9 9 9 9 9 9 10 10 9 9 9 9 9 9 9 9 9 9 9 8 8 9 9 10 10 13 14 12 11 12 13 13 13 11 11 12 13 14 15 16 15 15 14 19 14 17 17 18 14 18 18 15 14 15 14 14 16 15 16 18 16 15 17 18 16 14 15 16 18 16 18 17 16 17 15 18 19 17 15 16 16 16 16 15 16 17 17 16 17 17 17 16 16 18 18 17 18 18 19 17 16 17 19 17 16 16 16 16 16 16 17 16 16 17 17 17 17 16 17 17 17 15 14 15 16 15 13 13 14 14 16 16 14 16 18 17 15 14 14 14 14 14 14 14 14 14 13 11 11 11 11 11 12 13 13 13 11 11 11 11 11 13 13 13 12 11 11 12 13 12 11 11 13 12 11 12 13 13 12 12 13 13 12 12 10 7 6 6 5 6 7 12 24 27 15 12 8 6 4 4 5 4 3 3 3 2 2 4 
9 9 9 10 10 8 2 0 1 0 0 0 0 0 0 0 1 1 1 1 1 1 2 2 4 8 22 108 163 41 13 12 9 10 6 6 7 8 7 7 8 8 8 8 8 8 8 8 9 9 8 9 9 9 9 9 9 10 10 10 9 8 8 9 11 12 11 12 13 12 10 11 12 12 12 12 11 10 10 11 12 11 10 11 10 13 11 12 12 9 13 12 10 8 10 13 13 13 13 13 11 10 12 11 12 12 11 9 10 11 13 11 12 12 13 13 10 12 13 11 10 11 11 12 12 11 12 12 12 11 12 12 12 12 12 14 13 11 11 12 11 11 10 11 12 11 11 12 12 13 12 12 12 12 12 12 12 12 12 12 12 12 13 12 12 12 12 11 10 10 11 11 11 11 9 8 10 12 11 10 9 9 9 9 10 12 12 11 10 10 11 11 11 11 11 11 11 10 10 10 11 10 9 9 10 10 10 9 9 10 10 10 9 9 11 10 9 9 9 10 10 11 12 11 11 12 10 8 8 10 8 8 9 13 32 55 39 10 5 2 2 2 2 2 2 2 2 1 1 2 
13 13 14 15 14 12 6 1 1 1 1 1 1 1 1 1 1 1 1 1 1 1 2 2 3 4 7 41 160 133 28 17 12 10 14 11 12 11 11 11 12 12 13 12 12 11 11 11 11 11 11 11 11 11 11 11 11 12 13 13 12 11 10 10 11 13 12 13 14 15 14 14 15 16 16 17 18 19 18 18 18 17 15 15 14 14 17 15 24 22 22 20 17 16 15 14 12 9 9 11 10 8 9 11 12 12 11 10 11 13 12 10 11 11 12 12 9 11 12 11 10 11 11 12 11 11 11 11 11 10 11 11 11 11 11 12 12 10 11 12 11 11 10 10 10 10 10 10 10 11 12 11 11 12 13 12 11 11 13 13 11 11 12 12 11 12 12 11 11 10 8 9 10 10 9 9 10 11 10 9 9 8 8 8 9 11 11 9 9 10 10 10 10 10 9 9 8 8 8 9 10 9 6 6 7 7 7 7 7 7 8 8 7 7 9 8 7 7 6 6 7 8 8 7 7 7 5 3 4 5 5 4 5 4 8 21 20 8 4 2 2 2 2 2 1 2 2 2 2 4 
15 15 16 15 14 14 11 2 1 0 1 1 1 1 1 1 1 0 0 1 1 1 1 3 3 2 5 11 61 178 107 26 18 15 19 15 17 16 16 16 16 16 16 16 15 14 14 14 14 14 14 14 13 14 15 15 14 14 15 16 16 15 15 15 17 20 22 24 25 25 26 25 25 25 27 28 28 28 27 27 28 26 25 20 16 12 18 23 64 92 92 91 89 82 72 66 57 34 18 15 15 13 15 15 15 14 13 13 14 16 15 12 13 14 15 15 12 14 15 14 14 16 16 14 14 14 14 14 14 14 15 15 14 13 12 13 14 13 14 14 14 14 13 14 14 13 13 13 13 13 14 13 12 14 16 15 13 13 15 15 13 13 14 14 13 13 13 13 13 12 12 13 13 13 13 13 13 13 13 13 12 12 12 13 15 16 15 14 13 13 12 13 13 13 13 12 11 11 10 11 13 12 9 9 9 10 10 9 10 10 11 11 10 10 12 11 10 10 9 8 8 9 8 7 8 8 6 5 6 8 6 6 7 6 4 6 7 7 5 4 4 5 5 5 5 5 5 5 5 6 
15 15 14 13 13 14 14 4 1 0 1 1 1 1 1 1 1 0 1 1 0 0 1 2 2 2 2 5 15 76 170 85 24 20 13 16 16 16 15 15 14 14 14 16 16 16 15 15 15 15 17 15 14 16 17 17 16 16 17 17 17 16 15 13 12 14 17 19 18 16 17 16 15 15 15 15 16 17 17 18 20 20 19 18 17 14 17 22 62 112 90 98 105 99 84 76 69 44 19 13 15 15 14 15 15 14 13 13 14 15 17 14 16 16 17 17 14 16 16 15 16 18 17 15 15 16 16 16 17 18 16 16 16 15 14 16 16 15 15 15 16 15 15 16 16 15 15 15 16 17 15 14 14 16 18 17 15 15 17 17 15 15 15 16 16 16 16 15 15 15 17 18 17 17 17 16 15 15 16 16 17 17 17 19 19 19 18 18 17 15 15 16 16 17 17 17 17 17 16 16 17 16 14 14 15 16 15 15 15 15 16 17 16 15 17 17 16 16 15 14 14 14 13 13 14 14 13 12 13 16 14 13 15 14 12 13 13 13 15 15 13 12 13 14 14 13 13 11 11 11 
15 15 14 14 15 15 15 8 1 1 1 1 1 1 1 1 1 1 1 1 0 0 0 1 1 3 2 2 4 18 102 154 62 24 17 23 16 16 16 15 15 14 15 16 17 17 16 17 17 17 18 15 14 16 17 17 16 17 17 17 17 16 15 15 13 13 16 16 14 14 15 14 13 13 12 12 13 15 16 18 21 22 21 21 25 26 24 20 21 44 20 20 22 21 18 20 23 19 14 15 20 19 16 16 16 15 15 15 15 15 17 16 18 16 16 17 15 16 16 14 16 17 16 15 16 17 17 17 17 19 16 16 16 16 15 17 17 16 16 17 17 17 17 16 15 14 14 15 15 16 15 14 15 15 16 16 15 15 16 17 16 15 15 16 16 16 16 16 16 16 16 17 16 17 19 18 16 15 16 16 17 17 17 16 16 16 16 16 15 14 15 15 15 16 17 17 17 17 17 17 16 15 15 16 16 17 16 15 15 16 16 17 16 15 16 17 16 16 16 17 16 16 15 16 16 15 14 14 15 16 15 13 14 13 14 16 14 15 17 17 15 14 14 15 15 15 15 15 15 14 
14 15 16 15 16 14 14 11 1 1 0 1 1 1 1 0 0 1 1 1 0 0 1 0 2 1 3 3 2 7 32 137 145 42 23 18 20 18 17 17 17 17 18 17 16 16 16 17 17 17 19 16 15 16 18 18 16 16 17 18 18 18 17 18 17 17 17 15 15 18 17 17 16 16 15 15 15 15 16 19 23 24 24 26 30 30 24 22 12 33 23 19 18 18 16 17 18 18 21 20 17 17 17 19 19 18 18 17 17 16 17 18 20 17 15 17 16 17 17 15 17 18 17 16 17 18 18 17 17 19 20 20 19 17 16 17 17 16 17 17 17 17 18 18 18 16 15 15 15 15 15 15 15 14 14 14 15 15 16 16 16 15 14 14 15 15 14 15 15 15 15 16 15 15 17 16 13 14 14 15 15 15 14 13 14 15 15 13 14 16 14 14 13 14 15 16 15 15 17 17 14 14 14 15 16 16 15 14 14 14 14 15 15 13 14 15 14 14 15 16 15 14 13 13 13 13 14 15 15 15 14 14 15 13 16 19 16 16 15 15 16 16 15 16 16 16 16 16 16 15 
14 14 14 13 14 15 15 12 2 1 1 1 1 0 0 0 0 0 1 1 0 0 1 1 1 1 2 2 2 4 8 49 162 128 31 25 18 16 18 14 14 16 14 13 14 15 15 15 15 15 15 15 15 16 16 16 16 15 15 16 18 18 18 16 16 17 17 16 16 18 19 19 19 19 18 18 18 16 15 19 23 25 25 26 24 28 25 18 23 18 43 19 19 18 16 18 17 18 18 18 17 16 16 16 17 18 18 18 17 16 16 16 17 17 16 17 17 18 18 17 17 18 17 17 18 20 19 18 17 18 17 17 17 17 16 16 16 15 16 16 15 16 17 18 18 17 16 15 15 14 16 17 18 18 17 15 14 15 16 17 16 15 15 16 16 15 14 15 15 15 17 16 14 15 16 16 16 15 15 16 17 17 16 16 15 15 14 13 13 16 17 15 14 13 13 14 15 15 14 13 12 14 15 16 16 16 15 15 15 15 15 16 15 14 14 15 16 14 16 19 17 13 15 18 17 14 14 15 15 14 15 15 16 16 16 17 17 17 16 14 14 14 16 16 16 15 15 14 14 14 
14 14 14 13 15 15 14 13 6 1 1 1 0 0 0 0 0 0 1 1 0 0 1 1 1 2 2 2 2 3 3 7 65 160 104 20 19 16 17 25 14 15 17 15 15 16 15 14 14 15 16 16 17 17 17 17 17 16 16 16 17 17 16 16 16 18 17 16 17 18 19 18 17 17 17 18 18 16 14 17 21 29 30 27 24 25 14 9 16 15 34 27 17 17 15 16 20 16 16 16 17 17 17 16 16 17 18 18 17 17 16 16 17 17 17 17 17 17 17 17 16 16 16 16 17 17 16 15 15 17 15 16 16 15 15 15 16 16 16 16 15 15 15 15 15 15 15 15 15 15 17 18 18 18 17 15 15 16 17 17 16 16 16 17 16 15 15 15 15 16 17 16 15 15 16 16 16 16 16 17 17 17 18 19 17 16 16 15 15 17 18 17 16 15 16 17 17 16 15 14 14 15 16 16 16 17 17 17 17 17 16 15 15 15 15 16 16 14 15 17 16 14 15 15 15 13 14 14 15 15 15 15 15 15 14 14 14 15 15 14 13 13 14 15 15 15 15 15 16 16 
15 15 15 14 15 14 13 15 11 1 1 1 0 0 0 1 1 0 1 1 0 0 1 1 1 1 2 2 2 2 2 3 10 89 191 65 21 23 17 17 16 17 17 16 16 16 14 13 14 14 15 15 15 16 16 16 16 17 16 15 15 15 14 14 14 15 14 13 13 14 16 15 14 14 14 16 16 15 14 13 16 26 29 29 28 23 8 6 12 21 18 39 23 17 15 17 15 15 15 14 15 16 17 16 15 16 17 17 16 16 17 16 16 16 17 18 17 16 16 16 16 16 15 16 17 16 15 15 15 17 16 16 15 15 15 16 17 16 17 17 16 15 15 15 15 15 15 15 15 16 17 17 16 16 16 15 15 16 17 17 16 16 16 17 17 16 15 15 16 16 16 16 15 16 17 16 15 15 16 16 14 15 17 19 17 15 16 16 15 16 18 17 17 17 17 17 17 15 15 16 16 15 15 14 13 14 14 15 15 16 15 14 14 14 15 14 14 15 15 13 14 16 14 12 13 14 14 14 14 15 14 14 14 14 13 13 13 14 14 13 13 12 13 13 13 13 14 15 16 16 
15 15 15 14 14 12 14 15 13 2 1 1 0 0 0 1 1 0 1 1 1 1 1 1 0 1 1 2 2 2 3 4 3 17 131 162 66 20 19 14 17 18 16 17 16 15 14 13 14 15 13 14 14 14 13 13 14 15 15 14 15 14 13 14 14 14 14 13 13 13 15 14 14 14 15 15 16 17 17 14 15 24 26 28 30 16 7 6 10 23 14 35 30 14 12 20 12 15 14 14 14 15 16 15 15 16 15 15 15 15 16 15 15 15 15 17 17 16 16 16 16 16 15 16 17 17 16 16 16 16 16 16 15 14 14 17 16 14 16 17 16 16 15 16 16 16 15 15 15 14 16 15 15 15 15 15 15 15 16 16 15 15 16 17 17 16 15 15 16 16 16 16 16 17 17 16 15 15 15 14 12 12 15 17 15 13 14 14 14 13 15 15 16 16 16 17 16 15 16 16 16 15 14 13 13 13 13 14 14 14 14 13 12 14 15 14 14 15 14 12 14 16 14 12 13 15 14 13 13 14 13 13 14 14 14 14 14 14 14 14 13 12 13 12 12 12 12 13 14 14 
14 14 14 14 13 13 16 14 12 5 1 1 1 1 1 0 0 1 1 1 1 1 1 1 1 1 1 1 2 2 3 3 3 4 28 152 164 40 18 18 14 16 15 15 14 14 14 14 15 16 14 14 14 14 14 14 14 15 14 14 15 15 15 16 16 15 14 15 15 15 15 15 15 15 15 15 15 16 18 16 15 23 26 27 28 9 6 7 8 18 19 22 40 22 15 16 15 16 15 14 14 14 15 16 16 16 15 15 14 14 14 14 13 13 14 15 15 15 15 15 15 14 14 15 15 16 16 16 15 14 14 14 14 13 13 15 15 13 15 16 16 16 16 15 15 15 14 14 14 13 16 16 15 15 15 15 15 15 15 15 15 15 16 17 16 15 15 15 15 16 16 16 16 16 17 16 15 15 16 15 12 12 14 15 14 13 14 14 13 13 15 15 15 15 15 16 16 16 17 17 16 15 15 15 15 15 15 15 15 14 14 13 13 14 15 14 14 15 13 12 14 16 14 13 14 15 14 13 13 13 14 14 14 14 13 13 13 13 14 14 13 12 12 12 12 12 12 12 12 13 
12 13 12 12 13 13 14 14 11 8 1 1 1 1 1 0 0 0 0 0 0 0 0 1 1 1 1 1 2 2 2 4 3 4 3 58 158 116 33 16 12 14 13 12 13 14 14 13 14 15 15 15 14 14 14 14 14 13 12 13 14 15 15 14 13 12 12 13 13 13 13 13 13 12 12 12 11 11 13 14 13 19 24 28 23 7 7 8 9 14 23 15 48 41 22 12 16 15 15 14 14 14 14 14 14 14 13 13 13 13 13 13 13 13 13 13 14 14 14 14 13 13 13 14 14 13 14 14 14 12 12 13 13 13 13 14 14 13 14 15 15 15 16 15 14 14 13 13 13 13 15 15 15 15 15 15 15 15 15 15 14 15 16 16 16 15 14 14 15 15 15 15 14 15 15 15 15 15 15 15 13 13 14 15 15 15 15 14 13 14 15 15 14 14 15 16 16 17 16 15 15 15 15 15 15 15 14 14 14 14 12 13 14 14 14 14 15 15 13 13 14 14 14 14 14 14 13 13 12 11 14 14 13 12 12 11 11 12 13 13 12 11 12 12 12 12 12 12 12 12 
11 11 11 10 12 12 9 13 11 9 1 1 1 1 0 0 1 1 0 0 1 1 1 0 1 1 1 1 1 1 2 2 2 3 4 10 72 178 95 18 21 10 12 10 11 12 12 12 11 12 13 12 12 12 12 12 11 10 10 11 12 13 12 12 10 9 10 11 11 11 12 11 10 9 9 9 10 9 10 12 11 15 23 27 16 7 7 9 10 13 26 16 29 34 17 15 14 11 11 12 12 12 12 11 10 10 10 11 11 12 12 12 12 13 13 13 13 14 14 14 14 13 13 14 13 12 12 13 13 12 12 14 14 14 14 15 15 14 14 14 13 14 15 16 16 15 14 13 12 12 13 14 14 14 14 14 14 15 15 15 15 15 17 16 15 14 14 14 14 15 14 13 12 13 13 14 14 13 13 14 14 14 14 15 16 16 16 14 14 15 15 14 13 12 13 14 15 16 14 13 12 13 14 14 14 14 14 14 13 13 10 12 13 13 12 13 14 14 13 14 15 13 14 14 13 12 12 12 12 11 11 11 11 11 10 10 10 11 11 11 10 10 10 11 11 11 11 11 11 12 
8 8 8 7 8 7 7 8 8 7 1 1 0 0 0 0 1 1 1 0 1 1 1 0 1 0 0 1 1 2 1 3 2 2 5 3 17 100 197 64 14 13 9 12 9 10 11 11 11 11 11 11 10 10 11 11 11 12 11 10 10 10 10 10 8 8 10 12 12 11 11 11 10 10 10 11 12 11 11 13 8 13 26 23 11 9 9 7 12 17 24 20 17 27 31 8 9 13 11 11 12 12 11 10 10 11 12 13 13 13 12 14 13 12 13 13 12 12 11 11 11 10 11 11 11 11 12 13 13 13 11 11 11 11 11 12 13 12 12 13 13 12 12 13 14 14 14 13 12 12 12 13 13 13 12 11 12 13 13 12 12 12 14 13 13 14 13 13 13 14 12 13 13 14 15 16 16 15 14 14 13 13 13 13 13 13 13 13 13 13 13 12 11 12 12 12 12 13 14 13 12 13 12 13 13 12 13 13 13 12 11 11 11 10 10 10 11 12 10 10 11 11 11 10 10 10 10 11 12 12 11 11 10 11 11 12 12 11 11 11 11 10 9 11 11 11 10 10 10 11 
9 9 9 8 9 9 8 7 8 9 3 1 1 1 0 0 0 0 0 0 0 0 0 0 1 1 1 1 1 2 2 3 2 2 2 4 7 27 123 160 31 12 16 6 8 12 6 7 8 6 7 7 7 7 7 7 8 9 8 7 7 7 8 9 9 8 9 9 9 7 9 8 8 8 9 9 9 8 8 10 7 10 21 16 7 7 9 8 14 20 9 11 17 17 23 13 8 8 9 9 10 10 9 9 9 8 8 9 10 10 10 11 11 11 13 13 12 11 9 10 11 10 10 10 10 10 10 10 9 9 9 9 9 9 9 9 10 10 9 9 9 9 10 11 11 12 12 11 11 11 10 11 11 11 12 12 12 11 11 10 9 9 10 9 10 10 10 9 10 11 11 11 11 12 12 13 13 13 13 13 13 13 14 12 11 11 11 11 11 12 12 11 10 11 11 11 11 14 14 12 12 12 12 12 12 11 12 13 13 12 11 11 11 11 11 11 11 12 11 11 11 12 11 11 11 10 10 11 11 11 11 11 11 11 11 12 12 12 12 12 12 12 11 13 14 13 12 12 12 12 
9 9 10 10 11 12 10 9 10 12 5 1 1 1 1 0 0 1 1 1 1 0 0 1 1 1 0 1 0 2 1 2 3 4 3 2 2 4 28 185 141 36 17 11 14 15 10 12 13 12 12 12 12 12 12 13 13 12 12 12 11 12 13 13 12 11 11 12 11 9 11 10 10 10 10 11 11 10 10 9 10 10 17 16 9 9 12 13 16 19 5 9 22 13 13 16 9 9 10 10 9 7 7 7 8 8 9 10 9 9 9 9 8 8 8 8 8 10 8 9 10 9 8 10 11 12 12 12 12 12 12 12 12 11 11 10 10 10 9 10 10 10 10 9 8 8 9 9 9 9 8 8 8 8 9 9 10 10 10 9 8 8 9 8 8 9 9 8 8 9 8 8 8 8 8 8 8 8 8 9 9 9 9 10 9 9 9 9 10 11 10 9 9 9 10 10 10 10 10 8 8 9 9 9 9 9 9 10 10 9 8 8 9 9 9 10 10 9 9 9 10 10 9 9 10 9 9 9 9 9 9 9 9 9 10 9 10 10 9 10 10 10 9 9 9 8 8 8 9 9 
7 8 9 9 9 9 8 8 8 9 8 2 0 1 1 0 1 1 1 1 1 1 1 1 0 2 3 1 1 1 1 2 3 3 8 10 4 4 4 48 195 126 19 15 12 9 10 12 9 11 10 10 10 10 11 11 11 11 11 11 11 11 12 12 12 12 13 13 13 12 13 13 13 13 13 13 13 14 13 11 13 11 14 18 16 16 20 22 22 23 12 16 26 16 13 13 11 14 14 14 13 12 12 10 10 13 14 14 13 12 13 13 13 13 14 15 15 14 14 14 14 13 13 15 17 17 15 14 13 13 14 14 14 14 14 14 14 12 12 14 14 13 12 12 12 12 11 11 11 12 12 12 11 11 11 12 11 11 11 10 10 10 10 9 9 10 10 9 10 11 10 10 11 11 11 11 11 10 10 10 10 10 10 9 9 8 8 9 9 10 9 8 9 9 9 10 10 10 10 9 9 10 10 10 10 9 9 9 9 9 9 9 9 9 10 10 10 10 10 10 10 9 8 9 9 9 8 9 9 9 9 10 10 9 9 9 9 9 8 8 9 8 7 8 9 8 8 9 10 10 
11 11 12 12 11 9 10 11 11 9 10 4 1 0 0 0 1 1 1 1 1 1 1 2 2 4 13 5 1 1 1 3 10 10 13 17 6 4 4 4 84 171 78 24 12 12 12 12 10 10 10 10 10 10 10 11 11 10 10 11 11 11 11 11 11 11 12 12 11 11 13 13 12 12 13 13 13 12 12 10 12 11 12 19 24 23 26 28 26 27 20 24 26 23 21 15 15 14 12 11 13 14 14 13 13 13 13 13 13 13 13 12 13 13 13 13 13 13 15 15 14 15 17 14 13 14 14 15 15 15 15 15 15 16 17 19 19 17 15 15 16 15 15 16 16 15 15 14 14 14 15 15 15 14 15 15 16 16 16 16 16 16 17 15 14 16 15 14 15 16 14 14 15 15 15 16 15 14 15 15 16 15 15 15 14 14 14 14 14 15 13 14 14 14 14 15 15 13 14 14 14 16 15 13 13 13 13 13 13 13 13 13 13 13 13 13 13 14 13 13 13 12 11 12 12 12 12 12 13 13 14 13 13 13 13 13 14 14 13 14 14 14 12 13 13 12 12 12 12 13 
9 9 9 10 9 8 9 10 9 7 10 7 2 0 1 1 0 0 0 2 3 2 2 8 9 5 18 6 4 5 4 5 13 8 8 16 6 2 4 5 19 111 162 73 19 16 16 14 17 15 14 14 14 14 14 15 14 12 12 13 13 13 13 13 14 14 14 13 13 13 14 14 13 12 13 13 13 12 12 12 11 12 12 20 28 25 25 27 23 24 23 26 25 25 26 19 21 19 17 16 17 18 17 16 15 14 14 14 15 16 16 17 21 25 26 28 30 31 31 30 32 37 38 35 32 30 31 32 30 27 16 15 14 14 14 16 16 14 11 11 11 10 10 11 12 12 12 12 12 12 12 12 13 13 13 13 13 13 14 14 13 13 14 12 12 14 13 12 13 14 13 13 13 13 13 13 13 13 14 15 15 15 14 13 13 13 13 13 12 12 12 13 13 13 13 14 14 13 14 13 13 14 14 12 13 14 13 13 14 15 14 14 14 14 13 13 14 15 14 13 13 13 12 14 15 15 15 15 15 15 16 15 14 14 15 16 17 18 18 18 20 19 18 21 21 20 19 19 20 20 
8 7 7 7 8 8 8 8 7 6 7 8 3 0 1 1 0 1 1 6 11 8 4 9 18 5 15 7 15 8 12 11 11 3 7 22 5 2 3 3 6 38 144 157 44 15 19 15 17 14 16 15 15 15 16 16 16 14 14 15 15 14 14 14 14 15 14 14 14 14 15 14 13 13 13 14 14 13 14 15 11 13 13 16 24 22 21 24 21 26 26 25 26 22 20 19 18 17 18 19 18 19 20 21 23 28 32 33 31 29 32 32 36 39 36 34 35 34 30 27 32 37 34 32 30 29 36 44 45 41 36 31 25 21 18 18 18 18 19 22 21 16 13 10 10 11 12 13 13 13 13 13 13 12 11 11 11 12 13 13 11 11 11 11 12 13 13 12 12 14 13 13 12 12 11 11 11 12 13 13 13 12 11 11 12 12 12 12 11 10 12 13 13 12 12 13 14 13 13 11 11 12 12 11 11 12 11 10 10 11 12 12 11 11 11 11 12 12 11 11 12 12 13 13 13 13 12 12 12 12 12 11 10 10 11 13 14 13 13 14 16 17 16 17 17 17 17 18 19 20 
12 12 10 10 10 10 9 10 11 12 11 8 5 1 1 1 1 1 2 21 5 6 3 5 17 5 18 10 13 8 17 13 12 3 7 24 6 2 2 3 4 7 57 160 129 22 14 10 15 10 16 12 14 15 17 19 15 15 16 16 17 17 16 13 14 15 15 14 15 17 16 15 16 16 15 17 18 17 16 17 15 15 18 21 21 20 18 18 17 18 18 16 16 16 17 23 26 30 37 39 36 35 33 26 25 29 30 24 20 20 15 14 15 15 13 11 10 9 8 8 11 14 12 14 15 16 18 21 23 22 23 19 18 19 19 17 16 18 19 22 26 32 43 28 20 22 18 13 16 20 14 15 18 17 19 21 17 15 15 16 15 15 15 14 15 15 16 16 16 16 14 14 13 13 13 13 14 14 15 16 16 16 16 17 16 15 17 18 17 14 15 14 14 15 14 13 13 11 12 13 14 14 14 13 12 12 14 13 12 13 11 12 12 13 13 12 12 11 11 10 11 12 13 11 9 10 11 11 11 10 11 12 11 9 10 11 11 12 11 11 11 11 12 11 11 11 11 11 11 12 
13 12 12 11 11 11 11 11 11 12 10 8 6 1 1 0 1 0 4 24 6 10 4 7 13 3 12 6 4 5 28 10 13 7 6 16 8 2 2 1 1 3 7 60 209 107 22 16 14 9 9 10 12 11 10 12 11 12 12 11 11 12 11 10 10 11 11 10 11 13 13 12 13 14 12 14 16 13 12 13 14 14 15 18 22 28 32 33 29 25 35 35 35 31 26 22 23 26 24 19 16 15 12 11 8 6 6 7 8 10 13 8 4 3 4 5 6 6 8 9 14 18 16 16 17 17 17 17 17 17 18 17 17 17 16 16 16 15 16 17 18 20 25 56 115 129 123 114 65 44 45 33 22 15 17 21 19 18 18 18 17 16 16 15 15 15 16 17 17 17 18 18 17 16 16 15 15 14 15 15 14 14 15 16 14 12 13 14 15 15 17 16 17 18 17 16 18 18 18 18 17 16 15 16 16 17 19 17 16 16 17 17 16 16 16 16 16 17 17 17 16 15 14 16 17 17 18 17 15 13 11 14 14 14 16 17 15 14 13 13 13 13 13 13 12 12 12 13 12 12 
10 9 10 11 11 13 13 13 12 11 13 12 10 3 1 0 0 1 5 18 10 14 6 8 7 6 19 12 6 9 11 1 6 8 7 14 10 2 3 3 2 5 4 10 88 181 96 16 10 13 9 12 10 11 14 13 13 12 11 9 9 11 12 12 12 12 12 12 13 13 13 13 13 14 13 14 15 16 20 28 32 24 17 20 21 20 20 21 20 18 11 10 7 5 5 5 6 7 7 8 10 9 6 4 5 6 8 9 10 11 19 15 12 10 9 6 6 10 11 12 16 17 16 18 19 19 19 19 19 20 20 20 18 13 8 9 13 17 16 15 13 13 15 23 99 176 121 106 130 152 126 114 82 36 15 12 12 14 14 14 14 14 13 13 12 12 13 13 14 15 14 14 13 13 13 14 14 14 14 14 13 13 14 16 15 14 14 14 15 15 14 13 13 14 13 13 14 13 13 13 13 13 12 13 13 14 16 15 14 15 16 15 14 14 15 16 16 13 13 13 13 13 14 14 13 11 12 13 15 16 17 19 17 15 15 15 15 15 14 14 14 14 14 14 14 14 14 15 15 15 
9 10 10 10 10 11 12 12 11 11 12 11 10 4 1 1 1 1 4 11 9 10 6 10 5 2 4 3 2 5 3 1 2 2 2 3 1 1 2 3 2 2 4 4 14 143 180 61 19 16 11 13 8 10 15 12 12 12 12 11 11 14 15 14 13 13 13 14 13 12 11 12 12 11 11 12 13 12 12 12 12 12 12 9 7 6 7 10 12 13 12 11 8 6 7 10 11 14 15 16 18 17 14 14 15 14 10 8 11 16 16 20 23 23 20 14 10 8 8 10 13 14 15 17 18 18 18 19 20 22 18 18 16 9 5 7 13 19 13 10 8 8 12 11 18 63 53 17 19 21 35 44 43 24 14 15 14 12 12 12 13 13 13 12 12 12 12 11 12 13 12 12 12 11 12 12 12 11 11 11 11 12 14 11 11 13 13 11 10 10 10 10 10 10 9 10 11 10 10 10 10 10 10 9 9 9 10 11 12 13 10 10 11 11 12 13 14 14 13 11 11 12 13 12 12 14 14 15 14 11 12 13 12 12 12 13 14 13 13 12 12 12 12 12 13 14 14 13 14 16 
13 13 12 11 10 11 11 12 12 13 11 9 10 6 1 1 1 1 1 2 2 1 1 2 1 1 1 1 1 1 1 0 1 1 1 1 1 2 2 2 3 2 3 4 5 37 141 148 52 18 12 14 12 12 13 12 13 13 14 13 12 13 14 13 12 12 12 12 11 11 10 10 10 9 9 10 10 9 12 13 11 9 8 11 12 12 13 15 17 17 18 19 15 11 11 11 11 13 14 12 13 15 17 17 17 16 13 12 12 11 10 16 20 20 20 19 16 12 10 11 11 9 11 11 11 12 12 12 13 16 14 13 11 7 5 8 14 17 9 5 3 3 7 5 2 17 41 27 14 13 13 12 13 12 14 16 13 14 14 14 14 14 13 13 14 14 13 12 12 14 13 13 12 12 12 13 13 12 13 14 15 17 19 14 12 14 13 13 13 14 13 13 15 15 14 16 20 22 22 22 22 22 23 28 31 30 30 33 38 40 40 41 42 43 42 42 42 43 44 43 42 39 37 29 24 17 11 11 11 10 11 11 13 13 12 11 12 11 11 11 11 11 11 10 11 13 11 10 11 14 
13 13 12 12 12 12 12 12 13 13 14 12 12 9 2 1 0 1 1 1 1 0 1 1 1 1 1 1 1 0 0 0 1 1 1 0 1 1 2 1 4 3 2 2 6 5 44 131 132 38 12 11 12 12 11 12 13 14 16 14 12 12 12 13 14 15 14 13 12 12 12 13 12 11 12 13 12 11 14 13 12 11 10 14 15 14 13 15 20 26 24 24 18 13 14 16 14 14 16 15 12 13 14 14 15 14 13 16 20 22 9 15 19 20 19 14 9 7 6 9 11 10 13 14 14 14 14 13 16 19 15 10 8 6 6 7 13 18 10 8 6 5 8 9 11 7 29 67 44 13 12 13 15 13 12 13 11 13 13 13 13 13 13 13 14 16 15 14 14 16 19 20 21 23 26 28 30 34 36 37 37 39 42 39 38 39 40 41 43 46 47 49 52 53 51 54 59 57 57 59 62 65 68 66 66 66 64 69 75 75 71 71 71 71 70 69 70 72 75 79 81 79 76 73 78 77 63 47 29 15 9 9 10 10 9 10 11 11 11 11 11 11 10 10 10 10 9 9 10 11 
11 10 11 11 11 11 10 10 9 9 12 10 13 12 3 1 0 0 1 1 1 1 1 1 1 0 1 1 1 1 0 1 0 1 1 0 1 1 1 2 2 3 3 2 4 2 6 33 95 77 33 12 11 12 12 13 11 12 14 12 10 11 12 12 13 15 14 12 11 11 12 14 13 12 13 13 13 14 14 13 14 16 14 12 13 15 15 14 17 20 21 26 24 21 21 19 15 12 12 10 9 12 14 13 17 18 9 5 9 13 10 13 15 17 19 12 5 1 2 5 8 7 10 10 10 12 11 12 15 18 18 10 7 9 12 12 15 20 17 21 22 19 21 25 27 27 43 74 73 49 38 35 37 38 43 42 35 39 41 44 47 49 50 51 56 63 63 62 63 67 64 63 63 62 63 64 65 66 69 69 68 67 68 66 67 71 74 73 69 67 70 72 75 73 67 70 74 69 68 68 70 71 74 66 67 68 65 68 69 65 65 63 62 62 63 65 67 68 66 66 69 73 77 74 84 97 96 96 87 71 48 32 19 11 8 11 13 10 10 11 11 10 10 11 10 8 9 10 10 10 
13 12 13 15 14 12 12 14 13 12 11 11 11 11 5 1 1 0 0 0 1 1 0 1 1 0 1 1 1 1 0 1 1 1 1 1 1 1 1 1 1 2 2 2 2 3 4 3 15 27 84 42 15 10 15 16 10 8 10 11 12 13 13 13 14 14 13 12 11 10 12 12 12 13 13 13 13 14 13 10 13 16 14 12 12 12 11 11 11 11 15 20 21 18 16 16 16 14 13 10 8 10 12 13 16 15 7 3 3 5 7 11 13 13 11 11 11 11 11 12 14 18 25 26 25 29 37 40 41 45 54 53 55 58 59 58 60 64 64 66 66 65 65 70 67 68 70 79 91 84 70 72 73 72 73 76 75 74 73 73 72 71 70 70 68 68 69 68 68 72 69 68 68 67 67 67 67 68 67 66 66 66 65 64 66 60 67 65 61 57 64 59 63 63 62 66 64 70 59 63 66 60 61 66 68 66 69 64 55 59 63 61 64 60 58 63 62 56 65 55 61 63 63 67 75 79 78 88 101 101 107 103 91 62 28 10 12 16 11 9 11 11 10 10 11 10 10 11 11 11 
17 17 19 18 16 15 15 16 17 16 15 15 14 15 10 2 1 1 1 1 1 1 1 1 1 1 1 1 1 0 0 1 1 1 1 1 1 0 0 1 1 2 3 3 1 1 2 2 2 4 15 40 52 26 8 6 9 12 10 8 7 8 9 9 9 9 9 9 9 9 8 9 10 11 11 12 13 14 13 12 15 20 18 15 15 15 16 17 18 19 24 31 37 38 36 38 40 41 45 46 47 52 58 58 62 64 54 49 54 59 55 61 66 65 62 63 66 69 69 69 71 77 83 83 82 84 83 74 67 70 69 73 76 74 72 73 74 72 73 74 73 72 71 69 64 65 64 65 71 63 71 72 72 70 68 71 74 73 70 67 65 67 69 67 64 63 66 65 64 67 64 64 64 63 63 62 63 63 61 61 63 64 63 62 63 58 60 59 60 61 64 62 65 64 64 58 50 61 59 63 68 57 57 56 47 59 50 52 58 56 54 55 49 50 50 53 62 50 49 58 46 66 58 58 68 70 68 74 85 91 98 104 109 113 100 56 26 10 12 10 10 13 11 10 11 10 9 8 8 8 
17 18 20 22 23 23 23 24 24 25 18 20 21 23 19 4 0 1 1 0 0 0 0 0 0 1 1 1 1 0 1 1 1 1 1 1 1 1 1 1 1 1 1 3 2 2 3 3 3 2 2 6 15 23 29 25 18 15 17 19 22 23 23 26 27 28 29 31 34 36 41 43 45 47 48 49 49 49 50 48 54 61 58 55 56 58 60 63 66 69 68 71 75 75 74 74 77 82 84 83 77 72 69 74 81 82 76 74 77 78 69 69 71 74 76 74 70 64 64 65 68 67 66 59 58 66 67 63 64 71 60 66 68 64 59 61 64 63 63 63 63 61 60 63 62 65 63 61 63 55 65 66 63 60 58 58 59 59 59 60 60 60 60 58 56 57 61 60 59 60 59 59 58 58 57 57 56 54 53 54 56 57 56 53 50 55 53 53 53 53 52 51 52 54 56 50 49 53 52 43 51 51 60 59 38 55 44 45 47 41 28 46 46 57 46 30 40 38 41 55 34 46 49 50 51 55 60 62 70 82 87 106 112 116 134 125 99 58 21 13 16 12 10 11 12 12 12 12 12 12 
25 25 23 24 26 27 27 27 28 29 25 27 30 31 30 9 1 1 1 1 1 1 1 1 1 1 1 1 1 1 1 1 1 1 2 2 2 2 2 2 3 4 5 5 7 8 8 8 9 10 11 13 14 16 28 46 54 60 62 65 67 67 66 62 61 62 64 67 69 71 73 70 71 75 78 75 71 72 72 70 73 76 71 70 70 70 70 71 73 74 76 72 69 68 69 69 67 64 66 68 71 69 66 66 68 67 64 64 63 57 64 64 65 66 68 68 67 64 62 63 68 69 66 62 62 63 62 60 60 61 59 62 64 63 61 60 61 63 63 63 63 61 59 59 56 61 58 57 62 56 58 57 56 54 53 53 52 51 54 57 56 53 50 48 47 50 54 53 51 52 52 52 52 52 51 51 49 47 46 47 48 48 46 47 45 52 51 53 49 43 46 41 41 46 39 39 52 47 45 34 41 37 37 49 43 45 38 39 25 20 20 40 36 41 24 11 19 24 38 42 28 14 33 47 45 49 54 52 54 67 72 86 97 105 118 131 149 139 64 25 15 12 11 12 13 13 14 15 15 15 
27 26 23 23 24 25 25 25 25 26 25 23 23 22 26 16 4 5 5 5 4 5 5 6 6 6 6 6 6 6 8 9 10 10 12 12 12 13 13 13 14 15 16 19 24 27 27 30 36 39 43 47 48 46 48 57 63 61 59 56 58 61 65 64 64 66 67 66 65 63 64 59 58 66 71 65 60 63 64 63 62 62 59 62 64 63 62 62 62 63 60 60 63 66 67 64 63 64 60 61 66 67 63 61 62 62 62 65 63 56 62 62 61 59 58 58 60 61 57 56 59 60 60 58 55 51 52 56 57 53 51 49 49 53 55 51 48 49 50 50 50 49 48 49 48 52 48 47 53 49 52 50 49 50 50 50 50 50 50 49 48 47 47 45 43 45 48 47 46 47 45 45 45 44 44 44 43 43 42 42 43 41 38 42 39 39 37 41 39 35 38 33 37 44 29 24 42 35 33 30 35 27 18 27 44 30 17 28 19 12 13 21 17 16 10 13 23 13 28 37 20 4 18 36 40 46 49 45 47 57 58 63 86 111 118 133 151 160 142 65 16 12 14 13 13 13 13 13 13 13 
27 28 29 27 25 26 27 28 27 26 28 23 24 20 26 30 17 16 17 17 16 16 17 18 18 17 17 18 18 17 19 21 20 19 20 20 19 20 20 21 23 26 28 30 30 32 36 42 47 49 54 51 50 53 57 57 54 49 52 55 57 56 55 56 58 59 58 57 56 54 58 56 57 62 66 63 61 61 62 61 60 59 59 59 58 57 57 57 57 58 56 59 62 63 61 55 56 60 55 54 59 59 54 54 57 57 56 57 56 49 56 54 53 52 51 48 50 56 54 52 51 52 53 52 51 46 46 52 55 51 49 47 47 51 53 48 45 45 46 47 47 47 47 47 46 50 46 43 47 44 47 44 43 44 46 45 45 46 44 42 41 42 44 42 39 39 42 41 40 42 39 39 38 38 38 38 38 38 38 38 38 36 33 29 25 22 21 21 22 23 21 23 26 37 26 17 30 27 19 22 23 23 18 20 34 26 6 16 20 12 17 15 17 12 7 12 18 10 19 34 15 9 12 20 28 37 40 43 50 60 57 66 83 94 100 144 195 216 208 136 43 15 14 15 14 13 13 13 14 15 
27 26 27 29 29 28 30 32 30 27 29 27 32 25 27 36 24 21 22 22 20 19 19 19 18 19 20 20 19 17 16 18 18 18 20 20 20 23 23 25 27 30 32 32 32 36 39 38 40 47 48 48 49 47 45 46 49 48 48 49 49 49 48 49 49 48 47 48 49 49 50 53 55 53 52 53 55 56 55 54 52 51 52 56 57 56 54 53 53 53 53 53 51 48 47 50 52 51 47 48 56 55 49 47 50 51 50 52 52 48 49 44 44 50 54 48 43 44 46 45 43 43 45 44 45 43 40 43 48 47 45 46 46 45 44 42 39 37 38 39 41 41 41 38 37 44 41 38 40 36 43 40 38 40 41 40 37 35 38 42 42 39 37 37 34 33 35 34 33 36 35 35 35 34 34 34 33 32 32 33 33 32 30 19 18 20 21 16 16 18 18 22 19 28 27 16 23 29 18 23 15 17 15 24 20 29 6 7 15 10 14 9 17 14 10 19 14 8 12 21 15 17 12 16 24 33 34 39 48 54 53 59 67 79 101 139 181 235 243 199 85 29 14 14 13 11 10 9 9 10 
27 24 24 28 29 30 26 28 35 33 29 34 37 33 33 32 25 21 20 17 16 19 21 20 18 17 15 13 11 11 9 12 16 21 24 24 24 26 25 28 28 27 29 31 36 38 33 34 39 40 39 40 41 41 40 41 41 41 39 39 42 44 44 41 41 42 41 40 41 42 41 42 42 43 44 46 47 49 51 46 45 47 43 40 54 48 42 50 47 46 49 48 45 43 43 43 45 46 45 43 45 47 46 45 42 40 41 41 41 41 41 41 40 40 42 42 41 45 45 41 41 38 42 41 39 38 34 39 40 37 41 35 38 35 38 40 32 34 36 32 36 37 38 36 34 36 31 33 34 33 38 38 36 34 34 35 36 36 33 32 36 34 31 32 36 30 33 34 26 34 29 33 30 27 30 32 29 27 24 26 28 26 25 16 16 19 20 14 16 14 16 17 14 16 17 13 17 27 19 18 18 16 16 25 23 26 15 15 18 14 16 11 17 18 18 26 20 17 16 17 20 18 19 18 18 20 20 24 29 31 28 30 31 39 45 54 79 116 141 135 105 69 28 17 16 16 16 16 17 15 
35 34 35 32 30 40 40 32 31 32 33 33 28 27 30 30 28 27 21 18 18 18 16 14 11 9 8 7 8 10 14 16 19 22 24 23 24 23 22 23 22 20 21 25 27 27 30 33 33 31 32 32 33 34 34 35 35 33 33 33 35 36 35 31 31 32 32 32 34 36 36 36 38 40 43 45 43 39 44 43 41 42 42 37 34 39 44 45 43 38 40 39 38 38 38 37 37 37 37 35 36 39 39 38 36 35 37 38 39 41 39 39 40 37 37 38 32 33 34 32 33 30 32 32 31 31 28 31 29 26 38 32 34 31 35 38 30 35 35 31 33 33 33 32 32 33 29 31 31 29 26 26 26 27 28 27 27 29 29 27 30 28 27 26 29 26 28 29 23 28 23 25 24 22 25 27 27 28 25 26 27 24 22 19 20 20 21 16 19 17 14 16 18 19 21 20 19 22 20 17 19 18 16 14 11 13 9 10 10 8 11 7 8 6 4 5 4 6 5 4 5 3 4 4 4 4 3 4 5 6 4 4 5 7 5 5 11 20 36 68 136 145 81 30 13 12 13 12 12 11 
33 34 32 32 31 33 33 34 39 34 38 34 31 34 43 46 42 30 16 11 10 7 5 5 4 5 6 8 12 17 20 20 19 18 18 17 18 20 20 21 21 20 21 20 16 16 21 23 23 23 26 26 26 26 27 28 27 26 28 28 27 26 27 26 26 27 27 27 29 31 29 30 32 34 36 36 35 32 36 40 36 34 39 38 23 27 24 11 19 36 36 36 35 35 35 36 35 33 33 31 32 34 34 35 33 32 34 33 31 32 30 28 33 30 31 32 24 28 29 29 31 31 28 25 26 27 28 29 29 25 30 28 29 27 30 30 25 25 24 22 24 26 24 24 27 27 26 26 25 23 26 26 28 30 30 27 24 23 25 24 25 22 22 22 22 24 23 22 23 20 21 20 21 20 16 16 16 13 12 13 12 10 9 9 8 6 7 5 7 6 6 7 6 4 4 4 4 3 5 3 4 5 3 4 3 5 3 4 4 2 4 3 4 4 3 4 2 3 2 2 4 4 6 4 5 5 2 2 4 4 3 2 4 5 5 7 9 11 10 22 90 163 157 74 24 13 12 13 13 11 
33 35 31 30 34 31 25 39 50 29 16 16 17 19 22 23 23 18 8 6 6 5 7 10 11 12 14 14 15 18 14 14 14 14 14 15 14 13 14 15 15 16 18 20 23 25 20 18 19 20 21 22 22 22 22 23 22 23 25 25 22 21 22 24 24 23 22 22 23 24 26 27 29 30 30 30 29 24 23 28 26 21 23 33 27 20 16 10 15 33 29 28 27 27 27 27 27 28 28 26 25 27 25 26 25 24 27 27 25 25 28 24 29 27 29 30 22 23 22 23 24 26 22 21 25 22 24 23 24 23 23 24 24 23 25 23 22 23 21 20 20 22 19 16 17 15 17 16 17 16 13 14 15 14 11 11 11 11 10 8 9 7 7 7 5 8 6 5 8 4 5 4 6 6 3 2 3 3 2 2 2 1 2 3 3 2 3 2 3 3 3 3 2 1 1 4 4 2 6 3 3 5 3 4 3 5 4 4 4 2 5 3 4 4 3 5 3 5 4 3 4 3 3 3 4 4 2 2 4 4 4 2 4 5 6 12 11 10 12 15 27 41 43 51 40 22 14 14 18 13 
42 45 42 37 39 44 39 43 49 35 30 26 20 14 9 7 7 6 4 5 8 9 14 16 15 14 13 11 10 12 12 12 13 13 13 13 12 12 14 14 12 12 14 14 26 35 22 17 19 17 18 18 19 19 19 19 19 20 21 21 19 18 19 21 22 21 20 20 20 20 21 22 23 24 25 25 23 16 12 16 18 14 13 21 26 17 18 23 18 20 28 28 26 25 24 24 25 27 27 25 23 24 22 22 21 20 23 22 21 22 20 18 18 18 19 18 15 17 15 15 14 17 15 14 17 12 14 12 13 13 8 9 9 9 9 8 7 6 5 5 4 4 3 3 4 2 3 3 5 5 4 5 6 4 2 3 6 7 4 3 4 4 4 5 3 5 4 3 5 2 1 1 3 5 2 1 2 2 2 2 1 1 2 4 3 3 4 4 5 4 3 4 3 2 2 3 4 2 6 3 3 5 3 4 3 4 3 3 4 3 4 3 4 3 5 7 4 5 5 6 8 7 8 7 8 9 7 7 9 11 11 9 11 12 14 19 18 20 24 27 31 38 43 45 51 48 24 13 15 13 
49 48 47 47 45 51 51 45 49 53 40 29 19 10 5 3 3 2 3 5 7 9 13 14 13 12 13 13 14 16 14 13 12 11 9 7 7 7 8 7 5 5 5 4 12 24 18 16 19 17 17 17 17 17 17 17 18 19 18 17 17 17 18 20 21 20 20 21 19 18 21 21 21 22 22 22 22 19 16 20 22 19 18 18 23 18 16 18 14 14 18 17 16 15 15 15 14 14 15 13 13 13 11 12 11 9 9 9 8 8 6 7 5 6 6 4 4 4 3 4 2 4 3 2 4 2 4 3 5 6 3 4 4 4 4 2 3 3 3 5 3 4 4 3 5 2 4 3 5 5 3 5 6 4 2 3 6 7 4 3 4 5 5 5 3 5 4 3 5 2 2 2 4 4 3 2 2 2 2 2 2 2 2 4 3 2 5 3 4 4 3 5 6 5 5 6 5 6 8 6 7 7 6 9 7 10 9 9 10 10 12 10 12 11 13 17 12 16 14 16 18 15 17 15 15 17 17 16 18 20 18 20 23 25 28 32 38 46 47 49 52 56 61 58 64 69 41 17 14 14 
51 49 51 51 48 52 53 52 49 37 15 9 6 5 4 3 3 4 3 3 5 9 13 15 15 15 15 12 9 10 7 7 7 7 6 6 5 5 6 5 4 4 5 7 11 16 16 18 21 19 18 19 18 18 18 18 19 19 16 15 16 18 18 16 15 14 14 14 12 9 12 12 11 10 9 9 9 9 8 9 10 9 9 8 7 8 7 5 5 6 5 5 4 4 4 4 4 3 4 4 4 4 3 4 4 3 3 3 3 4 2 5 3 5 5 2 4 3 4 5 3 5 4 3 5 3 5 3 5 5 3 5 4 5 5 3 4 3 4 6 2 4 3 2 4 2 3 2 3 3 3 4 6 5 3 3 5 7 6 4 4 4 4 5 4 5 6 6 6 3 6 7 8 8 8 8 10 11 10 12 14 12 10 12 11 9 13 10 12 13 13 16 17 15 16 17 16 17 17 18 19 15 16 19 15 19 17 18 18 17 18 16 19 16 18 20 15 20 17 17 19 15 17 18 16 18 21 19 17 19 20 25 22 24 28 33 43 45 47 52 59 67 80 86 64 48 36 18 11 9 
41 41 42 48 46 40 52 47 27 9 4 4 3 4 5 4 4 5 5 5 7 9 11 12 11 9 8 6 5 5 5 6 7 5 4 3 3 3 3 3 4 6 8 11 11 14 19 19 17 19 18 20 21 20 19 18 17 14 10 7 5 5 5 4 4 4 4 3 3 2 4 3 2 2 2 2 1 2 3 2 5 3 3 5 2 4 4 3 5 3 4 5 4 4 3 3 4 3 4 4 2 4 3 3 4 3 3 2 4 5 3 6 3 4 5 2 4 3 3 4 2 3 3 3 3 2 3 2 2 3 2 3 4 5 5 4 4 5 5 6 5 6 6 6 8 9 11 12 13 13 13 14 15 16 15 13 14 15 15 15 16 17 17 18 18 17 18 20 22 22 24 20 20 21 19 17 17 17 17 18 18 19 20 21 16 17 18 22 23 18 21 19 18 18 18 18 18 18 17 17 18 18 19 21 20 20 19 19 19 19 18 18 18 17 17 17 15 17 17 17 18 17 17 17 16 17 19 18 16 16 18 20 19 22 27 32 35 37 45 48 50 58 69 79 83 71 34 11 7 7 
38 39 40 33 37 44 34 13 4 3 5 8 9 8 7 8 7 6 6 6 6 7 7 7 6 5 7 9 8 6 4 5 5 5 4 4 5 4 4 5 8 11 12 12 13 14 14 16 20 22 20 21 22 22 21 20 18 14 12 9 7 6 5 4 4 4 3 2 2 2 2 1 1 1 1 1 1 3 4 3 5 3 4 5 2 3 4 3 5 3 3 4 3 4 3 3 5 3 4 4 3 4 3 3 4 3 4 3 4 5 5 8 5 7 7 5 8 8 8 9 8 8 8 9 8 9 10 10 11 14 11 11 13 15 16 15 14 15 16 17 18 19 19 21 22 22 22 23 24 24 25 24 24 23 22 22 22 21 20 19 18 18 17 15 15 18 21 23 23 21 20 17 18 20 21 21 21 21 23 20 15 16 21 17 17 16 16 19 14 11 20 15 16 19 18 18 20 18 17 17 18 19 20 19 18 17 17 17 17 17 15 16 17 18 19 20 19 17 17 18 19 19 19 18 18 18 18 17 16 15 15 16 16 19 23 27 30 36 42 43 46 58 70 78 88 96 56 16 8 11 
35 36 36 40 43 28 6 2 6 12 10 10 10 8 8 8 7 5 5 5 5 5 5 5 5 6 5 5 7 10 11 9 6 4 3 3 3 3 3 5 10 11 10 11 13 17 20 17 14 14 22 21 20 22 23 22 21 21 21 22 23 21 19 15 14 13 12 10 10 10 9 8 8 8 7 7 7 9 9 7 10 8 9 11 7 10 11 10 12 8 12 13 13 14 13 13 17 16 18 18 15 17 15 16 19 16 19 18 18 18 14 19 15 18 20 17 19 16 15 14 18 17 16 17 17 17 18 17 16 18 17 17 18 19 20 19 19 19 19 21 22 24 24 21 20 22 23 23 23 23 22 22 21 21 20 20 19 18 19 19 20 22 23 24 23 22 22 23 23 23 32 27 24 22 19 17 16 15 17 18 18 18 17 18 17 22 23 22 33 34 17 20 21 19 20 20 18 18 18 19 19 20 20 18 17 17 17 17 18 18 18 18 18 18 18 19 18 17 18 18 18 18 18 19 20 19 18 17 17 17 16 16 16 18 21 24 27 31 34 36 42 53 61 66 79 87 48 16 11 13 
32 31 30 30 32 20 4 5 13 12 14 9 6 7 9 8 6 5 5 6 6 6 6 5 6 7 8 8 8 8 5 4 3 3 3 3 3 3 5 9 12 12 11 10 8 21 42 34 18 20 21 18 17 20 22 21 19 18 18 20 22 21 20 20 20 20 19 19 19 19 18 20 20 18 17 18 19 20 20 18 21 19 20 20 16 19 21 19 20 17 17 18 17 17 17 17 17 15 16 16 15 16 15 17 17 15 16 16 15 14 13 15 14 15 16 14 16 17 15 12 19 17 15 16 15 15 15 15 14 14 17 16 15 16 17 16 16 18 18 19 20 21 21 20 20 24 26 26 24 22 22 23 25 25 24 22 21 21 21 19 18 17 18 17 16 16 18 21 22 22 17 17 19 20 19 18 19 20 19 24 32 27 16 10 16 10 12 16 18 30 30 16 13 14 15 14 15 12 13 14 14 14 14 14 14 15 15 15 16 17 19 18 18 18 18 18 18 18 18 17 17 16 15 18 19 18 18 18 17 18 17 17 17 18 20 22 23 27 31 35 43 49 49 56 67 52 20 11 16 12 
32 32 32 33 35 31 11 5 7 13 14 12 11 12 11 10 9 8 8 8 9 9 8 8 6 6 10 14 12 8 7 5 4 4 4 3 3 4 7 9 10 9 9 13 9 6 7 8 11 18 21 18 17 19 21 20 19 18 18 18 19 19 19 19 18 17 18 18 19 19 17 19 20 18 17 18 19 18 17 17 18 18 18 18 17 18 19 18 18 16 15 15 16 15 16 18 15 15 16 15 17 17 16 17 15 15 14 16 15 14 16 16 15 16 15 14 16 16 14 12 17 15 14 14 14 14 14 16 16 15 18 17 16 16 17 16 17 19 19 19 20 20 20 20 20 20 20 19 19 18 19 19 18 17 17 17 15 12 13 12 12 13 16 19 18 15 16 16 15 12 12 16 18 19 19 17 16 17 15 16 20 15 8 5 5 5 5 3 4 3 7 25 24 8 7 9 6 8 8 9 9 8 8 8 8 8 9 9 10 10 11 11 12 13 15 17 17 17 17 17 17 17 17 19 19 18 18 17 17 16 17 17 17 18 18 20 21 24 27 31 39 46 47 49 41 22 10 10 15 12 
33 33 34 35 34 34 25 10 4 8 8 10 12 11 8 8 9 9 9 9 9 9 10 11 10 8 8 9 11 13 14 13 12 11 10 9 8 8 11 12 11 11 11 10 12 13 13 19 24 21 20 19 18 19 20 20 19 19 18 18 18 18 17 20 20 18 18 19 20 19 16 17 18 17 17 17 18 17 17 17 18 19 18 17 18 17 16 16 16 17 16 15 17 16 18 21 16 15 15 13 16 14 14 16 14 17 14 16 14 12 15 14 14 14 13 13 13 13 12 11 12 13 13 13 14 12 11 12 12 11 13 13 12 12 12 11 12 13 13 13 13 13 13 14 14 12 12 12 13 14 13 12 11 10 11 12 14 17 17 16 14 15 18 21 19 14 13 15 15 14 9 12 14 13 11 8 7 6 6 5 4 4 4 3 4 2 2 3 4 4 10 16 18 8 5 6 8 7 7 7 7 7 7 6 6 6 6 6 7 7 6 6 7 7 8 9 10 12 12 13 14 16 17 17 17 18 17 17 16 15 18 18 18 18 18 19 19 20 21 22 27 35 38 33 17 10 11 10 10 11 
30 31 31 29 33 30 32 28 19 8 3 3 4 4 4 4 5 5 5 5 6 7 8 8 8 8 8 8 9 10 14 14 15 16 17 17 16 14 16 17 17 17 17 18 18 18 19 22 23 18 19 19 19 19 18 18 19 19 18 19 19 18 17 20 20 18 18 20 20 20 17 18 19 20 20 19 19 18 18 20 19 21 20 18 20 17 16 17 16 18 17 15 17 14 16 19 14 16 15 12 15 12 12 13 11 16 12 12 9 7 9 7 8 8 7 8 7 6 6 7 5 7 8 9 10 8 7 9 10 8 10 9 9 9 9 8 8 9 10 10 10 11 11 11 12 12 12 11 9 8 10 12 15 17 17 16 15 15 15 12 9 9 10 11 12 13 16 15 10 6 3 5 6 5 5 4 4 5 4 3 3 3 3 2 2 4 4 5 6 5 10 6 5 6 6 6 7 7 7 7 7 7 6 6 6 6 6 6 6 6 6 6 5 5 6 6 7 7 7 8 9 10 11 12 13 15 17 18 18 18 16 16 16 16 16 16 16 17 20 21 22 25 25 21 15 16 16 14 16 17 
26 26 26 26 28 27 27 27 24 19 10 7 4 2 1 2 2 2 2 3 3 4 4 5 6 6 7 8 8 8 8 9 10 12 14 15 15 16 18 19 19 20 21 20 18 17 19 21 21 19 23 22 21 20 19 18 18 18 19 19 20 19 18 19 17 13 12 14 14 14 12 14 17 17 16 15 15 15 16 16 14 14 13 12 13 13 14 14 14 14 13 12 13 12 12 12 11 11 10 9 10 9 9 11 11 11 9 9 8 7 8 8 8 7 5 5 5 4 4 5 5 6 6 6 8 8 7 8 9 7 9 8 7 8 10 11 11 8 8 10 11 10 10 10 9 8 7 9 11 12 13 13 13 12 10 9 10 9 8 9 11 14 17 19 19 19 17 12 7 5 7 6 4 4 4 3 3 6 5 2 2 2 2 4 12 23 21 16 13 8 5 5 5 7 7 5 6 8 8 7 6 4 6 6 6 6 7 7 7 8 7 6 6 6 6 6 6 6 6 6 7 7 8 8 9 8 9 10 13 16 16 17 16 15 14 15 16 15 15 16 19 22 21 19 18 19 19 18 18 17 
24 24 24 24 23 22 22 22 21 21 21 20 18 16 12 7 4 2 2 1 1 1 1 2 2 3 3 3 4 5 5 5 5 6 6 8 8 9 11 12 14 14 15 15 13 13 14 15 15 14 15 14 14 13 12 12 12 12 13 14 13 13 12 11 9 6 5 5 5 4 5 7 8 9 9 10 11 12 13 12 11 10 10 10 10 10 11 11 11 11 11 11 11 11 11 10 10 9 9 9 9 9 8 8 7 7 6 6 6 7 6 7 6 5 4 4 4 4 4 5 6 7 6 6 7 7 7 7 8 7 7 8 9 10 9 8 7 7 8 10 10 8 8 9 10 10 8 6 5 4 5 5 7 7 7 8 11 14 17 22 25 23 19 16 13 10 7 4 3 2 4 4 3 2 2 2 2 3 3 2 3 5 7 5 7 12 12 10 8 6 11 9 9 9 8 7 7 7 6 4 10 4 7 6 6 6 6 6 6 7 6 6 6 6 6 6 6 6 7 8 9 9 9 7 5 5 5 6 7 8 10 12 16 17 17 16 16 16 16 16 17 18 19 19 18 18 19 20 20 20 
23 23 23 22 22 20 20 20 21 22 24 21 20 22 23 21 17 13 10 7 4 3 3 2 1 2 2 2 3 3 2 2 2 2 2 2 2 2 2 3 5 5 4 5 5 5 6 7 7 7 5 5 5 5 5 5 6 7 9 10 10 9 10 9 8 7 7 6 5 3 3 4 4 3 3 4 6 8 8 8 7 7 7 7 7 7 7 7 7 7 6 7 7 7 7 6 6 6 6 5 5 5 5 4 4 4 3 4 4 4 3 3 3 3 2 2 3 4 5 5 6 6 6 6 6 6 6 6 6 7 7 7 6 7 8 9 9 8 8 8 5 4 4 3 3 3 2 1 3 4 6 9 14 19 21 23 26 25 20 15 12 10 8 7 5 3 3 3 3 4 5 6 5 5 5 6 6 4 4 6 7 5 3 3 2 1 2 2 2 3 2 2 3 4 5 6 6 9 10 6 6 8 5 6 6 7 7 6 6 6 6 6 6 6 6 6 6 7 8 8 8 7 6 7 7 6 6 7 7 7 6 8 11 14 14 13 12 15 19 18 15 14 17 15 13 11 12 13 14 14 
20 20 20 20 20 20 20 20 20 21 20 17 16 17 19 22 21 20 18 16 14 12 10 8 7 6 4 3 2 1 1 2 2 2 2 2 1 1 1 1 2 2 2 1 1 2 2 3 3 4 5 5 5 5 6 6 6 7 9 9 8 8 8 7 6 7 7 8 7 6 5 5 4 4 3 3 3 4 4 5 5 5 5 5 4 4 4 4 4 4 3 4 4 4 4 3 3 4 4 3 3 3 3 4 4 4 4 4 4 3 4 4 4 3 4 4 5 6 6 6 6 6 5 6 5 5 6 5 5 7 7 6 5 6 7 8 7 5 4 4 3 3 3 3 4 4 3 2 3 3 5 8 12 14 13 12 11 9 7 4 4 6 8 7 5 4 5 5 6 7 5 5 5 5 6 7 8 8 7 8 6 2 1 1 2 2 1 1 1 1 1 1 2 2 3 2 3 8 13 22 4 10 4 5 5 6 6 5 5 6 6 6 7 7 7 6 7 7 8 8 8 7 7 7 6 5 5 6 6 7 6 6 8 11 15 17 15 13 16 17 14 14 15 19 19 18 18 18 18 17 
21 21 21 20 20 21 22 21 21 20 22 25 26 25 23 20 20 22 24 26 27 26 25 23 22 20 16 12 8 6 4 3 2 2 2 2 2 2 1 1 2 2 2 1 1 2 2 2 2 3 3 3 3 3 4 4 4 5 7 7 6 7 8 8 7 7 7 7 7 7 5 6 6 5 4 3 3 3 3 3 3 3 3 3 3 2 2 2 3 3 3 3 3 3 3 2 3 3 3 3 3 3 3 3 3 3 4 4 3 3 2 2 2 2 3 4 5 6 5 5 6 6 5 6 5 5 6 5 5 6 5 5 5 5 4 3 2 2 2 3 5 6 4 3 3 2 1 2 3 4 6 8 10 9 8 6 5 5 5 5 6 7 6 6 5 5 6 6 6 6 7 5 5 6 6 6 7 7 6 5 3 2 2 1 4 8 5 4 4 3 2 2 1 1 2 2 2 3 7 46 23 6 7 5 4 5 5 5 5 5 6 6 7 7 7 6 6 7 7 7 7 7 8 6 5 6 6 6 6 6 6 6 9 14 19 23 23 20 21 22 21 20 20 20 19 20 20 20 19 18 
24 25 25 23 23 24 24 23 22 22 25 26 26 26 25 24 24 24 26 27 27 26 24 24 25 25 23 20 17 15 11 8 5 3 2 2 2 2 2 2 2 2 2 2 2 2 2 2 2 2 2 2 2 2 2 2 2 3 3 4 5 7 9 9 8 8 7 6 6 6 6 6 6 6 5 4 3 4 3 3 3 3 2 2 2 2 2 2 2 2 2 2 2 2 2 2 2 2 2 2 2 2 2 1 1 2 2 2 2 1 1 1 1 2 3 4 5 5 5 5 6 6 6 5 5 5 5 4 4 4 4 3 3 2 3 3 4 5 5 6 8 7 4 2 1 2 2 3 4 5 3 5 5 4 3 3 3 4 4 3 4 6 5 5 5 5 6 6 6 7 8 6 6 6 5 5 5 5 8 7 5 3 1 1 5 14 14 12 12 10 10 8 5 3 3 3 2 2 3 41 73 5 7 5 5 5 5 5 5 6 6 6 6 5 5 5 5 5 5 4 4 3 3 3 3 5 5 5 5 6 6 8 11 14 16 17 16 14 14 14 14 14 13 14 14 14 15 16 15 14 
23 23 23 23 23 22 21 21 21 21 24 22 20 21 22 21 20 20 19 18 17 17 17 18 18 18 18 18 17 17 17 15 11 7 4 3 2 2 3 3 2 1 1 1 2 2 2 1 1 2 2 2 1 2 2 2 2 3 2 2 3 4 5 5 5 5 5 5 5 5 5 5 5 6 7 7 6 5 4 3 3 3 2 2 2 2 2 2 2 2 2 2 1 1 1 2 2 1 1 1 1 1 1 2 2 2 1 1 1 1 2 1 1 2 4 6 6 5 5 5 5 5 5 4 5 5 4 4 4 3 2 2 3 3 4 5 5 5 7 7 6 5 2 1 2 3 4 4 4 3 2 3 2 1 2 2 2 2 2 1 2 4 5 5 5 6 6 5 5 6 6 5 5 3 2 2 2 4 7 7 8 9 4 1 2 10 15 15 15 18 19 18 14 10 8 5 3 3 3 12 86 16 3 4 5 5 5 4 4 4 5 5 4 4 4 4 4 3 4 4 4 4 3 3 3 3 2 2 4 7 6 8 10 12 12 13 13 12 13 13 13 14 15 16 16 14 14 15 15 15 
19 19 19 19 19 18 18 18 17 17 17 16 16 17 17 16 16 17 17 17 16 16 17 18 18 16 15 15 15 15 16 16 14 17 10 3 6 11 11 8 5 4 3 2 2 2 1 1 1 2 1 1 1 1 1 2 2 2 2 2 2 2 2 2 3 3 3 4 4 3 3 4 5 5 5 4 4 4 4 4 3 3 2 2 2 2 2 2 2 2 2 1 1 1 1 2 2 1 1 2 2 1 1 1 1 1 1 1 1 1 1 1 1 2 4 4 4 5 5 4 5 6 6 5 5 5 4 4 3 2 4 3 4 4 5 4 3 3 5 5 5 3 2 1 1 3 3 3 3 3 1 2 2 3 3 3 3 3 3 3 2 2 1 2 3 3 3 3 3 3 4 3 2 1 1 1 1 2 4 4 5 9 7 3 1 7 17 15 16 18 18 18 18 19 18 14 10 7 4 3 64 19 3 4 5 5 4 4 4 4 5 5 5 5 5 6 5 6 7 8 10 12 13 8 4 3 2 2 4 7 6 8 9 13 16 15 16 15 14 14 15 15 15 15 15 15 15 16 15 15 
14 15 16 14 14 15 15 15 15 15 15 15 15 16 16 16 15 15 16 16 15 15 15 15 15 15 16 17 17 18 18 19 16 19 11 4 13 24 24 20 17 16 14 8 5 4 3 2 2 1 2 1 1 1 1 2 2 2 1 1 1 2 2 2 2 2 1 1 2 1 2 2 2 2 1 1 2 3 3 3 3 2 2 2 2 2 2 2 1 1 1 1 1 1 1 1 1 1 1 1 1 1 1 1 1 1 1 1 1 1 1 2 2 4 5 4 4 4 5 4 4 3 3 5 5 5 4 3 3 3 4 3 3 3 3 3 3 4 5 5 3 3 2 2 1 3 2 2 2 2 3 3 3 4 4 4 3 4 4 4 3 2 1 1 1 1 1 1 1 1 2 1 1 1 1 1 1 1 2 2 3 9 11 7 2 5 15 14 16 17 16 17 19 21 22 22 20 13 10 6 53 25 10 7 7 7 7 9 11 10 10 10 10 11 12 12 11 11 12 11 11 13 12 8 3 2 3 2 4 13 8 10 10 13 16 14 16 18 17 17 17 18 17 14 13 14 14 15 15 15 
17 17 18 17 17 18 19 20 20 20 23 23 24 24 23 22 21 21 22 21 20 19 20 19 18 19 20 20 20 20 18 20 18 18 11 9 17 18 18 17 17 18 17 16 15 14 12 10 7 6 4 3 2 1 1 1 1 2 1 1 1 2 2 3 3 2 1 2 2 2 2 2 1 1 2 2 2 2 2 2 2 2 2 2 2 2 2 2 2 2 2 2 1 1 1 1 1 1 1 1 1 1 1 1 1 1 1 1 1 1 1 1 1 2 2 2 1 1 1 2 2 2 2 2 2 2 2 2 2 3 2 2 2 2 2 2 1 2 2 2 2 2 1 1 1 3 2 2 2 3 1 2 3 2 2 2 2 2 3 3 4 4 4 3 3 2 3 2 0 0 1 0 0 1 2 1 1 2 7 9 11 18 20 13 3 4 16 18 18 19 18 20 20 18 17 19 21 19 19 10 36 29 17 15 17 17 17 18 19 19 17 16 16 16 17 17 17 17 18 18 18 19 18 16 16 14 6 2 5 8 13 16 14 14 15 13 14 13 13 13 12 12 13 15 15 14 13 14 14 15 
19 19 18 18 19 19 20 20 19 19 17 17 17 17 16 16 15 15 16 15 14 13 13 13 13 14 15 16 16 15 15 17 18 20 17 18 24 19 19 19 20 21 22 23 24 25 25 24 22 21 15 12 9 7 6 4 3 2 2 2 1 1 2 1 1 1 1 1 2 1 2 1 1 1 1 2 2 1 2 2 2 2 1 1 1 1 1 1 2 2 1 1 1 1 1 1 1 1 2 1 1 1 1 1 1 1 1 1 1 1 1 1 1 1 1 1 1 1 1 1 2 2 1 1 1 1 1 1 1 1 1 1 1 2 2 2 1 2 2 1 1 2 2 3 2 3 3 3 3 4 3 5 7 7 7 8 9 8 8 9 9 9 10 10 10 10 11 5 1 1 1 1 1 1 2 1 1 3 13 19 17 19 15 10 2 4 18 20 18 19 21 21 21 19 18 17 19 20 22 15 25 23 17 16 18 17 17 17 17 17 16 15 14 15 15 15 14 14 15 15 15 16 16 14 20 20 7 2 4 4 14 19 18 18 17 15 17 18 19 18 16 16 18 19 18 15 13 13 13 14 
16 16 16 16 16 17 17 17 17 17 18 18 18 18 17 17 17 18 19 19 17 17 17 17 18 19 22 23 24 24 23 23 25 29 27 27 30 29 28 29 28 28 28 29 30 30 30 31 31 30 27 24 22 21 18 14 10 7 7 5 2 1 1 1 1 1 1 1 1 1 2 2 1 1 1 1 1 1 1 2 1 1 1 1 1 1 1 1 1 2 1 1 1 1 1 1 1 1 1 1 1 1 1 1 0 1 1 1 1 1 1 1 1 1 2 2 2 2 2 2 1 1 2 2 1 2 3 4 3 2 2 3 5 6 6 6 6 7 7 5 6 8 8 7 4 3 3 3 2 3 11 17 22 23 21 23 24 24 22 20 19 18 17 17 17 18 18 9 1 1 1 1 1 1 1 1 1 2 10 14 11 11 9 7 2 4 17 17 16 19 19 19 21 23 23 20 20 19 21 22 22 18 16 14 13 13 14 14 13 14 15 14 14 14 15 16 16 18 18 17 15 15 14 16 15 12 5 1 1 3 11 16 17 18 18 16 18 20 21 20 18 17 19 18 16 14 12 12 13 13 
21 21 21 22 23 24 25 25 26 26 26 27 27 27 27 27 27 29 30 30 29 28 28 29 29 29 30 30 31 31 33 31 34 36 33 31 32 33 32 33 32 29 30 31 31 31 31 29 28 27 24 23 23 23 21 19 17 16 15 11 5 5 6 5 4 3 2 1 1 2 1 1 1 1 1 1 1 1 1 1 1 1 1 1 1 1 1 1 1 1 1 1 1 1 1 1 1 2 2 1 1 2 3 4 4 4 4 3 2 1 1 1 0 2 9 13 13 17 18 16 6 1 2 1 1 4 7 10 9 8 9 11 13 14 14 14 14 13 12 13 26 27 12 5 2 2 2 3 3 6 22 27 32 30 28 28 29 27 26 24 22 21 20 20 19 17 18 10 2 0 0 1 1 1 1 1 1 2 7 11 9 10 9 7 2 6 18 17 18 22 19 19 20 22 22 20 19 18 18 23 20 16 14 17 17 16 16 15 14 14 15 15 14 16 17 17 17 18 19 18 17 17 16 17 16 9 3 2 7 8 11 14 13 15 16 14 14 14 14 13 13 13 14 13 12 12 11 12 12 12 
29 29 28 28 29 29 30 29 28 28 28 28 29 30 30 30 30 31 33 33 32 31 32 31 31 30 30 31 32 32 32 30 35 34 32 34 33 32 32 35 34 30 30 29 30 32 33 31 29 26 23 22 20 18 17 17 17 17 16 13 9 13 18 15 13 13 12 8 6 6 9 6 4 3 3 3 3 3 2 2 2 3 3 4 5 6 7 8 10 12 11 12 13 14 15 15 14 14 15 9 8 16 19 19 19 20 22 21 13 7 2 1 1 6 20 29 28 32 31 30 17 5 1 1 2 6 10 12 13 13 15 15 16 14 14 15 17 20 21 23 35 40 26 8 2 3 2 2 3 10 30 32 32 29 27 27 28 28 26 24 21 20 18 18 15 12 16 15 6 2 1 1 1 1 1 1 1 2 6 9 7 8 7 4 2 7 20 20 20 19 19 20 21 21 21 21 23 22 20 21 18 17 14 16 15 14 16 14 13 15 15 14 13 13 14 13 13 13 14 13 13 14 13 12 8 4 1 2 6 7 15 15 11 11 13 11 11 11 11 11 13 13 13 12 11 12 12 12 11 11 
31 31 32 34 33 31 29 29 30 31 31 31 30 30 30 30 31 31 31 33 33 31 33 32 31 30 30 30 31 32 30 30 32 32 31 32 32 31 31 33 32 30 29 30 30 29 30 31 30 26 25 23 23 24 21 20 23 22 21 21 22 26 28 28 27 27 26 24 23 23 28 27 25 22 21 21 21 20 23 19 27 23 26 27 27 26 23 23 26 30 27 27 28 29 30 28 26 26 26 13 19 29 34 30 32 38 33 27 33 41 23 6 1 5 16 32 34 25 33 39 31 18 11 12 13 14 14 14 14 15 17 17 20 22 22 26 30 29 27 26 30 33 27 12 4 3 2 2 3 9 24 23 21 20 20 20 19 20 19 19 17 15 14 14 12 10 13 14 10 7 7 6 5 4 2 2 1 2 3 4 5 6 4 1 2 11 21 22 20 20 21 22 22 21 20 22 24 23 19 16 15 15 14 14 14 15 15 14 13 15 15 13 12 12 12 12 12 13 14 14 14 13 12 9 3 1 1 0 1 2 11 14 11 11 13 11 12 12 11 11 11 12 12 11 11 12 12 11 12 14 
28 28 28 30 30 27 26 26 28 29 32 31 30 30 30 31 31 30 29 31 31 30 31 32 31 30 28 27 27 27 30 30 30 30 30 30 30 30 30 31 32 32 32 31 30 28 30 32 33 31 31 30 31 32 30 29 29 26 30 31 30 31 35 33 32 32 32 31 31 32 30 30 30 30 30 31 31 31 35 32 32 30 33 33 33 31 29 28 29 30 33 33 33 33 33 33 32 34 33 24 30 41 41 39 31 18 12 16 26 23 14 4 1 2 5 10 11 9 20 34 36 29 26 29 30 28 27 26 27 29 24 23 24 24 21 22 22 18 19 21 22 20 17 13 7 3 2 1 2 8 13 13 13 13 11 10 11 11 12 12 12 12 11 13 12 11 12 13 12 11 14 14 12 10 9 7 7 6 4 2 2 2 1 1 4 13 20 20 18 18 19 20 21 20 20 20 21 20 16 15 14 15 15 15 16 17 17 16 16 17 18 16 14 14 15 16 16 15 16 16 16 15 15 8 1 0 1 1 1 1 6 11 11 11 12 12 12 12 12 11 12 12 13 12 13 14 13 12 13 15 
31 31 31 32 32 31 31 31 31 32 29 29 28 29 29 30 30 30 29 30 31 30 31 33 33 31 31 30 29 28 31 31 31 30 30 29 29 29 29 29 29 30 31 29 28 27 28 30 31 32 31 33 33 32 33 33 32 34 35 34 31 28 26 27 29 32 33 34 34 35 31 31 31 33 33 32 30 27 31 36 24 32 33 34 35 33 33 32 31 30 26 27 27 26 26 29 31 33 31 33 32 37 33 34 12 1 2 4 4 3 2 1 1 1 1 1 1 1 5 17 24 20 21 19 16 15 14 14 15 17 16 14 13 13 12 11 11 11 13 13 12 11 12 15 10 3 1 1 3 9 15 13 15 14 11 13 17 13 14 14 15 14 14 13 12 12 12 13 13 13 14 14 14 14 14 13 14 14 9 5 1 0 1 4 9 16 19 18 18 20 18 20 23 23 22 21 20 19 17 16 16 16 16 14 14 16 16 16 15 15 17 15 14 14 15 15 15 14 13 13 13 13 14 9 2 1 1 1 1 1 4 10 11 11 11 11 12 11 11 12 12 12 12 13 13 14 13 11 11 12 
23 24 24 23 22 22 22 21 21 20 20 20 20 21 21 22 22 23 22 24 24 23 24 25 26 27 27 28 28 28 27 27 26 26 25 24 24 23 22 20 20 20 20 20 20 20 19 18 19 21 20 22 19 18 21 22 20 19 18 21 28 31 27 25 26 28 28 27 25 25 25 22 20 19 17 16 16 15 17 22 11 19 15 17 18 16 17 18 18 17 14 16 17 15 15 17 19 19 17 18 19 16 16 12 2 1 1 1 1 1 0 1 1 1 1 1 1 0 1 7 14 11 11 15 16 14 13 14 14 15 13 11 11 12 12 11 12 12 7 4 3 5 8 9 5 2 1 2 3 6 5 5 11 17 13 11 14 13 13 13 12 11 11 11 13 14 14 13 12 12 12 12 13 13 13 13 13 15 15 12 6 4 5 6 8 10 11 11 12 15 14 15 15 15 15 14 14 13 12 11 10 10 9 9 10 11 11 11 10 9 11 9 9 9 10 10 10 9 9 9 8 8 8 8 3 1 1 1 2 2 6 10 11 11 10 9 10 11 11 11 11 10 9 10 10 11 10 9 9 9 
18 17 17 16 16 16 15 14 14 13 14 14 14 15 15 15 15 14 14 15 15 14 15 16 16 17 18 19 18 18 18 18 17 17 16 16 15 15 14 13 13 13 13 14 14 14 14 14 14 15 14 15 13 12 14 15 14 14 17 20 22 24 28 29 29 32 32 32 32 32 33 28 25 22 18 18 20 18 16 17 12 22 16 12 12 10 10 12 13 13 9 11 12 12 11 12 13 12 10 9 14 9 13 6 1 1 1 1 2 0 1 1 1 0 1 1 1 1 0 4 13 13 13 14 14 13 12 12 12 12 14 13 13 13 14 13 12 11 3 1 0 1 2 2 1 1 1 1 1 2 1 2 9 21 21 14 14 16 16 15 15 15 14 14 14 16 16 15 13 12 12 12 13 13 12 11 11 11 14 10 8 10 8 8 8 8 7 7 8 10 11 10 10 10 9 9 9 8 8 8 7 7 7 6 6 7 8 8 7 6 8 8 7 8 8 8 8 7 8 8 8 7 6 8 7 6 6 5 7 7 9 11 10 11 11 10 10 10 10 11 10 10 9 9 9 10 10 10 10 9 
15 15 15 15 15 15 14 14 14 14 15 16 16 16 16 15 15 13 13 14 14 13 14 15 15 15 15 14 13 12 14 14 14 14 14 13 13 14 14 13 13 13 13 14 14 14 15 16 15 14 15 15 15 15 14 14 14 19 30 39 42 48 57 52 51 57 63 68 74 78 88 83 83 80 70 72 80 73 53 27 17 21 14 11 12 11 11 11 12 13 10 11 12 11 11 11 11 11 11 10 14 10 14 8 1 1 1 1 1 1 0 1 1 1 1 1 0 0 0 3 12 14 12 12 12 13 13 13 13 13 13 15 14 15 16 17 15 8 2 1 1 1 1 0 0 1 1 1 1 1 1 1 2 10 15 14 12 11 11 10 10 10 10 10 11 11 11 11 10 8 7 7 7 7 6 6 6 6 6 4 5 7 6 5 5 4 4 4 5 5 5 5 4 4 5 5 4 4 4 5 4 5 5 6 6 7 8 9 8 8 10 9 9 9 10 10 9 9 9 10 10 9 8 8 8 11 11 9 10 10 11 11 10 11 12 10 12 11 11 11 10 10 10 10 10 11 12 12 11 11 
16 16 16 16 15 15 15 16 17 17 18 19 19 19 18 17 17 16 15 17 17 16 17 17 18 17 17 15 13 12 14 14 14 14 14 14 14 15 16 15 15 14 13 14 14 13 14 15 13 11 12 12 14 15 12 9 11 14 19 25 29 28 25 21 21 25 29 34 39 44 61 67 83 92 87 97 111 103 72 26 15 16 12 9 11 11 11 10 9 10 11 10 10 10 10 10 10 11 11 13 12 10 11 10 3 1 2 1 1 1 1 1 1 1 1 0 0 0 1 3 8 10 9 8 10 11 13 13 13 12 11 14 14 13 14 16 12 5 1 1 1 1 1 1 1 1 1 1 1 1 1 1 1 4 8 8 6 6 5 5 5 4 4 4 4 3 4 4 4 3 2 2 2 2 2 2 2 2 2 2 3 3 3 3 3 2 3 3 4 4 4 4 5 6 7 6 6 6 7 6 6 6 7 9 9 8 9 10 10 9 10 10 10 10 11 11 10 10 10 11 11 12 12 11 10 12 11 9 11 10 11 13 11 11 10 10 12 12 11 10 10 10 10 10 10 11 12 12 11 10 
19 20 21 20 20 20 20 20 20 21 19 19 19 18 18 18 18 17 17 17 17 16 16 16 16 16 16 15 15 14 15 15 15 15 15 16 15 15 15 15 14 13 12 13 14 13 12 11 16 27 29 29 43 29 9 8 14 12 11 14 13 9 8 16 26 39 43 39 36 35 43 45 47 51 55 61 59 41 24 11 11 10 10 10 11 11 10 10 9 10 10 10 10 10 10 10 10 10 10 11 10 10 9 10 8 7 9 11 12 11 11 10 8 6 5 4 4 4 6 7 9 10 10 9 9 10 10 10 9 8 6 7 7 6 6 7 6 2 1 0 1 1 1 1 1 1 1 0 0 1 1 1 1 2 3 2 2 2 2 2 2 2 2 2 2 2 2 3 3 3 2 2 3 3 4 4 5 4 5 6 6 6 6 7 7 7 6 7 7 8 9 9 9 10 10 10 10 11 11 11 11 11 10 10 10 10 10 10 10 10 11 10 10 11 10 10 11 10 10 10 11 11 12 12 12 12 11 10 11 11 11 11 11 10 10 10 11 10 10 10 10 10 10 11 11 10 10 10 9 9 
9 10 10 10 10 10 10 10 11 11 12 12 11 11 11 11 11 11 11 11 12 13 13 13 13 12 12 11 11 10 11 10 10 10 10 10 10 9 9 9 9 8 8 9 10 10 15 30 47 53 68 74 77 39 10 7 12 12 12 10 6 6 13 24 26 26 27 28 29 30 24 26 26 24 23 19 17 15 7 8 10 7 7 11 12 11 11 11 11 11 10 10 10 10 10 9 10 11 11 11 11 11 10 13 12 10 10 11 11 10 11 11 10 9 9 10 9 10 10 10 10 10 9 7 7 7 7 6 6 5 4 4 3 2 1 2 2 1 1 0 0 0 1 1 1 1 1 1 1 1 1 1 1 2 3 3 2 3 4 5 5 5 5 7 8 8 9 9 9 9 10 10 10 10 10 11 11 12 12 12 11 10 10 11 12 11 11 11 12 13 14 14 13 13 12 12 12 13 13 12 11 10 10 11 12 12 11 11 10 11 13 11 11 12 11 11 11 10 10 10 11 11 12 11 10 10 10 10 10 10 9 9 9 10 10 11 11 11 11 11 11 12 12 11 11 11 12 13 14 15 
6 5 5 5 5 5 6 6 6 6 5 5 5 5 5 5 5 6 6 6 6 6 6 7 7 6 6 6 5 5 5 5 5 5 5 6 6 5 5 5 6 6 6 6 6 7 14 38 63 60 71 84 64 23 7 7 6 4 7 8 8 12 18 16 13 15 17 21 24 27 29 40 50 53 53 49 46 46 43 42 40 38 40 37 33 30 31 33 33 31 25 25 24 23 22 21 19 17 17 17 17 17 17 17 14 12 12 12 12 11 12 13 12 11 12 12 12 14 14 11 10 10 9 9 10 9 9 9 9 9 8 7 6 6 6 7 5 2 2 1 1 1 1 1 1 1 1 2 2 2 1 1 2 5 10 9 8 9 10 10 10 9 10 8 7 7 8 8 8 8 8 8 8 7 7 6 6 6 6 7 6 7 7 10 12 13 13 13 13 15 14 14 14 13 12 11 12 13 13 14 14 14 13 13 14 14 14 13 13 13 10 9 9 10 9 9 10 9 9 9 9 10 10 10 11 12 12 12 12 12 16 16 16 17 18 19 21 23 25 26 27 26 26 26 26 27 27 28 28 28 
10 10 10 11 11 11 11 11 10 10 13 13 13 13 14 14 13 13 13 12 12 12 12 13 13 13 13 13 14 14 13 13 13 13 14 14 14 14 13 13 12 13 14 13 13 13 12 20 34 45 51 62 36 9 6 7 6 7 4 2 5 11 15 16 23 36 40 38 42 51 54 65 69 65 67 72 72 69 67 59 56 61 65 68 65 62 63 65 64 60 56 55 55 53 51 50 51 54 53 52 53 54 56 52 48 46 48 49 48 47 46 45 43 42 41 40 38 36 35 31 29 30 30 26 24 23 23 22 22 22 21 18 12 7 5 5 6 6 5 4 4 4 4 4 4 3 4 6 6 6 5 5 5 6 8 6 4 3 3 4 4 4 4 4 5 5 5 6 6 6 5 6 6 7 6 6 6 6 7 8 8 9 11 12 12 13 13 12 13 13 12 12 13 12 13 12 12 13 13 13 14 14 14 13 14 15 15 15 15 16 19 19 19 20 21 21 22 21 20 20 20 21 21 24 26 27 28 28 27 26 26 26 26 27 27 29 28 26 28 30 30 29 28 30 30 31 30 29 27 26 
12 12 13 14 14 14 15 15 15 15 14 13 13 13 13 13 13 12 12 12 13 13 13 13 13 13 13 13 13 13 13 12 12 12 12 12 12 11 10 9 9 9 9 8 8 8 7 5 7 15 36 44 25 9 8 6 3 4 6 7 12 21 23 21 23 27 26 24 28 34 26 29 26 21 21 27 31 35 34 30 29 32 32 32 31 29 28 29 28 26 29 29 29 29 29 28 27 25 24 24 24 24 25 26 26 26 27 27 25 24 22 22 23 24 23 23 24 26 26 23 23 24 24 26 27 25 25 24 24 23 20 19 12 6 4 6 8 9 9 10 10 9 8 8 8 7 7 6 6 6 6 6 6 6 6 6 7 7 7 8 10 10 10 11 11 12 13 14 14 14 16 17 18 18 18 18 17 15 16 15 14 15 16 16 16 16 15 14 14 15 15 16 17 18 19 20 20 22 21 22 22 23 23 24 25 26 25 25 25 26 29 29 28 27 28 28 29 30 29 28 27 27 27 28 29 31 31 30 28 27 28 28 27 27 27 27 26 25 26 28 28 28 27 26 26 28 29 30 30 30 
11 12 12 12 12 13 13 14 14 14 14 14 14 14 13 13 13 12 12 11 11 10 10 9 9 9 8 8 8 8 5 4 4 4 4 3 3 3 3 3 3 3 3 3 2 3 4 3 3 5 13 16 12 11 9 5 3 4 8 10 8 7 7 9 9 7 8 10 9 7 9 11 10 8 8 10 10 8 8 9 9 8 8 8 9 9 8 8 8 8 8 8 8 9 9 9 8 8 8 8 7 7 7 6 6 7 7 7 7 7 7 6 7 7 6 6 6 7 7 6 6 6 6 5 5 5 5 5 5 5 4 5 4 3 6 9 10 10 11 13 13 12 11 12 13 14 13 13 14 15 14 13 14 15 14 15 17 16 16 16 18 18 17 17 17 19 20 21 21 22 24 24 24 24 24 24 23 21 20 19 18 19 20 20 21 20 18 17 18 19 21 21 22 23 24 25 24 23 24 25 27 30 31 30 29 29 27 26 25 25 28 28 26 24 25 25 25 27 26 26 25 25 25 26 27 27 27 26 26 25 29 28 28 27 27 27 28 28 29 30 31 31 31 29 28 29 29 30 30 30 
11 10 9 8 8 8 7 7 7 7 7 6 6 6 5 5 5 5 5 4 3 3 3 3 3 3 3 3 3 3 3 3 3 3 3 3 3 3 4 5 5 6 6 6 7 8 7 8 9 10 11 9 8 12 8 7 8 8 9 11 10 9 9 9 8 8 7 7 6 5 7 7 6 4 4 6 6 6 6 7 6 6 8 9 11 12 11 10 11 14 15 15 15 15 15 15 15 16 16 15 15 14 13 10 9 7 5 4 4 4 5 5 5 5 4 4 4 5 5 4 4 4 4 3 3 4 4 4 4 4 3 4 4 7 14 16 15 16 17 17 18 17 17 17 17 18 19 20 22 23 23 21 23 26 25 22 23 23 22 22 24 23 22 22 23 24 25 25 25 25 25 25 24 24 25 26 26 26 25 23 21 21 23 25 25 24 23 22 24 26 27 26 26 26 25 25 25 24 24 23 24 25 26 25 24 24 22 21 21 21 22 24 23 22 24 25 23 24 24 24 25 25 26 25 25 25 25 26 26 26 27 27 27 27 27 28 28 27 27 28 28 29 30 29 28 27 27 27 28 29 
5 4 4 4 3 3 3 3 3 3 2 3 3 3 3 2 3 3 3 4 4 4 4 5 5 5 6 6 6 7 6 6 7 7 8 8 9 9 9 9 10 10 10 12 12 9 12 13 10 12 14 8 9 14 8 5 7 6 6 6 6 5 4 4 5 6 6 5 4 4 3 4 4 4 4 5 4 4 3 4 6 10 19 20 18 18 18 18 19 19 20 19 18 18 18 17 17 18 18 19 19 19 20 20 17 12 8 5 4 3 5 5 5 5 5 4 5 5 5 5 5 4 4 3 3 3 4 4 5 5 4 4 8 18 26 27 28 30 28 27 26 26 26 26 25 26 26 27 28 28 28 27 27 28 27 26 26 26 27 29 29 28 26 25 25 27 28 28 27 26 25 27 29 29 29 30 30 28 28 27 27 26 27 27 27 29 29 30 31 31 32 32 31 30 29 28 28 28 28 27 26 26 26 27 27 26 25 25 24 23 21 22 22 23 24 25 25 25 24 24 23 23 23 22 22 22 22 23 24 24 23 23 23 24 25 26 26 24 24 25 26 26 25 26 26 25 26 26 27 28 
3 3 3 4 4 4 4 4 4 4 5 6 6 6 6 6 6 7 7 7 8 9 9 9 10 10 10 9 9 9 10 10 9 9 9 9 9 10 10 11 11 12 12 12 12 10 11 12 11 12 12 7 9 13 9 5 4 3 2 2 3 3 3 4 4 3 3 2 3 3 3 3 3 3 4 5 5 4 5 7 9 11 17 21 20 19 19 19 19 19 21 20 19 20 21 20 20 19 19 21 21 20 21 21 20 18 16 13 9 6 5 4 3 4 4 5 4 4 4 4 4 4 3 4 4 3 3 4 4 4 4 6 13 24 29 29 29 29 28 26 25 25 26 28 28 28 28 29 29 30 32 32 31 30 30 31 30 29 30 32 32 30 29 26 25 27 28 28 27 26 22 25 27 26 24 24 25 26 26 26 26 26 26 28 29 31 31 32 31 31 29 29 29 29 28 28 28 30 31 30 29 28 29 31 30 29 30 30 30 29 27 27 26 26 26 25 25 25 26 27 27 28 29 30 31 31 31 32 32 32 28 27 26 25 25 26 26 24 25 26 27 26 26 24 24 24 24 24 24 24 
8 8 8 8 8 8 8 8 9 9 9 10 10 9 9 10 10 9 9 9 11 11 11 11 11 11 11 11 11 12 12 12 12 12 12 13 13 13 13 14 15 16 17 17 16 19 18 16 19 20 9 9 11 13 11 7 6 6 6 5 5 5 6 6 5 3 3 4 5 5 4 3 3 3 4 5 5 5 8 9 11 14 16 15 15 16 16 16 18 20 24 23 23 25 27 28 29 32 32 34 33 29 28 26 26 28 29 27 22 18 10 7 4 4 5 5 5 5 5 5 4 4 4 4 4 4 4 4 4 3 6 14 23 30 32 29 29 31 30 29 29 29 30 30 29 29 30 30 30 31 27 26 26 26 26 28 28 29 30 31 31 30 29 28 28 28 28 29 29 29 32 34 34 33 31 30 31 33 33 33 33 33 33 30 29 29 29 28 27 27 26 27 27 27 28 28 28 29 29 29 28 27 28 29 29 29 31 32 32 32 33 32 31 31 29 29 29 29 29 30 30 30 30 29 28 28 28 28 28 28 33 31 29 28 27 28 29 31 31 32 32 32 32 33 33 33 33 33 33 33 
9 10 10 10 10 10 10 11 11 11 11 11 11 11 11 13 13 12 12 12 14 14 14 13 14 14 15 15 15 16 17 17 17 17 17 18 18 17 18 19 20 21 22 23 18 21 25 20 24 24 8 11 10 9 9 8 7 8 8 7 5 4 3 3 3 4 5 5 4 4 5 5 5 6 6 5 5 8 9 9 17 29 31 25 25 29 28 27 29 32 30 28 28 29 30 29 30 30 29 31 29 26 26 30 31 29 29 29 28 28 17 12 7 5 4 4 4 4 4 4 4 4 4 5 5 6 7 7 7 6 13 22 28 29 32 30 27 27 27 26 27 27 28 29 30 30 30 30 30 30 32 32 31 31 31 31 31 30 29 29 29 29 30 30 30 29 28 29 29 30 26 27 27 26 25 24 24 24 24 24 24 24 24 26 28 27 27 26 26 26 28 28 28 28 28 28 28 29 29 29 28 27 28 29 29 29 30 32 32 31 34 34 34 33 33 33 32 32 31 31 30 30 30 29 29 28 28 27 27 27 28 28 28 29 29 29 30 31 32 32 32 32 32 31 31 31 30 30 29 29 
12 12 13 13 13 13 13 13 14 14 16 16 15 14 14 15 16 17 16 17 18 19 18 19 20 20 19 18 18 19 21 20 19 18 18 18 18 20 20 20 21 21 21 21 19 21 20 22 25 14 7 10 8 5 6 7 6 8 8 8 6 5 4 4 6 8 7 5 3 2 7 6 7 8 9 8 9 11 10 11 24 38 39 31 31 34 32 29 30 32 33 31 30 31 32 31 31 30 28 28 28 27 29 30 29 27 27 28 29 30 27 26 22 17 14 14 15 14 14 13 13 13 14 16 17 19 21 22 21 20 21 25 26 26 29 29 27 27 27 27 27 28 28 28 28 28 29 28 27 27 28 27 27 27 26 25 26 30 30 29 29 30 30 30 29 27 26 26 27 27 32 31 31 32 32 32 31 31 31 31 31 31 31 29 28 28 29 29 30 30 32 32 31 31 31 31 31 32 33 33 31 31 31 32 32 31 31 32 32 30 31 31 30 30 29 29 28 28 28 28 28 29 29 27 26 26 26 25 25 25 23 24 26 27 27 26 26 27 26 26 26 26 26 27 27 27 27 27 26 26 
15 15 16 17 17 17 17 17 18 18 20 20 19 17 16 16 17 17 17 17 19 19 19 17 18 19 19 19 19 20 20 20 20 20 21 22 23 25 25 25 25 25 25 24 28 26 21 27 24 9 9 12 8 5 7 8 7 9 8 7 5 4 3 3 4 5 4 3 2 2 4 3 4 7 9 10 10 10 10 15 28 33 30 26 27 30 30 30 31 32 32 31 30 31 32 32 32 32 31 32 32 32 34 32 30 31 33 34 34 32 33 36 35 32 29 31 33 32 30 29 29 30 31 29 28 29 30 31 31 29 31 30 29 29 31 32 31 28 28 28 29 28 28 27 27 27 28 27 26 25 28 28 28 27 26 25 25 27 27 27 27 27 27 27 27 25 24 24 24 24 25 23 24 25 26 25 25 26 26 26 26 26 26 27 28 28 28 29 30 31 32 32 32 32 32 32 31 30 30 30 28 28 29 29 28 27 27 28 27 26 27 27 26 25 24 24 24 25 25 24 23 23 22 22 22 22 22 22 22 22 24 25 25 25 25 24 25 27 26 26 25 25 26 27 27 27 27 27 27 27 
13 14 15 16 16 16 16 16 17 17 19 20 20 20 19 19 20 20 19 20 21 22 21 20 21 22 22 21 22 23 24 24 24 24 26 26 28 30 29 30 30 30 30 31 31 26 31 29 14 7 10 12 9 6 8 9 8 7 3 2 1 1 2 1 1 1 1 1 1 1 2 2 4 8 10 10 10 10 13 21 31 31 30 31 31 32 31 31 30 28 30 29 28 28 29 29 29 29 29 31 32 30 31 33 33 32 33 34 33 32 31 32 32 31 31 32 33 33 31 31 31 32 33 30 29 29 30 31 31 30 34 32 35 36 32 33 35 31 31 31 31 30 29 29 29 30 30 29 28 27 26 27 28 28 28 27 27 27 27 28 28 27 27 27 27 26 25 24 23 23 24 22 22 23 24 24 23 22 22 22 22 22 22 23 22 22 22 22 23 24 22 23 23 23 24 24 24 24 25 25 23 23 24 24 23 22 23 23 23 22 24 24 24 24 24 24 24 24 24 24 25 25 25 25 25 25 25 26 26 26 27 26 24 24 24 26 28 29 28 27 26 26 27 26 26 26 26 27 27 27 
16 18 20 20 20 21 22 23 23 24 26 28 29 28 27 26 27 27 28 30 31 30 28 26 25 25 25 24 24 25 25 25 25 25 26 26 29 29 28 33 27 30 32 29 31 26 28 21 7 6 10 8 8 9 9 9 7 3 2 1 0 1 1 1 0 1 1 1 1 1 1 2 6 9 10 12 10 11 18 27 31 31 32 31 30 30 29 30 29 29 30 30 30 31 30 30 29 30 30 31 31 30 29 31 31 30 30 30 31 30 33 33 32 32 33 33 33 33 33 32 31 32 34 32 30 31 32 32 30 28 30 30 33 35 33 32 33 33 33 33 33 32 32 32 33 33 33 33 34 34 34 34 33 34 34 33 33 32 30 30 30 30 28 29 29 27 26 25 24 24 24 23 22 23 23 23 23 21 21 21 20 20 19 19 19 20 21 21 21 21 19 19 20 20 20 20 21 22 22 21 20 20 20 20 21 21 22 22 22 21 24 24 24 25 25 25 25 24 25 26 27 27 27 28 27 27 26 25 25 25 24 23 22 22 23 26 27 26 26 26 26 26 27 27 26 27 27 27 27 27 
22 23 25 26 26 27 28 29 29 29 28 29 30 30 29 29 29 29 30 32 33 32 30 30 31 32 31 30 31 32 30 30 30 31 31 31 33 30 29 35 28 31 33 29 29 36 24 10 8 8 9 10 10 10 11 7 3 1 1 1 1 1 1 1 1 1 1 1 1 1 1 2 7 9 10 12 10 13 23 29 31 32 31 32 33 32 31 31 31 31 30 31 32 32 32 31 30 30 31 31 31 30 29 32 33 34 34 35 35 34 33 32 32 32 32 33 32 30 30 30 29 30 32 29 28 30 32 32 32 31 33 33 34 36 36 35 33 32 32 32 32 31 31 33 33 32 31 32 33 34 32 30 29 30 30 30 29 29 27 27 28 28 26 27 27 26 26 25 25 25 25 24 24 23 24 25 24 23 23 23 23 23 23 22 21 22 23 24 23 23 23 23 23 23 23 23 23 23 23 23 22 23 23 22 22 23 24 24 24 23 24 25 25 25 26 26 26 25 26 27 28 28 28 29 29 28 27 26 26 26 24 24 23 23 24 25 26 25 25 25 25 26 27 27 27 27 27 27 27 27 
