UP
6 6 6 6 6 6 7 7 7 8 7 7 6 6 8 7 6 6 7 6 5 5 6 7 7 6 7 8 7 7 6 7 7 7 8 9 7 7 6 6 7 8 7 6 6 6 7 7 6 6 7 6 6 6 8 17 9 5 6 6 6 7 6 6 6 6 7 8 7 7 7 8 7 7 7 7 8 7 7 7 7 7 7 8 7 7 8 8 8 8 9 9 8 8 8 8 8 7 7 7 7 8 8 7 7 6 6 6 6 6 6 6 7 8 8 8 8 8 7 7 7 7 7 7 7 7 6 6 6 6 7 6 6 6 7 7 7 7 7 7 7 7 6 6 7 7 8 8 8 7 7 7 7 6 6 6 7 8 8 7 7 8 8 8 9 8 7 7 7 7 7 7 6 8 9 7 7 7 7 7 8 11 14 14 14 14 14 15 15 15 12 13 12 11 11 11 11 12 12 12 12 12 12 12 11 11 11 11 11 13 15 11 12 16 15 16 23 22 21 27 21 8 7 6 8 13 19 20 20 18 14 14 17 16 14 18 21 16 13 14 13 12 12 12 11 12 12 11 12 12 
6 6 6 6 6 6 7 7 7 7 7 7 6 6 7 7 7 7 7 6 5 6 6 7 7 6 8 8 7 6 6 7 7 7 8 9 8 7 6 6 7 8 6 6 6 7 7 7 6 6 6 6 5 6 9 20 10 5 6 7 6 6 5 5 6 6 7 7 7 7 7 8 7 7 6 7 7 7 7 7 7 7 7 7 7 7 7 8 8 8 9 9 9 8 8 8 7 7 7 7 7 8 8 7 7 6 6 6 6 6 6 6 7 7 7 8 8 7 7 7 7 7 7 7 7 7 6 6 6 6 6 6 6 6 7 6 6 6 6 7 7 6 6 6 6 7 8 8 7 7 6 7 7 6 6 6 6 7 7 7 7 8 7 7 7 8 7 7 8 7 6 7 6 8 8 6 6 7 7 6 6 9 12 11 12 12 12 12 13 13 13 13 13 12 11 11 12 13 13 13 13 12 12 13 15 15 14 12 12 12 13 9 11 17 10 5 12 14 11 13 11 5 5 5 6 8 10 10 9 8 5 5 8 11 16 26 30 22 15 14 14 13 12 11 11 12 11 11 11 12 
6 6 6 6 6 6 6 7 7 7 7 6 6 6 7 7 7 7 7 6 6 6 7 8 7 7 8 8 7 6 6 7 7 7 8 9 8 7 6 7 8 7 6 6 6 7 7 7 6 6 6 6 5 5 9 22 9 5 6 7 6 6 5 5 5 6 6 7 7 7 8 8 7 7 6 6 7 7 7 6 7 7 7 7 7 7 7 8 8 8 9 9 9 8 8 8 7 7 7 7 7 8 7 7 7 6 6 6 6 6 6 6 7 7 7 7 7 7 7 6 6 7 7 7 7 7 7 7 7 7 7 7 7 7 7 7 6 6 7 7 7 6 6 5 6 7 8 8 7 6 6 7 7 6 7 7 6 7 7 7 8 8 8 7 7 7 7 7 8 7 6 7 6 8 8 6 7 7 7 6 6 9 12 13 13 13 12 12 12 12 13 14 14 13 12 13 14 14 14 14 14 14 14 14 14 15 15 14 14 14 15 17 17 20 11 5 13 16 13 15 19 20 19 12 14 15 15 11 11 11 9 9 11 18 27 42 47 35 27 21 20 19 18 17 17 18 15 15 15 16 
6 6 6 6 6 6 6 7 7 7 6 6 6 6 7 7 7 7 7 7 6 6 7 8 7 7 8 8 7 6 6 7 7 7 8 9 8 6 6 7 8 7 7 6 6 7 8 7 6 6 6 6 5 5 9 23 9 6 7 7 6 6 5 5 5 6 6 6 7 7 8 8 7 7 6 6 7 6 6 6 6 7 7 7 7 7 7 8 8 8 9 9 8 8 8 8 8 7 7 7 8 8 7 7 7 6 6 6 6 6 6 6 6 7 7 7 7 7 7 6 6 7 7 7 7 7 7 7 7 7 7 7 7 7 7 7 6 6 7 7 7 6 6 5 6 7 8 7 6 6 6 6 7 6 7 7 6 7 7 6 7 8 8 7 7 7 7 7 8 7 6 7 7 9 9 6 7 7 7 7 6 8 12 14 14 13 13 12 12 12 13 14 14 13 13 13 14 14 14 14 14 14 14 14 13 14 15 15 14 14 15 19 17 21 14 9 15 18 13 15 22 26 24 15 17 19 16 11 11 13 11 11 13 21 31 44 46 34 28 21 21 20 18 18 19 19 17 17 17 18 
6 6 6 6 6 6 6 7 7 7 6 6 6 6 7 7 7 7 7 7 6 6 7 7 7 7 8 8 7 6 6 7 8 7 8 9 8 6 6 7 7 7 7 6 6 7 8 7 6 6 5 5 5 5 9 23 9 6 7 7 6 6 5 5 6 6 6 6 6 7 8 8 8 7 6 6 6 6 6 6 6 6 7 7 7 7 7 7 8 8 8 8 8 8 8 8 8 7 7 7 8 8 8 7 7 7 7 7 7 7 7 7 6 7 7 7 7 7 6 6 6 6 7 7 7 7 6 6 6 6 7 7 7 7 7 7 6 6 7 7 7 6 6 6 6 7 8 7 6 6 6 6 7 6 7 7 6 6 6 5 6 7 8 7 7 7 6 7 7 7 6 6 7 10 10 7 9 8 8 7 6 8 12 15 15 15 14 13 12 11 11 11 12 11 11 12 12 13 13 13 14 14 14 14 11 12 13 13 12 12 13 14 12 18 19 18 23 22 11 11 17 23 22 13 17 19 15 10 10 13 13 13 15 22 26 27 22 14 13 15 16 15 14 15 16 16 18 19 19 20 
5 6 6 6 6 6 6 6 7 7 6 6 7 7 7 7 7 7 7 7 6 6 7 7 6 7 8 8 7 6 6 7 8 7 8 9 7 6 5 7 7 6 6 6 6 7 7 6 6 6 5 5 5 5 9 23 9 6 7 7 5 6 5 5 6 6 6 5 6 7 8 8 8 7 6 6 6 6 6 6 6 6 7 7 6 7 7 7 8 8 8 8 8 8 8 8 8 8 7 8 8 8 8 7 7 6 6 6 6 6 6 6 6 7 7 7 7 7 6 6 6 6 7 7 7 7 6 6 6 6 6 6 7 7 7 6 6 6 7 7 7 6 6 6 6 7 7 7 6 6 6 6 6 6 6 6 6 7 7 6 6 7 7 7 7 8 7 7 9 9 7 6 7 11 12 9 9 7 7 8 6 8 12 15 15 15 15 14 13 13 13 12 12 12 12 12 12 11 12 12 12 12 12 12 11 11 11 10 10 10 10 7 7 13 19 21 21 20 17 16 18 20 20 15 20 26 25 20 21 25 24 24 26 33 31 23 14 10 13 19 20 17 16 17 18 16 13 13 13 12 
5 5 6 6 6 6 6 6 7 6 6 6 7 7 7 7 7 7 6 7 6 6 7 7 6 7 8 8 7 6 6 7 8 7 7 8 7 6 5 7 7 6 6 6 6 7 7 6 6 6 5 5 5 5 9 22 9 6 7 6 5 6 6 5 6 6 6 5 6 7 9 8 8 7 6 6 6 6 6 6 6 6 6 7 7 7 7 7 8 8 8 8 8 8 8 8 8 8 8 8 8 8 8 7 7 6 6 6 6 6 6 6 6 7 7 7 7 7 6 6 6 6 7 7 7 7 6 6 5 5 6 6 7 7 7 6 6 6 6 7 6 6 6 6 7 7 7 7 7 6 6 6 6 6 6 6 6 8 9 8 7 8 9 9 11 12 12 13 14 11 7 7 8 13 15 11 9 7 7 8 6 7 11 14 15 15 16 16 16 15 13 12 11 12 12 11 11 11 11 11 11 11 11 11 10 10 10 9 9 9 10 7 7 10 15 17 17 19 19 19 21 20 21 16 19 24 25 21 23 26 23 23 23 30 27 18 10 8 13 20 20 17 14 15 15 13 12 11 11 10 
5 5 6 6 6 6 6 6 6 6 6 6 7 8 8 7 7 6 6 6 6 6 7 7 6 7 8 8 7 6 6 7 8 7 7 8 7 5 5 7 7 6 6 5 6 7 7 6 6 6 5 5 5 5 9 22 10 6 6 6 5 6 7 6 6 6 6 5 6 7 9 9 8 7 6 6 6 5 5 6 6 6 6 7 7 7 7 7 7 8 8 8 8 8 8 8 8 8 8 8 8 8 8 7 7 6 6 6 6 6 6 6 6 7 7 7 7 7 6 6 6 6 6 7 7 7 6 6 6 6 6 6 7 7 7 6 6 6 6 7 6 6 6 6 7 7 7 7 7 6 6 6 6 5 5 5 7 10 12 10 9 11 13 14 17 20 20 22 21 13 8 7 8 15 18 13 9 6 6 7 6 7 10 13 15 16 18 19 19 18 12 10 10 10 11 10 9 10 10 10 10 10 10 10 9 9 9 9 9 10 11 10 9 8 8 9 11 19 20 24 26 23 23 17 16 18 22 21 21 22 18 17 14 20 19 12 6 6 14 19 18 14 11 12 11 8 11 11 11 10 
5 5 6 6 6 5 6 6 6 6 5 4 5 7 8 8 7 6 7 7 6 6 7 7 6 6 7 7 7 6 6 7 7 8 7 8 7 6 5 6 7 7 6 5 6 7 7 5 5 6 5 5 5 5 8 18 9 7 6 6 6 6 5 5 6 5 5 5 6 7 7 7 6 6 6 6 6 6 5 5 6 7 7 7 7 7 8 7 6 7 8 8 7 7 7 7 8 8 7 7 7 7 7 7 6 6 6 6 6 6 5 5 7 7 7 7 7 7 7 7 6 6 7 7 6 6 6 6 6 6 7 7 7 7 6 6 6 6 6 6 6 6 6 6 6 8 8 7 7 6 6 6 6 6 7 7 9 14 15 13 16 19 23 31 36 32 29 40 46 24 8 10 8 9 11 8 7 7 7 6 5 8 13 15 18 22 19 12 11 14 12 10 8 8 9 10 10 11 11 11 11 11 11 11 10 9 9 10 12 12 12 11 10 9 9 9 9 10 11 16 20 20 21 21 19 21 18 18 18 13 9 16 13 17 19 17 14 14 19 18 10 5 6 9 11 10 10 10 11 10 
5 5 6 6 6 5 6 6 6 6 5 4 5 7 8 8 7 6 7 7 6 6 7 7 6 6 7 8 7 7 7 7 7 7 7 7 7 5 5 6 7 7 6 5 5 7 6 5 5 6 6 5 5 5 7 18 9 7 6 6 6 6 5 5 5 5 5 5 6 7 7 6 6 6 5 6 6 6 5 5 6 6 7 6 6 7 7 7 6 7 8 7 7 7 7 7 7 7 7 7 7 7 7 7 6 6 6 6 6 6 6 5 6 7 7 7 7 7 7 7 6 6 6 6 6 6 6 6 6 6 6 7 7 7 6 6 6 6 6 6 6 6 6 6 6 7 7 7 6 6 6 6 6 6 6 8 11 13 13 12 14 15 17 26 29 24 21 34 45 27 10 11 9 8 9 6 7 7 7 6 5 10 16 19 20 21 17 10 10 14 12 10 9 9 10 10 10 11 11 11 11 11 11 11 10 9 9 10 12 13 14 10 10 10 10 10 10 9 9 13 16 17 19 21 21 22 21 22 23 17 10 14 12 15 18 17 15 16 20 17 11 8 11 14 13 13 11 11 11 10 
5 5 6 6 6 5 6 6 6 6 5 4 5 7 8 8 7 6 6 6 6 6 7 7 6 7 8 8 8 7 7 7 6 7 7 7 7 5 5 6 8 7 6 5 5 6 6 5 5 5 5 5 5 5 7 18 9 7 6 6 6 5 5 5 5 5 5 5 6 7 7 6 6 6 6 6 6 5 5 5 6 6 6 6 6 7 7 6 6 7 7 7 7 6 6 6 7 7 7 7 7 8 7 7 7 5 5 6 6 6 6 6 6 6 6 6 7 7 7 6 6 5 6 6 5 6 6 6 6 6 6 6 7 6 6 6 6 6 6 6 6 6 6 6 6 7 7 6 5 6 6 6 6 6 6 8 12 11 10 10 11 10 11 19 21 14 13 26 42 30 11 13 11 8 7 6 8 8 7 6 6 11 18 22 20 19 14 9 10 13 11 11 11 11 11 10 9 11 11 11 11 11 11 10 9 9 9 10 12 15 16 10 10 10 11 11 10 10 7 10 12 13 17 21 23 23 24 26 28 22 12 12 11 14 17 16 15 17 21 15 12 13 17 19 17 15 14 13 12 10 
5 5 5 6 6 5 6 5 5 5 5 5 5 6 7 8 7 6 6 6 6 6 7 7 6 5 6 6 6 6 6 6 6 7 7 7 6 5 5 7 8 7 6 5 5 6 6 5 5 5 5 5 5 5 7 18 9 6 5 6 6 5 5 5 5 5 5 5 5 6 6 6 6 5 5 6 6 5 5 5 5 6 6 6 6 6 6 6 7 6 6 6 6 6 6 6 6 6 6 7 7 7 7 6 6 6 6 6 6 6 6 6 6 6 6 6 7 7 7 6 5 6 6 6 5 6 6 6 6 6 6 6 7 7 7 6 6 6 6 6 5 6 6 6 6 6 6 5 5 6 6 6 6 6 5 6 10 12 12 12 15 21 27 27 27 27 31 42 47 27 8 8 8 8 13 13 9 10 10 9 9 13 17 17 18 19 17 11 9 10 12 11 11 12 11 10 10 10 10 10 10 10 10 10 10 11 11 11 12 16 19 9 10 11 11 11 10 9 8 9 9 9 10 12 13 10 12 14 20 24 22 24 19 20 20 18 16 16 17 15 16 21 24 23 20 19 20 19 18 19 
5 5 5 6 6 5 6 5 4 5 5 5 5 6 7 8 7 6 6 6 6 7 7 7 6 5 6 6 7 6 6 6 6 6 6 7 6 5 5 7 8 8 6 5 5 7 6 5 5 5 5 5 5 5 7 17 9 6 5 6 5 5 5 5 5 5 5 5 5 6 6 6 5 5 5 6 6 5 5 5 5 6 6 6 6 5 5 6 7 6 6 6 6 6 5 5 5 6 6 6 6 6 6 6 6 6 6 6 6 6 6 5 6 6 6 6 6 6 6 6 5 6 7 6 6 6 6 6 6 6 6 6 7 7 7 6 6 6 5 5 5 5 6 5 6 6 6 5 5 6 6 7 6 6 6 5 8 16 18 13 19 33 38 32 30 33 40 46 47 29 9 8 7 7 12 14 10 12 14 13 11 13 16 15 17 20 21 16 12 13 13 12 11 11 11 11 11 11 11 11 11 11 11 11 11 12 12 11 12 16 20 10 10 11 11 11 10 10 10 10 10 9 9 9 8 9 11 11 14 18 18 20 21 22 22 20 19 19 20 18 19 22 22 20 20 21 22 21 20 20 
5 5 5 6 6 5 6 5 4 5 5 5 5 7 7 8 7 6 6 6 6 7 7 7 6 6 6 7 7 7 6 6 6 6 6 7 6 5 5 7 8 8 6 5 6 7 7 5 5 5 5 5 5 5 7 17 9 6 5 6 5 5 5 5 5 5 5 5 5 6 6 6 5 5 5 6 6 6 5 5 5 6 6 6 6 5 5 6 7 7 6 6 6 5 5 5 5 5 5 5 5 5 5 5 5 7 7 7 6 6 6 5 6 7 7 6 6 6 6 6 5 6 7 7 6 6 6 6 6 6 6 6 7 7 6 6 6 5 5 5 5 5 6 5 6 6 6 5 5 6 6 6 7 7 6 5 8 19 21 13 20 38 43 35 32 36 44 47 45 28 9 7 7 6 11 14 11 14 16 15 12 13 15 14 16 21 23 19 16 16 14 12 10 10 11 11 12 11 11 11 11 11 11 11 12 13 12 11 11 15 20 10 11 12 11 11 10 10 11 11 11 10 9 7 6 9 11 10 11 14 15 15 20 21 21 21 21 22 23 22 22 23 22 20 20 23 24 23 22 23 
5 5 5 5 6 6 6 5 4 5 5 5 6 7 8 7 7 6 6 6 6 7 7 7 7 8 8 8 7 7 7 6 6 6 6 7 6 5 5 7 8 8 6 5 5 7 7 5 5 5 5 5 5 5 7 17 10 6 5 6 5 5 6 5 5 5 5 5 5 5 6 5 5 5 5 6 6 6 5 5 5 6 6 6 6 5 5 6 7 7 6 6 6 5 5 5 5 5 5 5 5 5 5 5 5 7 8 7 7 6 6 6 7 7 7 6 6 6 5 5 5 6 7 6 6 6 6 5 5 5 6 6 6 6 6 5 5 5 5 5 4 5 5 5 5 6 6 6 5 5 5 6 6 7 7 6 8 19 19 10 14 27 35 35 32 30 31 37 34 16 8 9 10 7 9 11 12 13 15 14 12 12 16 19 19 20 22 23 25 24 14 12 10 10 11 11 11 11 11 11 11 11 11 11 11 12 12 10 10 15 20 12 13 12 11 11 11 11 10 10 11 11 10 9 8 8 12 12 10 11 9 8 10 11 13 17 21 26 29 26 26 27 25 24 25 26 29 28 30 31 
5 5 5 5 6 6 5 5 5 5 5 5 6 7 8 7 6 6 6 7 7 6 6 6 6 6 6 6 5 5 6 6 6 7 7 7 6 5 5 7 8 7 6 5 5 6 6 5 5 5 5 5 5 5 6 17 11 6 6 7 6 6 7 5 5 5 5 5 5 6 6 5 5 5 5 5 6 6 5 5 5 6 6 6 6 6 6 6 7 7 7 6 6 6 5 5 5 5 5 5 5 5 5 5 5 7 7 7 7 7 7 7 7 7 7 6 6 6 5 5 5 5 7 7 6 6 6 6 5 5 6 6 6 6 6 5 5 5 5 5 5 5 6 5 5 6 6 6 5 5 5 5 6 6 6 6 8 13 12 8 9 13 17 17 16 15 17 19 17 11 7 9 10 10 12 14 11 11 11 11 10 13 17 19 19 20 21 21 21 20 13 12 12 12 12 11 10 11 11 11 11 11 11 11 10 11 11 10 11 15 21 11 12 12 10 10 10 11 10 9 9 10 10 10 11 7 10 9 8 9 8 10 8 8 10 12 15 18 20 29 36 42 44 44 40 35 35 33 33 34 
4 5 5 6 6 6 6 5 5 5 5 5 6 8 8 7 6 6 6 7 8 7 6 6 6 5 5 5 5 5 6 6 6 7 7 7 7 5 5 7 8 7 6 5 5 6 6 5 5 4 5 5 5 5 6 17 12 6 6 7 6 6 7 5 6 5 5 5 5 6 6 5 5 5 5 5 5 6 5 5 5 6 6 5 6 6 6 6 6 7 7 7 6 6 6 5 5 5 5 5 5 5 5 5 6 6 6 6 7 7 7 8 7 7 7 7 6 6 6 5 5 6 7 7 6 6 6 6 6 6 6 6 6 6 6 6 5 5 5 5 5 6 6 5 5 6 7 6 6 5 5 5 6 6 6 6 8 9 8 8 7 8 10 9 9 10 12 12 11 10 9 9 10 11 12 14 11 10 10 10 10 13 16 17 19 20 20 19 18 17 13 13 13 14 13 11 10 11 11 11 11 11 11 11 10 11 11 10 12 16 22 11 12 12 10 10 10 12 10 9 9 10 11 11 12 9 10 8 7 8 9 11 9 9 10 11 13 15 17 27 36 44 47 46 41 35 36 32 31 32 
4 5 5 6 6 6 6 5 5 6 5 5 6 8 8 7 6 6 6 8 9 8 8 7 7 7 7 7 7 7 7 7 7 7 7 7 7 5 5 7 8 7 6 5 5 6 6 5 5 4 5 5 5 5 6 16 11 6 5 6 6 5 7 6 6 5 5 5 5 6 6 5 5 5 5 5 5 6 5 5 5 5 5 5 6 6 6 5 6 7 8 7 6 6 6 5 5 5 5 5 5 5 5 5 6 6 6 6 6 7 7 8 7 7 7 7 6 6 6 6 6 6 8 8 7 7 7 7 7 7 7 7 7 7 7 7 7 7 7 7 7 7 7 5 5 6 6 6 6 6 6 6 6 6 5 6 7 6 6 8 8 9 11 9 8 11 15 12 11 14 13 10 9 10 10 12 11 11 11 11 11 13 15 13 16 18 18 15 13 12 14 14 15 15 15 13 11 12 13 12 12 13 12 12 11 12 12 12 14 18 23 10 11 12 11 10 11 12 13 11 11 12 12 11 12 16 14 9 8 10 10 13 15 15 15 15 15 16 18 19 26 32 33 31 29 24 34 27 21 22 
4 5 5 5 6 6 6 6 6 6 5 5 6 8 8 6 6 6 6 9 11 12 13 14 17 19 20 21 20 17 13 9 7 5 6 7 7 6 5 6 7 7 6 5 6 7 7 5 5 4 5 5 5 5 6 16 10 5 5 6 4 4 6 6 6 6 5 5 5 6 6 5 5 5 4 4 5 5 5 5 5 5 5 5 5 6 5 5 5 6 8 7 6 6 6 5 5 5 5 5 4 4 5 5 5 6 6 6 6 6 7 7 6 6 7 7 7 7 7 7 7 8 9 9 8 8 8 9 9 9 9 9 9 9 9 9 9 9 9 10 9 9 8 6 5 6 6 6 7 7 7 7 7 7 8 8 7 8 9 8 10 11 11 13 12 9 10 11 10 10 13 12 14 15 12 12 13 14 16 16 14 13 14 13 14 14 13 13 15 17 17 16 15 15 15 15 15 14 14 14 14 14 14 14 14 15 15 15 16 21 24 11 13 16 15 14 15 16 16 15 17 20 19 15 14 21 19 18 23 25 20 20 23 26 29 30 33 39 45 51 58 57 49 47 51 55 37 22 20 31 
5 5 5 5 5 5 5 5 5 5 5 5 7 9 9 10 17 23 30 40 47 50 51 53 57 59 59 65 71 60 45 32 11 5 6 7 6 6 5 6 7 7 6 5 6 7 7 5 5 4 5 4 4 5 8 17 12 6 5 5 4 4 6 6 6 5 5 5 5 6 5 5 5 5 5 5 5 5 5 4 5 5 5 5 6 6 6 5 5 6 7 6 6 5 6 7 7 6 5 5 5 5 5 5 6 6 6 6 6 6 6 7 7 7 8 8 8 8 9 8 8 8 9 9 9 9 9 9 9 9 9 10 10 10 10 10 10 10 10 11 10 9 8 6 6 7 8 8 8 9 9 9 9 9 10 10 9 11 11 11 12 12 13 15 14 12 13 16 14 12 17 17 18 17 15 16 15 17 21 19 16 16 17 16 17 17 16 16 17 19 19 18 19 18 17 17 17 17 18 18 18 18 18 19 19 20 20 19 20 24 28 19 25 19 19 23 21 27 24 23 25 29 33 34 32 43 43 44 50 53 50 51 52 57 56 54 58 64 65 62 61 53 44 41 44 47 28 16 16 31 
5 5 5 4 4 4 5 4 4 4 5 7 8 10 11 16 34 51 68 90 104 110 111 113 118 119 118 132 147 127 95 67 18 4 7 6 6 7 6 5 6 6 6 5 5 6 7 5 4 5 5 4 4 5 10 21 17 8 6 5 4 5 5 6 5 5 5 5 5 5 5 5 5 5 5 5 5 5 5 4 4 4 5 5 7 7 7 6 6 6 5 6 6 5 5 9 11 8 5 5 5 5 5 6 6 6 6 6 6 6 6 6 7 8 10 10 10 10 10 10 9 9 9 9 10 10 9 9 10 10 10 10 11 11 10 10 10 10 11 12 12 10 8 7 7 8 10 10 11 11 11 12 12 12 13 13 14 15 15 15 14 15 16 17 17 17 19 24 21 17 22 23 23 19 19 22 19 20 26 24 19 21 23 21 21 22 22 21 20 20 22 23 27 23 19 20 20 21 22 23 23 23 24 25 25 27 27 26 25 30 35 32 44 24 24 35 31 43 35 35 35 39 52 61 61 77 79 83 89 92 95 98 97 103 96 87 91 95 88 70 53 38 30 27 25 23 14 8 10 28 
5 6 6 6 7 9 8 9 13 17 21 31 48 77 92 105 135 142 142 156 150 132 122 115 111 105 96 90 102 128 151 139 55 14 7 7 6 6 5 6 7 6 6 5 5 6 6 5 4 5 5 5 5 6 12 23 17 8 6 5 4 5 5 5 5 5 5 6 6 6 5 5 5 5 4 4 4 4 4 4 4 4 4 4 5 6 6 7 7 6 6 6 7 5 5 7 8 6 4 4 4 4 4 4 5 5 5 5 5 5 5 5 6 8 9 10 10 10 10 10 9 9 9 8 9 9 9 10 11 10 10 10 10 10 9 9 8 8 9 9 10 10 9 9 10 11 13 13 13 13 14 14 15 15 16 16 17 17 17 17 17 19 22 23 22 21 22 24 23 20 22 19 19 20 20 21 17 16 18 16 15 18 18 18 19 20 20 20 20 20 23 29 40 29 22 47 81 82 83 82 78 72 70 69 74 75 77 77 76 71 67 56 70 71 95 94 61 70 77 79 77 74 75 72 63 70 71 70 68 66 66 69 80 91 86 69 59 52 43 31 23 16 13 11 10 8 11 15 17 15 
11 12 12 13 15 19 26 31 34 34 34 41 55 72 81 95 121 128 126 134 135 125 118 116 120 122 117 106 98 98 110 113 61 24 8 8 6 6 5 6 7 5 6 5 5 6 6 5 4 5 5 5 5 6 11 20 16 8 6 5 4 5 5 5 5 6 6 6 6 6 6 6 5 5 5 5 4 5 5 5 4 4 4 5 5 5 6 7 7 6 6 7 7 6 5 7 7 6 4 4 4 5 5 5 5 6 6 6 6 6 5 5 7 8 9 10 9 9 10 10 10 10 9 9 9 9 10 10 11 10 10 10 10 10 10 10 9 9 9 9 10 10 10 10 11 12 13 13 12 12 13 13 14 14 14 14 14 14 14 14 14 15 16 17 17 16 17 18 17 16 16 14 22 29 21 16 15 15 18 18 19 20 18 19 20 21 22 22 22 23 28 44 72 52 26 40 65 67 68 66 61 56 52 51 55 54 57 60 62 58 52 43 52 51 71 70 45 51 56 58 55 50 47 43 36 39 40 41 41 42 45 49 59 70 66 51 41 35 29 23 19 15 13 13 12 10 11 15 20 21 
19 20 20 22 26 31 44 53 54 51 48 51 59 63 65 78 100 108 103 106 115 115 111 115 127 137 137 123 97 66 65 81 65 35 9 8 7 6 5 6 7 5 5 5 5 5 6 5 4 4 5 4 5 5 9 17 15 7 5 5 5 5 5 6 6 7 7 7 7 6 6 6 6 5 5 5 5 5 5 5 5 5 5 5 4 5 6 7 7 7 6 7 8 7 6 6 7 6 5 5 5 6 6 6 6 7 7 7 7 6 6 6 7 8 9 9 9 9 9 11 11 11 10 10 10 10 10 10 11 10 10 9 10 11 11 11 11 10 10 10 10 11 11 12 12 12 12 12 11 11 11 12 12 12 12 12 12 11 11 11 12 11 10 11 12 12 12 13 13 12 10 11 26 40 23 12 13 16 21 22 24 23 17 20 21 22 23 24 25 26 33 57 100 72 30 31 43 45 46 44 40 35 31 30 32 30 32 39 44 41 34 29 31 28 41 41 26 31 33 33 30 23 17 13 10 8 10 13 16 19 25 31 39 47 45 34 25 21 18 17 16 15 15 16 15 14 12 15 22 27 
60 61 61 62 66 72 68 59 54 57 65 67 61 60 66 71 78 88 84 81 83 82 80 82 87 94 99 104 95 54 47 61 73 58 11 8 7 6 5 6 7 5 5 5 5 6 6 5 5 5 5 5 5 4 6 12 12 6 6 6 6 7 7 9 9 10 9 9 7 7 4 4 4 5 5 5 5 6 6 6 5 5 5 5 7 8 9 10 10 10 10 10 11 11 9 9 10 10 12 13 14 15 15 14 14 15 15 14 13 12 11 10 10 11 12 11 10 10 10 10 10 10 9 9 10 10 9 9 9 10 9 10 11 10 9 9 9 9 9 9 9 9 10 11 11 11 11 12 13 13 13 13 14 14 16 18 17 16 15 16 16 18 21 23 26 28 32 34 36 36 28 27 55 78 48 27 32 46 58 55 48 34 19 16 16 17 17 18 19 21 25 29 51 39 20 18 15 14 15 14 13 12 11 12 15 13 13 18 24 25 24 33 34 21 18 24 25 27 30 29 24 17 13 13 14 11 16 19 19 21 25 29 21 22 20 15 14 15 15 14 14 15 17 19 20 19 23 19 14 15 
44 46 45 45 46 49 50 46 41 42 48 50 46 46 52 51 53 64 62 57 58 59 59 59 59 62 67 70 68 52 53 56 73 82 26 8 7 7 6 7 7 6 7 7 7 7 7 7 6 7 7 6 6 6 7 13 12 7 7 8 8 9 8 10 10 11 10 10 8 8 6 7 7 7 7 7 7 9 9 9 8 8 8 8 10 10 11 11 12 12 12 12 14 13 12 12 12 12 13 14 15 15 15 14 14 13 13 12 11 11 10 10 10 10 11 10 10 10 10 10 10 10 10 10 10 11 10 11 11 12 12 12 13 12 12 12 13 13 13 13 13 14 15 16 16 18 18 19 19 19 19 19 19 20 22 23 22 21 21 21 22 21 20 21 23 26 30 32 37 44 38 28 36 47 35 31 43 56 63 51 40 26 15 16 15 16 16 16 17 19 20 18 28 24 18 18 12 13 14 14 13 13 14 15 15 14 13 16 19 19 18 21 24 17 13 16 17 18 18 18 15 11 9 9 12 11 16 19 17 17 19 20 18 18 15 13 13 14 14 13 12 12 13 14 14 14 15 14 12 12 
29 31 30 29 29 29 33 32 28 28 33 36 36 37 42 37 33 45 45 40 40 40 42 41 38 39 44 45 47 45 50 46 69 100 41 9 7 8 7 7 8 7 8 8 8 8 8 8 8 8 9 8 8 7 8 14 13 8 9 10 9 10 9 10 11 11 11 10 9 8 8 9 9 9 9 9 9 11 11 11 10 10 10 11 11 11 11 11 12 13 13 13 14 14 13 12 13 12 12 13 14 14 14 14 13 12 11 11 11 10 10 10 10 11 11 11 10 10 11 12 12 12 12 12 13 13 13 14 15 15 14 15 16 16 16 16 17 18 18 18 18 19 19 19 20 22 23 23 22 22 22 23 23 23 24 25 25 23 23 23 24 22 20 20 21 23 27 29 34 45 41 27 22 25 26 32 45 56 58 43 31 21 14 16 15 15 15 15 16 17 17 12 14 14 16 17 9 12 12 13 13 13 15 16 13 13 13 13 14 14 13 13 17 14 11 11 11 11 11 11 10 8 7 8 11 10 15 17 15 14 15 15 16 14 12 12 13 13 12 12 11 11 11 11 11 11 11 11 11 11 
5 5 6 5 5 5 5 5 7 8 11 20 33 34 33 27 19 28 28 24 23 23 25 26 25 27 32 31 26 21 20 20 55 116 73 15 8 9 9 9 10 10 10 10 10 11 11 10 10 10 10 10 10 10 11 17 17 11 11 12 11 11 9 9 10 10 10 10 10 10 12 12 12 12 12 12 12 12 11 11 11 11 11 12 10 9 9 9 9 10 11 11 12 12 11 10 10 10 9 9 10 10 10 10 9 10 11 11 11 11 12 12 13 14 15 15 15 16 17 20 21 21 21 21 21 22 22 23 23 23 22 21 22 23 24 24 25 26 27 28 27 26 25 23 22 23 24 22 21 21 21 21 21 21 20 20 20 19 19 19 19 19 19 17 16 17 18 19 21 28 28 20 15 15 18 22 20 22 21 14 12 14 14 18 17 16 15 16 17 18 17 17 17 17 18 12 5 9 10 10 10 10 11 12 7 8 9 9 7 6 5 7 8 11 12 9 6 10 11 13 14 14 12 11 13 6 10 12 11 12 14 14 12 11 10 12 13 12 10 12 12 11 11 11 11 11 10 11 12 10 
5 6 6 6 6 6 6 6 7 6 5 9 15 27 44 38 24 28 24 18 21 22 22 21 21 21 21 23 21 18 23 32 71 116 91 37 13 10 11 9 10 10 10 10 11 11 11 11 10 10 10 10 10 9 11 17 18 11 11 11 10 10 9 9 9 9 10 10 10 10 9 9 9 9 10 10 10 9 9 9 9 9 10 10 11 10 10 10 11 11 12 13 13 13 14 14 13 13 16 16 16 16 16 16 16 18 19 19 20 20 20 21 22 22 23 23 22 23 24 24 24 23 23 23 22 23 22 22 22 22 21 21 21 19 18 18 19 19 20 21 20 19 17 15 14 14 14 14 15 15 15 15 15 15 16 17 17 17 17 17 17 18 18 16 16 16 16 16 15 15 14 14 17 17 15 16 13 13 14 11 12 17 18 14 13 12 12 12 13 14 15 14 12 13 13 10 9 9 10 11 11 10 10 10 9 10 12 12 11 9 8 9 9 11 12 10 8 12 8 9 12 13 10 8 9 8 11 11 10 10 12 11 10 9 9 11 13 12 10 11 11 11 11 11 12 13 14 14 13 12 
5 5 6 6 6 6 6 6 6 5 4 5 7 21 44 41 26 28 23 17 22 24 21 21 22 21 19 20 20 23 36 50 87 120 110 58 17 10 11 10 9 9 10 10 11 11 11 11 11 10 10 9 10 9 10 16 17 10 10 10 9 10 9 9 9 9 9 10 10 10 9 9 9 10 10 11 11 11 11 11 11 12 12 12 14 14 14 15 15 16 16 17 17 18 20 21 20 20 21 21 21 21 21 21 21 22 22 22 22 22 22 23 23 23 24 23 22 22 23 23 22 21 20 19 19 19 18 18 19 18 18 18 18 16 15 14 14 15 16 16 16 14 13 13 12 12 11 12 12 12 12 12 12 12 13 15 15 15 16 16 15 16 16 15 15 16 16 15 13 11 11 12 18 16 14 15 11 10 13 12 12 17 17 13 12 11 10 11 12 13 13 13 10 12 11 8 11 9 10 12 11 10 9 9 9 10 11 12 11 9 8 8 8 9 10 9 8 10 7 8 11 12 10 8 8 9 11 11 9 10 12 11 11 10 10 11 12 12 12 11 11 12 12 12 12 13 15 14 13 13 
4 4 4 4 4 5 6 6 6 7 7 7 6 13 34 38 27 30 25 21 27 27 23 23 28 29 24 21 21 36 63 83 110 130 141 89 23 11 12 9 8 8 9 10 10 10 10 10 10 11 11 9 10 9 9 15 16 8 8 8 8 9 9 10 10 9 9 9 9 10 10 11 12 13 14 16 16 18 18 18 18 19 20 21 21 21 23 24 25 25 25 27 26 29 33 35 35 35 29 28 27 27 27 28 28 23 22 22 21 20 19 19 18 18 18 16 14 14 14 14 13 12 11 10 9 9 9 10 11 11 11 12 12 12 11 10 10 10 10 11 11 11 12 12 13 14 14 13 12 12 12 12 12 12 12 12 13 13 14 14 13 13 13 13 15 16 16 14 14 14 13 14 17 13 13 18 14 12 17 16 13 12 12 13 12 10 10 11 12 13 12 12 9 14 12 6 12 8 10 12 12 10 8 7 7 7 6 6 6 6 5 5 7 6 5 7 6 4 7 8 10 12 11 9 9 9 11 10 8 11 14 13 14 12 11 10 11 12 14 12 13 13 13 12 12 11 12 13 14 14 
8 8 8 9 9 9 8 8 9 9 9 10 10 14 21 32 31 25 30 28 25 28 26 21 26 35 29 23 33 57 86 108 127 135 133 111 55 18 7 13 8 9 9 11 9 10 12 10 9 8 8 9 11 11 12 14 19 15 15 13 14 17 17 17 17 17 18 18 18 19 23 23 24 25 25 26 26 27 27 26 26 26 26 26 25 25 24 24 23 22 21 22 21 21 21 21 20 19 16 16 16 15 15 15 15 12 11 11 11 10 10 10 9 9 10 10 10 10 10 10 10 10 11 11 11 12 11 11 12 13 14 14 14 13 13 13 13 13 13 13 13 13 13 13 12 13 13 13 13 13 13 13 12 12 12 13 13 13 13 12 12 13 13 13 13 12 12 11 11 12 13 13 13 11 12 13 12 11 11 10 10 11 12 13 11 10 10 10 12 13 12 11 11 13 12 8 9 7 8 11 12 9 6 7 7 5 5 6 5 6 7 5 6 4 4 6 5 4 6 9 13 15 13 11 11 10 14 14 12 13 14 14 16 14 12 13 15 16 16 15 15 15 15 15 15 15 17 16 16 16 
9 9 9 9 10 10 10 10 10 10 9 9 10 12 17 28 33 26 30 30 28 30 27 22 26 36 35 35 49 65 79 92 114 131 131 122 88 32 11 15 10 13 13 14 12 14 16 14 13 14 14 15 16 16 16 18 23 19 19 18 18 21 21 22 22 22 21 21 21 21 23 23 23 23 23 23 23 23 22 22 22 21 21 21 20 20 19 18 17 17 16 16 16 16 15 14 13 13 12 11 11 11 11 11 10 9 9 9 9 10 10 10 9 9 10 10 10 10 10 11 11 11 12 13 13 13 12 12 13 13 14 13 13 14 14 14 13 13 12 12 13 13 12 12 12 12 12 12 13 12 12 12 12 12 12 13 13 13 12 12 12 12 13 12 12 12 11 11 11 12 13 14 12 11 12 13 13 12 12 11 12 12 13 12 11 10 10 10 12 13 13 13 12 14 13 9 10 8 9 13 14 10 8 10 8 7 7 8 8 8 9 7 8 6 6 7 6 5 7 11 15 15 13 12 13 11 15 16 13 13 15 14 15 13 12 13 15 16 15 15 15 15 15 15 15 15 16 15 14 15 
10 9 9 9 9 10 11 11 11 10 8 7 7 9 13 25 34 30 30 32 33 32 27 24 28 37 42 53 69 71 64 63 89 125 130 131 128 50 18 18 14 19 18 19 17 19 22 20 20 24 24 24 24 23 23 24 27 23 24 23 22 25 24 26 26 25 25 24 23 22 20 19 18 18 17 16 16 14 14 13 13 12 12 11 11 11 11 11 10 10 10 9 9 9 9 9 9 8 8 8 8 8 8 8 8 9 10 10 10 11 12 12 12 12 12 11 11 11 11 13 13 13 14 14 15 15 13 13 13 13 13 13 12 14 14 13 12 11 10 10 11 11 11 11 11 11 12 11 11 11 11 11 11 11 12 13 13 13 12 12 12 12 13 12 12 12 12 12 12 12 14 14 13 12 13 14 14 14 14 15 15 15 14 12 11 10 10 10 12 13 15 14 13 16 14 11 12 10 11 16 17 13 12 14 11 10 10 12 12 12 12 9 11 8 8 10 8 7 8 13 16 15 13 13 15 12 16 16 13 14 16 15 14 12 10 11 13 14 13 15 16 16 16 16 16 16 14 13 12 12 
8 8 8 9 9 10 9 10 10 10 10 9 10 10 13 22 34 39 33 35 41 41 44 49 44 38 44 50 48 46 44 36 38 68 105 134 132 100 59 20 29 27 29 28 25 25 27 26 25 23 23 22 21 20 18 19 21 17 18 16 15 16 15 13 13 12 12 12 11 11 12 11 11 10 9 9 9 9 9 9 9 8 8 8 8 9 9 9 9 10 10 11 11 12 12 12 12 12 12 12 12 12 12 12 12 10 10 11 11 12 13 14 14 14 13 13 12 11 11 11 11 11 11 11 11 11 12 13 13 13 13 13 12 13 13 13 13 12 12 12 12 13 13 13 14 14 14 13 12 12 12 13 13 13 14 15 15 15 14 14 14 14 14 14 14 15 15 16 15 14 16 16 15 14 15 15 14 16 17 17 17 16 16 19 17 16 15 16 18 18 16 15 14 16 15 12 14 11 13 17 18 16 18 24 17 14 14 16 17 17 17 14 16 13 14 14 11 9 10 13 15 13 12 13 15 12 15 15 12 13 15 15 14 12 11 11 13 13 12 12 12 12 12 12 12 11 11 11 11 11 
11 11 11 12 13 13 12 12 13 14 15 16 17 15 17 24 33 44 40 39 44 43 48 50 43 39 50 58 45 36 41 47 45 57 90 127 125 131 81 32 25 23 22 21 20 19 19 19 18 16 16 16 15 14 14 14 17 13 13 12 11 12 11 10 10 10 10 10 9 10 10 10 10 9 9 9 9 10 10 10 10 10 10 10 11 11 11 12 12 12 12 12 12 12 13 13 13 13 13 13 13 13 13 13 13 12 12 12 13 13 13 13 13 13 13 13 13 12 12 13 13 13 13 13 13 13 13 13 14 14 14 14 14 14 14 14 14 14 14 14 14 14 14 15 15 15 15 14 13 13 13 14 14 14 15 15 16 15 14 14 15 14 13 14 14 14 15 15 15 14 15 15 14 13 14 14 13 14 15 15 15 14 14 16 15 14 13 14 15 16 15 14 13 14 13 11 13 10 11 14 15 15 20 29 22 17 15 17 19 20 19 17 18 15 16 16 13 11 10 11 12 12 11 11 12 11 14 13 11 11 13 13 13 12 11 11 12 12 11 12 12 12 12 12 12 12 11 11 11 10 
14 14 15 16 17 18 16 15 17 19 20 22 24 21 22 25 31 49 47 44 46 45 52 51 41 40 54 62 43 28 38 56 54 49 75 117 119 154 103 48 20 19 15 15 15 12 11 12 11 10 10 10 10 10 9 11 14 9 10 9 8 8 8 8 8 9 9 9 9 9 9 9 9 9 9 9 10 10 11 11 11 12 13 13 13 13 14 14 14 15 15 12 12 13 13 14 14 14 14 14 14 13 14 14 14 14 14 14 14 13 13 13 13 13 13 13 13 13 13 15 15 15 15 15 15 14 14 14 15 15 15 15 16 15 14 15 15 15 16 16 15 15 15 16 16 16 15 15 14 14 14 14 15 15 15 15 15 15 14 14 15 14 13 13 13 14 15 15 14 13 14 14 13 13 13 13 11 12 13 13 13 12 12 13 12 11 11 12 12 13 14 13 11 13 11 10 12 8 10 12 13 14 21 33 27 21 17 19 22 22 21 20 21 17 18 18 14 13 10 10 10 10 10 10 10 10 12 11 9 10 11 11 12 11 10 10 11 11 10 12 12 12 12 12 12 12 10 10 10 10 
25 25 25 26 27 27 27 27 28 27 27 26 27 25 25 23 22 46 61 56 49 51 63 56 38 29 27 26 36 46 29 26 55 55 48 79 118 120 129 117 14 14 8 8 12 9 7 9 9 9 9 9 10 10 11 13 18 11 11 10 9 10 11 11 11 11 12 12 12 12 11 11 11 12 12 13 13 11 11 12 12 13 13 14 13 13 13 13 13 13 13 11 11 11 12 12 11 11 12 12 12 12 12 12 13 16 16 15 15 14 14 13 13 13 13 14 14 15 15 16 16 16 15 15 15 14 14 14 14 14 15 15 16 16 15 15 14 13 13 12 12 12 13 13 13 12 12 12 12 12 12 11 11 11 11 11 11 11 10 10 11 11 10 10 10 10 10 10 10 10 10 11 10 10 10 10 10 10 10 9 9 9 9 9 8 8 8 8 9 9 11 10 9 10 9 8 10 7 8 9 9 12 22 36 35 30 26 27 29 28 24 22 21 17 18 18 14 15 10 8 8 9 10 9 7 9 10 9 8 8 9 10 9 8 8 8 8 8 7 9 9 9 9 9 9 9 8 8 8 8 
25 25 24 23 23 23 22 22 22 21 20 19 19 17 18 16 14 33 55 59 56 60 65 53 35 25 20 23 35 43 47 40 39 54 64 46 60 92 127 126 77 15 10 9 13 11 9 13 11 10 10 10 11 11 12 15 20 12 11 11 9 11 12 11 11 11 11 10 10 10 11 11 11 11 12 12 12 10 10 11 11 11 11 11 12 12 12 12 12 11 11 12 12 12 12 12 12 11 12 12 11 11 11 12 12 13 14 13 13 12 12 12 12 12 12 13 13 13 13 13 12 12 12 12 11 11 12 12 12 12 11 11 12 12 12 12 11 11 11 10 11 11 11 11 11 11 10 10 11 11 10 10 10 10 10 10 10 10 9 9 10 11 10 10 10 10 10 10 10 10 10 11 10 10 10 10 11 10 10 9 9 9 9 10 10 10 10 10 10 10 10 10 9 10 9 8 11 9 9 9 10 13 22 34 32 31 30 30 31 27 22 19 17 14 15 15 12 13 11 9 8 10 12 10 7 9 9 9 8 8 9 9 8 8 8 8 7 7 7 8 8 8 8 8 8 8 8 8 8 8 
23 22 21 19 19 18 18 17 17 16 14 13 13 12 13 11 9 22 47 60 63 65 60 46 31 24 20 25 34 40 52 45 36 51 62 25 24 64 124 126 118 27 14 9 13 11 10 14 12 11 11 11 11 12 12 15 21 11 11 11 10 11 12 11 11 10 10 9 9 9 10 10 11 11 11 11 11 10 10 10 10 10 10 10 11 11 11 11 10 10 10 11 12 12 12 12 11 11 11 11 10 10 10 11 11 12 12 12 11 11 11 11 11 12 11 12 12 12 12 11 10 10 10 10 10 10 11 11 10 10 9 9 9 9 10 10 10 10 10 10 10 10 11 11 10 10 9 10 10 10 10 9 9 9 9 9 10 9 9 9 10 11 11 10 10 10 10 10 10 10 11 11 11 11 11 11 12 11 10 9 9 9 10 11 11 11 11 11 11 10 10 10 9 10 9 8 11 10 10 10 10 13 21 31 29 29 29 30 30 25 19 16 14 11 13 13 10 12 11 9 9 11 13 11 8 10 9 9 9 9 9 9 8 8 8 8 7 7 7 8 8 8 8 8 8 8 8 8 8 8 
13 13 11 10 10 10 9 8 8 8 7 7 7 8 7 7 7 11 30 56 72 64 37 24 24 31 39 35 32 37 28 36 63 40 15 17 10 13 111 103 140 76 24 9 10 8 8 11 9 10 10 9 9 10 10 13 18 9 9 10 8 9 10 11 11 10 10 9 9 9 9 9 9 9 9 9 9 10 10 9 9 9 9 9 10 10 10 10 10 10 10 9 9 9 10 9 9 9 8 8 8 8 8 8 9 10 10 10 10 10 10 10 10 10 10 10 9 9 9 11 11 11 11 11 11 11 10 9 9 8 8 8 8 8 8 8 9 10 10 11 10 10 11 11 11 11 10 10 11 10 10 10 10 10 10 11 11 10 10 10 12 12 12 12 12 12 12 11 12 12 12 12 12 13 12 12 12 11 11 10 10 10 10 9 10 10 10 10 9 9 10 11 10 11 9 8 12 11 12 11 11 13 17 21 19 21 20 20 20 18 14 11 10 9 11 11 8 10 12 11 10 11 12 11 10 10 10 9 10 9 9 9 8 9 9 9 9 8 8 10 11 11 11 11 11 11 10 9 9 10 
9 9 8 8 8 8 8 8 8 8 8 8 8 8 8 9 10 8 23 56 73 55 33 32 37 32 29 37 44 41 50 53 39 27 24 22 23 16 34 85 142 121 49 16 12 9 9 11 8 10 9 9 9 9 10 13 18 9 10 11 9 10 10 9 9 9 9 9 9 9 9 9 9 9 10 10 10 9 9 10 10 10 10 10 9 9 9 10 10 10 10 9 9 10 10 10 10 10 10 10 9 9 9 10 11 11 11 11 11 10 10 10 10 10 10 10 10 10 10 11 11 11 11 11 11 11 11 11 10 10 10 10 11 11 11 11 11 11 11 11 10 10 11 12 12 12 11 11 11 11 11 11 11 11 12 11 11 11 10 11 13 13 12 12 12 12 12 12 12 11 11 12 12 12 11 11 11 11 11 11 11 11 11 10 10 11 11 10 10 10 11 12 11 11 10 9 12 11 12 11 11 11 13 14 14 15 13 12 13 14 12 11 10 10 13 12 9 10 11 11 11 10 11 11 11 10 10 9 10 10 9 9 9 9 10 9 9 9 9 9 9 9 9 9 9 9 10 9 9 10 
8 8 8 8 8 8 8 8 8 8 8 8 8 9 8 9 11 7 17 48 72 61 37 35 39 31 31 44 50 38 45 51 30 24 22 18 25 21 14 85 136 134 75 27 13 10 10 11 8 10 9 9 10 10 10 13 19 11 11 11 10 11 11 10 10 10 10 10 10 10 10 10 10 10 10 10 10 9 9 10 10 10 10 10 9 9 9 10 10 10 10 9 9 9 10 10 10 10 10 10 10 10 10 11 11 11 11 10 10 10 10 10 10 10 10 10 10 10 10 10 11 11 11 11 11 11 11 11 11 10 11 11 12 12 12 12 11 11 11 11 10 10 11 12 12 12 11 11 11 11 11 12 12 12 12 12 12 12 11 11 13 13 13 12 12 12 12 13 12 11 11 11 11 11 11 11 12 11 11 11 11 11 11 10 10 11 11 10 9 10 11 11 11 11 10 9 12 10 11 11 10 10 11 11 12 12 10 9 10 12 11 11 10 10 12 12 9 10 11 11 10 10 10 10 11 10 9 10 11 10 9 9 9 10 10 9 9 9 9 10 9 9 9 8 8 9 9 10 9 10 
7 8 8 9 9 9 9 9 9 9 8 8 8 10 10 8 10 9 11 28 69 82 47 34 32 25 43 58 53 26 18 33 26 27 11 5 19 28 28 100 120 130 117 45 15 12 13 10 8 10 10 11 12 11 11 14 20 13 13 11 11 13 14 12 12 12 11 11 11 11 11 11 11 11 11 11 10 10 10 10 10 10 10 10 10 10 10 10 10 10 10 10 8 9 11 10 9 10 10 9 9 10 10 10 10 9 9 8 8 8 9 9 9 10 11 10 9 9 9 9 9 9 10 10 11 11 11 10 10 10 11 11 11 11 11 11 11 11 10 10 10 10 11 11 11 11 10 10 11 11 12 13 13 13 12 12 13 13 11 11 12 13 13 12 12 12 12 13 12 11 11 11 11 11 11 11 12 11 11 11 11 11 11 10 9 10 11 9 8 9 10 10 10 10 10 10 10 10 9 9 9 9 10 10 11 11 11 9 9 10 10 11 9 8 9 10 9 8 10 10 10 9 10 11 12 9 9 10 12 10 8 9 10 10 9 9 9 10 11 12 10 11 10 7 9 10 8 10 10 10 
9 9 9 9 9 9 9 10 9 10 10 10 10 10 9 8 9 8 8 18 41 90 92 47 36 42 51 53 35 19 14 15 28 21 23 33 25 18 117 129 125 127 135 106 48 14 9 11 10 11 10 10 9 9 10 14 17 10 9 9 9 10 10 11 10 10 10 10 10 10 10 10 10 10 9 9 9 10 10 10 10 10 10 10 10 10 10 10 10 10 10 11 11 11 11 11 10 11 11 11 10 10 10 10 10 10 10 10 10 10 10 10 10 11 12 10 10 11 10 9 9 9 9 9 10 10 10 10 10 10 10 10 10 10 10 10 10 10 10 10 9 9 10 11 10 10 9 9 9 10 10 10 9 9 9 11 12 12 10 10 11 11 10 10 9 9 9 10 11 11 11 11 11 11 11 11 10 10 9 9 9 9 10 10 9 9 10 9 10 11 11 11 11 11 11 11 11 10 10 10 10 10 11 11 10 10 10 11 10 10 10 10 9 8 9 10 9 8 9 9 10 10 10 10 11 11 11 12 13 12 10 10 11 10 10 9 10 11 12 15 14 14 11 9 10 10 9 11 10 10 
9 9 9 9 9 9 9 9 9 10 10 10 10 10 9 9 9 8 8 14 31 77 86 63 64 48 43 41 28 15 15 15 21 20 16 24 30 65 123 120 141 126 139 131 78 29 11 10 11 11 10 10 10 9 10 15 19 10 9 10 10 11 10 10 10 10 9 9 9 9 9 9 9 9 9 9 9 10 10 10 10 10 10 10 10 10 10 10 10 10 10 10 11 11 10 10 10 11 11 11 10 10 10 10 10 10 10 10 10 10 10 10 9 10 11 10 10 10 10 9 10 10 10 10 10 10 10 10 9 9 10 10 10 10 10 10 10 10 11 11 10 10 11 11 11 11 10 10 10 10 10 10 10 9 9 10 11 11 10 10 11 11 10 10 10 9 10 10 10 10 10 10 10 10 10 10 10 10 10 10 10 10 10 10 9 10 11 10 10 11 11 10 10 10 10 10 11 11 11 11 11 11 12 12 10 9 10 11 11 10 10 10 9 8 9 10 10 9 9 9 10 10 10 10 10 11 10 11 12 11 9 9 10 9 9 8 9 10 11 14 14 14 11 10 13 11 10 10 10 9 
9 9 9 8 8 8 8 8 8 9 9 10 10 9 9 9 10 8 8 10 24 57 68 84 103 53 30 26 22 12 17 20 12 20 4 5 37 132 112 101 163 127 140 152 114 49 15 10 12 9 9 11 11 10 12 17 23 12 10 11 12 13 10 10 10 9 9 9 9 9 9 9 9 9 9 9 8 9 9 9 9 9 9 9 9 9 9 9 9 9 9 8 10 10 9 9 10 11 11 10 10 9 9 9 9 9 9 10 10 10 9 9 8 9 9 9 10 10 9 10 11 11 11 11 11 11 10 10 10 10 10 10 10 10 11 11 11 11 12 12 11 11 12 12 12 12 11 11 12 12 11 11 11 10 10 10 11 11 10 9 10 11 11 11 11 11 11 11 11 9 9 9 9 9 9 10 11 11 11 11 11 11 11 9 10 11 12 11 10 10 10 10 10 10 10 10 10 11 11 11 11 12 12 13 10 8 10 12 11 9 9 10 9 8 9 10 10 9 8 9 10 10 10 9 10 10 9 10 10 9 8 8 9 8 7 7 7 8 9 11 12 12 10 12 16 13 10 9 9 8 
9 9 9 9 8 8 8 9 9 9 9 9 9 9 9 11 10 10 10 10 13 36 66 88 115 102 45 14 26 46 17 10 30 37 82 46 80 109 140 155 98 142 127 130 141 118 57 17 10 11 11 13 13 11 9 12 21 11 10 10 10 11 10 11 10 10 10 10 10 10 10 10 10 9 9 9 9 9 9 9 9 9 9 9 10 10 10 10 10 10 10 10 13 12 9 9 11 11 10 10 10 9 9 9 10 10 10 10 10 10 10 9 9 10 10 9 10 11 9 9 10 10 9 9 9 9 9 9 9 9 9 9 9 9 9 10 10 10 10 10 10 10 10 11 10 10 9 10 10 10 10 10 10 10 10 11 12 12 11 11 12 11 10 10 10 10 10 10 10 9 9 9 9 9 9 9 10 9 10 10 10 10 10 10 10 12 12 11 9 10 10 10 10 10 10 10 10 11 12 12 13 13 14 14 13 9 10 12 11 9 10 11 10 10 10 11 12 11 9 10 10 10 10 10 10 13 13 12 12 11 11 11 11 11 10 10 9 10 9 10 12 13 11 15 23 18 13 11 10 11 
9 9 9 9 9 9 9 9 9 10 10 10 10 9 9 10 10 10 10 9 11 31 70 93 100 115 80 23 17 30 22 11 38 78 103 93 112 118 128 129 112 142 130 134 138 133 98 38 14 13 10 10 11 10 10 13 20 11 10 10 9 10 10 10 10 10 10 10 10 11 10 10 10 10 10 10 10 10 10 10 10 10 10 10 11 11 11 11 11 11 11 14 17 15 11 10 11 11 10 10 10 10 10 11 11 11 11 11 11 11 11 11 11 12 11 11 12 12 11 10 11 11 10 10 10 10 11 11 11 11 11 11 11 11 11 11 11 11 11 11 11 11 11 11 11 11 11 10 10 11 11 11 11 10 11 12 12 12 12 11 12 12 10 11 11 11 11 10 10 10 10 10 10 10 10 10 10 10 10 10 11 11 11 11 10 11 11 10 10 11 10 10 10 10 10 10 10 11 12 12 13 14 14 14 14 10 10 12 12 10 11 12 11 11 11 12 13 12 10 10 11 10 10 10 11 13 13 12 11 11 11 11 10 10 11 11 10 10 10 10 12 12 10 13 19 14 13 12 11 12 
9 9 9 10 10 10 10 10 10 10 10 10 10 9 9 10 9 9 10 9 9 26 69 99 88 124 112 39 12 17 25 17 48 112 119 131 136 126 119 107 127 139 133 137 135 145 135 62 23 17 11 8 9 10 11 14 19 12 11 10 9 10 10 10 10 10 10 10 10 11 11 11 10 10 10 10 10 11 11 11 11 11 11 11 11 11 11 11 11 11 11 16 20 17 12 10 11 11 10 10 10 10 11 12 12 13 13 12 11 11 11 12 12 14 13 12 13 13 12 11 11 11 11 11 11 11 12 13 12 12 12 12 13 12 12 12 12 11 11 11 12 12 13 12 12 12 11 11 11 11 11 11 11 11 11 12 12 12 12 12 12 12 11 11 12 12 11 11 11 11 11 11 11 11 11 11 11 11 11 11 12 12 12 11 10 10 10 10 10 11 11 11 11 11 11 11 11 11 12 12 13 13 14 14 15 11 10 12 12 11 12 12 12 12 12 13 14 14 11 11 11 11 10 11 12 13 13 12 11 11 11 11 10 10 11 12 12 11 10 11 12 13 10 12 16 12 13 13 12 13 
7 7 7 8 8 9 8 8 8 9 9 9 10 9 9 9 8 8 8 7 12 12 29 109 108 96 136 106 47 17 16 55 81 95 113 112 109 113 127 121 135 111 139 137 135 144 149 122 86 46 25 12 8 8 9 14 20 13 12 10 9 11 12 10 10 10 10 10 10 11 12 11 11 11 11 11 11 11 11 11 11 11 11 11 10 10 10 10 10 10 10 13 14 13 11 10 11 11 10 10 10 11 11 12 13 12 12 10 10 10 10 11 12 14 15 12 12 11 11 11 11 11 12 12 12 12 12 12 12 11 11 11 12 12 13 12 12 12 11 11 12 13 13 13 12 12 12 13 13 13 13 12 12 11 11 10 10 10 10 10 10 11 13 13 13 13 13 13 12 10 10 10 10 10 10 11 11 11 11 11 11 12 11 8 10 14 16 14 11 10 11 11 11 11 11 11 11 10 11 12 12 12 13 13 15 13 11 11 13 14 14 13 13 13 13 14 14 15 16 16 15 14 13 15 16 13 13 12 11 12 12 12 11 12 14 15 16 16 15 16 17 18 15 15 18 14 19 19 19 19 
8 8 9 9 10 10 10 9 9 10 10 10 11 11 11 10 10 10 9 9 11 10 18 72 103 106 128 117 95 78 86 119 114 96 112 115 116 117 112 122 128 121 135 127 133 141 139 143 143 106 75 46 26 14 10 12 19 11 11 10 9 11 11 11 11 11 11 11 12 12 13 13 13 13 12 12 12 12 12 12 12 12 12 12 11 11 11 11 11 11 11 11 11 12 12 12 12 13 12 11 12 12 13 13 14 13 12 11 11 11 11 11 14 17 18 14 12 12 12 11 11 11 11 11 12 12 11 11 10 10 10 10 10 11 12 11 11 11 11 11 12 13 13 12 12 11 11 12 13 13 13 13 12 12 12 13 12 12 13 13 12 13 13 13 14 14 13 13 13 13 13 13 13 13 13 13 12 12 11 11 11 12 11 10 14 21 24 20 14 13 15 15 15 15 15 15 15 14 15 16 16 16 16 16 21 21 18 16 18 19 17 18 18 18 18 18 19 20 22 22 22 21 20 21 22 21 23 22 21 22 23 22 22 23 24 25 26 26 26 27 28 31 28 27 31 28 31 31 30 30 
11 11 12 12 13 13 12 12 12 12 12 12 12 13 12 12 12 12 11 11 12 10 11 45 96 112 123 121 123 113 120 145 130 105 107 115 120 119 107 123 124 128 132 124 129 136 136 152 165 139 112 81 51 27 16 16 20 12 11 11 11 13 12 13 12 12 12 13 13 14 14 14 14 14 13 13 13 13 13 13 13 13 13 13 13 13 13 13 13 13 13 12 11 12 13 13 13 15 14 14 14 14 14 15 15 15 14 14 14 13 13 13 16 21 22 17 14 13 14 13 13 13 14 14 14 15 14 13 13 12 12 12 12 13 14 14 14 14 14 14 15 16 15 15 14 14 14 14 15 15 16 16 15 15 16 16 16 16 16 16 16 16 16 16 17 17 16 16 16 18 18 18 18 18 18 17 16 16 15 15 15 15 15 15 18 25 28 24 19 17 19 19 19 19 19 19 19 19 20 21 22 21 21 21 30 32 27 22 23 25 21 24 24 24 24 24 25 26 27 28 29 27 26 27 27 27 30 30 28 30 31 29 30 30 30 31 31 32 32 34 34 38 36 34 37 36 36 35 36 36 
19 20 20 20 21 21 20 20 19 19 18 18 17 17 15 15 17 17 15 16 16 15 10 21 79 112 118 117 129 121 113 110 123 137 94 109 119 118 122 121 124 136 128 132 120 121 144 145 132 144 152 146 111 65 38 32 28 16 14 16 17 18 16 15 15 15 15 16 17 17 16 16 16 16 15 15 15 16 16 16 16 16 16 16 18 18 18 18 18 18 18 19 15 17 19 18 16 17 18 18 18 18 18 18 19 20 21 21 21 20 19 18 24 30 32 25 19 19 19 22 23 24 24 25 25 26 26 25 25 24 24 24 24 24 23 24 24 25 25 25 27 27 27 25 25 25 25 23 23 24 25 26 26 26 26 25 25 24 26 26 25 25 26 27 27 27 27 26 27 29 29 29 29 29 29 30 30 29 29 28 28 28 28 28 26 26 26 26 27 29 28 28 28 28 28 28 29 31 32 33 33 33 32 33 48 54 46 36 36 35 28 37 38 37 37 37 38 39 36 38 39 38 37 35 35 35 39 39 37 40 42 39 38 36 34 32 32 33 34 37 36 41 39 34 36 36 31 30 32 33 
22 22 22 23 24 25 25 25 24 23 23 23 23 24 25 26 27 27 25 25 23 24 26 31 52 108 130 112 131 133 132 127 123 122 110 109 110 117 127 125 118 117 117 125 128 130 138 143 142 142 140 140 137 124 109 98 80 62 53 52 55 54 51 54 54 55 54 54 53 52 49 54 57 57 55 54 54 57 48 51 53 51 53 54 53 55 59 55 54 59 53 55 54 54 54 53 51 50 50 51 52 51 51 52 53 54 56 62 66 65 60 57 64 72 71 61 55 54 53 48 48 51 52 51 50 51 50 50 50 50 52 52 49 49 50 50 51 50 50 49 50 49 48 49 46 43 46 48 46 44 44 46 47 46 45 49 43 42 43 37 45 45 46 46 43 45 44 44 43 44 44 42 34 38 48 45 43 47 44 41 43 40 38 43 41 32 31 34 44 40 40 40 39 39 41 39 35 35 35 37 37 40 36 38 45 64 59 40 36 40 36 36 43 35 41 43 33 43 34 35 41 34 32 38 38 39 38 35 33 32 30 36 35 32 37 34 30 36 39 35 35 38 39 35 33 33 32 36 43 33 
24 24 24 24 26 27 27 26 25 24 24 24 25 25 26 27 27 27 26 24 25 28 29 30 36 92 129 116 126 130 132 129 124 123 122 115 110 116 125 126 122 119 119 126 133 136 138 143 147 145 141 143 147 144 133 125 116 99 88 88 93 91 87 91 91 92 91 90 89 88 86 89 92 91 90 90 91 93 85 89 89 86 90 90 90 92 96 91 91 96 88 92 92 92 91 90 88 86 85 87 88 88 87 88 89 88 90 96 101 100 95 92 98 106 105 95 90 89 87 87 88 90 91 91 90 90 89 90 89 88 89 88 84 85 87 87 87 87 86 84 86 85 85 88 83 78 82 85 82 79 79 81 82 82 79 83 75 73 76 70 79 78 78 78 73 77 75 75 78 78 78 81 70 67 77 77 73 73 71 71 73 70 69 76 75 65 64 64 74 69 71 71 68 66 69 69 64 63 64 66 65 67 62 64 70 93 88 66 62 66 63 62 68 67 67 64 61 65 59 58 66 59 57 61 59 52 50 44 40 35 31 33 34 29 32 32 31 33 33 32 31 32 33 31 29 30 29 32 40 30 
27 26 26 26 27 28 27 26 25 24 24 25 25 24 22 22 22 21 19 18 24 30 24 20 20 63 118 125 115 117 119 121 126 133 136 127 114 112 117 124 135 137 129 134 138 141 143 146 151 154 152 152 153 148 139 141 158 145 136 140 147 146 141 143 143 145 144 143 141 140 141 139 138 137 139 141 142 142 141 146 141 138 144 142 145 145 148 144 145 149 136 145 146 147 146 145 142 141 139 141 141 142 141 142 143 138 138 142 146 144 141 139 143 152 150 142 139 140 137 153 156 154 155 157 157 155 156 156 153 149 149 145 139 142 146 146 146 146 144 143 146 146 147 152 146 138 142 146 143 139 140 142 143 143 136 136 128 127 134 129 136 133 132 131 127 132 128 129 138 138 140 153 141 121 126 134 127 116 117 126 126 125 130 134 135 127 130 121 126 120 129 128 120 115 120 123 121 116 121 124 119 120 111 115 125 146 141 119 113 117 114 116 115 133 116 104 122 110 111 107 114 112 110 106 101 77 75 67 57 48 38 30 33 24 20 28 33 26 19 29 24 21 22 24 23 23 22 23 27 23 
12 11 11 10 11 11 11 11 11 11 11 11 11 12 12 12 13 13 13 13 12 11 10 13 11 37 90 131 125 131 135 136 134 135 123 99 101 115 130 136 140 144 142 141 142 145 148 149 152 159 159 158 155 153 147 145 150 148 150 155 158 157 155 156 158 158 158 156 155 153 156 150 147 151 157 159 157 142 151 152 144 142 146 143 154 153 153 153 157 157 148 145 146 146 147 146 145 143 147 150 150 150 151 151 153 156 155 154 152 152 154 155 153 155 154 152 155 158 154 151 146 141 142 147 150 148 157 158 154 152 151 147 142 140 139 139 139 139 137 136 141 145 148 152 149 142 144 148 147 144 144 146 147 147 148 146 147 145 151 158 149 153 155 151 148 154 142 144 158 137 111 107 137 160 143 136 150 149 149 144 139 146 154 144 145 148 157 137 138 134 136 148 151 148 148 146 143 148 148 144 136 139 139 150 136 139 142 144 143 145 151 139 128 126 125 124 124 123 154 152 131 130 136 128 132 137 137 133 118 111 101 74 49 30 15 13 12 10 14 12 10 13 17 17 14 12 12 10 12 11 
11 11 10 10 10 11 11 12 12 12 12 12 12 13 13 14 14 15 16 17 15 14 14 18 14 31 70 121 129 128 123 116 108 105 99 90 96 114 135 141 139 142 146 142 141 145 150 149 151 158 156 154 153 154 150 145 146 147 150 152 152 151 150 154 155 156 155 154 152 151 154 149 147 150 155 155 153 148 153 152 148 146 145 146 147 149 147 149 155 154 150 150 151 152 153 153 152 150 153 153 153 154 156 156 156 157 156 153 149 150 153 153 151 151 149 149 154 156 152 150 148 146 147 152 155 155 160 157 154 154 154 151 148 146 146 147 147 146 144 143 145 147 149 152 151 146 148 152 152 149 148 150 151 150 150 143 148 144 145 158 146 151 154 150 148 155 143 146 154 109 66 61 107 158 153 146 150 156 153 146 146 150 152 148 147 149 158 142 147 144 139 151 154 151 150 147 143 154 153 148 142 144 144 151 148 140 144 150 145 142 150 110 87 87 107 107 93 95 131 155 133 131 140 134 143 141 138 140 131 127 126 104 92 67 50 35 19 11 11 9 9 11 13 13 11 10 11 9 10 10 
13 13 12 12 12 13 14 15 15 15 16 16 16 17 17 17 18 19 21 22 20 20 22 26 18 27 50 107 132 122 105 88 73 68 72 83 91 114 139 145 137 138 148 142 141 145 150 149 149 155 152 148 150 156 153 145 142 146 148 146 143 142 142 149 150 151 150 148 146 146 149 146 145 147 148 147 145 155 155 150 152 150 144 151 135 142 140 144 150 148 151 158 158 160 161 161 160 159 158 156 156 157 160 160 158 155 154 150 144 146 149 149 148 145 141 145 151 151 146 150 152 154 156 160 163 165 163 155 153 156 157 155 155 156 157 158 157 157 155 153 152 151 151 152 152 151 152 157 157 153 152 154 155 154 151 137 147 141 135 154 139 146 149 145 145 153 142 146 147 73 14 11 69 148 162 158 147 159 153 147 153 151 145 152 149 146 154 145 157 154 141 151 153 150 149 145 140 155 153 150 147 147 145 148 160 143 146 154 142 134 143 69 34 40 82 82 53 56 96 151 132 129 141 137 151 138 130 138 137 138 147 134 144 113 94 66 32 15 8 8 9 10 10 8 8 9 12 10 10 11 
28 27 27 27 28 29 30 31 31 31 32 33 33 34 34 32 31 29 29 28 29 32 34 31 23 31 38 59 59 58 60 68 92 117 133 125 105 104 122 139 142 144 147 142 141 146 152 151 151 154 146 139 146 162 160 152 166 167 165 158 153 153 155 160 162 161 161 160 159 157 164 162 157 152 151 154 160 173 156 147 164 161 146 168 143 156 151 154 155 151 166 149 148 150 151 151 150 149 159 158 156 159 163 162 160 154 159 158 152 153 156 150 160 157 151 154 156 154 148 140 143 150 150 147 148 153 155 146 143 149 147 141 141 144 145 144 144 144 142 140 144 148 145 142 143 147 149 151 150 147 145 146 147 145 155 153 168 162 145 172 161 153 144 144 140 149 146 149 149 76 18 33 113 135 128 154 147 132 135 151 156 144 140 152 152 139 142 140 154 149 157 151 140 136 144 149 148 147 147 150 158 156 147 138 146 137 146 155 144 141 152 31 66 126 149 185 135 20 29 122 145 149 157 153 157 110 100 112 117 105 107 126 146 109 130 118 83 78 51 28 21 20 22 23 23 24 23 20 22 21 
28 27 26 27 28 29 30 30 30 31 31 31 31 32 33 32 31 30 29 28 26 26 37 40 42 54 58 77 84 87 91 98 111 126 139 135 110 106 123 140 145 147 147 143 143 148 153 153 154 156 149 140 146 164 165 154 163 163 161 156 153 154 156 156 157 157 157 156 155 153 158 154 151 149 151 156 160 161 150 140 157 155 139 163 138 150 141 143 143 134 150 153 153 155 155 155 153 153 151 146 145 148 153 152 149 148 155 156 150 152 154 147 160 157 152 155 154 150 147 147 151 156 155 151 152 156 163 158 153 161 158 148 146 150 151 152 152 150 149 147 152 156 153 149 151 156 156 156 156 151 149 151 152 150 153 148 160 158 142 167 160 150 155 156 144 148 149 148 150 114 84 94 141 145 130 148 154 138 148 154 136 137 155 152 151 144 149 140 150 144 143 147 145 145 152 155 151 147 142 140 147 151 158 154 143 141 149 153 144 142 148 52 112 150 139 162 115 18 24 114 135 135 140 142 145 110 111 124 130 112 102 128 152 127 140 95 49 63 75 51 29 17 16 18 17 15 17 16 18 17 
28 27 27 27 28 29 29 29 29 30 30 30 29 31 32 31 30 30 28 28 25 22 45 55 65 80 80 95 106 114 120 125 129 133 142 140 114 110 125 142 147 149 146 145 146 150 154 154 155 157 151 141 144 163 168 157 159 160 158 155 154 155 156 153 153 154 153 153 151 150 152 148 145 147 150 152 152 151 149 137 152 152 136 160 136 145 131 133 134 119 136 155 156 157 157 156 154 154 146 140 138 142 147 146 143 143 153 155 148 151 154 146 160 157 154 157 153 148 147 153 156 158 156 154 155 159 167 162 158 169 165 152 150 155 157 158 158 156 154 153 158 161 159 154 156 161 159 158 158 154 151 153 154 151 152 144 153 155 139 162 158 142 159 163 145 146 151 148 149 143 139 144 159 154 137 142 157 144 160 156 123 135 167 149 147 148 157 140 148 144 134 146 151 152 156 157 153 149 141 135 139 145 162 163 141 147 151 150 145 143 143 76 147 166 134 137 89 16 25 111 126 123 125 133 136 110 123 135 142 119 98 130 152 140 147 78 23 48 94 78 40 16 12 13 12 9 12 12 15 14 
31 31 29 29 30 31 31 30 31 31 31 30 30 27 25 27 27 28 27 27 29 29 82 112 136 134 128 123 122 140 156 158 147 136 128 122 118 128 141 146 145 144 145 149 151 151 151 151 152 152 154 141 134 147 159 155 153 154 156 156 156 156 154 151 152 153 152 151 150 148 151 145 145 149 141 114 91 145 176 161 160 166 153 171 143 144 122 130 136 113 124 142 143 143 143 142 139 138 162 159 155 160 166 166 159 150 161 161 151 157 163 155 160 158 159 163 158 153 158 160 151 140 143 153 161 162 143 128 133 152 154 144 144 156 161 163 162 161 159 158 150 146 148 144 148 149 140 140 145 141 138 139 139 137 144 145 142 153 141 152 144 109 132 145 127 132 157 156 138 140 163 144 128 160 168 139 137 151 168 161 143 157 171 128 118 141 170 141 153 170 144 165 169 153 141 141 144 157 160 156 146 129 133 132 142 158 156 146 151 148 131 122 137 151 163 83 14 11 57 134 121 119 119 136 142 109 146 147 150 133 102 134 117 133 144 83 24 31 101 145 80 25 11 10 12 14 13 11 13 13 
27 26 24 24 24 24 23 23 23 23 23 22 21 20 19 20 20 20 19 17 19 18 69 98 122 113 121 125 129 133 135 134 131 131 130 128 130 139 144 141 141 143 145 150 152 149 146 148 147 145 152 138 123 132 148 149 147 148 151 155 155 151 147 148 149 150 149 148 146 145 155 147 145 144 117 72 45 119 171 155 142 152 144 151 155 150 123 138 150 124 130 148 148 148 148 146 143 141 156 151 147 153 159 158 151 147 158 157 147 154 162 155 151 148 152 157 152 149 158 154 136 120 126 147 161 160 128 110 119 146 157 152 157 156 152 153 153 151 149 148 148 152 156 155 158 157 142 146 155 150 148 149 149 147 153 153 140 155 145 147 133 70 65 78 71 83 119 126 99 74 90 127 139 121 91 69 78 90 101 123 158 142 103 62 53 73 100 79 93 132 148 149 126 93 78 85 98 116 144 156 134 89 66 56 68 87 95 106 138 156 139 155 139 96 67 35 14 13 86 143 124 139 140 151 150 114 164 151 146 137 105 136 127 99 81 68 40 21 49 64 42 26 24 25 26 28 28 25 26 27 
24 23 22 21 20 20 19 18 17 17 16 16 15 15 15 15 15 14 13 12 13 12 62 97 116 104 118 123 126 125 122 121 122 126 128 129 132 138 139 136 139 142 143 146 145 139 140 146 143 138 148 138 125 130 145 149 144 145 151 154 156 151 143 145 148 150 148 148 144 145 157 152 147 143 109 50 19 95 160 156 142 151 148 145 161 156 129 148 157 133 139 151 155 154 154 155 152 149 164 148 150 155 156 161 155 152 159 160 154 155 169 158 153 148 153 154 159 153 160 151 131 133 129 151 166 160 130 124 123 145 167 162 168 160 157 161 164 151 155 156 156 158 161 169 166 159 151 155 159 166 152 157 168 158 170 165 147 165 153 155 137 64 46 63 50 63 107 122 91 49 63 124 152 117 62 54 82 73 73 123 170 143 75 34 31 49 68 58 65 109 151 147 109 70 64 84 78 92 144 157 129 72 34 38 55 57 61 80 122 160 147 162 125 67 25 16 18 36 112 143 129 150 149 157 150 118 169 151 141 137 112 138 126 68 42 53 45 16 23 23 20 23 29 32 31 32 34 31 31 32 
24 24 25 23 19 18 17 14 10 8 7 7 7 8 9 10 9 7 7 8 8 11 61 114 121 108 123 115 106 107 112 118 120 117 116 123 123 118 118 128 138 141 141 133 121 109 124 147 138 128 138 145 146 147 153 156 144 145 156 156 158 159 142 141 147 157 150 153 142 150 156 165 153 151 120 46 8 57 134 168 169 169 175 156 159 167 148 169 160 147 157 153 168 163 165 179 175 167 201 151 170 173 157 181 182 170 165 175 186 165 193 169 175 164 168 152 189 175 167 149 137 207 167 174 186 159 160 202 161 150 198 180 182 175 190 204 217 166 187 197 187 168 163 197 175 155 177 177 156 202 152 166 215 179 212 190 174 193 176 186 167 103 95 121 73 75 129 161 126 74 90 142 174 165 90 117 190 115 88 187 184 169 90 48 68 81 76 88 67 93 154 165 124 93 118 170 85 77 170 158 133 83 36 102 130 75 43 59 87 158 163 131 75 58 40 33 31 111 154 128 137 156 144 152 137 122 156 147 133 132 131 144 109 20 14 28 38 13 20 15 9 13 26 31 26 26 27 28 27 26 
13 13 14 14 12 12 12 10 9 9 10 11 12 12 12 12 12 13 13 14 14 14 58 110 126 113 116 112 119 119 117 114 110 110 108 108 114 115 115 119 118 114 109 108 104 95 109 140 145 143 148 152 153 152 153 154 150 157 162 152 153 160 149 158 142 151 157 161 145 157 156 163 149 159 146 59 8 23 67 106 134 140 144 137 137 142 124 145 141 131 139 138 143 141 143 144 137 142 138 92 115 114 101 133 116 88 156 108 120 140 106 129 125 97 142 112 115 137 100 149 87 91 116 126 106 120 106 100 118 128 121 130 114 128 132 103 149 140 113 142 132 125 149 120 130 140 124 145 121 121 157 112 127 154 144 152 154 171 159 127 127 118 109 104 61 121 156 134 115 66 72 131 168 152 111 139 155 133 119 164 172 175 132 84 126 168 164 164 98 134 183 169 129 145 179 192 142 105 189 179 137 153 148 116 177 172 135 113 108 162 164 151 184 111 125 156 147 149 182 163 167 174 149 150 134 115 153 140 136 123 121 136 105 29 22 30 43 17 15 32 30 31 41 46 40 30 29 31 30 29 
11 10 12 13 12 12 12 12 12 13 14 16 16 16 15 15 16 17 18 18 17 18 59 109 129 120 118 112 117 117 113 105 99 101 101 102 108 108 107 107 101 95 90 94 99 94 107 142 152 150 152 154 155 154 152 152 152 159 161 149 151 154 137 138 118 132 151 159 142 155 152 160 144 154 147 61 7 13 43 82 120 127 129 130 129 131 111 131 131 123 131 132 131 132 134 128 121 132 125 75 103 102 86 123 102 71 147 90 102 129 82 119 110 77 138 103 92 127 81 140 73 62 100 109 82 102 86 68 103 115 89 109 91 108 119 74 116 130 91 122 106 100 134 82 105 125 93 123 101 84 146 85 88 133 106 124 134 144 140 96 102 117 101 78 42 102 141 110 86 46 53 113 143 115 87 110 113 127 119 129 145 139 105 68 110 155 151 140 74 107 145 128 97 128 158 151 136 98 147 136 98 131 153 97 148 156 120 95 89 125 116 111 153 90 111 147 154 123 161 150 153 156 130 129 115 106 150 134 139 118 116 133 126 57 39 33 47 34 43 73 75 69 70 76 66 45 36 33 29 27 
12 11 12 14 14 14 16 17 18 19 21 22 22 21 21 20 21 22 23 21 21 23 61 110 132 130 127 114 107 107 101 90 83 86 91 98 102 98 93 88 80 72 70 82 98 100 113 150 163 154 153 153 154 155 150 149 153 157 155 144 149 144 110 91 74 99 136 152 135 148 143 154 136 140 135 58 7 12 32 67 112 118 118 126 125 121 98 118 120 116 125 130 122 125 127 115 111 127 131 75 109 109 86 127 110 79 136 90 102 122 81 121 106 74 143 106 86 127 79 124 72 66 96 102 76 87 75 58 95 101 67 96 82 94 121 70 89 124 87 114 84 75 114 49 81 104 60 97 80 54 123 61 58 106 70 92 106 104 113 67 73 107 80 39 13 42 98 80 36 13 28 85 98 51 31 44 51 106 102 74 101 69 34 18 49 88 82 54 12 35 58 48 34 69 87 63 97 71 58 43 23 54 108 53 68 76 46 35 44 54 26 26 39 24 40 69 110 55 106 109 112 112 92 91 80 93 145 127 145 113 112 131 169 107 68 36 54 64 97 142 149 130 118 124 110 71 49 37 24 23 
9 10 11 11 12 12 12 12 13 12 12 12 12 12 13 13 13 13 13 13 12 12 33 57 66 74 80 80 76 76 74 70 69 71 71 68 70 72 80 97 106 110 118 133 156 148 136 145 148 144 139 140 144 147 142 138 141 137 134 135 144 121 71 39 44 76 113 132 116 121 124 141 123 106 81 32 7 32 48 70 105 113 117 126 122 115 90 110 115 112 120 134 126 125 120 115 119 123 168 108 133 144 122 148 147 137 129 133 139 131 138 144 131 123 148 131 131 137 125 110 98 120 112 130 129 98 97 120 130 122 124 140 136 119 159 128 107 136 121 127 115 126 148 101 142 140 102 136 125 120 131 113 118 130 116 128 139 119 144 122 109 135 124 67 15 20 115 123 33 9 43 125 113 32 11 25 42 82 106 113 156 72 17 26 76 117 102 43 11 55 104 70 23 31 49 42 99 124 93 55 19 35 103 101 105 74 20 21 70 68 14 19 29 69 96 94 122 90 105 122 129 135 123 122 106 82 137 115 147 106 112 139 119 132 152 121 130 121 132 125 131 126 125 141 138 106 82 64 39 26 
10 12 12 11 10 11 11 11 12 10 10 11 11 10 10 11 11 11 11 13 15 14 25 39 44 53 56 59 57 56 56 58 60 61 59 56 58 60 71 91 104 109 113 126 148 143 134 139 139 137 133 132 136 139 135 132 132 128 126 126 136 117 69 39 54 84 110 125 109 109 118 130 117 97 64 23 6 35 49 62 90 103 112 117 111 107 88 111 116 110 114 131 124 118 106 104 113 104 144 105 110 124 124 132 121 116 121 136 137 133 142 141 133 135 138 130 140 130 137 115 97 110 109 135 139 106 91 112 116 116 135 134 132 125 151 132 120 135 120 123 124 131 134 117 146 134 113 132 126 132 118 121 130 121 122 125 131 114 136 128 115 123 132 79 14 18 117 117 32 7 39 125 105 22 8 27 38 49 71 101 149 72 13 24 82 121 102 33 10 62 115 68 16 18 38 30 60 96 103 70 15 25 102 106 119 75 13 17 85 83 14 16 42 91 116 106 116 93 98 119 123 130 125 122 103 78 133 109 143 100 109 139 129 136 150 129 141 135 139 139 143 138 134 138 129 103 99 95 72 43 
12 15 13 11 10 10 10 10 11 10 10 12 12 9 8 10 10 10 11 14 19 18 20 24 26 35 33 38 39 37 39 45 51 51 48 46 47 49 60 82 97 100 101 111 130 130 128 132 130 131 126 125 128 131 128 125 122 120 119 117 126 114 73 45 69 98 109 119 103 99 112 118 111 90 50 16 6 35 48 53 73 91 105 106 98 99 87 114 118 107 108 127 121 109 89 92 104 82 111 96 80 97 122 111 85 82 111 135 129 134 139 134 132 143 124 126 143 120 146 123 92 92 103 137 143 115 82 95 95 108 140 122 121 128 135 128 133 133 115 118 131 130 113 129 142 122 120 122 121 137 102 124 136 108 123 116 116 107 122 128 116 107 136 90 13 18 117 105 30 5 33 120 94 12 7 32 36 13 29 81 132 72 9 22 87 122 100 24 9 68 121 63 9 7 32 18 15 54 109 87 10 15 102 105 130 76 9 14 99 99 17 13 59 112 132 117 107 90 89 113 114 121 123 118 95 75 129 103 137 94 105 137 147 137 138 128 143 142 142 155 158 152 144 132 114 97 114 127 109 64 
39 40 31 22 18 16 12 11 12 10 10 13 13 14 17 20 20 17 19 26 48 52 29 22 24 31 19 19 19 15 15 21 27 29 31 38 36 33 34 37 34 31 31 36 46 58 87 121 125 122 118 115 114 114 112 110 109 113 114 101 102 116 108 82 108 118 103 105 94 94 102 94 94 90 53 16 7 25 41 43 55 74 91 85 85 95 94 125 123 104 99 115 108 93 67 71 82 53 62 78 48 60 114 95 41 37 86 132 117 120 121 123 124 125 124 120 123 122 125 126 104 96 110 118 112 123 116 99 105 130 130 124 125 128 110 103 119 118 116 112 121 119 97 127 116 116 126 114 115 114 119 115 111 107 111 106 104 120 111 106 117 114 119 68 12 15 102 106 28 5 24 120 99 10 13 70 89 27 5 24 96 89 6 18 86 124 103 21 10 69 113 48 9 20 108 70 10 13 78 101 20 11 115 118 109 62 5 10 86 89 13 16 91 116 98 100 127 36 67 99 96 104 115 111 86 72 125 98 122 82 91 120 133 128 133 129 114 97 92 83 84 102 126 134 135 145 134 137 136 115 
38 37 29 24 22 20 17 19 22 20 20 22 22 20 22 24 22 19 22 29 47 51 29 21 22 30 17 20 22 17 15 19 27 31 32 33 32 29 29 30 27 24 26 29 33 40 67 103 108 107 106 104 102 101 102 103 100 101 105 95 92 105 103 85 98 102 91 94 85 87 90 81 78 76 48 17 8 24 41 43 52 67 83 80 83 91 84 106 102 87 86 108 100 91 68 71 85 59 67 83 58 67 114 102 54 51 84 133 119 117 123 124 123 123 126 123 121 125 121 121 122 120 118 115 109 120 122 102 109 122 109 115 119 121 114 111 114 117 124 118 117 112 102 120 108 111 117 107 108 103 116 104 100 102 97 98 99 111 103 95 106 112 109 56 11 9 84 104 25 5 23 110 92 10 12 62 95 40 6 18 94 91 5 16 73 110 92 19 9 60 106 43 6 15 104 82 20 7 55 91 32 11 77 101 108 65 7 10 77 88 18 12 69 109 101 97 101 22 58 94 92 98 110 108 87 70 122 100 119 82 87 113 116 118 125 119 96 86 88 89 91 107 129 138 138 145 133 128 126 124 
34 31 25 24 25 23 21 25 29 27 27 30 29 26 26 27 25 22 25 33 48 51 31 23 24 33 21 27 29 22 18 22 30 38 39 34 32 28 27 26 21 18 21 24 24 26 50 88 92 93 94 93 91 90 93 96 93 89 96 91 85 93 94 86 87 87 80 84 76 81 78 69 63 62 43 18 10 23 40 41 49 61 76 77 81 85 71 86 80 70 73 101 93 90 71 73 90 67 74 87 70 75 112 106 70 68 87 130 117 115 122 123 121 120 124 124 119 125 117 117 133 134 121 112 108 115 123 104 111 113 93 107 114 114 116 118 112 117 126 122 117 108 109 117 103 108 108 101 102 94 110 95 91 97 85 92 95 102 95 88 96 106 100 47 10 6 68 97 22 4 21 96 82 10 10 50 88 44 6 13 89 87 5 14 62 97 82 17 7 51 97 39 4 11 91 81 25 3 38 86 48 14 44 81 99 63 9 10 68 91 29 9 48 96 101 91 73 10 50 91 88 92 105 105 85 68 120 102 117 83 85 107 104 110 118 113 88 84 90 96 99 113 132 141 139 142 131 123 122 131 
11 10 11 18 27 28 20 21 27 27 29 33 32 29 30 30 29 30 37 45 51 54 47 43 40 56 49 62 60 47 39 40 54 73 75 59 50 40 34 30 22 16 14 19 17 16 37 70 73 73 76 77 75 76 82 88 84 69 79 87 81 71 63 77 64 66 70 75 65 69 61 57 45 37 28 16 12 21 33 34 41 49 65 77 76 69 43 45 40 39 49 92 84 92 84 85 109 94 98 91 94 96 94 104 118 114 107 106 97 116 108 112 111 114 101 111 115 106 109 116 123 107 102 112 113 105 95 99 111 102 94 105 110 109 116 125 124 123 107 121 129 113 130 125 113 107 98 96 94 95 84 86 94 84 74 88 95 81 88 92 85 78 88 49 7 5 49 61 17 2 16 58 46 7 4 11 13 6 2 13 64 49 4 13 47 77 64 14 5 34 70 41 7 6 28 16 4 5 38 97 92 33 13 36 39 34 5 5 52 117 79 11 17 46 81 71 19 7 47 93 88 84 92 92 78 64 117 106 117 87 88 106 109 108 111 121 116 124 121 119 120 124 134 141 137 124 124 134 137 129 
6 5 8 20 30 27 18 20 26 25 26 30 31 28 28 29 27 31 43 50 44 39 42 45 40 43 54 71 63 55 52 45 60 66 50 39 34 30 30 29 26 21 17 16 13 12 23 45 55 56 58 60 61 62 65 65 57 50 57 66 64 56 54 65 52 52 57 55 47 46 42 38 35 32 24 16 16 23 32 39 45 52 66 80 74 65 50 47 46 50 58 93 90 92 90 93 101 97 92 103 112 109 112 122 125 115 126 133 122 128 130 129 126 126 120 124 127 126 129 131 133 130 127 128 126 122 112 115 127 126 124 130 136 132 136 149 146 135 119 122 122 116 122 122 118 111 103 97 94 94 90 90 90 86 83 88 92 89 93 95 95 90 82 58 38 36 50 57 46 37 36 65 71 45 41 45 31 27 32 50 71 56 32 33 48 72 70 37 23 38 68 55 34 28 34 25 15 25 54 91 95 68 42 32 32 21 5 7 43 88 91 48 30 29 36 30 16 21 70 85 85 85 87 83 75 43 57 55 58 49 64 99 105 104 106 115 117 118 113 117 129 132 123 119 120 119 114 119 125 123 
4 3 7 20 30 26 17 20 28 27 25 30 31 28 29 30 28 31 41 44 34 26 31 37 32 32 47 63 56 51 52 42 52 51 30 23 21 22 27 31 31 27 22 19 15 13 18 31 42 43 45 47 47 48 49 49 40 37 41 50 50 45 45 53 41 41 45 41 35 33 30 27 27 26 19 15 18 23 31 39 45 52 65 79 78 70 61 57 58 65 71 93 92 91 93 98 101 101 94 112 122 116 121 130 128 118 134 141 130 130 137 135 132 132 132 130 129 132 137 137 138 139 138 135 132 129 120 122 132 134 132 134 141 138 140 150 149 140 132 131 126 120 119 119 118 112 106 98 94 94 93 92 89 88 88 89 90 92 94 96 97 97 87 70 62 62 63 67 70 62 55 76 90 72 67 71 55 50 56 73 81 67 54 55 61 77 79 58 47 54 76 72 59 52 53 47 38 51 70 86 91 84 66 47 41 27 7 7 40 79 93 74 49 38 36 33 36 50 83 85 86 89 87 81 76 36 34 37 35 36 55 95 100 100 103 109 113 112 107 114 125 123 109 103 109 114 109 111 116 115 
6 5 8 18 24 22 17 22 32 33 30 31 32 30 33 36 32 29 26 21 12 5 7 10 12 13 21 29 28 32 38 27 24 16 4 2 4 11 23 35 41 39 32 30 27 22 22 26 28 28 29 28 26 25 27 29 26 22 23 28 30 31 33 32 25 25 28 26 22 22 19 18 18 15 11 12 19 23 28 34 39 46 59 71 93 88 84 83 86 93 99 91 89 91 97 104 110 111 107 123 126 119 123 131 129 124 135 132 118 118 127 129 130 138 141 133 122 123 134 137 137 136 136 135 132 130 120 120 125 123 116 115 119 125 122 118 126 142 154 159 147 132 122 114 112 111 110 102 95 95 95 94 92 90 89 90 90 91 91 93 93 102 108 96 93 97 99 104 103 90 87 101 111 103 95 100 102 90 87 95 99 90 85 95 98 100 94 91 94 101 103 104 98 95 101 101 94 101 97 82 74 86 100 99 79 62 14 3 40 88 83 103 89 88 96 94 99 118 91 93 95 97 95 90 84 44 45 47 46 46 61 89 91 94 98 99 100 100 100 109 103 88 80 88 102 105 108 109 106 102 
7 6 8 12 15 13 11 17 31 35 30 30 31 28 30 34 32 27 23 16 9 5 5 8 12 15 19 24 24 27 30 21 20 15 8 9 12 19 26 29 26 26 31 32 32 30 27 25 23 23 23 21 18 17 17 18 18 15 16 18 19 21 23 21 18 19 22 21 19 21 21 22 21 15 9 10 19 33 35 38 41 47 57 66 76 75 74 73 74 75 76 81 80 81 86 90 92 92 92 100 98 92 95 101 98 94 101 97 86 85 91 91 87 89 91 87 84 85 90 88 86 85 84 84 83 83 77 77 80 77 73 72 76 79 83 89 88 87 95 109 126 127 115 104 99 97 96 90 86 86 86 85 83 82 82 83 82 82 82 81 80 82 81 76 78 80 79 80 81 82 84 84 88 92 84 82 93 85 79 79 80 81 79 83 96 89 78 80 83 78 75 77 76 75 78 81 81 70 84 90 91 90 81 70 98 81 20 3 36 89 80 86 82 85 88 82 77 79 80 81 83 85 84 79 74 60 66 69 66 68 75 83 88 93 96 95 92 93 97 101 92 77 73 82 96 101 101 98 94 91 
6 6 6 8 10 9 7 14 27 32 29 29 30 27 28 31 30 27 24 18 11 6 5 7 12 15 17 20 20 22 23 16 17 16 10 11 15 22 28 29 25 24 29 29 30 30 28 26 24 24 23 21 19 17 15 16 17 15 16 17 18 19 20 18 16 18 21 21 20 24 27 33 37 31 23 25 36 44 44 45 47 52 58 64 70 70 69 69 68 67 67 72 71 72 75 78 79 78 74 79 76 71 75 79 76 74 80 79 70 69 72 71 72 71 71 70 71 71 71 70 68 66 65 65 66 66 65 66 68 67 65 67 71 70 75 85 79 68 67 78 98 105 98 92 88 84 81 77 75 76 76 75 74 73 73 74 74 73 73 71 71 72 72 70 73 74 71 70 71 74 77 73 74 81 75 70 78 75 71 70 70 71 71 74 91 84 72 74 74 67 70 70 71 70 70 73 76 66 76 79 79 80 74 65 84 68 19 3 30 76 74 76 77 80 81 77 72 69 75 75 77 79 78 74 69 65 73 74 72 75 78 75 78 82 84 82 79 80 84 86 84 76 72 78 88 94 91 88 85 85 
4 4 4 4 4 4 4 9 21 28 26 25 29 26 25 27 26 26 27 25 16 7 6 8 12 14 14 16 16 15 14 10 14 16 12 11 16 23 30 33 30 27 25 25 25 28 29 28 27 28 26 24 22 20 17 16 18 18 19 20 19 19 19 17 17 20 22 22 24 29 38 51 62 59 49 52 68 60 58 56 56 59 61 62 65 65 65 65 64 62 60 60 59 59 61 63 62 61 50 50 48 47 51 54 51 50 58 60 57 56 55 52 64 62 57 59 64 63 57 57 58 55 55 54 55 56 61 65 67 68 70 75 80 74 78 90 78 56 44 45 59 70 71 73 73 68 62 60 61 61 62 61 61 60 61 63 62 62 61 60 60 63 67 68 71 71 65 65 64 64 66 60 60 68 63 56 57 59 61 60 59 59 59 63 83 81 69 68 63 58 73 70 70 69 65 66 72 71 67 57 53 59 69 70 53 38 13 5 21 51 63 66 71 72 72 74 73 68 70 70 71 73 73 70 66 67 76 76 73 78 76 63 62 64 64 62 60 60 63 66 74 79 75 72 76 84 78 75 75 79 
4 4 4 5 5 4 5 10 20 24 22 22 26 27 27 26 24 25 28 29 28 26 23 23 25 25 26 26 27 30 30 27 27 27 25 25 26 27 28 27 25 25 29 26 24 26 28 28 28 30 27 27 29 28 21 15 13 14 15 16 17 17 17 17 18 18 19 19 20 23 21 30 40 42 38 39 45 44 42 41 41 40 38 36 41 41 42 43 45 47 48 49 49 50 54 58 60 60 54 55 57 59 64 66 64 57 61 65 66 67 66 65 68 66 62 61 59 56 53 60 62 61 60 60 61 63 60 59 61 64 68 73 78 86 86 81 81 75 58 39 32 35 40 47 52 51 47 45 46 46 47 47 47 47 48 49 49 49 49 50 50 48 46 48 50 50 47 50 55 56 55 55 56 56 56 54 52 54 55 56 54 50 49 53 60 59 54 54 59 60 53 49 50 52 51 51 54 54 57 58 58 58 57 53 44 30 22 22 26 40 59 48 53 52 53 57 60 58 57 58 59 60 60 58 55 51 57 55 52 59 57 41 36 33 32 32 32 32 31 39 48 58 61 58 56 58 60 59 58 58 
9 9 9 10 10 9 10 15 23 26 23 23 25 26 27 26 25 25 27 28 28 28 27 26 26 26 26 26 27 30 31 29 28 28 27 27 27 28 29 29 29 29 30 27 26 27 29 28 28 29 26 27 31 30 22 16 13 13 13 15 17 19 18 18 18 18 17 17 17 19 20 24 30 31 29 28 31 32 31 31 31 30 28 26 28 28 28 29 30 32 34 32 32 32 35 37 39 39 36 38 39 42 44 46 44 44 47 49 50 51 53 53 52 54 56 53 48 46 48 52 53 52 52 52 54 55 50 49 50 51 53 56 59 69 72 69 72 73 62 47 35 31 34 39 42 42 40 39 40 40 41 41 41 41 42 42 43 43 43 44 45 44 44 44 45 43 40 43 48 47 45 47 48 46 47 48 47 46 46 48 48 45 44 46 47 48 46 43 47 52 47 44 45 48 48 47 48 48 50 49 49 50 49 48 44 35 32 33 34 43 56 47 50 50 49 50 51 49 49 49 50 51 51 50 47 45 50 47 45 51 50 37 33 30 28 29 30 30 28 35 39 45 51 52 50 48 52 50 47 45 
15 15 14 16 17 16 17 21 26 27 24 23 24 26 26 26 25 25 26 26 27 30 29 27 25 25 26 26 26 28 29 29 28 28 28 29 29 29 29 32 34 34 30 28 27 29 29 28 27 28 25 27 31 31 24 17 14 14 13 15 19 22 21 19 18 17 15 14 14 15 19 20 20 20 19 18 17 21 21 21 22 21 20 18 17 16 15 15 16 18 19 15 14 13 14 15 16 17 17 18 20 21 21 22 22 29 30 30 30 32 36 38 33 39 47 42 35 35 43 43 42 41 42 42 43 44 39 36 36 36 37 37 38 49 54 55 61 67 64 55 39 30 30 32 34 34 33 33 34 34 35 36 36 36 36 36 36 37 38 39 39 41 42 42 41 36 33 36 40 38 35 38 40 36 37 42 40 38 37 39 41 40 39 39 36 38 38 33 35 42 42 41 41 43 45 44 43 43 42 39 38 40 42 44 44 40 40 42 41 47 53 47 48 48 46 44 42 39 41 41 41 42 43 42 39 40 43 41 39 45 44 33 32 30 28 30 31 30 27 34 31 33 41 46 45 40 44 42 36 32 
29 29 26 28 30 30 30 29 28 29 29 27 26 25 26 26 28 28 27 26 27 29 30 28 26 26 27 28 28 26 24 27 28 30 32 30 29 27 25 24 24 25 27 27 28 30 30 30 29 28 27 28 31 31 28 26 30 29 28 31 38 40 35 26 24 21 20 19 19 17 16 15 15 17 19 20 19 20 20 21 21 20 20 20 20 19 17 15 15 16 17 16 13 11 11 11 11 11 9 9 8 7 6 6 7 5 4 4 4 5 5 6 3 3 5 5 4 5 7 5 4 4 5 5 5 5 7 8 7 7 7 7 6 6 7 10 11 10 13 17 24 26 23 21 21 20 20 21 22 23 24 25 25 25 25 25 25 26 26 27 27 28 28 28 26 20 15 17 23 28 27 28 28 26 27 29 28 27 27 28 30 33 34 35 35 38 38 32 26 27 30 34 33 31 32 31 29 31 32 33 34 33 32 30 25 28 29 29 30 34 31 28 29 32 35 34 34 35 36 36 36 37 38 37 35 34 36 35 34 37 37 31 35 35 35 35 35 34 32 35 28 25 30 34 32 29 29 27 24 21 
29 30 27 26 29 31 30 27 25 27 30 29 27 28 29 28 29 29 28 28 28 29 30 28 26 27 28 29 30 29 27 31 29 27 29 29 30 29 28 28 28 29 29 29 29 29 30 30 30 29 29 30 30 30 30 30 32 32 32 35 41 38 32 30 28 25 24 25 25 23 21 21 20 20 21 20 17 16 17 16 16 15 16 16 17 16 15 14 15 16 17 15 13 11 11 11 12 13 13 12 11 8 6 6 7 6 5 5 5 6 5 5 4 4 4 5 5 5 5 5 5 5 6 6 6 6 6 7 7 7 7 7 7 7 7 8 8 9 10 12 15 16 15 14 15 16 15 16 17 18 18 19 19 19 20 20 20 21 21 22 22 22 22 23 22 17 13 15 20 23 23 23 22 22 22 22 22 23 23 23 23 24 24 25 24 25 25 23 21 20 21 27 26 23 24 25 22 25 25 26 26 25 25 25 23 26 27 27 27 30 26 27 25 26 28 27 27 29 29 28 29 30 30 29 28 28 29 29 29 30 29 26 26 28 29 29 27 26 26 30 26 25 26 25 23 23 22 22 22 21 
28 30 26 25 28 30 29 26 24 26 30 30 28 29 31 30 30 29 28 29 29 29 30 28 27 27 28 29 31 30 29 32 29 26 28 29 30 31 31 31 31 31 30 30 29 28 29 31 31 30 31 31 30 29 31 32 32 34 35 38 40 35 29 33 31 29 28 29 30 28 26 25 24 24 24 21 18 17 17 17 16 15 15 16 18 17 17 17 17 19 20 17 15 14 14 15 16 17 18 17 14 11 8 7 8 6 6 6 7 7 5 5 5 4 4 5 6 6 4 4 5 6 6 6 6 6 6 6 6 7 7 8 8 9 9 9 9 9 10 10 11 11 11 12 13 13 14 14 15 15 16 16 17 17 17 18 18 18 19 19 19 19 20 21 20 17 14 16 19 21 22 20 19 20 19 18 19 21 21 20 18 19 19 18 18 17 17 17 16 15 16 21 21 18 19 20 19 21 20 20 20 20 20 21 21 23 24 24 23 25 22 25 22 22 23 22 22 25 23 22 23 23 24 23 22 22 23 24 24 24 23 22 20 22 24 23 21 21 21 24 26 26 26 20 16 19 18 19 21 22 
24 24 25 26 26 26 25 25 27 29 30 30 29 30 30 30 30 30 30 30 31 32 31 31 30 29 29 28 28 28 28 28 29 29 30 31 31 31 31 31 31 30 28 28 28 29 29 30 30 31 30 30 29 29 29 29 30 36 38 33 27 25 26 30 31 32 32 32 32 32 31 31 32 32 32 31 31 33 34 34 33 32 31 32 32 33 33 33 33 33 33 32 32 32 32 33 33 34 32 30 26 20 16 14 14 9 7 8 10 8 6 5 5 5 3 5 5 5 4 5 3 8 7 4 8 6 4 5 5 6 7 10 12 14 17 19 19 17 18 20 22 22 20 19 18 20 22 22 22 22 23 23 23 24 24 24 24 25 25 24 24 26 28 27 26 26 26 26 26 26 26 26 26 25 23 22 24 26 25 23 22 24 26 23 26 25 19 15 15 19 21 20 20 20 20 21 21 20 19 19 19 20 19 18 18 16 17 17 17 16 18 19 20 20 20 20 20 19 16 17 18 18 18 17 16 15 16 16 16 16 16 16 15 15 16 16 17 17 18 12 32 36 39 23 14 24 25 26 28 30 
28 29 30 30 31 31 30 30 31 32 32 31 30 30 30 30 30 30 30 30 31 31 31 31 30 29 29 29 29 29 29 29 30 30 30 30 30 30 30 30 30 30 29 29 30 30 29 29 30 32 31 31 30 30 31 31 34 37 38 35 31 30 29 31 31 32 32 32 32 32 34 34 34 35 35 34 34 33 34 35 34 33 33 35 35 35 35 35 35 34 34 36 36 37 37 38 38 38 35 36 35 31 28 27 27 25 22 23 24 17 8 5 4 7 11 18 14 15 16 8 2 5 4 4 10 13 14 15 16 18 21 24 27 28 31 34 34 32 33 35 37 37 35 33 33 35 37 36 35 35 36 36 36 36 36 36 36 37 37 36 36 35 34 33 33 32 32 32 33 36 36 37 36 35 33 33 34 36 36 33 32 35 35 31 35 35 30 26 25 27 27 26 26 25 26 26 27 27 26 25 26 26 26 24 25 23 23 24 23 23 25 26 25 25 25 25 25 26 22 22 24 24 24 23 22 20 21 21 21 21 21 21 20 21 21 21 22 23 23 21 60 86 82 38 15 24 29 31 33 35 
31 31 32 33 33 33 33 33 34 34 33 31 30 30 31 31 31 31 32 32 32 32 32 32 31 30 30 30 30 30 30 30 31 32 31 31 31 31 31 31 31 31 31 31 31 31 30 30 31 33 33 32 31 31 32 33 36 37 37 36 34 32 31 31 32 32 33 33 33 33 34 34 35 35 35 34 34 33 35 35 35 35 36 37 37 37 37 37 36 36 35 37 37 38 38 39 39 39 36 38 40 38 36 34 35 33 30 32 33 24 11 5 4 6 13 25 23 23 21 9 2 3 3 3 11 21 24 25 26 27 30 33 35 34 36 40 40 38 39 41 42 40 39 37 37 39 40 40 40 39 39 39 40 40 39 39 40 40 40 40 39 38 37 36 35 35 35 35 36 38 39 39 38 37 36 36 36 38 38 35 34 37 38 34 38 39 36 32 31 32 30 30 29 29 29 30 30 30 29 28 29 29 28 27 29 27 28 28 27 27 28 30 29 28 27 28 29 30 27 28 29 30 29 28 27 26 26 27 27 27 26 26 25 26 26 27 27 28 28 29 69 97 91 44 18 25 30 31 32 34 
32 33 33 34 34 35 35 35 35 35 33 31 30 31 33 33 33 34 34 34 35 35 35 34 33 33 33 33 33 33 33 33 33 34 35 34 34 34 34 34 34 34 35 34 34 34 33 32 33 35 34 34 33 33 34 35 36 35 34 35 35 34 33 33 33 34 34 34 34 33 32 33 33 33 33 33 32 34 36 37 38 38 39 40 38 38 38 38 38 37 36 36 36 36 37 37 37 37 35 39 43 44 43 42 41 37 35 41 44 32 15 7 4 4 9 27 37 35 23 8 2 2 2 3 11 32 41 40 40 40 40 40 41 35 34 38 39 38 38 40 36 32 32 31 32 32 33 35 36 36 36 35 35 35 35 35 35 36 35 36 35 36 37 37 36 36 36 36 35 33 33 33 33 33 33 32 32 33 33 31 30 32 34 34 37 40 39 37 35 34 33 33 32 32 33 33 33 30 29 29 29 30 29 29 33 32 32 32 30 30 32 33 32 30 29 30 32 33 36 37 38 39 38 37 36 35 36 36 36 36 36 35 33 34 34 35 35 36 36 42 64 72 67 43 24 29 26 25 26 27 
32 32 32 33 33 34 33 33 33 34 34 33 33 34 36 36 37 38 38 39 39 40 39 39 38 37 37 36 36 35 35 35 36 37 38 38 38 38 38 38 38 38 38 38 38 37 37 36 37 37 36 35 35 35 35 35 34 34 34 36 37 35 35 36 37 37 37 37 37 36 37 38 38 38 38 37 37 34 36 37 37 37 39 40 37 38 38 38 38 38 37 39 39 39 40 40 40 40 34 35 38 39 38 35 33 39 39 41 38 22 9 4 4 2 3 14 33 34 13 4 3 3 2 3 7 29 41 40 39 38 36 35 33 31 32 35 36 35 34 35 36 37 38 38 39 39 39 37 35 34 34 33 33 33 33 33 34 34 34 34 33 34 34 33 32 32 32 32 33 33 33 33 33 33 33 32 32 33 33 31 30 32 33 29 31 33 34 33 32 31 33 32 32 32 32 32 34 37 36 36 37 38 37 35 33 31 31 31 29 29 31 32 31 30 29 30 31 32 31 32 32 33 32 32 31 32 32 33 33 32 32 31 29 29 30 30 30 30 31 30 29 22 18 19 23 29 30 31 31 31 
33 33 33 34 34 34 34 33 34 35 36 35 36 36 37 37 38 39 40 40 40 40 40 40 39 38 37 37 36 36 36 36 37 38 38 38 38 38 38 38 38 38 38 38 38 38 38 38 38 37 37 36 36 35 36 35 34 35 36 38 38 37 37 37 38 39 39 39 38 37 38 38 39 39 38 38 37 34 36 36 36 36 37 39 36 37 37 38 38 38 38 38 38 38 39 39 39 39 34 35 36 37 36 34 32 39 40 40 33 17 6 4 5 2 2 9 27 30 10 3 3 4 2 2 5 25 37 37 37 36 35 34 32 31 32 35 35 34 33 33 34 35 36 37 38 38 38 36 36 35 35 34 34 34 34 34 34 35 35 35 34 34 33 32 32 31 31 32 33 34 34 34 35 35 34 34 33 34 34 32 32 33 34 30 30 31 32 32 31 31 32 32 32 32 32 32 33 35 33 33 34 35 34 33 33 31 31 31 30 29 31 31 31 30 30 30 31 31 29 30 30 31 30 30 30 31 31 32 31 31 30 30 28 28 29 29 29 29 29 25 21 14 6 11 22 30 30 30 30 30 
34 34 34 35 35 35 34 34 35 36 37 38 39 38 37 38 38 39 40 41 41 40 40 39 38 38 37 36 36 36 35 36 37 38 37 37 37 37 37 37 37 37 38 38 38 38 39 39 39 38 37 36 36 36 36 35 35 38 40 41 39 39 40 39 39 40 40 40 39 38 36 37 38 38 38 37 36 34 35 35 35 34 35 35 35 35 36 38 38 38 38 36 35 36 36 36 37 37 35 35 35 35 35 34 33 39 40 38 27 11 5 5 5 3 2 4 18 25 8 2 3 5 2 2 2 19 31 32 34 35 35 34 33 33 34 35 35 34 33 33 31 30 31 33 33 33 33 36 38 37 37 36 36 36 36 36 36 36 36 36 36 35 33 32 32 31 32 32 34 36 36 36 36 37 37 36 35 36 35 34 34 35 36 32 30 30 31 33 32 32 32 32 33 33 33 32 32 28 27 27 28 28 28 28 34 31 31 32 30 30 32 31 31 31 31 31 31 31 29 29 29 29 29 29 29 30 31 31 31 30 29 29 28 28 28 28 28 28 29 19 20 17 3 7 21 30 28 28 28 28 
35 35 35 35 35 35 35 35 35 35 35 36 36 35 35 36 36 36 36 37 37 35 35 34 34 33 33 33 33 33 33 33 34 34 35 36 36 36 36 36 36 35 34 34 35 36 36 37 37 36 35 34 34 33 34 34 33 37 40 39 38 37 38 37 37 37 37 37 36 35 32 33 33 33 33 32 32 36 37 37 35 34 33 34 32 33 34 35 36 36 36 32 31 31 32 32 33 33 33 33 32 34 36 38 38 34 34 33 22 9 6 10 7 4 3 2 13 21 9 2 3 5 3 2 2 16 27 29 30 30 30 29 29 27 26 26 26 26 25 25 27 28 29 30 31 32 32 32 31 31 31 31 31 31 30 29 30 30 31 30 29 30 30 29 29 28 28 29 29 29 29 29 29 29 29 29 28 28 27 27 27 28 29 30 28 27 27 28 28 28 27 27 28 28 28 27 28 30 29 29 30 31 31 30 29 27 27 28 28 27 29 26 27 27 28 27 27 26 29 29 29 29 29 29 29 29 29 29 29 28 27 26 28 28 28 28 28 28 28 21 25 30 5 6 19 24 28 29 29 28 
34 34 34 34 34 34 35 35 35 34 34 34 34 34 34 34 35 35 35 36 35 34 34 33 33 32 32 32 32 32 32 32 33 33 34 35 35 35 35 35 35 34 33 33 33 34 34 35 35 34 34 32 32 32 32 32 32 33 35 35 34 33 33 33 33 33 33 33 32 32 33 33 34 33 33 33 33 34 34 34 33 31 31 32 30 31 32 32 32 32 32 32 32 32 32 33 33 33 30 29 29 30 33 34 34 32 33 31 19 7 4 8 7 4 3 2 11 18 7 3 3 5 3 2 2 13 21 22 22 22 21 21 20 20 20 19 19 20 20 20 21 21 22 23 24 24 25 26 26 26 27 26 26 26 26 26 26 27 27 26 26 26 25 25 24 24 24 24 25 26 26 25 25 25 25 25 24 24 23 23 24 24 24 25 24 22 22 22 23 23 22 23 23 24 23 23 22 23 23 23 24 25 24 24 24 22 22 23 23 23 25 22 23 23 23 23 23 22 23 23 23 23 23 23 23 23 23 23 23 22 21 21 22 22 22 22 22 22 22 17 17 23 4 6 16 19 22 22 22 22 
34 34 34 34 34 34 35 35 34 34 33 33 33 33 34 33 34 34 34 34 34 34 33 33 32 31 31 31 31 31 31 31 32 33 33 35 35 35 35 35 35 34 32 32 32 32 33 33 33 33 32 31 31 31 31 31 30 30 29 31 31 30 29 29 29 30 29 29 28 28 33 33 34 34 33 33 33 31 31 31 30 28 28 29 28 29 29 29 29 28 28 32 32 32 32 33 33 33 27 25 25 27 29 30 29 30 31 29 17 6 3 5 8 3 2 2 10 15 6 3 3 5 3 2 3 10 14 14 14 13 13 12 11 13 14 13 13 14 15 16 15 14 14 15 16 17 18 20 21 21 22 22 22 22 22 22 23 23 23 23 22 21 21 20 19 19 19 19 21 23 22 21 21 21 21 21 21 20 19 20 20 20 20 19 19 18 18 17 18 18 18 18 19 19 19 18 17 16 16 16 17 18 18 17 18 17 17 18 18 18 20 18 18 18 18 18 18 18 18 18 17 17 17 18 18 17 17 17 17 17 16 15 17 17 17 17 17 16 16 13 8 14 3 5 13 15 16 16 15 16 
36 36 36 36 36 36 37 37 36 35 36 36 37 36 34 34 34 34 33 33 35 36 36 35 34 34 33 33 32 32 32 32 33 33 33 32 32 32 32 32 32 32 33 33 32 32 31 31 31 31 31 30 29 29 29 30 31 26 24 26 29 27 24 24 25 25 24 24 23 23 22 22 22 23 22 22 22 21 22 22 21 20 20 21 25 25 25 24 23 22 22 21 21 21 21 21 22 22 23 22 21 22 22 20 18 15 17 19 14 6 4 6 8 3 3 3 8 9 3 3 2 4 3 2 2 4 4 3 4 4 4 4 4 5 5 4 4 5 6 7 8 8 8 9 10 10 11 11 11 11 11 12 12 12 13 14 14 15 15 14 14 14 15 14 14 14 14 14 15 15 14 13 13 13 13 13 13 12 12 12 13 13 13 13 14 15 14 13 13 13 13 14 14 14 14 13 13 13 12 12 13 14 13 13 12 11 12 13 13 13 15 15 14 13 13 13 14 15 16 16 16 16 16 16 16 17 17 17 17 16 15 15 15 15 15 15 15 14 15 10 5 15 7 10 17 20 18 17 17 17 
35 35 34 34 34 34 34 34 34 33 33 34 34 33 32 31 31 31 30 30 31 32 32 31 30 30 30 29 28 28 28 28 29 29 29 28 28 28 28 27 27 27 26 26 25 24 23 23 23 22 22 22 22 22 22 22 21 19 19 19 20 19 18 17 17 17 17 17 16 16 16 16 16 16 16 16 15 15 15 15 15 15 15 15 16 16 16 16 15 15 15 16 16 16 16 15 15 15 16 16 16 15 15 14 12 11 10 12 10 6 3 4 5 3 2 3 5 6 3 2 2 2 2 2 2 3 3 3 3 4 4 4 4 5 5 5 5 6 7 7 8 8 8 9 10 10 11 12 13 13 13 14 14 14 14 14 14 14 15 15 15 16 16 16 16 16 16 16 16 15 15 15 14 14 14 14 14 13 14 14 15 15 15 15 16 16 15 15 15 15 15 16 16 16 16 15 15 16 15 16 16 16 16 16 15 15 15 16 16 16 16 17 17 16 16 16 17 17 17 17 17 17 17 18 18 18 18 17 17 16 16 16 16 16 16 17 17 17 18 15 14 20 15 15 18 21 21 20 20 20 
34 33 32 31 31 31 31 31 31 31 31 31 31 30 29 29 28 28 27 27 27 28 28 27 27 27 26 26 25 25 25 25 25 25 25 24 24 24 23 23 23 22 21 21 20 19 18 18 17 17 17 17 17 17 17 16 15 15 15 15 14 13 13 13 13 12 12 12 12 12 13 13 12 12 12 12 12 11 12 11 11 11 11 12 12 11 11 11 11 11 12 13 13 12 12 12 11 11 12 12 12 11 11 11 9 8 7 7 8 6 3 3 3 3 2 3 4 4 3 3 3 3 3 3 4 4 4 5 5 5 6 6 6 7 7 8 8 9 9 9 10 10 10 11 12 12 12 14 15 15 15 16 16 16 16 15 14 15 16 17 17 17 18 18 18 18 18 18 17 16 16 16 16 16 15 16 15 15 15 16 17 17 17 18 17 17 16 17 17 17 17 17 17 17 17 17 17 18 18 18 18 18 18 18 18 18 18 18 18 18 18 18 18 18 18 18 18 18 18 18 18 18 18 18 19 18 18 18 17 17 17 17 16 17 17 18 18 19 19 18 20 21 20 18 19 21 22 21 21 21 
30 28 27 27 26 25 25 25 25 25 25 25 25 24 23 23 23 23 23 23 22 21 21 21 21 20 20 20 20 20 20 20 20 20 19 17 17 17 17 17 16 17 17 16 16 15 15 14 15 15 15 15 15 15 15 15 12 12 12 12 12 11 11 10 10 10 10 10 10 10 13 13 13 13 13 13 13 14 14 14 14 14 14 14 15 15 15 15 15 15 15 12 12 11 11 11 10 10 9 10 9 9 9 10 9 8 7 7 9 7 5 5 5 5 5 5 6 6 6 8 9 9 9 9 10 11 12 12 13 13 14 14 15 16 17 17 17 18 18 18 18 18 19 19 20 20 21 21 20 20 21 21 21 21 21 20 19 19 20 21 21 21 20 20 20 20 20 20 21 21 21 21 21 21 20 20 20 19 19 21 21 21 21 21 21 20 20 20 20 20 20 20 20 20 20 20 20 20 20 20 20 20 20 20 20 20 20 20 20 20 19 17 17 17 17 17 17 17 18 18 18 18 18 19 19 19 18 18 17 17 17 17 17 17 17 17 17 18 18 19 19 18 18 19 18 18 17 17 16 16 
24 23 22 23 23 21 21 21 21 21 21 21 21 21 20 20 20 20 20 20 20 20 20 20 19 19 19 19 20 20 20 20 20 20 19 18 18 18 18 18 18 18 19 18 18 18 18 17 17 18 18 18 18 18 18 18 20 20 20 20 19 19 18 18 18 18 18 18 18 19 17 17 17 17 17 17 16 17 17 17 17 17 17 17 14 14 14 14 14 14 14 15 15 15 15 15 14 14 14 14 13 12 14 15 14 15 14 14 15 14 13 15 16 17 18 17 16 17 20 20 19 19 19 20 21 22 22 22 22 22 23 23 24 25 26 26 26 25 25 25 25 25 25 25 26 26 26 26 26 26 26 25 25 25 25 25 24 23 25 26 26 26 25 25 25 25 25 25 25 26 26 26 25 25 25 25 24 24 24 25 26 26 25 25 25 24 24 24 24 24 24 24 24 24 24 24 24 23 23 23 23 23 23 23 23 23 23 22 22 22 22 21 21 21 21 21 21 21 20 20 20 20 21 21 22 21 21 20 20 20 20 20 20 20 19 19 18 18 18 21 19 18 19 21 20 17 17 17 17 17 
21 19 20 21 21 20 20 20 20 20 20 20 20 20 19 19 20 20 20 20 20 20 20 20 20 20 20 20 21 21 21 21 21 21 21 20 20 21 21 21 21 21 21 21 21 21 21 21 21 21 21 21 21 21 21 22 24 25 25 25 24 23 23 22 23 23 23 23 23 24 21 21 21 20 20 20 20 20 20 20 20 20 20 20 16 16 16 16 16 16 16 19 19 19 19 19 19 19 20 20 18 17 19 20 19 22 20 20 21 20 19 22 22 24 25 24 22 23 27 26 25 25 25 25 26 27 27 27 27 27 27 27 28 29 30 30 29 28 28 28 27 28 28 28 28 28 29 29 28 28 28 28 28 28 28 27 26 26 28 29 29 28 28 28 28 28 28 28 28 28 28 28 28 27 27 27 27 26 27 28 29 29 28 28 27 27 26 26 26 26 26 26 26 26 26 26 26 25 25 25 25 25 25 25 26 26 26 25 25 24 24 24 24 24 24 24 24 24 23 23 23 23 23 24 24 23 23 23 22 22 22 22 23 22 22 21 20 20 20 24 21 19 20 23 22 18 19 19 19 19 
18 17 19 21 22 21 20 21 21 21 21 21 21 20 20 21 21 21 22 22 23 23 23 23 23 23 23 23 24 24 24 24 24 24 24 25 26 26 26 27 27 27 26 26 26 26 26 26 26 26 26 26 26 26 26 27 28 29 29 28 28 27 26 27 27 27 28 28 28 29 26 26 26 25 25 25 25 23 23 23 23 23 23 23 22 22 22 22 22 22 22 26 26 26 26 27 27 27 30 30 28 25 27 27 25 31 29 29 30 29 28 31 29 30 31 29 27 29 33 32 30 30 30 30 31 31 31 31 31 31 30 30 30 31 31 30 30 29 28 28 28 29 29 29 29 29 29 30 30 30 30 29 29 29 29 30 29 29 31 32 31 30 31 31 31 31 31 31 30 30 30 30 29 29 28 29 30 30 30 31 32 31 31 31 30 29 29 29 29 29 29 29 29 29 29 29 29 29 29 29 29 29 29 29 30 30 30 29 28 28 27 29 29 29 29 29 29 29 27 26 26 26 27 27 28 28 27 26 26 26 27 27 27 26 25 25 24 24 23 28 25 22 24 27 25 21 22 23 23 23 
21 21 23 26 27 25 25 25 25 25 25 25 25 25 25 25 26 26 26 26 27 26 26 26 26 27 27 27 27 27 27 27 27 27 27 27 27 28 28 29 29 29 28 28 28 28 28 29 29 30 30 30 30 30 30 29 28 28 28 28 28 27 27 27 27 28 28 29 29 29 29 28 28 28 28 28 27 28 28 28 28 28 28 28 30 30 30 30 30 30 30 30 30 31 31 32 32 32 31 32 32 30 31 30 28 32 31 31 32 31 30 31 29 29 28 27 27 28 31 31 31 31 31 31 30 30 32 32 32 32 32 32 31 31 31 31 31 31 30 30 31 32 31 31 31 31 31 31 31 31 31 30 30 29 30 31 30 31 32 33 32 31 30 30 30 30 30 30 31 31 31 31 31 31 30 31 32 31 31 32 33 33 32 33 32 31 31 31 31 32 31 31 31 31 31 31 31 31 31 31 31 31 31 31 33 33 32 32 31 30 30 30 30 30 30 30 30 30 30 30 29 29 30 31 31 30 30 29 29 30 30 31 30 29 29 29 29 28 28 31 30 28 29 29 29 27 26 26 26 26 
24 25 27 29 29 28 27 28 28 28 28 28 28 27 27 27 28 28 28 28 29 28 28 28 28 29 29 29 29 29 29 29 29 29 29 29 29 29 29 30 30 30 29 30 30 30 30 30 30 31 31 31 31 31 31 31 30 30 30 30 30 29 29 30 30 30 31 31 31 31 31 30 30 30 30 29 29 30 30 30 30 30 30 30 32 31 31 31 31 31 31 31 31 32 32 33 33 34 31 33 33 32 33 33 30 31 31 32 33 32 31 31 32 31 29 29 30 31 32 32 32 32 32 32 31 30 32 33 32 32 32 32 32 32 32 32 32 32 32 32 32 32 32 32 32 32 32 32 32 32 32 31 31 31 31 31 31 31 32 33 32 31 31 31 31 31 31 31 32 32 32 32 32 32 31 32 33 32 32 33 34 33 33 34 33 32 32 32 32 32 32 32 32 32 32 32 32 31 31 31 31 31 31 32 34 34 33 32 32 31 31 30 30 30 30 30 30 30 30 30 30 29 30 31 31 31 31 30 30 30 31 31 30 30 30 30 30 30 30 32 32 31 30 30 30 29 28 27 28 28 
29 30 31 31 31 30 30 31 31 31 31 31 31 30 29 29 30 30 30 30 31 31 31 31 31 31 31 31 31 31 31 31 31 31 30 30 30 31 31 31 31 31 32 32 32 32 32 32 32 32 32 32 32 32 32 32 33 33 34 34 34 33 32 34 34 34 34 34 34 34 32 32 32 32 32 31 31 32 32 32 32 32 32 32 31 30 30 30 30 30 31 32 32 32 33 33 34 34 31 32 33 33 35 35 32 30 31 32 33 33 33 32 35 34 31 32 34 35 34 33 33 33 33 33 32 31 32 32 31 31 31 31 31 32 33 33 34 34 34 34 33 33 33 33 33 33 33 33 33 33 33 32 32 32 32 32 31 32 33 33 32 31 32 32 32 32 32 32 33 34 34 33 33 33 32 33 33 32 32 33 34 33 33 34 34 33 32 32 33 33 33 33 33 33 33 33 32 31 31 31 31 31 31 32 34 33 33 33 32 32 31 30 30 30 30 30 30 30 30 29 29 29 30 30 31 31 30 30 30 30 31 32 30 30 30 30 31 31 31 32 33 32 32 30 30 30 29 29 29 30 
29 32 33 31 30 31 31 30 30 30 30 30 30 30 30 30 30 29 29 29 30 31 31 31 31 32 32 32 31 31 31 31 31 31 32 32 32 32 32 32 32 32 34 33 33 33 33 33 33 32 32 32 32 32 32 32 30 30 31 31 31 30 30 32 32 32 31 31 31 31 33 33 33 32 32 32 32 31 31 31 31 31 31 31 34 33 33 33 33 33 34 32 32 32 32 32 32 32 32 33 33 33 35 37 34 32 33 34 34 35 35 35 33 31 30 31 32 32 31 31 32 33 33 32 32 31 29 28 28 28 29 29 29 30 32 32 32 32 32 32 31 30 30 30 30 30 30 31 31 32 32 32 32 32 32 31 30 31 32 32 30 31 33 33 33 33 33 33 33 32 32 32 31 31 31 31 31 30 30 31 31 30 30 32 31 31 30 30 30 30 31 31 31 31 31 31 31 30 30 30 30 30 30 30 31 31 30 30 30 30 30 30 30 30 30 30 30 30 29 28 28 28 29 29 30 29 29 29 29 30 30 31 29 30 30 30 30 30 31 30 31 31 31 30 30 30 30 31 31 31 
26 30 31 29 28 30 30 29 29 29 29 29 29 29 30 30 30 29 29 29 29 28 28 29 29 30 30 30 30 29 29 29 29 29 30 30 30 30 29 29 29 29 31 30 30 30 30 30 30 31 31 31 31 31 31 30 30 30 31 31 31 30 30 32 32 32 31 31 31 31 31 31 31 30 30 30 30 30 30 30 30 30 30 30 32 31 31 31 31 31 32 31 31 31 31 31 31 31 31 32 30 29 31 33 31 31 32 32 31 32 33 32 31 30 31 31 31 31 30 30 30 31 32 31 31 30 28 27 28 28 28 28 28 30 31 31 31 30 30 30 29 29 29 29 29 30 30 29 29 30 30 30 31 31 30 30 30 30 31 31 29 29 31 31 31 31 31 31 30 30 30 29 29 29 29 29 29 28 28 29 29 28 28 30 29 29 28 28 29 29 29 29 29 29 29 29 29 30 30 30 30 30 30 30 29 29 29 29 29 29 29 29 29 29 29 29 29 29 29 28 28 28 28 29 30 29 29 29 29 30 31 31 29 30 30 30 30 30 30 30 30 30 30 30 30 30 30 30 30 31 
24 29 30 28 27 29 29 28 28 27 27 28 28 29 29 29 29 28 28 28 27 26 26 27 27 28 28 28 28 27 27 27 27 27 27 28 28 27 27 26 26 26 28 27 27 27 26 27 27 29 29 29 29 29 29 29 30 30 30 31 31 30 30 32 32 31 31 30 30 30 29 29 29 29 28 28 28 29 29 29 28 28 28 29 29 29 29 29 29 29 29 29 29 29 29 29 29 30 30 30 28 26 28 29 28 30 31 30 29 29 30 30 30 30 31 31 30 30 30 29 29 30 30 30 29 29 27 27 27 27 27 28 28 29 30 30 29 29 29 28 28 28 28 28 28 29 29 28 28 28 28 29 29 29 29 29 29 29 30 30 28 27 28 28 28 28 28 28 28 27 27 27 27 27 26 27 28 27 26 27 27 27 27 28 28 27 27 26 27 27 27 27 27 27 27 27 28 29 29 29 29 29 29 29 27 27 27 28 28 28 28 27 27 27 27 27 27 27 28 28 28 28 29 30 30 30 30 30 30 30 31 32 30 30 30 30 30 30 30 30 29 29 30 31 31 30 30 30 30 31 
23 34 36 37 40 31 28 31 30 21 20 25 26 25 24 23 25 25 24 26 27 25 26 26 25 25 28 29 27 25 25 28 27 25 24 26 26 26 26 26 26 26 26 26 26 27 27 28 28 28 28 28 28 28 29 29 29 28 29 30 29 27 26 27 28 29 29 29 28 28 27 27 28 28 28 28 28 27 27 27 26 26 26 27 25 29 28 27 28 29 27 27 27 28 28 28 29 29 27 27 27 27 26 26 26 26 27 27 28 28 28 28 28 28 28 28 28 28 28 27 26 26 26 26 26 26 26 26 26 26 26 26 26 26 27 27 27 27 27 27 28 29 29 29 29 28 27 27 28 28 28 28 27 26 25 25 25 25 25 25 26 26 27 27 27 27 27 27 26 24 24 23 23 24 24 25 26 25 24 24 25 26 27 27 27 27 26 26 25 25 26 26 26 26 26 27 27 25 25 25 25 25 25 25 23 23 24 25 25 26 26 27 27 26 25 25 24 24 23 25 27 30 33 34 35 34 33 34 34 34 35 35 34 33 33 33 32 32 31 32 32 33 33 33 34 34 36 35 34 33 
23 29 29 33 42 39 37 35 33 27 25 26 27 26 25 24 26 26 25 27 27 25 26 25 25 26 27 28 27 26 26 28 28 27 26 26 26 26 26 26 26 26 26 26 26 26 27 27 27 27 27 27 27 27 28 28 26 26 27 29 28 27 26 27 27 28 28 28 28 28 27 28 28 29 29 29 29 27 27 27 27 27 28 29 26 28 28 27 28 29 27 27 27 27 28 28 28 28 27 27 27 26 26 26 25 26 27 27 27 27 27 27 27 27 27 27 27 27 27 27 27 27 27 27 27 27 26 26 26 26 26 26 26 27 27 27 27 27 27 27 28 29 29 29 29 28 27 28 28 28 28 28 27 26 25 25 25 25 25 25 26 26 27 27 27 27 27 27 27 26 25 25 24 25 26 26 27 26 25 24 25 26 27 27 27 27 27 27 26 26 27 26 26 26 27 27 28 27 27 27 27 27 27 26 25 25 26 26 27 27 27 27 27 27 26 25 25 25 24 25 27 29 31 33 34 33 33 33 33 33 33 33 33 32 32 32 32 31 31 31 32 32 32 32 33 33 34 33 33 32 
19 24 23 29 40 42 41 38 34 31 28 27 26 27 26 25 27 27 25 26 27 25 25 25 25 26 26 27 27 27 27 28 27 28 27 26 26 26 26 26 26 26 25 25 25 25 26 26 26 26 26 26 26 27 27 27 25 25 26 27 27 27 26 26 26 27 27 27 27 27 27 27 28 28 28 28 28 26 27 27 27 27 28 30 27 28 28 27 28 28 27 27 27 27 28 28 28 28 26 26 26 26 25 25 25 25 26 27 26 26 26 26 26 26 26 26 26 26 26 26 26 26 26 27 26 27 26 26 26 26 26 26 26 26 27 27 27 27 27 27 27 28 28 29 28 28 27 27 27 27 27 27 27 26 25 24 25 25 25 25 26 26 27 27 27 27 27 27 27 27 26 25 25 26 27 27 27 26 25 25 25 26 27 27 27 27 27 27 27 27 27 26 26 27 27 27 28 28 28 28 28 28 28 27 26 26 27 27 28 28 28 28 27 27 27 26 25 25 24 25 26 28 30 32 33 33 33 32 32 32 32 32 32 31 31 31 31 31 31 31 31 32 32 32 32 32 32 32 31 31 
7 10 11 19 29 32 40 39 32 29 27 24 24 25 25 24 26 26 24 24 25 25 24 24 25 26 25 25 25 25 25 24 24 25 25 24 24 24 24 24 24 24 23 23 24 24 24 24 24 24 24 24 24 25 25 25 24 24 25 26 26 26 25 25 25 25 25 26 26 26 24 25 25 26 26 25 25 25 25 26 25 25 26 27 28 26 26 28 27 26 26 28 28 28 28 28 28 28 24 24 24 24 24 23 23 24 24 25 25 25 25 24 24 24 24 24 24 24 24 25 25 25 25 25 25 25 25 25 25 25 24 24 25 24 25 25 25 25 25 25 25 26 26 27 27 27 26 26 26 26 26 26 25 25 24 24 24 24 24 25 25 25 25 25 26 26 26 27 27 26 26 26 26 26 26 26 26 25 24 24 25 26 26 26 26 26 27 27 27 27 26 26 26 26 27 27 28 29 29 29 29 29 29 28 27 27 28 28 28 29 29 29 28 28 27 27 26 26 25 25 25 26 28 29 31 32 32 31 31 30 30 30 30 30 31 31 31 31 31 32 32 31 31 31 31 31 31 30 30 30 
8 10 13 24 33 32 36 34 27 21 18 18 21 22 21 21 23 23 22 21 21 21 21 21 21 21 22 22 23 22 21 20 21 21 21 21 21 21 21 21 21 21 21 21 21 21 22 22 22 22 22 22 22 22 22 23 23 24 24 23 24 24 23 23 23 23 23 23 24 24 23 23 24 24 24 24 23 24 24 24 23 22 22 23 26 24 24 26 25 24 26 26 26 26 26 25 25 25 23 22 22 22 22 21 21 23 24 24 24 24 23 23 23 23 23 23 23 23 23 23 23 23 23 23 23 23 23 23 23 23 23 23 23 23 23 23 23 23 23 23 23 24 25 25 26 26 25 25 24 24 25 25 24 24 23 23 23 24 24 24 24 24 24 24 24 25 25 26 25 25 25 25 25 25 25 25 25 25 24 24 24 25 25 25 25 26 26 27 27 26 26 25 25 25 26 26 27 28 28 28 28 28 28 28 27 27 27 28 28 28 28 29 29 28 28 28 27 27 27 26 25 26 27 28 30 32 32 32 31 30 30 30 31 31 31 31 32 32 32 33 33 33 32 32 32 31 32 31 31 31 
8 9 13 25 32 30 31 28 24 16 13 15 18 19 18 18 19 20 19 18 17 17 18 18 17 17 18 19 21 21 19 19 20 20 19 19 19 19 19 19 19 19 19 19 19 20 20 20 20 20 20 20 20 20 20 21 21 23 22 21 22 22 22 22 21 21 21 21 23 23 23 23 23 24 23 23 23 24 24 23 22 21 21 22 24 22 23 24 23 23 25 24 24 24 23 23 23 22 22 22 21 21 21 21 21 23 23 23 23 23 22 22 22 22 22 22 22 22 22 22 22 22 22 22 22 22 22 22 22 22 22 22 22 22 23 23 23 23 23 23 23 23 24 25 25 25 25 24 24 24 24 24 24 24 23 24 24 24 25 25 25 24 24 24 24 25 25 25 25 24 24 24 24 24 24 25 25 25 24 24 24 25 25 25 25 25 26 26 27 26 25 25 25 25 26 26 27 27 27 27 27 27 27 27 27 27 27 27 28 28 28 29 29 29 28 28 28 28 28 27 26 25 26 28 29 32 32 32 31 31 31 30 31 32 32 32 33 33 33 34 34 34 33 33 32 32 32 32 32 32 
9 9 12 25 28 24 21 21 20 12 9 11 13 14 13 13 14 15 15 14 11 10 13 13 11 11 12 15 19 19 17 18 21 19 17 17 17 17 17 17 17 17 17 17 18 18 18 18 18 19 18 18 18 18 18 18 19 21 20 18 19 21 20 20 20 19 19 20 21 21 23 23 24 24 24 23 22 23 23 23 22 21 21 22 22 21 22 22 21 22 24 21 21 20 20 19 19 19 21 21 21 21 21 21 20 21 22 22 23 23 22 22 22 22 22 22 22 22 22 22 22 22 22 22 22 22 22 22 22 22 22 22 22 22 23 23 23 23 23 23 23 23 24 25 25 25 25 24 24 24 25 25 25 24 24 25 25 25 26 26 26 25 24 24 25 25 25 25 25 25 25 25 25 25 25 25 25 25 25 25 25 25 25 25 25 26 26 26 27 27 26 25 25 25 26 27 27 26 26 26 26 26 26 26 27 27 27 27 28 28 28 29 29 28 28 28 28 28 29 28 26 25 26 27 28 32 32 32 32 32 32 32 33 33 34 34 34 35 35 36 36 35 35 34 34 34 33 33 33 33 
13 18 24 37 30 18 13 12 15 12 8 7 7 7 7 7 6 7 8 7 5 5 7 7 7 6 6 10 16 17 16 16 19 18 16 17 17 17 17 17 17 17 16 16 16 17 17 17 17 17 17 17 16 17 17 16 16 19 18 16 17 19 18 18 18 18 18 18 19 19 21 21 21 21 21 20 20 22 22 23 22 22 24 26 21 24 24 21 20 22 23 21 21 21 21 20 20 20 22 23 23 22 22 22 22 21 21 22 23 23 22 22 22 22 22 22 22 22 22 23 23 23 23 23 23 23 23 23 23 23 23 23 23 24 24 24 24 24 24 24 25 25 25 26 26 26 26 25 25 25 26 26 26 26 26 27 27 27 27 28 28 27 26 26 26 26 26 26 26 27 27 28 28 27 27 27 26 26 26 26 26 26 26 26 26 27 27 27 27 27 26 26 26 26 27 27 27 27 27 27 27 27 27 27 28 28 28 28 28 28 28 28 28 28 28 28 28 28 29 28 26 26 26 26 27 29 30 30 31 32 32 33 33 34 34 34 34 34 35 36 35 35 35 35 35 34 33 32 32 32 
