DOWN
11 11 12 13 13 14 14 14 14 15 15 15 15 16 16 16 17 18 19 19 14 14 15 16 17 18 18 18 20 19 17 18 18 16 17 19 20 20 20 21 21 20 20 19 18 18 18 18 17 17 18 18 17 16 15 16 15 15 14 13 13 13 13 13 13 13 13 13 13 16 14 13 14 15 14 13 9 10 10 9 7 7 7 8 7 7 7 7 8 9 9 9 8 8 8 8 8 9 9 8 8 8 8 9 8 9 9 8 8 9 9 10 10 11 9 8 8 9 9 9 8 8 8 7 8 7 7 7 6 6 7 7 8 8 9 9 9 9 10 11 10 10 9 10 12 13 10 11 12 12 12 12 13 13 13 13 12 12 12 12 12 13 11 10 11 12 11 11 14 14 12 14 14 11 9 9 9 10 9 8 7 8 10 11 11 11 11 11 10 9 9 10 11 10 9 9 9 9 9 9 8 8 9 9 9 9 9 9 8 7 7 8 7 7 8 8 10 9 8 7 7 7 6 7 6 6 6 6 6 7 7 6 7 9 9 8 8 7 8 8 8 8 9 9 9 9 9 8 7 7 
14 14 15 15 15 16 16 16 15 15 15 15 15 19 18 18 19 20 20 20 18 18 19 18 18 18 19 16 18 18 17 17 18 18 16 18 19 18 17 16 15 17 17 16 15 14 14 14 13 14 14 14 14 13 13 15 14 13 13 13 13 14 13 13 13 13 13 14 15 16 14 13 13 13 11 10 5 6 7 7 7 7 7 8 9 9 9 9 10 11 10 10 11 10 10 9 9 9 8 8 7 8 9 10 9 11 11 10 9 9 10 11 11 12 11 9 9 10 9 9 9 8 8 7 7 8 7 6 6 6 7 8 9 10 10 10 10 11 11 12 11 10 10 11 12 13 10 11 12 12 12 13 14 13 13 13 13 12 12 12 13 13 12 10 11 12 11 11 12 12 11 12 12 10 9 9 9 9 9 8 7 7 9 10 9 10 11 11 10 9 9 10 10 10 10 9 9 9 9 9 9 9 9 9 10 9 9 8 8 7 8 8 8 8 8 8 9 9 8 8 8 7 7 7 6 6 6 5 6 6 7 6 6 8 8 7 7 6 7 7 7 8 8 8 9 10 10 8 8 8 
16 17 17 16 16 17 18 17 16 16 17 17 16 20 20 19 19 19 19 19 19 18 18 17 17 16 16 15 15 14 13 13 14 15 16 16 16 16 16 16 16 16 16 16 15 14 14 14 14 14 14 14 14 15 16 15 15 14 14 15 16 16 15 15 15 14 13 14 15 15 15 15 14 13 10 8 5 5 6 7 7 8 8 9 9 9 10 10 10 10 11 12 12 12 11 11 12 11 10 9 9 10 10 11 10 12 13 13 12 11 11 14 12 12 12 10 10 12 10 11 11 10 9 8 8 9 8 7 7 7 8 9 9 9 9 10 11 12 12 12 11 11 12 12 12 10 10 10 11 11 11 12 12 12 12 12 12 12 12 12 12 12 11 11 10 10 10 13 11 11 11 12 12 11 10 10 9 9 8 8 8 8 8 7 7 7 8 8 8 8 9 9 10 10 10 9 8 8 9 9 9 9 9 11 11 10 8 8 9 7 8 8 9 9 8 8 8 9 8 8 7 7 6 7 6 6 6 6 6 6 7 6 6 6 7 7 7 6 6 7 8 9 8 6 9 8 8 8 8 8 
13 15 16 16 17 17 17 16 16 16 17 17 16 18 18 18 17 17 17 17 17 17 16 16 15 15 14 14 15 15 15 15 16 17 17 17 17 17 18 18 18 18 18 18 18 19 19 19 19 18 18 17 17 17 17 16 16 16 16 16 16 16 17 17 17 17 16 17 17 16 16 16 16 15 13 11 7 7 7 7 8 8 9 10 9 9 9 10 11 10 11 12 13 13 13 14 14 13 12 11 11 11 11 11 12 13 15 15 13 13 13 16 14 13 13 11 11 14 12 12 11 10 9 9 10 11 10 9 8 9 10 10 9 9 9 9 9 10 11 11 11 10 11 11 11 10 10 9 9 9 10 10 10 10 10 10 10 10 10 10 10 10 10 10 10 10 9 12 10 10 10 11 11 10 10 10 9 9 8 8 8 9 8 7 7 7 8 9 7 8 9 9 10 10 9 10 9 9 10 10 9 9 9 10 11 10 8 8 9 9 9 8 8 8 8 8 9 8 8 8 7 6 6 7 6 6 6 6 6 6 6 5 5 6 7 8 8 7 7 7 8 8 8 8 8 7 7 7 7 8 
11 13 15 15 14 14 17 16 15 16 17 17 17 16 16 17 17 17 18 18 19 19 19 19 19 19 19 18 19 19 19 18 19 20 19 19 19 19 19 19 19 17 18 18 18 19 20 20 18 17 16 15 15 15 15 17 17 18 18 17 17 16 14 16 16 16 16 16 16 17 17 18 18 18 16 14 9 9 9 8 9 9 10 11 10 10 11 12 13 13 12 13 14 14 14 15 16 16 15 14 14 14 13 13 13 14 15 15 15 14 14 15 13 12 11 10 10 12 13 12 11 10 10 10 11 11 11 10 10 10 10 10 9 9 8 8 9 9 10 11 10 10 10 10 10 9 10 9 9 9 9 9 10 9 9 9 9 9 8 8 8 8 8 9 9 9 9 11 10 9 10 10 9 9 9 9 9 8 8 8 8 8 8 8 7 8 8 8 7 8 9 9 9 9 9 10 9 9 10 10 8 8 8 9 10 9 8 8 8 9 9 8 8 8 8 8 9 9 8 7 7 7 7 7 7 6 6 6 6 6 6 5 5 6 7 8 8 6 7 7 7 7 8 9 7 6 6 6 7 8 
16 17 17 17 16 16 15 14 14 14 15 16 15 15 15 16 17 18 19 19 17 17 18 18 19 19 19 18 19 19 18 17 17 17 18 17 17 17 16 16 16 17 17 17 17 17 16 16 18 17 17 17 17 17 17 18 18 18 17 17 17 17 15 17 18 18 18 18 18 16 17 17 18 18 16 14 11 10 9 9 9 10 11 11 10 11 13 14 15 15 13 14 14 13 13 13 14 16 15 15 15 15 15 14 13 13 14 14 14 13 13 12 12 11 10 9 9 10 11 11 10 10 9 9 10 10 10 10 10 10 9 9 9 9 8 8 8 9 10 10 10 10 10 10 9 9 10 10 9 9 9 9 9 9 8 8 8 8 8 7 8 8 8 8 9 9 9 11 10 10 10 10 9 9 9 8 8 8 7 7 7 7 8 8 8 8 8 7 7 8 9 9 9 9 8 9 8 9 10 9 7 7 7 8 8 8 7 7 7 8 8 7 7 7 7 7 7 7 7 6 7 7 7 6 7 7 6 6 6 6 6 6 5 6 6 6 6 5 5 5 6 6 7 7 7 6 5 6 7 7 
18 17 17 17 17 17 15 14 14 14 15 15 15 14 14 15 16 17 17 18 17 17 17 17 18 18 18 18 19 19 18 17 17 17 19 19 19 18 18 17 17 18 18 17 17 16 16 16 17 17 16 16 17 17 17 18 18 17 16 16 17 17 15 16 17 17 17 17 17 15 15 16 16 16 15 14 12 11 11 11 11 12 13 11 11 12 13 14 14 13 14 14 13 12 11 11 11 13 13 13 13 14 14 13 11 11 11 12 12 11 11 11 12 12 10 10 9 9 9 10 10 10 9 9 9 9 9 9 10 9 9 8 8 8 8 8 9 10 10 10 10 10 10 9 9 9 10 9 9 8 8 8 9 8 8 8 8 8 8 8 9 9 9 9 9 9 9 10 10 10 9 9 9 9 8 8 8 7 7 7 7 7 8 9 9 9 8 7 7 8 9 9 9 9 8 8 7 8 9 9 7 7 7 7 8 8 7 7 7 6 6 6 6 6 7 7 5 5 5 5 5 6 6 6 7 7 7 6 6 6 6 6 5 5 6 6 6 5 4 4 5 6 6 5 6 6 6 6 7 7 
15 14 15 16 17 17 16 16 15 16 16 16 16 15 15 15 14 14 14 14 15 15 15 14 14 13 13 13 14 14 14 13 14 15 15 15 15 15 15 15 15 15 15 15 15 15 15 15 15 15 14 14 14 15 15 18 17 15 15 15 16 17 13 14 14 14 13 14 14 17 16 16 16 16 15 14 14 14 13 13 14 15 15 14 13 13 13 13 12 11 13 12 11 10 9 9 10 10 9 9 10 11 12 12 10 9 9 10 10 10 9 9 11 11 10 10 9 8 8 9 10 10 9 8 8 8 9 9 9 9 9 9 8 8 8 9 9 10 10 9 9 10 9 9 9 9 9 9 9 8 8 8 8 8 8 8 8 8 8 8 10 10 10 9 9 8 8 8 9 9 9 9 9 9 9 8 8 8 8 8 8 7 8 8 9 8 8 7 8 8 9 9 9 9 9 8 7 8 9 9 8 8 7 7 7 8 8 8 8 6 6 6 6 6 6 7 5 5 5 6 6 6 7 6 7 8 7 6 6 6 6 5 5 5 6 6 6 6 5 5 6 7 6 5 6 6 6 7 7 7 
15 14 15 16 17 16 14 13 12 12 13 13 12 11 11 10 10 9 9 8 6 6 7 7 7 7 7 6 6 6 6 6 6 7 6 6 7 7 8 8 9 10 11 11 11 12 12 12 14 14 14 14 15 16 16 16 16 15 15 16 16 17 15 15 15 15 14 14 15 15 14 14 14 13 12 11 12 12 12 12 12 12 12 12 11 10 9 10 10 10 10 10 9 8 8 9 10 9 8 8 8 10 11 11 9 9 9 9 10 9 8 8 10 10 9 9 9 8 9 9 9 8 8 8 8 8 8 9 9 9 9 9 8 8 9 9 9 9 9 7 8 9 9 8 9 10 8 9 9 9 9 9 8 8 8 8 9 9 9 9 9 9 9 8 8 8 8 8 9 10 10 9 10 10 10 10 9 9 9 9 9 8 8 7 7 7 8 8 9 9 8 8 9 9 10 10 8 8 9 8 7 8 6 6 6 7 7 7 7 6 6 6 7 7 6 6 7 7 7 7 7 7 7 6 7 8 7 6 5 6 6 6 5 6 6 7 7 7 6 6 6 6 6 6 6 6 6 7 7 8 
7 7 8 9 8 7 8 7 6 6 7 7 6 6 5 5 5 5 4 4 4 4 5 6 6 7 7 7 7 7 6 6 6 7 6 7 8 9 10 11 12 9 9 9 9 9 9 9 7 7 8 9 10 12 13 15 15 16 16 16 16 16 12 11 11 10 10 10 11 11 10 9 9 8 7 7 6 6 7 6 6 6 6 8 6 5 5 6 8 9 8 8 8 8 8 9 11 9 8 8 8 9 11 11 10 9 9 9 10 10 9 9 11 10 8 9 10 10 9 9 8 7 6 7 8 8 8 8 9 9 9 9 8 9 9 9 9 8 7 7 8 8 8 8 8 9 9 10 11 11 11 10 9 8 8 8 9 9 9 9 8 8 8 8 8 7 7 8 10 11 11 10 11 12 11 11 11 10 10 10 11 10 8 7 6 7 8 10 10 9 9 8 9 10 10 10 8 8 8 7 7 7 5 5 5 6 6 6 6 7 7 8 8 7 7 6 7 7 8 8 7 7 6 6 8 8 7 6 5 6 7 6 6 6 6 7 7 7 7 6 6 5 6 7 6 6 5 6 8 9 
7 6 4 5 6 4 5 6 6 7 7 8 8 6 6 6 7 7 7 6 7 6 6 7 9 9 8 9 9 8 8 8 8 8 7 7 7 8 8 8 8 8 7 7 8 10 11 12 10 10 10 10 9 8 8 10 10 10 9 9 8 8 7 6 5 5 5 5 5 6 7 7 6 5 5 5 6 6 6 6 7 7 7 8 8 8 8 8 9 9 10 9 8 8 8 8 8 8 8 9 9 9 9 10 9 9 9 9 9 10 11 10 10 10 9 7 7 7 9 8 8 8 8 8 8 8 7 8 11 11 10 11 9 10 11 11 10 9 9 9 9 9 8 9 10 11 9 11 12 12 10 8 6 9 16 10 10 11 10 7 7 7 8 8 7 7 7 9 10 10 10 11 12 10 12 11 9 9 9 8 8 7 8 7 7 8 9 8 13 9 8 12 13 9 7 8 7 8 8 7 6 5 5 6 6 6 7 7 6 9 10 9 7 6 7 8 9 7 7 7 7 6 8 5 9 10 11 9 5 9 9 7 6 5 7 7 7 10 12 10 6 7 12 10 9 8 8 9 11 12 
9 8 8 8 9 8 8 8 9 10 10 10 10 8 8 7 8 8 8 7 8 8 7 8 9 9 8 8 7 7 7 7 7 7 6 6 7 8 8 8 8 9 8 7 7 7 7 7 8 8 8 8 8 8 8 7 7 7 7 7 7 7 7 6 6 6 7 7 8 10 10 10 9 9 9 9 9 9 8 8 8 8 8 9 8 8 8 8 8 9 10 9 9 8 8 8 8 8 8 9 9 9 9 10 10 9 9 9 10 10 10 10 10 10 9 8 7 7 8 8 9 9 9 8 8 9 7 8 10 10 10 11 11 10 10 10 10 10 9 9 9 9 9 9 10 10 9 10 11 12 11 10 9 12 12 8 10 9 9 8 8 8 8 9 9 8 8 7 7 7 7 8 9 8 10 9 8 8 8 7 7 9 10 9 7 8 8 8 6 9 8 6 8 10 9 8 9 8 8 9 8 7 8 8 8 8 9 10 9 9 9 9 9 10 12 12 11 9 10 10 9 7 7 10 14 12 10 11 11 12 11 14 11 10 9 10 9 13 14 14 12 13 15 10 9 11 12 12 11 11 
9 10 10 9 10 10 9 9 9 10 10 10 10 10 9 8 8 9 8 8 8 8 7 7 8 7 7 6 6 6 6 6 6 6 6 6 7 8 9 8 7 8 8 7 8 8 9 9 8 8 8 8 9 9 9 8 8 8 8 8 8 8 8 8 8 9 9 10 10 10 11 11 11 11 11 12 10 10 10 10 10 10 10 10 9 9 8 8 9 9 10 9 9 8 8 8 9 8 9 10 9 9 10 11 11 10 10 10 10 10 10 10 11 11 10 8 8 8 8 9 10 10 10 10 10 11 9 9 10 11 11 12 12 9 8 9 11 10 9 9 9 10 10 10 10 9 10 10 10 10 10 11 11 13 8 8 12 10 10 9 7 8 9 9 9 9 9 9 9 7 7 9 10 10 10 10 9 9 10 9 8 10 11 10 8 8 8 8 7 12 10 7 7 10 8 9 10 9 8 10 10 8 8 9 9 9 10 10 10 9 10 11 11 12 13 13 13 12 12 12 11 10 10 12 15 17 14 12 13 10 11 16 14 13 11 15 14 14 10 10 11 11 12 9 10 15 21 20 15 13 
8 9 10 9 8 10 7 7 8 8 8 8 8 10 8 8 7 8 8 8 8 7 7 7 7 7 6 6 6 7 7 6 6 6 6 6 7 8 9 8 7 8 7 8 9 11 12 13 11 10 9 9 9 9 9 9 9 9 9 9 9 9 10 10 10 11 11 10 10 10 10 11 10 10 10 11 9 9 9 10 10 11 11 11 10 10 10 10 10 11 10 9 8 8 8 9 9 10 11 11 11 11 11 12 12 12 12 11 11 10 10 11 12 12 11 10 9 9 9 10 12 13 13 12 11 12 11 11 11 11 11 11 10 9 8 9 11 11 9 11 11 11 11 11 10 10 11 10 8 8 8 10 11 12 8 12 16 13 15 11 9 9 10 11 11 11 10 8 8 7 6 8 9 9 9 9 9 10 9 9 8 9 11 10 9 9 10 10 12 10 11 12 11 9 8 10 10 10 11 11 11 10 8 9 9 9 10 10 10 12 14 14 12 11 11 11 14 12 10 10 10 12 14 14 15 31 34 17 10 9 9 12 9 12 10 16 16 12 6 5 4 4 6 8 12 18 24 23 19 16 
7 7 8 7 6 8 6 6 6 7 7 7 7 9 7 6 6 6 6 6 7 8 8 8 8 8 8 7 7 7 7 7 6 6 6 7 7 8 9 8 7 8 9 9 9 10 10 11 11 10 9 9 8 8 9 9 9 8 8 8 8 9 10 10 11 11 11 11 11 10 11 11 10 10 10 10 9 9 10 10 11 11 11 11 11 11 11 12 13 14 11 10 9 9 9 10 11 12 13 13 13 12 13 13 14 14 13 13 12 12 11 12 13 13 12 12 11 12 11 12 14 15 15 14 13 11 12 13 12 12 11 10 9 9 10 12 12 12 12 13 12 11 11 12 12 12 13 11 9 8 9 11 13 13 13 15 16 13 18 13 11 12 12 13 12 12 12 9 9 9 9 10 10 9 10 11 12 12 12 11 10 9 11 11 10 9 10 10 12 9 10 12 12 11 11 11 9 11 15 13 11 13 10 11 11 11 12 12 12 14 19 19 14 11 12 12 17 13 8 5 6 9 13 10 14 30 30 12 5 5 7 7 7 12 11 15 14 14 7 4 3 2 5 11 24 28 30 29 26 20 
6 6 6 5 5 5 6 6 6 6 6 6 7 8 7 6 6 6 6 6 6 7 8 8 8 8 8 7 7 7 7 7 7 7 7 7 7 8 9 9 8 9 9 10 10 10 10 11 11 11 11 10 11 11 11 10 10 9 9 9 9 9 10 10 10 11 11 11 12 11 12 12 11 11 11 11 12 12 12 12 11 11 11 12 12 12 13 14 15 16 12 11 11 10 11 12 13 14 14 15 14 14 14 15 15 15 15 15 14 14 13 13 14 15 14 14 14 14 13 15 16 17 17 15 14 13 15 16 15 14 13 11 9 11 13 14 14 14 15 15 13 12 12 14 14 14 14 13 11 11 12 14 15 16 17 16 14 11 16 14 11 12 12 12 12 11 11 10 10 10 11 12 13 11 10 12 13 13 12 11 11 8 10 11 9 8 9 9 13 16 14 10 12 15 15 13 10 13 18 16 13 16 12 13 13 12 13 14 13 13 18 18 14 12 13 16 20 15 8 4 4 6 9 9 14 18 11 4 3 2 4 4 5 12 19 19 14 19 13 11 6 4 8 16 20 20 19 17 16 10 
5 5 5 5 5 5 5 5 5 5 6 6 7 8 7 7 7 8 7 7 6 8 9 9 8 8 8 9 9 8 8 8 8 8 8 8 8 8 9 9 9 9 10 11 11 12 13 14 13 13 13 14 14 14 14 13 12 12 11 12 12 13 10 10 10 11 11 12 12 13 13 14 13 13 13 14 15 15 14 13 13 12 12 13 13 13 14 15 16 17 13 12 11 11 12 14 15 15 15 16 15 15 15 15 16 16 16 17 17 17 16 15 16 16 16 16 16 16 16 16 17 18 17 15 14 15 19 20 18 16 16 14 12 13 14 15 16 16 16 15 13 12 13 15 15 14 14 13 12 12 12 13 14 16 17 14 15 12 12 13 10 11 11 11 11 11 10 9 9 9 9 11 12 11 9 10 11 11 10 9 10 10 13 14 12 11 11 12 18 23 19 13 15 18 16 19 18 17 18 18 17 16 12 14 14 13 14 15 14 13 15 15 13 13 15 16 19 17 11 6 5 6 7 13 19 13 5 3 4 4 2 3 5 8 25 26 15 16 15 14 8 4 7 13 18 19 18 17 16 10 
6 6 6 7 7 6 6 6 6 6 7 8 8 9 9 9 9 9 9 9 9 11 12 12 11 11 11 11 10 10 9 9 10 10 9 8 8 8 9 10 10 9 10 12 12 12 13 15 14 14 15 15 14 13 13 14 14 13 13 14 15 16 13 12 11 11 11 12 12 15 16 17 17 17 18 19 15 15 15 14 14 14 13 14 14 14 14 15 15 16 13 12 11 11 12 13 15 15 16 16 15 15 15 16 16 16 17 18 18 18 18 15 17 17 17 17 18 18 17 17 18 17 16 15 13 15 18 18 16 15 15 14 15 13 13 14 16 16 15 14 13 13 14 16 15 14 13 12 12 11 11 10 10 13 14 13 21 16 10 12 11 11 12 12 13 12 12 13 13 12 13 15 18 17 17 18 18 17 16 16 16 15 20 22 20 20 21 23 20 18 19 22 24 20 16 29 30 23 17 18 19 14 14 15 15 14 16 17 15 18 17 15 14 15 16 15 14 17 17 13 11 11 10 14 17 9 4 3 3 4 3 6 7 3 26 26 12 10 11 10 5 2 4 7 9 12 14 15 14 9 
8 8 7 8 9 8 8 8 8 9 9 9 10 11 11 11 12 12 12 12 13 13 13 13 14 14 13 12 13 14 14 13 12 11 12 12 13 12 11 11 12 11 11 10 10 12 14 14 14 14 14 15 15 15 16 14 14 14 14 14 15 16 13 14 14 14 14 14 15 18 17 17 17 17 16 15 16 14 14 14 15 15 13 12 12 14 15 15 15 17 16 14 13 12 13 12 11 15 15 15 15 15 17 18 17 16 15 13 13 15 18 16 17 19 20 18 15 15 16 17 17 15 14 13 13 16 16 21 21 15 12 10 13 12 11 23 16 11 48 10 7 8 10 22 18 14 38 31 15 38 24 13 16 18 18 20 21 19 18 18 15 17 20 20 19 18 19 20 20 20 22 23 22 21 21 20 19 19 20 25 29 28 27 28 30 29 28 29 20 18 20 26 28 25 21 22 26 25 20 18 17 16 16 15 14 15 17 18 17 19 18 16 15 16 16 15 17 20 18 17 17 12 11 12 11 6 4 3 6 4 5 12 7 2 13 15 6 3 4 4 2 2 3 3 4 4 5 6 6 4 
9 9 8 9 10 10 10 10 10 10 10 11 11 12 13 13 14 14 13 13 12 11 11 12 13 12 12 11 12 14 15 15 14 13 14 15 15 14 13 12 13 12 12 11 11 13 15 15 13 13 15 16 14 13 14 13 13 14 14 14 14 15 12 13 14 13 13 13 14 16 15 15 15 16 15 15 17 16 16 16 17 16 14 13 12 14 15 14 14 15 17 16 15 15 16 15 12 15 14 13 12 12 14 17 16 15 14 12 12 13 15 14 14 15 16 14 12 13 11 12 15 17 12 10 13 34 10 29 36 12 7 8 6 6 6 19 13 6 52 10 3 3 5 14 14 17 42 38 17 47 35 25 28 22 20 21 19 19 22 22 25 26 26 26 25 24 23 25 24 25 27 26 23 19 21 20 18 18 21 26 32 32 28 28 29 27 24 23 19 18 19 22 24 23 20 17 20 22 21 18 16 16 19 17 16 18 20 19 18 19 18 18 18 18 17 16 15 15 11 9 10 8 8 9 6 3 3 4 8 5 9 19 13 3 4 7 4 2 2 2 2 3 3 2 2 1 2 2 2 2 
10 10 9 10 11 11 11 11 11 11 12 12 12 13 13 14 14 14 13 13 12 11 11 11 12 11 11 10 11 13 14 15 15 15 14 15 15 14 13 12 12 12 13 13 11 12 14 15 14 16 18 18 15 12 13 12 13 14 14 14 14 14 12 12 12 12 12 13 14 14 14 14 14 14 14 15 16 17 17 17 16 15 15 14 13 13 14 13 12 12 14 13 13 13 15 15 13 13 12 14 12 10 13 17 15 14 15 16 16 14 12 12 11 11 11 10 9 11 11 10 13 13 6 4 8 31 4 21 28 5 3 4 3 4 3 8 6 3 30 8 2 3 4 6 8 13 20 22 10 26 26 23 24 15 14 13 13 13 17 19 27 23 20 18 18 17 16 17 17 18 22 24 22 18 19 19 18 17 19 22 25 25 22 23 24 22 19 18 20 18 17 18 20 19 18 19 19 20 23 24 22 20 20 20 21 22 23 23 22 25 22 18 16 14 11 10 8 7 4 4 4 15 16 14 11 5 4 5 7 4 6 18 21 9 5 5 4 9 13 11 6 4 3 3 2 2 2 3 2 2 
11 11 11 11 12 11 12 12 12 12 13 13 13 13 14 14 14 14 14 14 15 14 14 14 14 13 13 12 12 13 13 14 15 15 14 15 15 14 13 12 12 14 14 12 11 12 14 15 15 15 16 16 13 12 13 12 13 13 14 14 14 13 12 12 12 12 13 13 14 12 12 12 12 13 13 14 12 13 13 12 11 11 11 11 10 10 11 11 11 11 11 11 10 10 12 13 11 12 11 15 14 11 14 16 18 19 22 24 23 19 14 14 15 15 15 13 12 13 15 15 12 6 2 1 3 11 2 7 9 2 2 2 5 5 3 3 3 1 12 5 3 4 4 4 8 6 5 9 7 11 16 16 14 13 12 11 12 12 12 13 15 11 8 7 7 7 6 6 7 9 14 20 22 20 19 19 19 18 17 18 19 20 20 22 25 25 24 24 22 19 17 18 19 20 20 23 21 21 25 27 24 20 21 22 23 24 25 25 26 24 20 15 11 8 6 5 5 4 4 5 5 24 21 25 23 9 7 8 9 7 10 19 29 28 27 30 32 32 38 30 13 5 4 4 2 3 3 3 3 2 
13 13 12 13 13 12 12 12 12 13 13 13 13 15 15 15 16 16 16 16 16 15 15 15 14 14 14 15 15 14 14 14 14 15 15 15 14 14 13 13 13 14 13 12 12 13 14 15 12 12 12 12 10 10 11 11 12 12 13 13 12 11 12 12 11 11 11 11 11 10 10 11 13 16 18 17 14 13 11 10 9 9 9 10 10 11 12 11 12 14 14 14 13 13 15 16 14 18 15 20 19 15 19 18 20 23 27 30 29 24 20 20 23 24 24 22 20 20 22 23 14 5 2 3 3 3 3 2 3 3 2 4 4 5 5 3 4 2 5 6 5 6 4 4 12 7 5 9 15 17 21 20 17 24 24 23 23 19 10 8 5 4 3 3 3 4 5 6 5 6 11 17 20 20 17 18 19 18 17 16 16 19 21 23 25 25 26 25 21 19 18 18 20 22 22 25 24 23 25 26 24 21 23 23 23 23 24 25 28 25 21 17 15 14 13 13 14 13 12 14 11 29 18 28 28 12 11 15 22 30 43 37 37 40 38 37 39 32 33 24 11 5 4 3 3 4 5 4 3 3 
14 13 13 14 14 12 12 12 13 13 13 13 13 15 15 15 15 15 15 15 14 14 14 13 13 13 13 14 14 13 12 12 13 14 13 13 12 12 12 12 12 12 11 11 12 13 12 11 10 9 9 10 10 10 10 10 11 11 12 11 11 10 12 11 11 11 11 10 9 11 11 13 18 22 24 22 23 19 16 14 14 15 15 14 15 17 18 17 17 20 19 20 19 19 21 22 21 23 19 24 20 19 28 24 19 22 27 30 29 26 24 26 27 26 24 22 21 20 25 25 20 12 5 3 3 3 2 3 4 2 2 5 3 4 5 3 5 6 7 10 8 13 13 11 16 13 9 11 27 33 37 35 33 40 42 40 44 32 11 5 3 3 3 3 3 4 5 9 8 7 9 12 14 14 13 14 15 15 14 14 15 16 17 18 18 19 19 19 21 21 21 22 23 24 24 22 23 24 25 25 25 26 26 25 25 25 28 32 35 35 35 35 36 35 33 31 28 24 20 20 14 25 13 22 27 16 14 16 24 32 43 33 27 26 22 16 15 12 10 8 7 8 8 8 9 11 12 12 12 12 
13 12 12 14 14 12 13 13 13 12 12 12 12 13 13 12 12 11 11 11 11 12 12 12 11 11 12 11 11 10 10 10 11 11 11 10 10 10 11 11 11 11 10 11 11 11 11 13 14 10 9 10 11 11 12 12 13 13 14 14 14 14 14 14 15 17 18 17 16 18 19 22 24 25 24 23 23 21 18 17 17 17 18 17 17 20 23 24 23 24 24 25 24 22 24 25 25 26 29 40 31 30 47 39 24 26 30 33 33 31 28 27 27 24 19 17 16 14 20 20 22 17 7 3 3 4 2 3 3 2 3 2 8 6 4 3 5 12 16 22 17 26 27 25 25 33 21 18 43 54 57 61 56 61 64 61 72 54 17 5 3 4 5 4 4 4 5 9 8 7 7 8 9 9 10 11 12 12 12 13 14 14 16 17 16 18 20 20 26 28 32 34 35 34 33 29 29 28 25 23 23 24 22 21 21 22 26 31 33 36 39 43 48 50 49 47 40 37 31 27 21 21 13 17 25 24 24 23 27 24 16 15 11 10 9 9 11 17 20 23 23 21 21 22 27 30 30 30 31 32 
11 11 12 14 15 13 14 13 13 12 12 11 11 11 11 10 10 10 10 10 9 10 10 10 10 10 11 10 10 10 9 10 10 11 12 11 10 11 13 13 13 14 13 13 14 15 25 42 49 30 17 15 15 16 16 18 18 19 21 22 23 24 20 20 22 25 26 24 22 22 27 31 29 24 22 22 16 17 17 16 15 16 17 18 16 21 31 38 37 35 34 35 32 29 29 30 29 32 49 72 54 46 66 49 33 32 34 36 37 31 26 25 28 28 25 24 23 20 18 24 24 15 7 3 4 5 3 3 3 4 4 2 9 6 4 4 6 21 27 36 43 63 60 71 65 81 53 39 70 80 79 93 79 92 91 83 98 75 23 7 4 5 5 6 6 6 6 8 8 9 9 10 11 12 14 14 14 14 14 15 17 17 20 21 20 22 26 27 31 37 46 52 54 52 50 51 49 45 39 35 33 32 24 21 18 18 19 19 18 22 23 25 30 35 38 39 41 46 46 45 45 40 39 28 30 30 30 30 41 34 35 34 27 17 14 14 13 22 28 35 39 38 37 37 44 46 44 43 45 46 
12 10 10 18 22 22 15 14 18 14 12 12 11 12 10 11 13 12 12 12 12 11 11 13 13 11 13 12 14 15 15 14 13 12 18 23 19 17 17 16 15 20 19 15 16 20 55 97 111 73 35 24 22 25 27 31 28 29 30 30 30 33 28 28 29 31 30 27 26 27 31 33 30 25 23 24 16 18 19 18 17 19 21 23 20 25 40 56 57 50 42 44 40 34 32 31 31 28 45 66 51 39 46 32 31 28 27 29 29 23 19 29 33 37 37 40 41 35 31 38 31 13 5 4 4 4 3 2 4 5 3 3 4 4 5 5 8 29 46 54 89 136 132 155 144 148 121 91 97 101 102 111 100 115 109 100 110 86 25 6 4 5 5 7 9 9 9 9 10 13 15 15 17 20 22 22 20 21 22 22 22 21 24 24 21 23 26 26 29 34 43 51 55 54 53 61 61 60 59 59 60 60 51 45 40 39 38 35 33 28 27 25 24 24 24 23 26 34 41 46 54 51 56 52 47 40 34 29 33 26 45 46 42 34 31 25 16 11 11 17 26 36 42 46 52 52 47 43 43 38 
21 14 10 28 40 44 19 16 29 17 12 12 13 15 13 16 24 23 25 18 20 15 15 21 21 17 21 16 18 21 20 17 15 14 33 46 36 29 29 24 21 31 27 14 14 16 74 128 134 101 43 28 23 33 39 46 42 41 38 31 28 33 36 37 43 46 41 35 35 38 35 32 30 28 26 24 20 21 20 19 20 23 25 26 23 24 36 54 57 45 33 36 33 26 22 21 21 21 20 20 23 21 18 23 28 27 26 29 28 24 27 45 44 45 45 49 53 44 42 43 36 15 7 4 5 3 3 4 4 4 4 3 3 5 5 4 7 28 61 70 117 178 172 189 191 184 189 153 115 117 122 115 128 130 121 117 119 102 31 8 3 6 5 6 7 7 9 9 10 13 16 17 18 22 32 39 39 39 40 36 38 35 35 33 30 30 31 29 19 15 16 22 27 29 31 39 42 47 51 53 57 59 58 56 56 59 63 64 63 53 56 55 51 49 46 41 38 36 33 32 32 34 35 45 49 55 57 52 45 40 36 33 33 37 40 37 33 23 18 13 10 15 28 42 50 54 51 48 44 34 
25 16 9 26 43 47 22 22 35 21 17 15 19 21 23 28 39 46 53 39 29 27 23 25 29 30 31 27 17 13 11 9 12 20 52 58 46 45 52 47 42 48 32 16 13 16 61 111 109 87 43 28 21 29 36 40 46 47 40 29 24 26 45 55 71 78 64 45 34 39 37 35 35 33 27 22 20 21 23 23 23 25 26 27 25 24 29 38 36 27 21 23 21 16 14 14 13 15 15 13 16 17 20 31 40 40 38 42 42 37 41 60 61 67 64 61 64 61 56 58 47 18 7 5 5 5 5 4 4 3 4 4 5 6 8 9 11 20 34 41 83 133 125 133 135 135 145 130 123 128 129 131 147 158 138 121 124 114 38 8 4 6 4 6 6 7 7 10 9 9 11 12 13 15 44 70 78 70 63 61 69 64 58 51 50 52 47 38 14 11 10 11 12 14 17 19 21 23 24 26 28 29 33 34 37 43 49 51 50 48 51 53 53 55 55 53 53 51 49 48 48 48 48 42 43 45 47 49 51 51 57 53 46 36 30 31 38 42 39 31 20 12 10 11 28 35 46 51 52 48 
15 10 4 14 26 28 24 21 26 25 33 29 33 46 54 57 60 68 88 78 77 63 47 52 75 75 49 25 14 10 9 7 10 22 64 64 55 55 61 59 59 52 29 18 13 17 43 78 104 86 50 31 22 29 39 25 31 42 49 45 33 23 55 68 86 92 73 47 32 37 37 40 44 42 32 23 22 24 26 27 27 26 27 28 25 22 21 22 18 13 12 12 11 9 8 8 7 5 6 10 23 34 37 45 57 55 51 54 55 48 49 77 78 90 88 80 85 89 80 82 65 22 7 5 3 4 5 4 4 4 5 7 10 9 13 17 18 19 24 29 62 95 97 106 104 97 78 85 113 127 125 135 146 149 136 123 128 121 43 8 9 11 13 20 14 9 7 10 8 8 11 13 15 15 39 71 89 90 91 84 81 74 79 80 74 58 36 20 13 14 16 18 16 14 14 15 16 17 18 17 18 18 19 19 20 21 21 19 17 21 23 23 24 26 29 27 26 28 32 36 41 44 46 52 49 45 42 41 41 40 37 44 53 56 47 34 25 39 44 45 35 23 16 14 11 18 35 41 42 47 
9 7 4 7 10 9 9 9 11 21 41 42 52 98 117 124 120 111 133 130 124 101 76 79 113 106 54 10 8 8 9 9 15 31 73 75 72 65 59 59 65 47 23 18 14 24 44 76 111 94 65 42 31 37 53 39 40 53 66 58 38 26 50 54 60 59 49 35 26 29 33 44 56 59 45 31 27 28 28 25 22 20 19 14 13 11 10 9 8 6 9 9 8 7 8 7 5 4 4 9 33 60 66 70 89 84 74 78 80 67 61 97 93 103 102 95 101 105 98 100 82 27 8 6 4 3 3 4 5 6 8 11 16 13 16 23 22 22 26 31 61 83 94 108 102 88 38 49 89 111 110 121 122 120 119 114 117 116 58 24 38 41 52 64 36 13 9 9 11 14 18 22 25 26 38 71 92 99 106 97 86 85 89 84 62 37 20 14 19 19 19 18 18 20 22 18 20 22 22 21 19 19 22 23 25 27 29 29 29 27 28 28 28 31 34 34 34 34 33 33 32 32 32 31 32 33 34 34 32 31 34 27 23 24 29 32 32 21 28 35 36 31 26 24 8 16 36 36 30 36 
6 6 6 5 4 3 5 7 5 4 6 5 11 17 26 47 68 65 69 65 56 64 59 41 41 40 19 8 10 11 10 14 29 52 77 77 78 71 62 58 55 44 22 22 19 34 51 84 73 65 58 43 34 36 51 41 41 53 56 39 26 30 32 30 28 27 26 24 21 24 30 44 60 65 51 35 25 24 20 16 12 11 10 8 8 8 8 8 9 10 10 10 10 10 11 11 9 9 6 8 31 72 111 151 170 164 152 162 170 148 131 120 108 111 111 111 117 114 105 106 93 34 9 7 6 4 4 5 7 10 11 12 15 12 15 20 20 20 25 34 72 89 99 108 104 98 49 53 84 105 107 118 116 114 115 107 102 108 88 73 103 94 105 106 50 14 14 17 23 31 37 40 43 44 54 87 100 96 94 91 94 91 70 45 29 23 26 32 39 41 41 38 35 36 38 29 34 39 42 40 37 35 30 30 31 32 34 36 38 43 45 45 45 50 54 54 53 50 43 37 33 30 28 21 24 26 28 29 28 27 25 25 24 22 20 21 22 18 18 19 20 20 19 17 14 27 54 50 34 33 
8 8 11 9 10 9 11 13 11 13 17 18 25 17 16 29 54 63 70 63 43 55 62 41 29 30 18 12 16 17 13 14 24 38 50 44 46 47 47 41 26 31 24 32 32 35 35 43 35 34 43 42 38 35 43 43 45 61 71 56 39 38 23 22 21 21 24 24 22 24 27 33 40 39 28 18 12 11 10 9 8 8 9 12 12 12 12 11 12 15 13 14 14 15 17 17 14 11 9 8 18 43 89 159 182 189 186 199 210 190 173 131 121 123 128 142 154 139 122 116 108 41 9 7 6 7 7 7 9 11 11 10 9 9 13 16 16 17 20 34 85 98 100 98 101 111 106 94 103 116 121 126 131 112 116 110 100 94 95 96 96 83 79 77 38 19 27 40 52 62 64 64 63 62 85 93 88 90 94 89 88 66 46 35 37 45 54 61 60 68 71 66 58 50 44 43 50 59 63 62 60 57 57 55 51 45 41 39 40 36 37 34 32 33 34 34 30 28 26 24 23 23 23 27 26 25 23 22 22 22 30 25 21 23 26 26 26 23 21 19 21 24 25 25 25 43 71 68 48 36 
25 24 30 29 33 30 33 35 33 40 45 44 43 76 63 55 60 61 71 64 44 41 50 43 37 39 25 15 17 19 18 13 13 17 23 22 26 26 28 27 12 20 23 38 39 30 23 20 34 30 42 45 46 40 45 45 48 52 53 46 31 18 26 26 25 25 28 27 23 19 18 18 18 15 11 8 7 8 8 9 10 11 13 14 14 14 14 11 9 10 13 15 16 17 19 19 17 14 14 12 12 15 24 49 93 114 117 118 116 103 99 125 128 133 135 157 171 142 135 121 119 50 9 6 6 9 9 9 10 10 10 10 8 10 13 16 20 23 25 44 96 100 107 109 112 119 141 123 111 118 116 106 112 91 89 92 87 73 73 73 60 66 61 66 54 52 66 83 91 93 91 92 91 86 113 99 89 102 104 80 66 43 41 48 64 70 67 63 54 51 41 33 33 37 37 40 44 49 50 49 48 47 46 48 47 45 42 41 43 34 35 32 28 28 27 25 26 26 26 26 25 25 24 28 28 28 29 32 36 38 34 30 32 41 49 46 37 42 43 46 51 56 58 59 48 61 73 72 60 42 
54 48 49 44 48 37 35 52 63 66 61 69 80 75 80 68 53 46 61 57 38 29 39 39 36 43 34 32 26 29 33 27 25 35 19 25 32 27 26 30 17 19 22 32 35 28 30 34 34 24 31 31 34 28 33 45 58 48 28 26 31 29 31 30 28 26 28 25 19 11 10 9 9 9 9 9 12 12 13 13 13 14 15 14 15 16 17 14 11 12 11 13 14 15 17 17 16 19 20 20 23 23 25 38 95 128 135 120 103 90 90 122 133 135 124 135 141 106 125 111 119 54 11 8 10 8 9 9 9 9 10 12 11 13 15 20 29 37 40 62 105 96 120 137 134 122 113 107 93 97 90 68 70 72 58 56 58 53 64 69 81 110 105 114 122 124 121 119 118 110 108 117 121 113 94 98 101 101 73 42 35 31 30 31 32 29 30 36 38 41 40 38 39 37 32 38 38 39 37 34 33 33 39 42 44 42 38 37 37 32 34 33 32 33 33 32 33 36 42 48 52 55 56 58 61 65 69 72 74 75 74 83 88 82 77 80 87 81 89 96 95 88 81 77 90 86 73 73 70 51 
61 59 50 55 61 56 55 61 67 59 55 65 66 50 53 72 71 49 50 70 44 36 42 53 49 36 31 33 30 28 27 28 28 28 28 25 25 27 30 29 26 23 25 26 27 26 24 22 29 30 29 25 25 33 46 44 49 57 41 34 29 37 28 20 16 14 12 11 11 9 13 13 15 15 10 11 12 11 11 12 13 15 15 12 15 22 27 21 14 13 11 12 13 14 16 17 17 15 17 17 17 27 27 32 104 86 87 98 73 38 35 102 106 125 123 107 132 112 110 106 116 59 18 10 17 21 23 28 35 44 54 60 81 91 102 119 138 141 128 49 42 85 76 88 87 82 68 65 66 73 83 88 89 93 103 118 133 140 141 140 138 142 143 136 128 123 122 141 128 116 114 115 112 106 110 102 81 65 64 63 54 54 42 53 36 41 49 52 73 44 57 70 48 64 68 55 55 56 53 62 61 60 58 58 58 61 65 69 72 76 79 82 85 87 87 87 92 93 93 93 91 90 90 89 84 85 91 97 95 88 77 89 92 87 87 90 88 82 86 90 93 93 94 96 91 86 97 104 79 45 
56 55 48 42 45 55 70 80 80 53 31 28 27 21 26 44 52 43 43 50 36 31 36 40 31 22 22 29 28 27 27 29 30 30 27 26 26 28 30 31 29 23 26 29 31 29 26 23 25 28 29 27 27 33 39 37 39 42 29 22 17 21 16 12 10 10 9 9 10 10 10 10 10 10 9 13 6 6 7 10 11 13 16 25 23 31 44 41 26 15 11 11 11 11 12 13 14 16 19 21 18 20 25 52 84 89 112 106 73 56 54 94 79 106 123 102 110 128 126 88 88 74 73 73 74 95 106 125 145 161 170 174 155 162 159 151 147 139 127 54 49 77 70 75 75 70 87 90 92 93 94 96 97 86 89 95 99 100 99 97 104 109 111 105 103 112 126 124 117 112 113 113 107 101 90 83 69 58 54 52 49 52 37 55 60 51 53 52 52 47 42 43 43 64 85 109 93 91 90 96 90 96 101 99 98 97 98 100 102 93 95 97 99 100 100 99 98 99 99 98 98 96 96 97 94 95 100 104 103 100 106 100 93 95 107 108 98 92 95 98 98 98 97 97 105 96 95 87 61 38 
40 45 45 35 39 63 66 69 75 71 63 56 42 27 29 39 40 33 29 25 29 28 31 30 21 16 19 28 27 27 28 29 29 28 27 26 27 28 29 29 29 28 29 31 31 28 26 23 27 29 31 30 29 29 30 25 24 25 17 13 9 10 10 9 9 10 10 9 9 8 8 9 9 8 9 9 15 13 13 14 12 12 16 30 29 34 37 29 19 15 9 10 13 15 15 14 13 18 17 16 15 18 29 81 95 88 108 108 105 122 117 111 119 138 137 135 132 137 96 108 144 145 146 154 167 155 159 164 164 155 143 134 130 141 142 135 135 138 141 92 91 96 91 87 84 81 64 68 70 66 61 59 61 53 53 52 50 49 48 47 42 47 51 51 56 74 96 115 109 102 95 86 73 62 39 37 35 34 34 35 39 36 20 26 40 34 34 34 35 31 26 25 34 53 100 94 92 110 110 105 99 119 107 106 104 102 102 101 101 103 104 105 107 107 106 106 104 105 105 105 104 103 103 105 104 103 103 103 102 101 105 99 95 101 112 113 102 102 104 108 111 113 112 111 113 99 83 62 38 25 
27 31 34 28 31 52 74 70 77 80 80 70 48 30 29 32 31 31 34 28 26 26 29 28 21 19 25 29 29 28 28 28 27 25 28 28 28 26 25 25 25 29 28 27 27 28 29 29 31 30 29 27 26 23 21 14 14 14 11 9 8 8 9 9 10 10 10 9 9 10 11 13 12 14 20 14 10 11 12 12 13 17 22 25 20 17 14 9 7 9 10 10 12 13 12 10 10 14 10 10 15 25 28 50 107 103 106 107 114 131 133 123 142 140 127 155 165 171 169 162 162 150 146 146 144 139 139 138 136 132 127 123 127 127 119 106 100 102 105 72 79 62 61 54 51 50 52 54 56 53 49 48 48 50 50 49 48 46 45 45 44 46 43 38 36 42 52 59 58 59 59 57 51 46 42 41 48 54 54 58 70 68 47 30 50 90 96 106 82 37 40 39 40 58 120 113 106 115 110 112 104 106 106 105 105 105 105 106 106 104 105 105 107 108 108 108 109 108 107 106 107 107 107 109 109 108 105 101 100 100 99 110 119 119 116 111 108 110 108 107 105 102 98 95 80 71 57 40 26 21 
48 48 47 43 43 51 56 61 65 53 40 36 29 25 25 27 25 28 34 32 26 26 28 29 26 27 33 30 29 28 29 28 26 25 28 28 28 26 24 24 25 27 27 28 29 31 32 33 29 24 20 18 17 15 13 9 9 9 9 9 9 8 8 9 10 10 10 10 9 10 11 12 10 18 30 21 12 17 18 17 27 41 47 31 17 11 11 13 14 17 18 16 17 21 26 32 40 52 51 56 71 85 54 36 72 118 131 126 124 123 145 143 147 157 165 160 132 132 125 123 118 119 119 117 115 121 123 127 130 132 133 133 113 103 90 77 69 66 66 66 76 52 57 51 49 51 51 49 49 51 52 54 53 59 60 61 61 61 60 59 61 66 71 77 84 92 96 88 89 92 96 99 99 99 103 101 109 115 109 109 123 113 101 49 42 118 107 96 135 43 41 32 28 44 79 42 40 46 60 100 122 108 111 111 113 113 113 113 113 110 110 110 111 112 114 115 113 111 110 110 110 111 112 110 114 119 120 120 121 124 139 149 155 146 129 115 110 107 97 85 75 65 57 51 41 37 33 29 26 25 
42 39 36 35 34 32 32 36 40 32 26 28 27 29 29 31 27 25 28 26 28 26 26 28 28 30 34 29 28 27 28 29 29 27 28 28 28 28 28 28 27 30 31 32 31 28 25 22 19 14 11 10 10 10 9 8 8 7 9 9 10 9 9 10 12 12 12 13 13 12 16 16 14 20 26 19 17 24 24 25 38 55 59 48 36 33 39 46 53 61 78 78 90 106 113 119 132 151 151 148 145 139 84 48 50 113 122 106 118 122 123 107 107 99 103 96 83 63 41 51 67 99 109 110 115 111 115 119 119 114 107 101 75 68 65 64 65 68 72 70 82 63 73 72 71 74 86 82 81 87 96 100 99 102 104 107 109 109 108 107 118 119 122 124 121 114 106 125 124 123 122 121 121 121 132 131 135 137 131 129 135 142 148 80 30 107 87 50 138 63 37 23 33 58 66 21 44 70 75 108 130 116 127 127 128 127 125 123 121 122 122 121 121 122 123 124 123 122 120 120 121 123 125 121 128 139 149 156 159 160 185 165 150 139 123 103 90 83 70 57 47 40 33 29 25 24 24 26 28 28 
31 31 29 29 29 28 31 28 29 28 30 34 29 28 27 31 31 29 31 29 28 26 26 27 27 29 33 29 28 27 28 29 30 30 29 28 28 29 30 30 29 29 28 26 22 18 14 11 12 9 7 7 8 8 8 9 10 9 11 10 12 10 12 14 15 14 16 18 19 20 24 27 26 22 22 28 54 58 64 73 86 101 110 119 119 127 131 125 128 146 143 140 148 155 141 127 127 114 106 105 100 94 61 44 39 93 93 56 77 100 61 44 47 32 34 45 73 42 34 28 33 82 113 111 103 109 115 121 125 123 117 112 86 84 87 90 90 95 105 100 108 100 112 115 112 112 108 107 108 113 119 123 123 125 126 126 128 130 132 135 129 133 138 141 140 135 130 129 132 136 139 143 149 153 148 150 151 153 156 157 154 150 162 103 32 120 134 72 106 96 42 29 70 111 96 22 86 167 161 162 179 182 178 178 177 174 169 164 160 152 150 147 144 142 142 143 143 141 139 139 141 144 146 144 150 160 171 174 170 161 161 135 117 109 96 78 67 56 46 37 32 30 28 26 26 25 25 25 27 27 
27 29 28 25 27 31 29 29 29 26 26 30 29 28 23 27 29 27 29 28 27 27 28 27 26 28 34 32 30 28 28 29 29 29 31 28 27 29 30 29 26 20 18 14 11 10 9 9 9 8 8 9 10 9 8 11 13 11 13 11 15 13 14 17 17 16 18 21 22 20 18 18 19 14 17 53 144 127 133 143 131 121 132 129 116 116 119 109 97 96 81 72 72 74 68 66 74 43 37 46 60 62 45 40 20 73 91 37 59 112 42 25 36 51 89 86 100 43 30 30 42 99 118 108 110 121 122 122 123 124 125 126 116 119 126 123 115 119 137 124 127 128 136 138 131 125 130 136 140 140 138 138 141 144 141 139 142 148 156 163 153 160 164 163 160 162 166 175 178 183 184 184 186 188 186 191 188 188 202 206 193 216 207 141 53 145 216 146 127 182 94 92 170 211 186 56 131 228 223 216 223 227 226 226 225 222 216 209 205 194 188 182 176 171 169 169 163 160 158 158 160 165 167 172 170 171 175 168 150 133 106 100 97 91 76 64 61 43 34 27 24 26 26 26 27 27 25 25 26 28 
26 27 26 26 27 29 26 26 27 25 25 27 28 29 27 27 26 28 30 29 30 27 25 25 26 29 32 29 28 27 27 28 29 30 31 29 25 22 20 18 16 9 8 8 9 9 8 10 10 10 10 11 11 12 13 13 14 16 19 17 19 21 24 26 28 31 37 41 43 45 57 42 27 25 34 66 132 120 119 120 108 98 102 100 69 66 88 80 47 41 66 73 31 34 30 67 49 31 22 32 57 48 38 35 27 78 89 37 52 109 63 21 44 55 93 91 90 38 28 41 51 100 127 131 126 135 133 132 133 135 137 137 139 141 143 142 139 140 147 153 153 155 158 161 161 160 168 173 177 176 173 173 175 180 182 185 189 193 196 199 201 205 208 209 210 213 217 224 223 223 225 227 228 228 229 233 230 228 236 239 233 237 233 177 71 167 247 215 164 148 87 126 206 236 196 56 118 228 221 219 227 225 224 227 226 230 233 230 232 232 231 228 222 216 212 212 211 187 191 190 192 192 206 182 170 156 141 125 123 100 81 83 91 89 69 50 43 29 27 27 27 27 27 25 26 27 26 26 26 27 
26 26 26 26 27 28 25 25 26 26 27 28 28 26 28 28 27 28 29 27 31 28 26 25 26 27 28 26 27 29 30 29 27 25 22 19 15 12 10 9 7 7 8 9 8 7 9 13 14 14 15 17 17 17 19 21 24 34 46 55 66 80 73 74 76 79 82 82 82 92 90 68 56 60 65 76 103 102 100 99 97 96 96 94 45 53 105 102 47 33 102 92 32 32 27 75 60 47 55 43 54 42 29 33 34 72 55 23 31 57 54 30 50 38 55 62 77 52 49 61 69 106 123 127 120 132 135 144 155 165 170 171 180 179 179 180 181 181 182 191 191 192 195 198 202 204 214 216 219 220 221 221 221 225 229 232 235 236 236 235 239 240 240 241 242 242 244 246 242 238 240 242 242 240 235 236 230 223 224 224 220 208 212 158 53 118 194 206 123 63 46 133 186 185 169 36 79 187 200 203 202 196 206 208 210 217 223 224 225 225 227 230 229 225 221 218 230 205 210 193 179 167 179 164 141 120 102 86 97 81 72 74 83 80 57 38 35 24 26 28 29 29 27 26 27 26 27 26 26 26 
26 26 26 27 27 28 26 26 26 27 28 28 28 25 27 28 27 28 28 26 29 28 27 28 28 28 27 26 28 29 27 23 18 15 12 9 7 7 6 5 6 8 11 12 11 12 16 19 26 21 20 23 25 27 30 31 33 39 46 51 58 68 65 69 76 85 93 99 102 111 97 93 98 102 108 113 99 104 104 103 108 111 108 105 46 53 111 107 53 27 62 52 31 44 38 53 50 40 71 56 62 54 32 40 63 72 61 58 72 83 88 102 116 84 81 93 122 119 112 110 124 152 144 143 143 150 161 179 197 209 214 214 229 229 228 227 226 226 226 232 232 233 234 236 238 238 243 243 244 245 246 245 241 244 245 246 246 244 243 241 235 233 230 226 222 218 217 215 209 203 201 200 197 194 185 185 178 169 167 165 160 145 149 102 29 60 122 146 110 57 38 127 161 151 150 38 67 163 200 205 191 185 193 191 198 201 203 208 205 207 207 211 216 216 209 201 197 189 188 153 130 117 119 121 99 84 76 65 77 74 68 69 64 51 35 27 29 25 26 27 28 28 27 26 27 27 27 27 27 27 
27 27 27 27 28 28 27 27 28 28 28 29 29 27 27 26 26 27 28 28 28 28 28 29 29 27 25 24 22 20 16 12 9 7 8 5 6 7 7 9 13 15 18 17 15 20 23 20 26 23 24 28 28 27 27 28 30 35 41 45 49 53 66 71 78 87 96 104 109 117 111 126 127 119 126 128 105 113 111 107 114 119 112 109 69 66 111 117 97 62 58 55 67 98 90 74 70 75 95 95 110 114 98 113 106 113 134 133 127 138 144 160 178 160 151 168 186 190 197 182 201 213 193 200 202 202 214 228 236 241 242 241 251 249 246 241 238 236 235 240 240 240 239 237 235 234 229 221 217 217 216 210 200 200 199 197 195 191 188 186 177 173 168 162 155 150 147 142 137 131 128 125 122 119 111 112 108 103 103 103 100 94 99 67 36 57 101 107 132 117 74 126 161 169 168 83 101 177 210 216 202 199 196 197 204 204 202 207 205 205 199 198 204 207 198 187 166 165 156 116 103 99 98 89 77 73 73 57 61 66 73 71 47 25 22 25 24 26 26 27 27 27 27 27 27 27 27 27 27 27 
27 27 27 27 28 29 28 28 28 29 29 29 29 27 27 26 26 27 28 29 30 28 26 24 22 19 17 14 12 9 7 6 6 6 8 6 9 11 12 16 27 45 43 30 22 28 33 27 26 27 29 31 28 26 27 38 44 55 68 77 83 85 106 109 112 115 119 127 135 136 137 150 136 123 127 111 115 124 121 116 123 127 118 119 109 99 122 129 137 109 128 123 112 137 138 135 139 151 142 148 155 165 153 174 153 186 189 180 180 190 206 201 212 213 204 221 221 225 230 214 231 222 207 222 218 225 234 239 237 234 232 232 230 225 218 210 204 200 199 196 196 194 190 185 180 178 167 156 149 148 147 137 126 125 123 120 116 112 110 108 104 101 97 93 87 84 82 82 77 74 72 70 68 66 59 62 62 63 69 74 73 75 80 64 65 88 114 101 123 141 125 148 169 172 191 148 161 201 207 213 210 208 198 204 209 208 206 204 207 210 199 192 195 198 192 181 162 158 143 107 105 104 98 76 75 74 73 47 40 47 65 55 30 16 22 30 26 27 27 26 26 26 27 27 27 27 27 27 27 27 
27 27 27 28 28 29 29 29 29 29 29 29 29 27 27 29 30 29 27 27 27 23 19 16 13 11 9 7 6 6 7 8 9 11 11 12 16 18 17 22 36 74 80 61 38 36 43 43 38 39 41 41 41 49 63 73 82 95 107 117 118 113 121 124 127 128 132 143 155 161 172 172 144 134 140 118 128 134 136 136 143 149 146 141 142 136 149 146 146 150 144 167 146 151 168 181 188 174 178 185 163 177 156 176 172 190 168 152 173 204 213 215 209 206 196 207 199 200 189 183 194 177 175 183 172 185 190 189 183 177 174 177 174 167 158 149 143 139 139 128 128 126 121 115 110 107 99 92 88 87 87 81 74 73 71 68 64 62 60 58 59 58 56 53 50 48 47 52 49 47 46 46 45 43 38 42 46 51 61 69 71 72 79 69 81 99 113 107 113 130 161 172 175 153 181 179 198 205 194 201 205 200 184 195 197 196 192 186 191 211 198 190 191 194 191 184 169 158 142 112 111 99 81 75 78 71 66 39 27 34 43 28 17 18 25 28 28 27 27 26 26 26 26 27 27 27 27 27 27 27 
27 27 27 28 29 29 28 29 29 29 29 29 29 28 28 30 31 27 23 21 17 15 12 11 10 9 8 7 8 9 11 12 13 14 16 18 21 21 20 24 32 65 88 84 54 39 40 44 45 53 66 75 77 84 99 111 118 123 127 132 127 116 104 113 124 134 146 166 182 198 216 196 152 136 141 140 143 142 149 158 162 166 174 167 157 147 148 141 118 154 86 145 152 134 146 141 148 116 130 137 105 126 115 139 113 100 114 86 84 159 161 159 152 150 151 156 152 149 140 139 147 139 144 129 118 116 118 116 108 102 101 106 108 102 95 89 85 83 83 76 75 75 72 68 64 62 58 56 56 56 56 54 51 49 48 45 42 40 40 39 39 39 37 36 35 34 33 38 36 35 35 35 35 34 34 38 42 48 58 66 68 74 81 72 76 87 92 103 113 120 150 154 165 149 157 156 176 171 168 175 173 170 161 172 175 171 165 159 164 181 174 170 169 169 165 161 154 139 129 107 102 82 60 77 79 67 66 47 35 42 33 18 18 27 28 25 28 27 27 26 26 26 26 26 27 27 27 27 27 27 
27 27 27 28 29 29 29 29 29 28 28 28 28 29 24 22 21 17 15 15 11 11 10 11 11 11 10 9 10 11 12 13 13 13 15 16 17 17 17 18 18 30 58 74 61 49 50 57 74 82 99 112 112 112 118 139 145 145 147 155 155 144 136 152 170 183 195 212 229 238 227 183 151 138 132 145 149 139 148 160 155 153 167 158 145 109 80 78 55 103 42 102 130 78 72 51 66 65 36 48 31 45 53 72 67 33 74 57 38 131 138 125 126 125 133 130 133 132 134 125 132 133 129 87 78 62 65 66 62 59 60 64 65 61 56 52 51 51 52 49 50 51 50 48 45 43 42 43 44 43 43 42 42 38 37 34 33 31 31 31 32 32 31 31 30 29 29 33 32 31 31 31 31 30 34 37 40 43 50 56 57 63 68 63 64 73 67 78 87 88 95 99 110 115 109 106 113 107 117 121 113 116 116 123 128 123 115 113 115 117 118 118 115 109 103 98 100 88 86 75 74 60 46 61 63 51 58 50 39 41 28 24 26 29 29 27 27 27 27 27 27 26 26 26 27 27 27 27 27 27 
28 28 28 28 29 30 30 28 28 28 28 28 27 27 23 18 13 11 11 12 10 11 12 12 12 11 10 8 9 9 10 11 11 11 9 10 11 10 11 11 11 20 37 60 72 75 84 97 122 118 111 115 133 148 146 158 178 193 202 218 225 217 224 231 231 225 218 214 212 210 176 139 138 144 133 140 139 129 134 141 134 130 140 117 106 65 31 36 34 76 38 88 132 73 63 54 57 73 43 63 56 56 61 65 111 60 76 76 72 121 121 140 139 131 132 120 122 122 135 125 130 127 101 56 53 39 42 45 45 44 46 49 45 44 40 38 38 38 40 40 41 42 43 41 38 37 37 38 38 38 37 36 37 33 32 31 31 31 31 32 34 33 33 32 31 31 31 35 34 34 34 35 34 34 33 36 37 39 42 45 44 41 43 43 46 52 41 43 56 49 50 54 47 52 49 62 61 57 67 67 60 64 60 63 67 64 59 58 58 60 63 66 63 56 50 46 45 39 41 39 41 37 33 34 35 28 35 34 27 24 23 28 27 24 25 27 25 27 27 28 28 27 26 26 27 27 27 27 27 27 
28 28 28 29 30 31 32 28 27 28 28 27 27 32 37 27 14 11 12 11 10 10 10 10 9 7 6 6 7 8 8 8 8 9 7 9 10 12 17 30 44 58 64 79 94 96 93 98 116 120 112 123 172 191 156 170 206 230 231 228 221 210 202 191 175 165 161 154 147 133 129 125 124 125 124 122 119 120 121 122 123 124 124 129 105 75 53 48 58 74 64 89 134 99 91 113 86 83 99 111 109 102 105 115 123 116 112 116 123 124 121 119 120 121 121 119 117 115 117 118 119 94 53 36 42 38 39 40 40 40 40 40 37 38 34 34 34 32 38 43 39 39 41 39 34 37 33 33 34 35 35 35 35 34 34 34 35 37 38 39 37 37 36 35 35 35 36 35 36 37 38 38 38 37 31 32 34 35 36 36 36 34 34 35 35 34 31 28 37 29 33 31 30 37 32 36 38 41 41 39 35 33 36 35 35 35 35 34 34 33 35 38 37 34 31 29 31 31 31 30 29 28 28 26 26 25 25 25 26 26 27 27 27 27 27 27 27 27 28 29 28 27 27 28 27 27 27 27 27 27 
28 27 27 28 29 29 28 28 28 28 27 29 37 52 61 40 15 9 9 6 13 9 6 6 8 8 6 9 9 8 8 9 11 14 24 30 40 50 64 88 114 109 103 110 125 127 115 104 132 143 150 170 206 204 160 162 178 183 174 165 155 145 120 111 109 105 93 90 102 123 121 120 121 122 122 120 115 116 116 117 118 118 119 135 129 121 115 114 117 123 106 115 137 127 111 137 117 121 125 127 123 119 119 121 120 114 112 117 123 124 120 117 119 120 120 119 118 116 117 116 95 61 39 33 34 39 40 41 41 41 41 41 39 40 37 37 34 37 53 57 37 37 43 39 36 40 35 35 35 35 35 36 36 35 35 34 34 34 36 36 33 32 32 31 31 31 32 31 32 32 33 33 32 31 30 31 32 34 34 34 34 33 33 33 33 33 31 29 33 30 30 36 41 37 32 32 33 35 35 33 31 29 31 31 31 30 30 30 30 29 32 34 34 31 29 28 34 33 33 32 30 29 28 28 28 27 27 27 28 28 27 27 27 27 27 27 27 27 28 29 28 27 27 28 27 27 27 27 27 27 
27 27 27 27 28 28 26 28 29 29 30 42 62 66 76 49 18 11 12 9 8 8 8 10 12 13 13 8 11 16 24 35 48 57 81 95 115 127 124 113 105 114 109 123 158 186 186 174 182 173 160 161 170 158 131 107 106 99 91 87 82 78 73 64 64 65 59 68 97 122 120 119 119 118 115 111 114 114 116 117 118 119 120 119 119 123 129 128 116 104 124 115 107 120 104 121 116 122 115 109 109 111 112 110 116 111 109 112 114 113 108 113 113 113 111 109 107 105 104 104 74 43 37 41 40 37 38 38 39 39 39 39 36 37 38 40 38 45 74 72 36 37 42 35 34 33 35 34 33 33 34 35 36 36 35 34 33 32 33 33 31 30 30 29 29 29 30 31 31 31 31 31 30 30 30 30 31 32 32 31 31 32 31 30 31 31 31 30 30 30 27 56 77 48 30 35 35 36 36 35 34 32 35 34 34 34 33 33 33 29 31 33 33 31 29 29 34 33 33 31 30 29 28 29 29 28 28 28 29 29 27 27 27 27 27 27 27 26 28 28 28 27 27 28 27 27 27 27 27 27 
27 28 28 29 29 30 28 28 29 29 33 50 77 61 62 40 17 10 11 10 9 12 13 11 9 12 17 33 42 58 80 103 124 140 128 120 114 115 122 131 137 136 133 141 161 179 180 171 157 132 107 95 89 82 74 69 61 53 49 49 49 47 51 45 43 46 57 84 119 126 125 125 125 125 120 116 109 109 110 111 112 112 113 114 113 114 119 122 118 111 132 119 104 115 110 109 115 115 107 101 100 102 102 101 97 95 92 92 90 86 82 79 78 75 72 69 65 64 55 55 40 29 32 39 38 34 34 35 35 36 35 35 34 34 35 38 37 43 71 63 33 35 36 30 34 29 34 33 32 31 32 33 34 34 33 32 31 31 31 31 31 31 30 30 30 31 31 32 32 31 31 31 30 30 30 30 30 30 30 29 29 31 30 28 29 30 31 30 27 33 26 60 83 46 30 30 30 30 30 30 29 29 31 31 31 31 30 30 30 28 30 32 31 30 30 30 30 30 30 29 29 28 27 28 28 27 27 27 28 28 27 27 27 27 27 27 27 26 27 28 28 27 27 28 27 27 27 27 27 27 
28 28 29 30 30 30 30 28 26 25 25 31 44 32 25 17 11 7 7 10 14 19 25 31 41 61 83 126 132 137 135 126 118 113 120 128 143 157 160 151 140 137 136 127 112 98 88 82 77 71 66 63 58 51 47 55 47 41 40 41 41 41 34 36 34 41 68 104 123 106 106 106 108 109 107 104 109 108 106 104 101 99 98 103 99 94 88 87 90 94 86 83 80 74 81 69 76 71 69 66 61 58 56 55 50 49 48 47 45 43 41 40 39 37 35 33 32 32 32 29 27 27 29 31 32 31 32 33 33 33 33 33 35 33 32 35 33 32 44 38 28 33 31 31 39 31 34 33 32 31 31 32 34 32 32 31 30 31 31 31 32 32 31 31 32 32 32 30 30 30 29 29 29 29 30 30 29 29 29 29 29 31 29 28 28 29 30 30 26 37 25 33 38 25 32 29 28 28 27 27 27 28 29 28 28 28 28 28 27 27 28 29 29 28 28 29 27 27 28 28 29 28 28 28 27 27 27 27 27 28 27 27 27 27 27 27 27 26 27 28 27 27 27 27 27 27 27 27 27 27 
28 28 29 28 27 27 27 25 22 18 14 12 14 8 7 10 16 20 26 36 72 80 96 120 145 165 175 186 184 179 171 163 159 160 150 140 126 114 103 92 86 61 67 67 59 54 53 52 54 54 52 48 45 42 39 37 33 33 35 35 34 34 28 34 36 46 74 98 95 103 100 97 95 91 87 83 75 73 70 65 61 58 57 51 51 48 41 37 38 42 33 37 40 30 37 30 32 29 31 32 30 27 27 28 27 27 28 28 28 28 28 31 30 30 29 29 30 30 37 32 33 38 36 31 32 31 32 33 34 34 33 33 35 35 32 35 35 31 34 30 31 35 31 31 38 32 34 34 33 32 32 33 34 31 30 30 30 30 31 32 31 31 31 31 31 32 32 31 30 29 29 29 30 30 30 30 29 29 29 29 30 30 29 27 28 29 30 30 26 32 25 26 28 23 29 32 32 31 31 31 31 31 30 30 30 30 30 29 29 28 29 29 29 28 28 30 26 27 28 29 30 30 30 29 28 28 27 28 28 29 27 27 27 27 27 27 27 26 27 28 27 26 26 27 27 27 27 27 27 27 
27 27 25 24 22 21 19 18 16 14 11 13 18 19 25 38 55 71 90 110 130 142 160 176 175 158 140 151 141 125 106 93 86 85 59 58 55 53 51 51 51 53 57 59 62 68 69 63 63 65 58 49 48 51 49 46 44 46 47 40 32 30 30 34 36 43 56 61 55 49 45 41 39 36 33 32 33 32 31 29 28 27 27 24 28 31 32 33 35 39 30 33 34 30 32 32 31 32 33 34 34 34 35 37 33 33 33 34 34 36 38 35 35 34 34 36 37 38 36 32 33 35 34 30 30 32 32 33 34 34 34 33 32 36 33 34 38 35 34 33 33 35 34 31 31 30 34 33 33 33 32 32 32 31 31 30 30 30 31 31 31 31 30 30 31 32 32 32 32 31 31 32 32 33 30 30 29 29 30 30 31 30 29 28 28 29 29 29 29 25 27 30 32 32 26 27 27 28 28 28 28 27 27 27 27 26 26 26 26 30 30 30 28 28 29 30 27 28 28 29 29 29 29 29 28 28 27 28 28 29 27 27 27 27 27 27 27 26 27 28 27 26 26 27 27 27 27 27 27 27 
27 25 23 21 18 17 13 13 12 12 16 29 48 97 120 132 129 131 139 142 121 129 126 106 82 68 64 58 59 58 57 56 56 58 72 79 87 91 93 94 97 108 104 101 112 129 125 104 81 98 101 96 101 107 102 105 100 98 87 63 42 34 32 28 29 31 30 28 28 29 27 27 27 28 29 30 30 30 31 32 33 33 34 30 31 32 32 30 29 28 32 31 29 33 28 36 33 36 34 31 30 31 30 30 29 29 29 28 28 30 33 31 31 30 30 31 31 32 30 29 28 29 32 34 34 31 32 32 32 33 32 32 31 39 34 30 32 30 27 32 29 30 36 34 28 35 31 32 32 32 31 30 29 32 32 31 30 30 30 30 31 31 31 31 32 32 33 31 31 30 30 31 32 33 31 30 29 29 30 31 32 30 29 29 29 30 29 28 34 27 30 23 19 30 29 27 28 29 30 29 29 28 30 29 29 29 29 29 29 27 28 27 26 25 26 27 27 28 28 29 28 28 27 28 27 27 27 27 27 28 27 27 27 27 27 27 27 26 27 28 27 26 26 27 27 27 27 27 27 27 
21 22 21 19 16 14 15 17 25 29 29 48 99 133 147 142 141 143 132 131 114 122 116 93 72 67 72 81 88 96 98 98 104 112 121 121 121 121 121 122 122 122 122 121 118 117 121 126 134 128 130 133 129 125 127 126 112 81 48 28 25 30 28 30 31 32 32 31 30 31 31 31 30 30 30 30 30 30 30 30 30 30 30 31 31 31 31 31 31 31 30 31 30 31 31 30 31 31 31 31 31 31 31 31 32 32 32 32 32 32 32 32 33 32 33 33 32 33 32 32 32 32 32 32 32 31 32 32 33 33 33 34 28 33 36 34 31 31 34 33 32 32 32 32 32 32 31 32 33 34 33 32 31 30 30 30 30 30 32 32 31 32 32 32 31 31 30 29 29 29 29 29 29 29 30 30 30 29 29 29 29 29 29 29 29 29 29 29 30 30 30 29 29 29 29 29 29 29 29 30 30 30 28 28 28 29 29 29 29 29 29 29 29 29 29 29 27 27 27 27 27 27 27 29 28 27 27 27 27 27 27 27 27 27 27 27 27 27 28 28 28 28 26 26 28 28 28 28 28 26 
45 45 42 38 34 32 25 25 30 30 25 28 43 59 70 63 66 92 105 101 95 105 107 95 81 77 82 100 108 114 114 113 118 124 119 119 119 119 119 119 119 119 119 118 115 115 118 122 115 122 123 122 127 130 127 98 59 33 30 35 34 28 28 29 30 31 31 30 29 31 31 31 30 30 30 30 30 30 30 30 30 30 30 31 31 31 31 31 31 31 31 31 31 31 31 31 31 31 31 31 31 31 31 31 32 32 32 32 32 32 32 32 32 32 32 32 32 32 32 32 32 32 32 32 32 32 32 33 33 33 33 33 30 33 35 33 31 31 33 33 32 32 32 32 32 32 31 31 32 33 32 31 31 30 30 30 30 30 31 32 31 31 32 32 31 31 30 29 29 29 29 29 29 29 30 30 30 29 29 29 29 29 29 29 29 29 29 29 30 30 30 29 29 29 29 29 29 29 29 30 30 30 28 28 28 29 29 29 29 29 29 29 29 29 29 29 28 28 28 28 28 28 28 29 28 27 27 27 27 27 27 27 27 27 27 27 27 27 28 28 28 28 27 26 27 28 28 28 28 27 
38 37 36 33 31 29 29 27 28 28 25 23 24 28 37 29 36 78 108 99 102 111 117 115 110 107 108 110 116 120 119 117 118 122 118 118 118 118 118 118 117 115 117 116 112 112 115 119 115 119 119 122 131 124 103 45 32 25 28 33 32 27 27 28 29 30 30 29 29 31 31 30 30 30 30 30 30 30 30 30 30 30 30 31 31 31 31 31 31 31 30 31 31 31 31 31 31 31 31 31 31 31 31 31 32 32 32 32 32 32 32 31 31 31 31 31 31 31 32 32 32 32 32 32 32 33 33 33 32 32 32 32 32 32 32 32 32 32 33 32 32 32 32 32 32 32 32 32 31 31 31 32 32 31 30 30 30 30 31 32 31 31 32 32 31 30 30 29 29 29 29 29 29 29 30 30 29 29 29 28 28 28 28 28 28 28 28 28 29 29 29 29 28 28 28 28 28 28 29 29 29 29 28 28 29 29 29 29 29 29 29 29 29 29 29 29 29 29 29 29 29 29 29 29 28 27 27 27 27 27 27 27 27 27 27 27 27 27 28 28 28 27 27 26 27 28 28 28 28 27 
28 28 27 27 27 27 28 26 24 25 28 30 28 28 32 25 40 91 124 114 105 108 112 114 114 111 108 109 112 116 114 112 112 115 117 117 116 115 115 115 115 114 115 115 112 112 114 118 126 117 117 124 120 90 58 24 29 33 31 27 27 29 28 29 29 30 30 30 29 30 30 30 30 30 30 30 30 30 30 30 30 30 30 30 30 30 30 30 30 30 30 31 31 31 31 31 31 31 31 31 31 31 31 31 31 31 31 31 31 31 31 30 30 30 30 30 30 30 32 32 32 32 32 32 32 33 33 33 32 32 31 31 34 32 30 31 32 33 33 32 32 32 32 32 32 32 32 32 30 30 30 32 32 31 30 30 30 30 31 31 31 31 31 31 31 30 29 29 29 29 29 29 29 29 30 30 29 29 29 28 28 28 28 28 28 28 28 28 28 28 28 28 28 28 28 28 28 28 28 28 28 28 29 29 29 29 29 29 29 29 29 29 29 29 29 29 29 29 29 29 29 29 29 29 28 27 27 27 27 27 27 27 27 27 27 27 27 28 28 28 27 27 27 26 27 28 28 28 28 27 
28 28 28 28 29 30 29 28 25 24 29 32 30 32 29 30 56 99 115 111 114 110 109 111 113 112 109 109 112 115 116 116 117 118 116 116 115 114 114 113 112 115 116 117 114 113 114 117 122 116 121 118 86 50 32 31 30 29 28 28 29 30 29 30 30 30 30 30 30 31 31 31 31 31 31 31 31 31 31 31 31 31 31 31 31 31 31 31 31 31 30 30 30 30 30 30 30 31 31 31 31 31 31 31 31 31 31 31 31 31 31 30 30 30 30 30 30 30 32 32 32 32 32 32 32 33 33 32 32 31 31 31 35 31 29 30 32 33 32 32 32 32 32 32 32 32 33 32 30 29 30 32 33 31 31 30 30 30 30 31 31 31 31 31 31 30 29 29 29 29 29 29 29 29 30 30 29 29 29 28 28 28 28 28 28 28 28 28 29 29 29 29 29 29 29 29 29 29 29 29 29 29 29 29 29 29 29 29 29 29 29 29 29 29 29 29 28 28 28 28 28 28 28 29 28 27 27 27 27 27 27 27 27 27 27 27 27 28 28 27 27 27 26 26 27 27 28 28 28 27 
28 28 27 27 27 27 28 30 29 27 28 28 28 31 26 36 74 105 104 104 121 115 111 112 117 118 116 112 114 116 118 119 120 120 116 116 115 114 113 112 111 115 117 118 116 115 116 118 113 122 125 97 54 31 27 29 28 27 29 30 30 29 30 30 30 30 31 31 31 30 30 31 31 31 31 31 31 31 31 31 31 31 31 30 30 30 30 30 30 30 30 30 30 30 30 30 30 31 31 31 31 31 31 31 30 30 30 30 30 30 30 30 30 30 30 30 30 30 32 32 32 32 32 32 32 32 32 32 32 31 31 31 35 31 29 30 32 33 32 31 31 31 31 31 31 31 32 31 30 29 30 31 33 32 31 30 30 30 30 31 31 31 31 31 30 30 29 29 29 29 29 29 29 29 30 30 29 29 29 28 28 28 28 28 28 28 28 28 28 28 28 28 29 29 29 29 29 29 28 28 28 28 29 29 29 29 29 28 28 28 28 28 28 28 28 28 27 27 27 27 27 27 27 29 28 27 27 27 27 27 27 27 27 27 27 27 27 28 28 27 27 26 26 27 26 27 28 28 28 28 
30 30 29 28 28 28 26 28 29 29 28 27 28 30 28 45 89 114 104 107 109 105 103 104 107 108 107 111 112 113 115 117 117 115 118 117 116 114 113 112 111 114 117 118 117 116 115 117 114 122 102 62 36 29 30 24 27 31 31 30 29 29 30 30 30 30 30 31 31 30 30 30 30 31 31 31 31 31 31 31 31 31 31 30 30 30 30 30 30 30 30 31 31 31 31 31 31 31 31 31 31 31 31 31 30 30 30 30 30 30 30 31 31 31 31 31 31 31 32 32 32 32 32 32 32 31 31 31 31 31 31 32 33 31 30 30 31 32 32 31 31 31 31 31 31 31 32 31 30 30 30 31 32 32 31 30 30 30 30 30 30 31 31 31 30 29 29 29 29 29 29 29 29 29 30 30 29 29 29 28 28 28 28 28 28 28 28 28 27 27 28 28 28 29 29 29 29 28 28 28 27 27 29 29 29 29 28 28 28 28 28 28 28 28 28 28 28 28 28 28 28 28 28 29 28 27 27 27 27 27 27 27 27 27 27 27 27 28 28 27 26 26 27 27 26 27 28 28 28 28 
28 29 29 29 28 28 30 28 28 29 27 26 29 29 31 51 94 117 107 109 108 107 106 107 108 106 104 113 112 113 114 115 114 112 119 118 117 116 114 113 112 113 116 118 117 115 114 116 122 112 68 33 29 33 27 30 29 28 27 28 30 32 29 29 29 29 29 30 31 30 30 30 30 31 31 31 31 31 31 31 31 31 31 30 30 30 30 30 30 30 30 31 31 31 31 31 31 31 31 31 31 31 31 31 30 30 30 30 30 30 30 31 31 31 31 31 31 31 32 32 32 32 32 32 32 30 31 31 31 31 32 32 32 31 31 30 31 31 32 31 31 31 31 31 31 31 31 31 30 30 30 31 31 32 31 30 30 30 30 30 30 31 31 31 30 29 29 29 29 29 29 29 29 29 30 30 29 29 29 28 28 28 28 28 28 28 28 28 27 27 28 28 28 29 29 29 29 28 28 28 27 27 29 29 29 29 28 28 28 28 28 28 28 28 28 28 28 28 28 28 28 28 28 29 28 27 27 27 27 27 27 27 27 27 27 27 27 29 28 27 26 26 27 27 26 27 28 28 28 28 
27 28 28 28 29 29 30 28 28 28 28 28 29 26 31 73 109 112 112 110 110 107 107 108 106 102 103 108 111 116 118 114 112 117 117 116 116 116 117 116 116 113 112 117 120 117 117 124 107 67 38 29 31 31 29 30 29 28 27 28 29 30 29 29 29 29 29 29 30 30 30 30 30 30 30 30 29 30 31 31 31 31 31 32 31 31 31 30 30 29 31 31 31 30 31 31 31 31 31 30 30 31 31 31 31 31 31 31 31 31 31 31 31 31 31 31 31 31 31 31 31 31 31 31 31 31 31 31 31 31 31 32 31 31 31 31 31 31 31 30 31 31 31 31 31 32 31 31 31 30 30 30 30 30 30 30 29 30 30 31 31 31 31 31 31 30 30 29 29 29 29 29 29 29 29 29 29 29 29 29 29 29 29 29 29 29 29 29 28 28 27 27 28 28 28 28 28 28 28 28 28 28 29 29 29 29 28 28 28 27 28 29 30 29 28 27 28 28 28 28 28 28 28 27 27 27 28 28 27 27 28 28 27 27 26 27 27 28 27 26 26 26 27 28 27 27 28 28 28 28 
27 28 28 28 29 29 28 28 28 28 29 29 29 29 35 77 104 100 105 97 102 104 109 114 111 110 114 111 112 116 120 116 112 116 115 115 115 116 117 118 118 113 110 113 119 117 113 112 68 38 27 31 31 28 29 29 29 29 29 29 29 29 29 29 29 29 29 29 29 30 30 30 30 30 30 30 29 29 30 31 31 31 30 31 31 30 30 29 29 28 32 31 31 30 31 31 32 31 31 30 30 30 30 31 31 31 31 31 31 31 31 31 31 31 31 31 31 31 31 31 31 31 31 31 31 32 31 31 30 31 31 32 31 31 31 31 31 31 31 30 31 31 31 31 32 32 31 31 31 31 30 30 30 30 29 29 29 30 30 31 31 31 31 31 31 31 31 30 30 29 29 29 28 28 29 29 29 29 29 29 29 29 29 29 29 29 29 29 29 28 28 27 28 28 29 28 28 28 28 28 28 28 29 29 29 29 29 29 29 27 28 30 30 30 28 27 27 27 27 27 27 27 27 27 27 28 28 28 28 27 29 28 27 27 27 27 28 28 27 26 26 26 27 28 28 28 28 28 28 28 
27 28 28 28 29 29 28 28 28 28 29 29 29 28 44 83 108 109 113 104 104 106 112 113 107 106 111 117 112 114 121 120 115 113 115 115 115 116 117 117 118 109 121 116 113 123 110 76 36 28 27 29 29 28 29 30 30 30 30 30 30 30 29 29 29 29 29 29 29 30 30 30 30 30 30 30 29 29 30 30 30 29 29 31 30 30 29 29 28 28 31 31 31 31 31 31 31 31 31 30 30 30 31 31 31 31 31 31 31 31 31 31 31 31 31 31 31 31 31 31 31 31 31 31 31 32 31 31 30 31 31 32 31 31 31 31 31 31 31 31 31 31 31 31 31 31 31 31 31 31 30 30 30 30 29 29 29 30 30 31 31 31 31 31 31 31 31 30 30 29 29 29 28 28 29 29 29 29 29 29 29 29 29 29 29 29 29 29 29 29 28 28 28 29 29 28 28 28 28 28 28 28 29 29 29 29 29 29 29 28 28 29 29 29 28 28 27 27 27 27 27 27 27 27 27 28 28 28 28 27 28 27 27 27 27 28 28 27 27 27 27 27 27 27 28 28 28 28 28 28 
27 28 28 28 29 29 28 28 28 28 29 29 29 26 61 100 111 107 108 108 107 104 106 106 103 101 106 114 108 111 120 122 118 116 114 114 115 116 116 117 117 111 127 121 115 118 88 42 27 29 29 28 27 29 31 30 30 30 30 30 30 30 29 29 29 29 29 29 29 30 30 30 30 30 30 30 30 30 30 30 29 29 28 31 31 31 30 30 30 29 31 31 30 30 30 31 31 31 31 30 30 30 31 31 31 31 31 31 31 31 31 31 31 31 31 31 31 31 31 31 31 31 31 31 31 32 31 31 30 31 31 32 31 31 31 31 31 31 31 32 32 31 31 31 31 30 31 31 31 31 30 30 30 30 29 29 29 30 30 31 31 31 31 31 31 31 31 30 30 29 29 29 28 28 29 29 29 29 29 29 29 29 29 29 29 29 29 29 30 29 28 28 28 29 30 28 28 28 28 28 28 28 29 29 29 29 29 29 29 29 29 28 28 28 29 29 28 28 28 28 28 28 28 28 28 28 28 28 28 27 27 27 27 27 27 28 29 27 28 28 29 28 28 27 28 28 28 28 28 28 
27 28 28 28 29 29 28 28 28 28 29 29 29 32 76 102 100 96 95 105 109 101 101 106 108 105 105 108 106 111 117 117 117 120 114 114 115 115 115 116 117 123 118 121 115 84 49 29 31 34 32 27 28 31 32 29 29 29 29 29 29 29 29 29 29 29 29 29 29 30 30 30 30 30 30 30 31 31 30 30 30 29 29 32 32 32 31 31 31 31 31 31 30 30 30 31 31 31 31 30 30 30 31 31 31 31 31 31 31 31 31 31 31 31 31 31 31 31 31 31 31 31 31 31 31 32 31 31 30 31 31 32 31 31 31 31 31 31 31 32 32 32 31 31 31 30 31 31 31 31 30 30 30 30 29 29 29 30 30 31 30 30 30 30 30 30 30 30 30 29 29 29 28 28 29 29 29 29 29 29 29 29 29 29 29 29 29 29 29 28 28 28 28 28 29 28 28 28 28 28 28 28 29 29 29 29 29 29 29 29 29 28 28 28 29 29 28 28 28 28 28 28 28 28 28 29 28 28 28 27 26 27 27 27 28 28 28 27 28 29 29 29 28 27 28 28 28 28 28 28 
27 28 28 28 29 29 28 28 28 28 29 29 29 40 84 100 103 107 96 99 97 90 94 105 110 106 100 108 109 113 114 109 110 119 113 114 114 115 115 116 116 125 120 116 89 45 26 32 32 34 32 29 30 30 28 29 29 29 29 29 29 29 29 29 29 29 29 29 29 30 30 30 30 30 30 30 32 31 30 30 30 30 30 31 31 31 31 31 31 31 31 30 30 30 30 30 31 31 31 30 30 30 31 31 31 31 31 31 31 31 31 31 31 31 31 31 31 31 31 31 31 31 31 31 31 32 31 31 30 31 31 32 31 31 31 31 31 31 31 32 32 31 31 31 31 30 31 31 31 31 30 30 30 30 29 29 29 30 30 31 30 30 30 30 30 30 30 30 30 29 29 29 28 28 29 29 29 29 29 29 29 29 29 29 29 29 29 29 28 28 27 27 27 28 28 28 28 28 28 28 28 28 29 29 29 29 29 29 29 29 29 28 28 28 29 29 28 28 28 28 28 28 28 29 29 29 29 28 28 27 26 27 27 28 28 28 28 27 28 28 29 28 28 27 28 28 28 28 28 28 
27 28 28 28 29 29 28 28 28 28 29 29 29 51 91 105 106 101 77 65 58 57 65 81 94 104 110 113 112 115 113 107 106 114 112 113 114 114 115 115 115 115 125 95 49 28 29 32 30 30 30 31 32 29 27 29 29 29 29 29 29 29 29 29 29 29 29 29 29 30 30 30 30 30 30 30 31 30 30 30 30 30 31 31 31 31 30 30 30 30 31 30 30 30 30 30 31 31 31 30 30 30 31 31 31 31 31 31 31 31 31 31 31 31 31 31 31 31 31 31 31 31 31 31 31 32 31 31 30 31 31 32 31 31 31 31 31 31 31 31 31 31 31 31 31 31 31 31 31 31 30 30 30 30 29 29 29 30 30 31 30 30 30 30 30 30 30 30 30 29 29 29 28 28 29 29 29 29 29 29 29 29 29 29 29 29 29 29 28 28 27 27 27 28 28 28 28 28 28 28 28 28 29 29 29 29 29 29 29 28 28 29 29 29 28 28 29 29 29 29 29 29 29 29 29 29 29 28 28 27 26 27 28 28 28 27 27 27 27 27 27 27 27 27 28 28 28 28 28 28 
27 28 28 28 29 29 28 28 28 28 29 29 29 66 99 104 82 57 38 31 28 29 34 45 63 89 117 118 112 112 114 111 109 113 112 112 113 114 115 115 115 112 96 57 30 29 33 28 30 28 29 32 31 30 30 29 29 29 29 29 29 29 29 29 29 29 29 29 29 30 30 30 30 30 30 30 30 29 29 29 29 30 31 31 31 31 31 31 31 31 30 30 30 29 30 30 30 31 31 30 30 30 31 31 31 31 31 31 31 31 31 31 31 31 31 31 31 31 31 31 31 31 31 31 31 32 31 31 30 31 31 32 31 31 31 31 31 31 31 30 31 31 31 31 32 32 31 31 31 31 30 30 30 30 29 29 29 30 30 31 30 30 30 30 30 30 30 30 30 29 29 29 28 28 29 29 29 29 29 29 29 29 29 29 29 29 29 29 29 28 28 28 28 28 29 28 28 28 28 28 28 28 29 29 29 29 29 29 29 27 28 30 30 30 28 27 29 29 29 29 29 29 29 29 30 30 29 28 28 27 27 28 28 28 28 27 26 28 27 26 26 26 27 28 28 28 28 28 28 28 
27 28 28 28 29 29 28 28 28 28 28 29 31 83 105 85 51 32 28 35 41 30 27 34 44 59 93 115 113 112 113 114 113 111 112 113 114 115 115 117 122 105 50 27 31 32 28 28 31 29 29 31 30 30 33 30 30 30 30 30 30 30 29 29 29 29 29 29 29 29 29 30 30 30 30 30 30 29 29 29 30 30 31 32 32 32 32 31 31 31 30 30 30 30 30 30 30 31 31 31 31 31 31 31 31 31 31 31 31 31 31 31 31 32 32 32 31 31 32 31 31 31 31 31 31 31 31 31 31 31 31 31 31 31 31 31 31 31 31 31 31 31 31 32 32 32 32 31 31 31 30 30 30 31 30 29 30 30 30 31 29 30 30 30 29 29 29 30 30 29 29 29 29 29 29 29 29 29 29 29 29 29 29 29 29 29 29 29 30 29 29 29 29 29 29 28 28 28 28 28 28 28 29 29 29 29 29 29 29 28 29 30 30 30 29 28 29 29 29 29 29 29 29 29 29 29 28 28 28 26 27 28 28 28 28 28 27 28 27 27 26 27 27 28 28 28 28 28 28 28 
28 28 28 28 28 28 28 30 27 27 27 29 39 102 101 53 33 31 30 42 66 43 46 57 63 46 66 98 116 119 110 110 113 108 114 114 114 117 120 118 115 64 28 23 33 30 26 32 30 30 30 30 30 30 30 29 29 29 29 29 29 29 29 29 29 29 29 29 29 29 29 29 29 30 30 30 31 31 31 31 31 31 31 32 32 32 31 30 29 29 30 30 31 32 31 30 30 32 32 33 32 32 31 30 31 31 31 31 31 31 31 30 31 32 32 32 31 30 32 32 31 31 31 30 31 31 31 31 31 31 31 31 32 32 32 32 32 32 32 32 32 32 32 32 32 32 32 32 31 31 31 31 31 32 31 30 30 31 31 30 27 29 31 30 28 28 29 30 30 30 30 30 30 30 29 29 29 29 29 29 29 29 29 29 29 29 29 29 30 30 30 30 30 29 28 27 27 27 28 28 28 28 29 29 29 29 29 29 29 29 29 29 29 29 29 29 29 29 29 29 29 29 29 28 26 28 28 28 31 29 28 28 29 29 29 29 29 28 28 28 28 28 28 28 29 28 27 27 27 27 
28 28 29 29 29 29 27 29 29 29 28 32 49 100 65 34 32 35 33 38 75 60 78 79 83 48 44 80 105 117 110 107 112 112 118 117 109 116 132 105 57 31 33 31 28 28 29 28 29 29 29 29 29 29 29 29 29 29 29 29 29 29 29 29 29 29 29 29 29 29 30 30 30 30 31 31 31 31 31 31 31 31 31 31 32 32 31 30 29 29 30 31 31 31 31 31 30 31 32 31 31 31 30 30 31 31 31 31 31 31 31 31 31 32 32 32 31 31 31 32 32 33 32 31 30 31 31 31 31 31 31 31 32 32 32 32 32 32 32 32 32 32 32 32 32 32 32 32 31 31 31 31 31 32 31 30 30 31 31 30 27 29 31 30 29 28 29 30 30 30 30 30 30 30 29 29 29 29 29 29 29 29 29 29 29 29 29 29 30 30 30 30 30 29 28 27 27 27 28 28 28 28 29 29 29 29 29 29 29 28 28 28 28 28 28 28 29 29 29 29 29 29 29 28 26 28 29 31 38 38 29 29 29 29 28 27 27 28 28 28 28 28 28 28 29 28 27 27 27 27 
28 29 29 29 30 30 26 29 30 30 28 36 66 92 41 26 31 35 37 36 84 55 63 58 76 46 32 63 92 114 111 107 111 113 120 119 117 122 117 74 32 23 34 35 27 27 31 27 29 29 29 29 29 29 29 29 29 29 29 29 29 29 29 29 29 29 29 29 29 30 30 30 30 31 31 31 31 31 31 31 31 31 31 31 31 31 31 30 30 29 31 31 31 31 31 31 31 31 31 30 30 30 30 31 31 31 31 31 31 31 31 31 31 31 32 31 31 31 30 31 33 34 33 31 29 31 31 31 31 31 31 31 32 32 32 32 32 32 32 32 32 32 32 32 32 32 32 32 31 31 31 31 31 32 31 30 30 31 31 30 28 29 30 30 29 29 30 30 30 30 30 30 30 30 29 29 29 29 29 29 29 29 29 29 29 29 29 29 30 30 30 30 30 29 28 28 28 28 28 28 28 28 29 29 29 29 29 29 29 28 28 28 28 28 28 28 29 29 29 29 29 29 29 30 26 28 28 31 40 42 28 29 29 30 29 27 27 28 28 28 28 28 28 28 29 28 27 27 27 27 
29 29 30 30 30 30 28 29 29 29 28 41 83 80 35 27 29 34 44 38 60 43 42 39 50 41 34 54 83 109 114 110 110 111 114 120 128 114 72 39 30 32 30 30 30 28 28 29 29 29 29 29 29 29 29 29 29 29 29 29 29 29 29 29 29 29 29 29 29 30 30 30 30 30 31 31 31 31 31 31 31 31 31 31 31 31 31 31 30 29 31 31 31 31 31 31 31 32 31 30 30 30 31 32 31 31 31 31 31 31 31 31 31 31 31 31 31 31 31 31 33 33 33 32 30 32 32 32 32 32 32 32 32 32 32 32 32 32 32 32 32 32 32 32 32 32 32 32 31 31 31 31 31 32 31 30 30 31 31 30 29 30 30 30 29 29 30 30 30 30 30 30 30 30 29 29 29 29 29 29 29 29 29 29 29 29 29 29 30 30 30 30 30 29 28 28 28 28 28 28 28 28 29 29 29 29 29 29 29 28 28 28 28 28 28 28 29 29 29 29 29 29 29 30 27 28 27 29 35 35 26 27 28 29 29 29 28 28 28 28 28 28 28 28 29 28 27 27 27 27 
29 29 29 30 30 30 29 30 28 27 29 48 96 74 37 29 29 41 56 35 35 57 67 66 52 43 42 51 76 105 117 115 111 109 112 122 118 80 38 24 32 36 29 29 31 28 26 30 29 29 29 29 29 29 29 29 29 29 29 29 29 29 29 29 29 29 29 29 29 29 29 29 30 30 30 30 31 31 31 31 31 31 31 30 31 31 31 31 30 29 32 31 31 31 31 31 32 32 32 31 31 31 32 33 31 31 31 31 31 31 31 31 31 31 31 31 31 31 32 32 32 32 32 32 33 32 32 32 32 32 32 32 32 32 32 32 32 32 32 32 32 32 32 32 32 32 32 32 31 31 31 31 31 32 31 30 30 31 31 30 30 30 29 30 30 30 30 30 30 30 30 30 30 30 29 29 29 29 29 29 29 29 29 29 29 29 29 29 30 30 30 30 30 29 28 28 28 28 28 28 28 28 29 29 29 29 29 29 29 29 29 29 29 29 29 29 29 29 29 29 29 29 29 30 27 29 28 27 30 28 26 27 28 29 29 28 28 28 28 28 28 28 28 28 29 28 27 27 27 27 
29 29 29 29 29 28 29 31 27 26 34 58 104 70 37 30 37 63 73 30 44 92 111 120 86 62 45 49 73 103 117 116 112 112 119 118 87 48 29 27 29 26 30 32 30 28 28 28 29 29 29 29 29 29 29 29 29 29 29 29 29 29 29 29 29 29 29 29 29 29 29 29 29 29 30 30 31 31 31 31 31 31 31 30 31 31 31 31 30 30 32 32 31 31 31 32 32 32 32 31 32 32 32 33 31 31 31 31 31 31 31 32 31 31 31 31 31 32 32 32 31 31 32 33 34 32 32 32 32 32 32 32 32 32 32 32 32 32 32 32 32 32 32 32 32 32 32 32 31 31 31 31 31 32 31 30 30 31 31 30 31 30 29 29 30 30 30 30 30 30 30 30 30 30 29 29 29 29 29 29 29 29 29 29 29 29 29 29 30 30 30 30 30 29 28 29 29 29 29 28 28 28 28 28 28 28 28 28 28 29 29 29 29 29 29 29 29 29 29 29 29 29 29 29 27 30 29 28 30 27 29 28 28 28 27 27 27 28 28 28 28 28 28 28 29 28 27 27 27 27 
29 29 28 28 27 27 26 31 26 28 44 71 107 63 38 36 55 92 89 33 61 106 115 118 116 89 52 45 71 103 116 111 112 119 117 85 49 32 31 31 28 25 30 31 28 29 29 27 29 29 29 29 29 29 29 29 29 29 29 29 29 29 29 29 29 29 29 29 29 29 29 30 30 30 30 31 31 31 31 31 31 31 31 30 31 31 31 31 31 30 32 32 31 31 31 32 32 30 31 31 32 32 32 32 31 31 31 31 31 31 31 32 32 31 31 31 32 32 31 32 32 33 33 33 33 32 32 32 32 32 32 32 32 32 32 32 32 32 32 32 32 32 32 32 32 32 32 32 31 31 31 31 31 32 31 30 30 31 31 30 32 30 28 29 31 31 30 30 30 30 30 30 30 30 29 29 29 29 29 29 29 29 29 29 29 29 29 29 30 30 30 30 30 29 28 30 30 29 29 29 28 28 28 28 28 28 28 28 28 29 29 29 29 29 29 29 29 29 29 29 29 29 29 28 27 30 29 28 31 28 30 29 27 26 26 27 27 28 28 28 28 28 28 28 29 28 27 27 27 27 
29 29 28 27 26 26 24 30 27 30 52 81 107 53 40 46 74 109 96 41 51 100 113 91 111 97 69 41 70 104 113 106 110 128 100 47 25 27 28 27 29 37 27 25 29 30 28 28 30 30 30 30 30 30 30 29 29 29 29 29 29 29 29 29 29 29 29 29 29 30 30 30 31 31 31 31 31 31 31 31 31 31 31 30 30 31 31 31 31 31 33 32 31 31 31 32 33 29 30 31 32 31 31 31 31 31 31 31 31 31 31 32 32 30 30 30 32 32 30 31 33 35 34 33 32 32 32 32 32 32 32 32 32 32 32 32 32 32 32 32 32 32 32 32 32 32 32 32 31 31 31 31 31 32 31 30 30 31 31 30 33 30 28 29 31 31 30 30 30 30 30 30 30 30 29 29 29 29 29 29 29 29 29 29 29 29 29 29 30 30 30 30 30 29 28 30 30 29 29 29 28 28 28 28 28 28 28 28 28 28 28 28 28 28 28 28 29 29 29 29 29 29 29 29 27 29 28 27 30 28 28 27 26 25 27 29 30 28 28 28 28 28 28 28 29 28 27 27 27 27 
30 29 29 29 28 28 30 28 28 30 66 84 105 62 35 44 81 105 97 71 44 74 120 105 99 115 66 50 60 111 118 116 106 82 37 32 28 27 28 30 30 30 30 30 30 30 30 30 29 29 29 29 30 30 30 30 29 29 29 29 29 30 30 30 30 30 31 32 32 29 31 32 31 30 30 30 32 32 32 31 31 31 31 31 31 31 31 31 31 31 32 32 32 31 31 31 30 32 32 31 31 31 31 31 33 32 31 30 30 31 32 30 31 32 33 33 32 31 33 33 33 33 32 31 31 33 34 34 34 33 33 32 32 33 33 33 33 33 32 34 32 31 30 30 31 32 32 32 32 32 32 32 32 30 30 30 30 30 30 30 28 29 30 31 30 29 28 31 30 30 30 29 29 28 30 30 29 29 29 28 28 28 29 29 30 29 29 28 29 29 29 29 29 29 29 29 29 29 29 29 29 29 29 29 29 29 29 29 29 29 29 29 29 28 28 28 29 29 29 29 28 28 28 29 29 29 29 29 29 29 31 29 28 27 27 28 29 27 27 27 27 27 27 27 28 28 28 28 28 28 
30 29 29 29 28 28 29 29 27 36 70 88 101 75 31 60 93 96 116 101 69 55 89 122 121 99 55 43 76 109 103 123 104 56 31 29 28 29 31 32 32 30 30 30 30 30 30 30 29 29 29 29 30 30 30 30 29 29 29 29 29 30 29 29 29 29 29 30 31 29 31 32 31 30 30 30 32 32 32 31 31 31 31 31 31 31 31 31 31 31 32 32 31 31 31 31 31 31 31 31 31 32 32 32 32 32 31 31 31 31 31 30 31 32 33 33 32 31 32 33 33 33 33 32 32 33 33 34 33 33 33 32 32 33 33 33 33 33 32 33 33 32 32 32 31 31 31 31 31 31 31 31 31 30 30 30 30 30 30 30 29 30 30 30 30 30 29 30 30 30 30 30 29 29 30 30 29 29 29 28 28 28 29 29 30 29 29 28 29 29 29 29 29 29 29 29 29 29 29 29 29 29 29 29 29 29 29 29 29 29 29 29 29 28 28 28 29 29 29 29 28 28 28 29 29 29 29 29 29 29 30 29 28 28 28 28 29 27 27 27 27 27 27 27 28 28 28 28 28 28 
30 29 29 29 28 28 28 31 27 47 77 93 95 85 37 60 96 97 106 111 98 84 72 80 112 109 57 51 91 119 110 96 60 35 26 28 30 31 31 32 32 30 30 30 30 30 30 30 29 29 29 29 29 30 30 30 29 29 29 29 29 30 29 29 29 29 29 30 30 29 31 32 31 30 30 30 32 32 32 31 31 31 31 31 31 31 31 31 31 31 31 31 31 31 31 32 32 29 30 30 31 32 33 33 32 32 32 32 31 31 31 30 31 32 33 33 32 31 32 32 33 33 33 33 32 33 33 34 33 33 32 32 32 32 33 33 33 32 32 32 33 34 34 34 32 31 31 31 31 31 31 31 31 30 30 30 30 30 30 30 30 30 29 29 29 30 30 29 29 30 30 30 30 30 30 30 29 29 29 28 28 28 29 29 30 29 29 28 29 29 29 29 29 29 29 29 29 29 29 29 29 29 29 29 29 29 29 29 29 29 29 29 29 29 28 28 29 29 29 29 29 28 28 29 29 29 29 29 29 29 29 29 29 28 28 28 28 27 27 27 27 27 27 27 28 28 28 28 28 28 
29 29 29 29 29 29 27 32 28 60 84 97 90 93 61 43 82 109 86 94 103 106 61 50 104 120 63 60 109 125 99 61 31 28 27 30 32 32 29 29 29 30 30 30 30 30 30 30 29 29 29 29 29 29 29 30 29 29 29 29 29 30 31 30 30 30 30 31 31 29 31 32 31 30 30 30 32 32 32 31 31 31 31 31 31 31 31 31 31 31 30 31 31 31 32 32 32 30 30 31 31 32 32 33 31 32 33 33 32 31 30 30 31 32 33 33 32 31 31 31 32 33 33 33 33 33 33 33 33 33 32 31 31 32 33 33 33 32 31 32 32 33 33 33 32 31 31 31 31 31 31 31 31 30 30 30 30 30 30 30 31 30 29 28 29 30 31 28 29 29 30 30 30 31 30 30 29 29 29 28 28 28 29 29 30 29 29 28 29 29 29 29 29 29 29 29 29 29 29 29 29 29 29 29 29 29 29 29 29 29 29 29 29 29 29 29 29 29 29 29 29 29 29 29 29 29 29 29 29 29 29 29 29 29 29 28 27 28 28 28 28 28 28 28 28 28 28 28 28 28 
29 29 29 29 29 29 25 30 34 71 90 98 86 101 90 42 61 106 94 90 80 63 39 57 92 81 49 74 125 105 60 40 31 28 29 32 32 30 28 27 28 30 30 30 30 30 30 30 29 29 29 29 29 29 29 30 29 29 29 29 29 30 31 31 30 30 30 31 31 29 31 32 31 30 30 30 32 32 32 31 31 31 31 31 31 31 31 31 31 31 30 31 31 31 32 32 32 31 31 31 31 31 31 31 32 32 33 33 32 31 30 30 31 32 33 33 32 31 31 31 32 33 33 33 33 32 33 33 33 32 32 31 31 31 32 33 32 31 31 32 32 31 31 31 32 32 32 32 32 32 32 32 32 30 30 30 30 30 30 30 31 30 29 28 29 30 31 28 29 29 30 30 30 31 30 30 29 29 29 28 28 28 29 29 30 29 29 28 29 29 29 29 29 29 29 29 29 29 29 29 29 29 29 29 29 29 29 29 29 29 29 29 29 29 29 29 29 29 29 29 29 29 29 29 29 29 29 29 29 29 29 29 29 29 29 28 27 28 28 28 28 28 28 28 28 28 28 28 28 28 
29 29 29 29 29 29 26 30 45 78 93 98 86 100 92 58 47 82 113 103 105 84 77 103 106 79 74 112 108 66 38 29 32 30 30 30 30 29 28 28 30 29 29 29 29 29 29 29 30 30 29 29 29 29 29 30 29 29 29 29 29 30 31 30 29 29 29 29 30 29 31 32 31 30 30 30 32 32 32 31 31 31 31 31 31 31 31 31 31 31 30 31 31 31 31 32 32 32 32 32 31 31 31 31 32 32 33 33 32 31 31 30 31 32 33 33 32 31 32 32 33 33 33 33 33 32 32 33 33 32 31 31 31 31 32 32 32 31 31 32 31 30 30 30 32 33 32 32 32 32 32 32 32 30 30 30 30 30 30 30 30 30 29 29 29 30 30 29 29 29 30 30 30 30 30 30 29 29 29 28 28 28 29 29 30 29 29 28 29 29 29 29 29 29 29 29 29 29 29 29 29 29 29 29 29 29 29 29 29 28 28 29 29 29 29 29 28 28 29 29 29 29 29 29 29 29 29 29 29 29 29 29 29 29 28 28 28 28 28 28 28 28 28 28 28 28 28 28 28 28 
28 29 29 29 29 29 29 30 59 85 96 99 89 95 90 79 60 68 103 109 102 110 106 97 87 83 95 113 68 38 34 25 28 31 29 28 28 29 30 30 29 29 29 29 29 29 29 29 30 30 30 29 29 29 29 30 29 29 29 29 29 30 30 30 29 29 29 29 29 29 31 32 31 30 30 30 32 32 32 31 31 31 31 31 31 31 31 31 31 31 32 31 31 31 31 31 31 31 31 31 31 31 31 32 34 33 32 32 32 32 32 30 31 32 33 33 32 31 32 32 33 33 33 32 32 32 32 32 32 32 31 31 31 31 32 32 32 31 31 31 31 31 31 31 32 33 31 31 31 31 31 31 31 30 30 30 30 30 30 30 29 30 30 30 30 30 29 30 30 30 30 30 29 29 30 30 29 29 29 28 28 28 29 29 30 29 29 28 29 29 29 29 29 29 29 29 29 29 29 29 29 29 29 29 29 29 29 29 29 28 28 28 29 29 29 29 28 28 28 29 29 29 29 29 29 29 29 29 29 29 30 29 28 28 28 28 28 29 29 29 29 29 29 29 28 28 28 28 28 28 
28 29 29 29 29 29 31 30 72 91 98 100 94 93 100 96 93 79 75 104 94 107 109 99 94 105 118 64 42 27 31 28 33 29 29 28 28 30 31 30 27 29 29 29 29 29 29 29 30 30 30 29 29 29 29 30 29 29 29 29 29 30 31 31 30 30 30 30 30 29 31 32 31 30 30 30 32 32 32 31 31 31 31 31 31 31 31 31 31 31 32 32 31 31 31 31 30 30 30 30 31 32 32 33 34 33 32 32 32 32 33 30 31 32 33 33 32 31 33 33 33 33 32 31 31 32 32 32 32 32 31 31 31 31 31 32 31 31 31 30 31 33 33 33 33 32 31 31 31 31 31 31 31 30 30 30 30 30 30 30 29 29 30 31 30 29 29 31 30 30 30 29 29 29 30 30 29 29 29 28 28 28 29 29 30 29 29 28 29 29 29 29 29 29 29 29 29 29 29 29 29 29 29 29 29 29 29 29 29 28 28 28 29 29 29 29 28 28 28 29 29 29 29 29 29 29 29 29 29 29 31 29 28 27 27 28 29 29 29 29 29 29 29 29 28 28 28 28 28 28 
27 28 29 26 27 32 29 37 85 85 96 99 95 90 91 94 104 100 93 108 104 103 105 111 115 102 83 33 32 29 30 28 31 30 29 29 29 29 29 29 29 29 29 29 29 29 29 30 30 30 29 30 30 30 29 31 30 29 29 29 30 31 30 30 30 31 31 31 31 31 31 31 31 31 31 32 31 31 31 31 31 31 30 30 30 30 30 30 31 31 31 31 31 31 31 31 30 31 31 31 31 32 32 32 33 32 32 32 32 32 32 30 31 32 33 32 31 30 34 33 33 32 31 30 30 32 32 32 32 31 31 30 30 30 31 32 32 32 31 31 31 32 32 32 32 31 31 31 31 31 31 31 31 30 30 30 30 30 30 30 30 30 30 30 30 30 30 30 30 30 29 29 29 28 29 29 29 29 29 29 29 29 29 29 29 29 29 29 29 29 29 29 29 29 29 29 29 29 29 29 29 29 29 29 29 29 29 29 29 28 28 28 29 29 29 29 29 29 29 29 29 29 29 29 29 29 29 29 29 29 29 29 28 28 28 28 29 29 29 29 29 29 29 29 29 28 27 27 27 28 
27 28 28 25 26 32 30 47 91 84 95 97 95 98 91 93 100 103 104 109 103 108 111 117 114 79 42 25 28 31 30 29 29 32 30 29 29 28 29 29 29 29 28 28 28 29 29 30 30 30 29 30 31 30 29 31 30 29 29 29 30 31 29 29 30 31 32 32 32 32 31 30 30 30 31 32 30 31 31 31 31 31 30 30 30 30 30 30 31 32 31 31 31 31 31 31 31 31 31 31 31 31 31 31 31 31 31 31 31 31 31 30 31 32 32 32 31 30 33 33 32 32 31 30 30 32 32 32 31 31 30 30 30 30 31 32 32 32 32 31 31 31 31 31 31 31 31 31 31 31 31 31 31 31 31 31 31 31 31 31 30 30 30 30 30 30 30 30 30 29 29 29 28 28 29 29 29 29 29 29 29 29 29 29 29 29 29 29 29 29 29 29 29 29 29 28 28 28 28 28 28 28 29 29 29 29 29 29 29 29 29 29 29 29 29 29 29 29 29 29 29 29 29 29 29 29 29 29 29 29 29 29 29 29 29 29 29 29 29 29 29 29 29 29 28 28 28 28 28 28 
29 29 28 27 28 29 34 60 90 90 94 92 95 100 96 97 100 101 103 111 108 111 115 108 83 49 28 27 30 31 30 28 29 31 30 29 29 28 29 29 29 29 28 28 28 29 29 30 30 30 29 30 31 30 29 30 30 30 30 30 30 30 29 29 30 31 31 31 31 32 31 30 29 29 29 30 30 31 31 31 31 31 30 30 30 30 30 30 31 32 31 31 31 31 31 31 31 31 31 31 31 31 31 31 31 31 31 31 31 31 31 31 31 31 31 31 31 31 32 32 32 32 32 31 31 32 32 32 31 31 31 31 30 31 31 32 32 32 32 31 31 31 31 31 31 31 31 31 31 31 31 31 31 31 31 31 31 31 31 31 30 30 30 30 30 30 30 30 30 29 29 29 29 28 28 28 28 28 28 28 28 29 29 29 29 29 29 29 29 29 29 29 29 29 29 28 28 28 28 28 28 28 29 29 29 29 29 29 29 29 29 29 29 29 29 29 29 29 29 29 29 29 29 29 29 29 29 29 29 29 29 29 29 29 29 29 29 29 29 29 29 29 29 29 27 28 29 29 29 28 
30 29 28 29 30 26 38 75 86 94 92 88 95 94 97 103 105 103 104 110 117 116 106 81 48 30 29 30 32 32 30 28 27 28 30 29 29 28 29 29 29 29 28 28 28 29 29 30 30 30 29 30 31 30 29 29 29 30 30 30 29 29 29 30 30 31 31 31 31 31 31 30 29 29 29 29 30 31 31 31 31 31 30 30 30 30 30 30 31 32 32 32 32 32 32 32 32 31 31 31 31 31 31 31 31 31 31 31 31 31 31 32 31 31 30 31 31 32 31 31 32 32 32 32 32 32 32 32 32 31 31 31 31 31 32 32 32 32 31 31 31 31 31 31 31 31 31 31 31 31 31 31 31 31 31 31 31 31 31 31 29 29 29 29 29 29 29 30 30 30 29 29 29 29 28 28 28 28 28 28 28 29 29 29 29 29 29 29 29 29 29 29 29 29 29 29 29 29 29 29 29 29 29 29 29 29 29 29 29 29 29 29 29 29 29 29 29 29 29 29 29 29 29 29 29 29 29 29 29 29 29 29 29 29 29 29 29 29 29 29 29 29 29 29 27 28 29 30 29 28 
31 29 28 30 31 26 42 85 81 94 91 86 95 92 100 107 106 103 103 105 112 116 89 52 34 30 28 28 30 31 30 29 29 30 30 29 29 28 29 29 29 29 28 28 28 29 29 30 30 30 29 30 31 30 29 28 29 30 31 30 29 28 29 30 31 31 31 31 31 31 31 31 31 31 31 31 30 31 31 31 31 31 30 30 30 30 30 30 31 32 32 32 32 32 32 32 32 31 31 31 31 31 31 31 31 31 31 31 31 31 31 32 32 30 30 30 32 32 31 31 31 32 32 33 33 32 32 32 32 32 32 32 32 32 32 33 32 32 31 31 31 31 31 31 31 31 31 31 31 31 31 31 31 31 31 31 31 31 31 31 29 29 29 29 29 29 29 30 30 30 30 29 29 29 29 29 29 29 29 29 29 29 29 29 29 29 29 29 29 29 29 29 29 29 29 29 29 29 29 29 29 29 30 30 30 30 30 30 30 29 29 29 29 29 29 29 29 29 29 29 29 29 29 29 29 29 29 29 29 29 29 29 29 29 29 29 29 29 29 29 29 29 29 29 29 29 29 29 29 29 
31 30 28 30 31 28 49 90 78 92 91 87 96 96 102 104 102 103 108 109 112 92 59 36 32 32 28 27 28 30 31 31 32 32 30 29 29 28 29 29 29 29 28 28 28 29 29 30 30 30 29 30 31 30 29 28 29 30 30 30 29 28 30 30 31 31 31 31 30 30 30 31 32 32 32 32 30 31 31 31 31 31 30 30 30 30 30 30 31 32 32 32 32 32 32 32 32 31 31 31 31 31 31 31 32 32 32 32 32 32 32 32 31 31 30 31 31 32 31 31 31 32 32 33 33 32 32 32 32 32 32 32 32 32 33 33 32 32 31 31 31 31 31 31 31 31 31 31 31 31 31 31 31 31 31 31 31 31 31 31 29 29 29 29 29 29 29 30 30 30 30 30 29 29 30 30 30 30 30 30 30 29 29 29 29 29 29 29 29 29 29 29 29 29 29 29 29 29 29 29 29 29 31 31 31 31 31 31 31 29 29 29 29 29 29 29 29 29 29 29 29 29 29 29 29 29 29 29 29 29 29 29 29 29 29 29 29 29 29 29 29 29 29 29 30 29 28 28 28 29 
30 30 29 30 31 32 62 92 81 90 94 93 97 98 103 103 103 109 116 115 106 53 32 33 31 28 34 30 30 30 31 31 30 30 29 29 29 28 29 29 29 29 28 28 28 29 29 30 30 30 29 30 31 30 29 29 29 29 29 29 29 29 30 30 31 31 31 31 30 29 30 31 32 32 32 31 30 31 31 31 31 31 30 30 30 30 30 30 31 32 31 31 31 31 31 31 31 31 31 31 31 31 31 31 32 32 32 32 32 32 32 31 31 31 31 31 31 31 31 31 32 32 32 32 32 32 32 32 32 33 33 33 33 33 33 33 32 32 31 31 31 31 31 31 31 31 31 31 31 31 31 31 31 31 31 31 31 31 31 31 30 30 30 30 30 30 30 31 30 30 30 30 30 30 30 30 30 30 30 30 30 29 29 29 29 29 29 29 29 29 29 29 29 29 29 30 30 30 30 30 30 30 30 30 30 30 30 30 30 29 29 29 29 29 29 29 29 29 29 29 29 29 29 29 29 29 29 29 29 29 29 29 29 29 29 29 29 29 29 29 29 29 29 29 30 29 29 28 29 29 
28 30 30 28 30 36 79 95 88 90 98 99 99 103 111 114 115 118 112 100 65 34 26 30 30 29 34 32 31 31 31 31 29 28 29 29 29 28 29 29 29 29 28 28 28 29 29 30 30 30 29 30 31 30 29 29 29 28 28 28 29 29 30 31 31 31 31 30 30 30 30 31 31 31 30 29 30 31 31 31 31 31 30 30 30 30 30 30 31 32 31 31 31 31 31 31 31 31 31 31 31 31 31 31 31 31 31 31 31 31 31 30 31 32 32 32 31 30 31 32 32 32 32 32 32 32 32 32 32 33 33 33 33 33 33 33 33 32 31 31 31 31 31 31 31 31 31 31 31 31 31 31 31 31 31 31 31 31 31 31 30 30 30 30 30 30 30 31 31 30 30 30 30 30 29 29 29 29 29 29 29 29 29 29 29 29 29 29 29 29 29 29 29 29 29 30 30 30 30 30 30 30 29 29 29 29 29 29 29 29 29 29 29 29 29 29 29 29 29 29 29 29 29 29 29 29 29 29 29 29 29 29 29 29 29 29 29 29 29 29 29 29 29 29 29 29 29 29 29 29 
28 30 31 29 31 38 82 87 87 88 94 95 94 105 110 112 110 102 84 66 28 33 31 28 32 33 27 29 30 30 31 31 30 29 29 29 29 29 29 29 29 29 29 29 29 29 29 30 30 30 29 30 30 30 29 29 30 29 29 29 29 29 30 30 31 31 30 30 30 30 31 31 31 30 29 29 30 31 31 31 31 31 30 30 30 30 30 30 31 31 31 31 31 31 31 31 31 31 31 31 31 31 31 31 31 31 31 31 31 31 32 31 31 32 33 32 31 31 32 32 32 32 32 32 32 33 32 33 33 33 33 33 33 33 32 32 32 32 31 31 31 31 31 31 31 31 30 30 30 30 30 30 30 31 31 31 31 31 31 31 30 30 30 30 30 30 30 30 30 30 30 30 30 30 29 29 29 29 29 29 29 29 29 29 29 29 29 29 29 29 29 29 29 29 29 30 30 30 30 30 30 30 28 28 28 28 28 29 29 29 29 29 29 29 29 29 29 29 29 29 29 29 29 29 29 29 28 28 28 28 29 29 29 29 29 29 29 29 29 29 29 29 29 29 28 29 30 30 30 29 
28 29 31 31 33 38 58 58 63 67 66 63 65 74 67 65 63 54 41 34 31 33 31 28 30 30 28 28 29 31 31 30 29 28 28 28 29 30 30 30 29 30 30 30 30 30 30 30 30 30 30 30 30 30 30 29 31 32 32 30 29 29 30 30 30 30 30 30 30 30 30 30 30 30 30 30 31 31 31 31 31 31 31 31 31 31 31 31 31 31 31 31 31 32 31 31 31 31 31 31 31 31 31 31 31 31 31 32 32 33 34 33 32 32 33 33 33 32 31 31 31 32 32 32 32 34 34 33 33 33 32 32 34 32 30 31 32 32 30 30 31 31 31 31 31 30 30 30 30 30 30 30 30 32 32 32 32 32 32 32 31 30 29 29 29 29 29 28 28 29 29 29 30 30 30 30 30 30 30 30 30 30 29 28 28 29 30 29 29 29 29 29 29 29 29 30 30 30 30 30 30 30 28 28 29 29 29 30 30 29 29 29 29 29 29 29 28 28 28 28 28 28 28 29 29 29 28 28 28 28 29 29 29 29 29 29 29 29 29 29 29 29 29 29 29 29 29 29 29 29 
29 30 31 29 30 33 35 32 30 29 27 26 28 31 27 27 30 31 29 28 29 31 30 28 30 31 29 29 30 30 30 30 29 28 28 28 29 30 30 30 29 30 30 30 30 30 30 30 30 30 30 30 30 30 30 30 31 31 30 29 29 30 30 30 30 30 30 30 30 30 30 30 30 30 30 30 31 31 31 31 31 31 31 31 31 31 31 31 31 31 31 31 31 32 31 31 31 31 31 31 31 31 31 31 31 31 31 32 32 33 34 33 32 32 33 33 33 32 31 31 31 32 32 32 32 33 33 33 33 32 32 32 33 32 31 32 32 32 30 30 31 31 31 31 31 30 31 31 31 31 31 31 31 32 32 32 32 32 32 32 31 30 29 29 29 29 29 28 28 29 29 29 30 30 30 30 30 30 30 30 30 30 29 28 28 29 30 29 29 29 29 29 29 29 29 30 30 30 30 30 30 30 28 28 29 29 29 30 30 29 29 29 29 29 29 29 28 28 28 28 28 28 28 29 29 29 28 28 28 28 29 29 29 29 29 29 29 29 29 29 29 29 29 29 29 29 29 29 29 29 
29 30 30 28 28 30 31 28 28 29 28 27 29 32 29 29 32 33 32 32 28 29 29 28 29 30 30 31 30 30 29 29 29 28 28 28 29 30 30 30 29 30 30 30 30 30 30 30 30 30 30 30 30 30 30 30 30 30 28 28 29 30 29 29 30 30 30 30 30 30 30 30 30 30 30 30 30 30 30 30 30 30 30 31 31 31 31 31 31 31 31 31 31 32 31 31 31 31 31 31 31 31 31 31 31 31 31 31 32 33 34 33 32 32 33 33 33 32 31 31 31 32 32 32 32 32 32 32 32 32 32 32 33 32 32 32 32 32 30 31 31 31 32 31 31 31 33 33 33 33 33 33 33 32 32 32 32 32 32 32 31 30 29 29 29 29 29 29 29 29 29 30 30 30 30 30 30 30 30 29 29 30 29 28 28 29 30 29 29 29 29 29 29 29 29 29 29 29 29 29 29 29 28 29 29 29 29 29 29 29 29 29 29 29 29 29 28 28 28 28 28 28 28 29 29 29 29 28 28 28 29 29 29 29 29 29 29 29 29 29 29 29 29 29 29 29 29 29 29 29 
28 29 30 28 27 29 27 28 31 35 33 31 32 29 27 29 31 29 26 25 29 29 29 28 29 29 29 32 31 30 29 29 28 28 28 28 29 30 30 30 29 30 30 30 30 30 30 30 30 30 30 30 30 30 30 29 29 30 29 28 29 29 29 29 29 30 30 30 30 30 30 30 30 30 30 30 30 30 30 30 30 30 30 31 31 31 31 31 31 31 31 31 31 32 31 31 31 31 31 31 31 31 31 31 31 31 31 31 32 32 33 33 32 32 33 33 33 32 31 31 31 32 32 32 32 32 32 32 32 32 32 32 33 32 32 32 32 32 31 31 31 32 32 32 31 31 33 33 33 33 33 33 33 32 32 32 32 32 32 32 31 30 29 29 29 29 29 30 30 30 30 30 30 30 30 30 30 30 29 29 29 30 29 28 28 29 30 29 29 29 29 29 29 29 29 29 29 29 29 29 29 29 29 29 29 29 29 29 29 29 29 29 29 29 29 29 29 29 29 29 29 29 29 29 29 29 29 29 28 28 29 29 29 29 29 29 29 29 29 29 29 29 29 29 29 29 29 29 29 29 
28 29 30 28 27 29 27 26 29 31 29 26 26 30 29 31 34 33 31 32 31 30 29 29 28 28 28 32 31 30 29 29 28 28 28 28 29 30 30 30 29 30 30 30 30 30 30 30 30 30 30 30 30 30 30 27 29 31 30 29 29 28 29 29 29 30 30 30 30 30 30 30 30 30 30 30 30 30 30 30 30 30 30 31 31 31 31 31 31 31 31 31 31 32 31 31 31 31 31 31 31 31 31 31 32 32 31 31 32 32 33 33 32 32 33 33 33 32 31 31 31 32 32 32 32 32 32 32 32 32 32 32 32 33 34 33 32 32 31 31 32 32 32 32 32 31 32 32 32 32 32 32 32 32 32 32 32 32 32 32 31 30 29 29 29 29 29 30 30 30 30 30 30 30 30 30 30 30 29 29 29 30 29 28 28 29 30 29 29 29 29 29 29 29 29 29 29 29 29 29 29 29 29 29 29 29 29 29 29 29 29 29 29 29 29 29 29 29 29 29 29 29 29 30 29 29 29 29 28 28 29 29 29 29 29 29 29 29 29 29 29 29 29 29 29 29 29 29 29 29 
29 29 29 26 26 28 32 29 29 29 28 29 32 28 25 25 26 26 28 31 33 30 30 30 28 27 28 31 30 30 30 29 29 28 28 28 29 30 30 30 29 30 30 30 30 30 30 30 30 30 30 30 30 30 30 26 29 31 31 30 29 29 28 28 29 30 30 31 31 30 30 30 30 30 30 30 31 31 31 31 31 31 31 31 31 31 31 31 31 31 31 31 31 32 31 31 31 31 31 31 31 31 31 31 32 32 32 31 32 32 33 33 32 32 33 33 33 32 31 31 31 32 32 32 32 32 32 32 32 32 33 33 32 33 34 34 32 31 31 31 32 32 32 32 32 31 32 32 32 32 32 32 32 32 32 32 32 32 32 32 31 30 29 29 29 29 29 30 30 30 30 30 30 30 31 31 30 30 29 28 28 30 29 28 28 29 30 29 29 29 29 29 29 29 29 28 28 28 28 28 28 28 30 29 29 29 29 28 28 29 29 29 29 29 29 29 29 29 29 29 29 29 29 30 30 29 29 29 29 29 29 29 29 29 29 29 29 29 29 29 29 29 29 29 29 29 29 29 29 29 
28 28 29 27 27 30 30 27 28 29 29 30 33 33 31 30 30 28 28 31 32 29 30 31 29 28 31 29 30 30 31 30 29 28 28 28 29 30 30 30 29 30 30 30 30 30 30 30 30 30 30 30 30 30 30 28 29 31 30 30 30 31 28 28 29 30 30 31 31 30 30 30 30 30 30 30 31 31 31 31 31 31 31 31 31 31 31 31 31 31 31 31 31 32 31 31 31 31 31 31 31 31 31 31 32 32 32 31 32 32 32 33 32 32 33 33 33 32 31 31 31 32 32 32 32 32 32 32 33 33 34 34 31 34 35 35 33 32 32 32 32 33 33 33 32 32 32 32 32 32 32 32 32 32 32 32 32 32 32 32 31 30 29 29 29 29 29 31 31 31 30 30 30 30 31 31 30 30 29 28 28 30 29 28 28 29 30 29 29 29 29 29 29 29 29 28 28 28 28 28 28 28 30 30 29 29 29 28 28 29 29 29 29 29 29 29 29 29 29 29 29 29 29 30 30 29 29 29 29 29 29 29 29 29 29 29 29 29 29 29 29 29 29 29 30 30 30 30 30 30 
26 27 28 28 30 35 29 28 31 32 29 26 26 27 28 31 33 30 26 26 31 29 29 31 30 29 32 28 29 30 31 31 29 28 28 28 29 30 30 30 29 30 30 30 30 30 30 30 30 30 30 30 30 30 30 30 30 30 29 29 31 33 28 28 29 30 30 31 31 30 30 30 30 30 30 30 31 31 31 31 31 31 31 31 31 31 31 31 31 31 31 31 31 32 31 31 31 31 31 31 31 31 31 31 33 32 32 31 31 32 32 33 32 32 33 33 33 32 31 31 31 32 32 32 32 32 32 33 33 34 34 34 31 34 36 35 33 32 32 32 32 33 33 33 32 32 32 32 32 32 32 32 32 32 32 32 32 32 32 32 31 30 29 29 29 29 29 31 31 31 30 30 30 30 31 31 30 30 29 28 28 30 29 28 28 29 30 29 29 29 29 29 29 29 29 28 28 28 28 28 28 28 30 30 29 29 29 28 28 29 29 29 29 29 29 29 29 29 29 29 29 29 29 30 30 30 29 29 29 29 29 29 29 29 29 29 29 29 29 29 29 29 29 29 30 30 30 30 30 30 
28 29 30 30 29 29 29 29 29 29 29 29 29 29 29 29 30 29 29 29 30 29 29 28 28 28 27 29 29 29 29 29 29 29 30 30 30 30 30 30 30 30 30 30 30 30 30 30 28 28 29 29 29 30 30 30 30 30 30 30 30 30 29 29 29 30 30 30 30 31 30 30 30 31 30 30 33 30 28 30 31 32 31 27 29 31 32 31 31 32 31 31 31 31 31 31 31 31 31 31 32 32 33 33 31 32 32 31 30 31 32 32 32 32 32 32 32 32 32 32 33 34 34 34 34 32 32 32 32 32 32 32 32 32 33 33 33 33 34 34 34 34 34 33 33 33 32 32 33 33 33 32 32 33 33 33 32 31 31 30 30 30 30 30 30 30 30 30 30 29 29 28 28 27 30 30 29 29 28 28 27 30 30 29 29 29 28 28 31 28 27 27 28 29 29 29 29 29 29 29 29 29 30 30 30 30 30 30 30 30 30 29 29 29 28 28 28 29 30 31 30 29 28 29 29 29 29 29 29 29 31 31 31 31 31 30 29 29 30 31 31 31 31 31 29 30 30 30 30 30 
28 29 29 29 29 28 29 29 29 29 29 29 29 29 29 29 30 29 29 29 30 30 29 29 29 29 29 30 30 30 30 30 30 30 30 30 30 30 30 30 30 29 29 29 29 29 29 29 28 28 29 29 29 30 30 30 30 30 30 30 30 30 29 29 29 30 30 30 30 31 30 30 30 31 30 30 31 30 29 30 31 31 31 28 30 32 31 30 30 31 31 31 31 31 31 31 31 31 31 31 32 32 32 33 31 32 32 31 30 31 32 32 32 32 32 32 32 32 32 33 33 33 34 34 33 32 32 33 33 33 33 33 32 33 33 33 34 34 34 34 34 34 34 33 33 33 32 33 33 33 33 33 32 32 33 33 32 31 31 30 30 30 30 30 30 30 30 30 30 30 29 29 28 28 31 31 31 30 29 28 28 30 30 29 29 29 28 28 30 28 27 27 28 29 29 29 29 29 29 29 29 29 29 29 29 29 29 29 29 30 30 29 29 29 28 28 28 29 30 31 30 29 28 29 29 29 29 29 29 29 31 31 31 31 31 30 29 30 30 30 30 30 31 31 30 30 30 30 30 30 
29 29 29 29 28 27 28 28 28 28 28 28 28 29 29 29 30 29 29 29 30 30 30 30 30 30 30 30 30 30 30 30 30 30 30 30 30 30 30 30 30 28 28 28 28 28 28 28 28 28 29 29 29 30 30 30 30 30 30 30 30 30 29 29 29 30 30 30 30 31 30 30 30 31 30 30 30 31 31 31 30 30 30 30 31 32 31 30 29 30 31 31 31 31 31 31 31 31 31 31 31 31 31 31 31 32 32 31 30 31 32 32 32 32 32 32 32 32 32 32 33 33 33 33 33 32 33 33 34 34 34 35 33 34 34 34 34 34 35 34 34 34 34 33 33 33 32 33 34 34 33 33 33 32 32 32 32 31 31 30 30 30 30 30 30 30 30 30 30 30 29 29 28 28 32 31 31 30 30 29 29 30 30 29 29 29 28 28 30 28 27 27 28 29 29 29 29 29 29 29 29 29 29 29 29 29 29 29 29 30 30 29 29 29 28 28 28 29 30 30 30 29 28 29 29 29 29 29 29 29 31 31 31 31 31 30 29 30 30 29 29 30 31 32 30 30 30 30 30 30 
29 29 29 28 28 27 28 28 28 28 28 28 28 29 29 29 30 29 29 29 28 29 29 29 30 30 30 30 30 30 30 30 30 30 30 30 30 30 30 30 30 28 28 28 28 28 28 28 28 28 29 29 29 30 30 30 30 30 30 30 30 30 29 29 29 30 30 30 30 31 30 30 30 31 30 30 29 31 33 31 30 29 30 30 31 31 31 30 30 30 31 31 31 31 31 31 31 31 31 31 31 31 31 31 31 32 32 31 30 31 32 32 32 32 32 32 32 32 32 32 33 33 33 33 33 33 33 33 34 35 36 36 34 34 34 34 35 35 35 34 34 34 34 33 33 33 33 34 34 34 33 33 32 32 32 32 32 31 31 30 30 30 30 30 30 30 30 30 30 30 30 29 29 28 31 31 30 30 30 30 29 30 30 29 29 29 28 28 30 29 28 28 29 29 29 29 29 29 29 29 29 29 28 28 28 28 28 28 28 30 30 29 29 29 28 28 28 29 30 30 30 29 28 29 29 29 29 29 29 29 31 31 31 31 31 30 29 31 30 29 28 29 31 32 31 31 31 30 30 30 
29 29 28 28 28 28 29 29 29 29 29 29 29 29 29 30 30 30 29 29 28 28 28 29 29 30 30 30 30 30 30 30 30 30 30 30 30 30 30 30 30 29 29 29 29 29 29 29 28 28 29 29 29 30 30 30 30 30 30 30 30 30 29 29 29 30 30 30 30 31 30 30 30 31 30 30 29 32 33 32 29 29 30 29 29 30 30 31 32 32 31 31 31 31 31 31 31 31 31 31 31 31 31 31 31 32 32 31 30 31 32 32 32 32 32 32 32 32 32 32 33 33 33 32 32 33 33 34 35 36 36 37 34 34 34 34 35 35 35 34 34 34 33 33 33 33 33 34 34 34 33 32 32 31 31 32 31 31 31 30 30 30 30 30 30 30 30 30 30 30 30 29 29 29 30 30 29 29 29 29 29 30 30 29 29 29 28 28 30 29 28 29 29 30 29 29 29 29 29 29 29 29 28 28 28 28 28 28 28 30 30 29 29 29 28 28 28 29 29 29 29 29 28 29 29 29 29 29 29 29 31 31 31 31 31 30 29 30 29 28 28 29 31 32 31 31 31 30 30 30 
29 28 28 28 28 28 29 29 29 29 29 29 29 29 29 30 30 30 29 29 28 28 28 28 28 29 29 30 30 30 30 30 30 30 30 30 30 30 30 30 30 30 30 30 30 30 30 30 28 28 29 29 29 30 30 30 30 30 30 30 30 30 29 29 29 30 30 30 30 31 30 30 30 31 30 30 30 32 32 31 30 29 29 30 29 29 30 32 32 32 31 31 31 31 31 31 31 31 31 31 31 31 31 31 31 32 32 31 30 31 32 32 32 32 32 32 32 32 32 32 32 33 32 31 31 33 34 34 35 35 36 36 33 33 34 34 34 34 35 34 34 34 33 33 33 33 33 33 33 33 32 31 31 31 31 31 31 31 31 30 30 30 30 30 30 30 30 30 30 30 30 30 30 29 29 29 29 29 29 29 29 30 30 29 29 29 28 28 30 29 28 29 30 30 29 29 29 29 29 29 29 29 29 29 29 29 29 29 29 30 30 29 29 29 28 28 28 28 28 28 28 28 28 29 29 29 29 29 29 29 31 31 31 31 31 30 29 30 29 28 28 29 30 31 31 31 30 30 30 29 
28 28 28 28 29 29 29 29 29 29 29 29 29 29 29 29 30 29 29 29 29 29 29 29 28 28 28 30 30 30 30 30 30 30 30 30 30 30 30 30 30 29 29 29 29 29 29 29 28 28 29 29 29 30 30 30 30 30 30 30 30 30 29 29 29 30 30 30 30 31 30 30 30 31 30 30 32 32 31 30 30 30 29 31 29 29 30 32 32 32 31 31 31 31 31 31 31 32 32 32 31 31 31 31 31 32 32 31 30 31 32 32 32 32 32 32 32 32 32 32 32 32 32 31 31 34 34 34 34 34 35 35 33 33 33 33 34 34 34 34 34 34 33 33 33 33 33 33 33 32 32 30 30 30 30 31 31 31 31 30 30 30 30 30 30 30 30 30 30 30 30 30 30 30 29 29 29 29 29 29 29 30 30 29 29 29 28 28 30 29 29 30 30 30 28 29 29 29 29 29 29 29 29 29 29 29 29 29 29 30 30 29 29 29 28 28 29 28 28 28 28 28 29 29 29 29 29 29 29 29 31 31 31 31 31 30 29 29 29 29 29 29 30 30 31 30 30 29 28 28 
28 27 28 28 29 30 29 29 29 29 29 29 29 29 29 29 30 29 29 29 30 30 30 29 29 29 28 29 29 29 29 29 29 29 30 30 30 30 30 30 30 28 28 28 28 28 28 28 28 28 29 29 29 30 30 30 30 30 30 30 30 30 29 29 29 30 30 30 30 31 30 30 30 31 30 30 34 31 29 29 31 30 29 33 30 29 30 31 31 30 31 31 31 31 31 31 31 33 32 32 32 31 31 31 31 32 32 31 30 31 32 32 32 32 32 32 32 32 32 32 32 32 32 31 30 34 34 34 34 34 34 33 32 32 33 33 33 34 34 34 34 34 34 33 33 33 32 32 32 32 31 30 29 30 30 31 31 31 31 30 30 30 30 30 30 30 30 30 30 30 30 30 30 30 30 30 30 30 30 30 30 30 30 29 29 29 28 28 30 29 29 30 31 30 28 29 29 29 29 29 29 29 29 29 29 29 29 29 29 30 30 29 29 29 28 28 29 28 28 28 28 28 29 29 29 29 29 29 29 29 31 31 31 31 31 30 29 28 29 29 30 30 30 29 30 30 29 28 28 27 
28 28 28 29 29 29 29 29 29 29 29 29 29 30 30 30 30 29 29 29 30 29 29 29 29 29 29 29 29 29 29 29 29 29 29 29 29 29 29 29 29 30 30 29 29 29 29 29 29 29 29 29 29 30 30 29 29 29 30 30 30 30 29 29 30 30 30 31 31 30 31 30 31 31 30 29 32 31 30 30 31 30 30 33 31 30 29 30 30 31 31 31 31 31 31 31 31 32 31 31 31 31 32 32 31 31 31 31 31 31 31 31 31 31 31 31 31 31 31 32 32 33 32 31 30 33 33 33 33 33 33 33 32 32 32 33 33 33 33 33 33 33 33 33 33 33 32 32 31 31 31 31 32 31 31 30 30 30 30 30 30 30 30 30 30 30 30 29 30 31 31 30 30 30 31 30 30 30 30 29 29 31 31 31 30 29 29 28 30 29 29 29 30 30 29 29 29 30 30 30 30 31 29 30 30 30 29 29 28 29 29 29 29 29 29 29 30 29 29 29 29 28 28 29 29 29 29 29 30 30 30 30 30 30 30 29 29 28 29 30 31 30 29 29 29 28 28 29 29 28 
29 29 29 29 29 29 29 29 29 29 29 29 29 31 30 30 29 29 29 29 29 29 29 29 29 29 29 29 29 29 29 29 29 29 29 29 29 29 29 29 29 31 31 29 29 29 29 30 30 30 30 30 30 30 30 29 29 29 30 30 30 30 29 30 30 30 30 31 31 30 30 30 30 30 29 29 30 30 30 30 30 30 30 32 32 30 29 29 30 31 31 31 31 31 31 31 31 31 31 31 31 31 32 32 31 31 31 31 31 31 31 31 31 31 31 31 31 31 31 31 32 32 32 31 31 32 32 32 32 32 32 32 32 33 33 33 33 33 33 33 33 33 33 33 33 33 32 32 31 31 31 32 32 31 31 30 30 30 30 30 30 30 30 30 30 30 30 29 31 32 31 30 30 30 30 30 30 30 29 29 29 31 31 31 30 30 29 29 31 29 28 29 30 30 30 29 30 30 30 30 31 31 29 30 30 30 29 28 28 29 29 29 29 29 29 29 30 30 29 29 29 29 28 29 29 29 29 30 30 30 29 29 29 29 29 29 29 29 30 30 31 30 30 29 28 28 28 29 30 29 
