UP
29 31 30 30 30 28 28 23 24 24 21 23 24 20 24 22 18 18 21 23 22 24 24 18 19 20 19 18 18 20 19 16 16 17 16 16 16 15 17 19 19 17 18 23 21 14 13 12 11 12 14 14 14 15 16 15 18 11 28 22 22 15 16 14 5 3 4 4 4 4 2 4 10 5 4 7 5 8 16 10 13 13 13 13 9 5 9 5 6 6 8 9 7 5 6 8 11 7 6 7 5 5 5 6 10 9 4 5 6 4 5 4 3 2 3 4 7 13 5 8 8 7 8 9 9 9 9 9 9 9 9 10 23 11 8 8 7 9 10 9 10 14 19 22 22 20 21 22 21 21 21 23 21 17 12 12 17 21 21 16 18 18 17 16 18 21 22 21 21 20 20 20 20 21 19 18 19 19 19 19 19 18 17 16 15 15 15 15 11 10 15 23 22 17 19 19 19 19 19 18 18 19 20 20 20 18 15 15 25 23 18 16 8 14 16 19 19 20 17 18 21 19 18 18 17 17 18 18 18 17 15 17 21 24 23 22 22 22 22 22 22 22 21 20 20 21 17 14 15 18 
18 20 19 18 20 18 13 11 13 13 10 11 9 7 12 12 9 8 8 9 9 11 12 8 8 11 11 10 10 10 9 6 6 6 6 6 5 5 5 7 8 7 8 17 11 5 3 3 2 3 4 5 5 5 6 7 7 4 14 14 13 9 13 16 5 3 4 5 6 7 6 6 8 4 2 7 6 8 12 8 9 10 10 9 6 4 7 4 4 7 14 9 7 5 5 6 7 4 5 5 3 3 3 3 7 8 4 4 5 3 4 4 3 3 3 3 5 13 6 7 7 6 8 9 8 9 9 9 9 9 9 9 22 11 7 8 7 9 9 10 10 15 22 22 19 20 22 21 21 21 20 23 20 15 11 11 16 20 17 15 16 19 19 19 20 21 22 22 20 20 20 19 19 20 19 17 18 17 18 18 18 19 19 16 16 17 17 18 12 10 16 22 21 17 18 20 20 18 19 18 18 18 18 19 20 19 17 18 28 25 17 17 10 14 17 19 20 21 18 18 20 20 19 17 18 18 18 18 19 18 14 14 17 17 15 17 19 19 18 17 17 17 16 15 17 16 13 10 12 15 
6 6 5 6 7 8 7 4 5 4 12 29 27 15 6 4 4 5 5 6 6 6 6 4 4 8 9 10 11 10 7 4 3 3 3 3 3 2 3 4 5 4 4 16 8 2 1 2 2 2 2 2 2 2 2 2 2 2 5 9 10 9 11 19 6 4 4 6 8 8 10 7 3 2 2 5 7 6 7 5 4 5 5 5 2 3 5 3 2 15 29 9 5 4 5 5 3 3 3 2 2 3 3 3 7 10 6 5 6 4 4 4 3 3 2 2 3 11 7 7 7 6 9 8 7 8 9 8 8 8 9 9 23 14 8 9 9 10 8 9 8 12 20 20 22 21 21 20 20 20 19 21 19 17 12 11 16 20 18 18 19 22 22 23 27 25 20 21 20 21 20 18 20 18 20 18 21 18 20 18 18 18 19 17 18 22 20 20 11 10 17 22 20 19 19 18 19 20 21 17 19 20 18 17 19 18 17 16 25 24 17 16 12 11 18 21 22 22 20 18 17 20 20 18 18 19 19 19 19 20 16 14 17 16 17 19 18 19 17 14 12 13 11 11 13 11 11 8 10 14 
3 3 3 3 4 5 4 3 3 4 21 53 51 28 5 2 4 6 8 8 4 3 3 2 3 4 5 7 8 7 4 3 2 2 2 2 2 2 2 4 4 2 2 11 5 1 1 1 1 2 1 1 1 1 2 1 1 1 3 7 10 7 8 17 5 4 4 5 6 7 6 4 2 1 1 5 6 6 6 4 3 3 2 3 3 5 7 4 3 21 32 9 5 4 5 5 5 5 5 4 4 5 5 5 13 15 7 7 9 7 6 5 3 2 2 2 3 9 5 9 8 6 7 7 8 7 7 8 7 7 9 7 24 15 9 11 12 11 12 10 8 11 15 19 27 22 21 20 17 18 19 17 19 19 14 10 13 20 23 20 22 25 25 27 34 36 18 19 20 22 19 16 22 19 23 19 21 20 25 19 19 19 18 17 19 22 21 20 11 10 17 23 22 21 22 15 17 22 18 15 21 20 17 17 21 21 20 16 23 21 18 15 9 11 18 21 21 19 19 18 17 19 20 21 18 18 22 20 17 18 15 11 11 10 14 18 18 19 16 11 7 6 5 5 5 5 9 8 9 15 
2 2 1 2 2 2 1 1 1 1 11 27 25 16 2 2 4 9 12 7 2 1 1 1 2 2 1 1 2 2 1 1 1 1 1 1 1 1 2 2 2 1 1 8 4 1 1 1 1 2 2 1 1 1 2 2 2 2 2 5 8 5 7 16 5 5 5 5 4 4 3 2 1 1 2 5 7 7 7 6 4 4 4 4 5 7 9 6 5 12 18 7 7 7 7 5 6 7 7 7 7 8 6 8 20 22 10 9 14 11 8 5 3 2 2 2 3 9 4 9 7 5 6 7 8 7 7 8 7 7 8 7 23 15 8 11 12 11 12 10 9 9 14 22 27 20 20 21 17 17 21 18 20 18 13 12 17 22 22 20 22 25 26 26 26 26 18 22 21 22 19 16 20 19 20 16 17 21 21 19 20 22 22 21 21 20 19 17 10 10 15 18 17 17 18 16 15 16 11 12 16 14 13 13 12 13 18 15 18 10 9 6 5 11 19 23 21 18 20 19 19 19 20 22 18 17 21 18 12 9 7 4 2 3 8 15 17 19 16 9 4 3 3 3 3 4 10 12 12 16 
1 1 1 1 2 2 2 2 2 1 1 2 1 2 2 2 2 8 10 3 1 1 1 1 1 1 1 1 1 1 1 1 1 1 1 1 1 2 1 1 1 1 1 7 3 2 2 2 1 2 2 2 2 2 3 3 4 5 2 5 7 4 9 19 6 6 7 7 6 5 5 3 2 1 1 4 6 7 8 7 6 6 6 6 7 7 7 6 6 6 8 7 9 8 9 6 7 8 8 9 11 12 10 10 23 26 12 11 14 10 7 5 3 2 2 2 4 9 4 8 6 6 7 9 7 8 8 8 8 8 8 9 25 17 10 11 12 13 11 10 10 10 15 21 17 20 16 16 15 16 16 11 18 14 11 14 20 19 13 14 13 13 16 17 15 19 20 21 17 15 13 10 12 18 20 18 21 32 20 17 18 24 23 23 24 21 19 19 13 11 9 6 5 6 5 8 6 17 21 14 5 9 11 11 7 11 39 32 14 4 7 7 6 13 25 46 39 26 28 21 18 17 20 21 19 16 16 13 7 4 3 2 2 4 10 16 17 20 18 12 8 7 9 10 10 16 21 20 20 22 
1 1 1 1 1 1 1 1 1 2 2 2 2 1 2 1 0 3 4 1 1 1 1 1 1 1 1 1 1 1 1 1 1 1 1 1 1 1 1 1 1 1 1 6 3 2 2 2 2 2 2 3 3 2 3 3 6 8 4 6 7 4 9 19 6 6 6 6 5 6 7 4 2 1 1 3 5 6 7 7 7 7 7 6 8 8 7 7 8 7 8 9 10 7 9 9 8 8 10 11 14 15 13 11 22 26 14 11 12 8 8 7 5 5 5 6 8 11 7 12 11 7 7 8 6 8 8 6 7 8 7 9 29 25 17 16 14 16 15 15 14 13 15 12 8 11 11 10 10 11 11 7 8 7 8 11 14 11 6 5 5 4 5 8 15 35 35 18 12 11 7 6 26 63 55 28 20 39 31 24 30 39 26 20 24 22 20 17 13 10 5 2 3 7 10 10 13 63 67 32 5 8 11 13 13 27 93 66 12 4 12 14 13 16 32 77 60 35 37 27 22 20 20 19 19 16 10 8 7 6 5 2 2 4 8 11 12 14 15 13 12 12 14 13 18 31 33 32 34 34 
1 1 1 1 1 1 1 1 1 1 1 1 2 1 1 1 1 2 2 1 1 1 1 1 1 1 1 1 1 1 1 2 2 2 3 4 4 4 4 5 5 5 5 10 7 6 7 7 7 8 11 12 8 3 2 2 5 7 5 7 6 5 9 19 7 6 6 10 10 11 12 6 2 1 2 4 6 7 8 8 9 9 8 8 11 12 11 13 12 11 11 19 23 18 22 21 18 19 19 18 18 18 16 14 22 26 19 19 20 17 19 16 14 15 16 18 20 23 21 25 23 10 11 14 9 7 6 5 5 6 6 7 34 33 22 19 16 15 24 34 25 15 13 7 7 14 39 28 8 5 5 7 5 7 11 13 14 15 16 2 4 5 7 9 16 50 57 23 17 21 13 19 77 139 114 44 15 21 22 19 78 90 45 20 22 20 18 17 12 10 6 2 5 13 12 10 23 106 79 27 6 11 9 9 9 23 73 39 11 4 11 14 13 15 33 82 59 27 33 25 22 20 19 18 18 14 9 7 8 8 7 3 2 3 5 8 8 9 9 9 9 10 10 9 17 35 38 37 42 40 
1 1 1 1 1 1 1 1 1 2 2 2 2 1 1 1 2 2 2 2 2 1 1 1 1 1 1 1 1 2 2 3 4 6 10 12 13 13 13 15 15 15 13 22 16 17 17 15 14 17 21 22 14 6 2 2 3 4 4 5 4 4 8 18 8 7 9 18 23 25 23 9 3 2 2 3 6 7 6 6 7 7 7 7 9 11 10 13 11 10 10 25 36 34 39 34 37 40 40 35 32 31 28 27 34 37 33 34 37 35 35 31 29 31 32 33 34 31 34 32 30 14 33 62 22 6 3 4 4 4 5 5 40 36 15 15 16 12 40 91 57 12 10 7 9 45 123 78 18 11 12 14 11 14 18 18 18 25 33 2 6 8 13 12 12 30 28 12 10 13 11 26 87 56 55 30 17 18 18 28 122 141 64 20 22 20 17 18 12 12 10 5 4 7 6 7 20 74 28 5 2 6 5 5 6 16 47 15 8 4 6 5 5 12 30 65 40 12 16 13 14 14 18 19 16 13 11 9 7 7 6 4 3 5 9 11 10 9 9 9 9 9 11 10 17 37 39 36 37 37 
1 1 1 2 2 1 1 2 1 1 2 2 1 2 1 1 2 1 1 2 2 1 1 1 1 1 1 1 1 2 2 3 3 3 2 3 4 3 3 4 4 3 2 5 3 4 4 4 4 4 3 3 2 1 1 2 2 2 3 3 2 2 3 8 4 4 6 16 21 21 17 6 2 2 2 2 2 3 2 2 3 3 3 2 3 3 2 4 3 4 3 12 22 23 30 26 21 21 21 20 18 18 17 18 18 20 17 17 20 21 18 16 12 12 13 13 13 12 16 14 16 11 64 145 43 5 3 5 4 3 5 5 46 37 8 10 15 10 53 155 88 8 7 9 9 42 112 56 10 15 17 15 21 20 21 18 14 20 24 3 6 7 13 12 7 11 8 7 6 5 8 23 58 11 13 13 14 14 20 34 99 125 58 19 23 22 16 9 6 9 13 8 4 4 4 5 11 39 10 2 1 3 3 4 4 8 23 4 6 3 4 2 2 10 21 31 17 3 7 9 15 14 15 18 14 11 13 12 8 8 7 4 3 4 6 8 8 8 8 9 9 10 10 8 11 29 37 38 37 35 
1 1 2 2 2 2 2 2 1 2 2 2 1 1 1 2 2 1 2 1 2 1 1 1 1 1 2 1 1 1 2 2 2 2 2 2 2 2 1 1 1 2 2 2 2 2 2 2 1 1 1 1 2 2 2 1 1 1 1 1 1 1 2 3 1 1 2 4 3 3 3 1 1 1 2 2 1 2 2 2 2 2 2 2 2 3 2 3 3 4 2 14 25 20 23 22 19 23 24 30 25 21 16 24 26 43 43 45 58 64 62 61 32 30 33 33 38 18 9 14 10 8 48 132 46 3 5 5 2 3 3 3 42 37 3 6 11 7 25 82 41 7 5 4 9 17 26 9 6 10 20 37 46 42 63 55 23 19 4 2 2 3 3 4 4 3 3 4 5 2 4 13 22 19 28 34 50 50 77 39 62 74 37 17 15 8 6 3 3 2 12 7 3 3 2 4 5 4 3 2 2 2 2 2 3 7 5 3 6 3 2 2 1 5 16 15 8 3 5 7 14 8 8 8 6 6 9 10 7 5 3 3 5 8 6 4 4 6 9 9 6 7 9 10 11 20 30 40 42 39 
1 1 2 2 2 2 2 1 1 2 2 2 2 1 1 2 2 1 1 1 1 1 1 1 1 1 1 1 1 2 2 2 2 3 4 4 4 4 3 3 2 2 2 2 2 2 2 1 1 1 2 2 2 2 2 2 2 2 2 2 1 1 3 7 2 1 1 2 2 3 2 1 1 1 1 1 2 2 2 2 2 3 2 2 3 4 4 5 5 7 7 44 89 90 102 97 70 107 111 121 112 80 60 84 95 129 132 145 167 185 167 149 85 76 83 81 84 36 3 2 1 3 5 7 11 3 7 5 2 3 2 3 37 31 2 2 4 2 5 13 9 2 2 2 3 2 2 4 4 3 22 45 87 94 156 135 44 6 4 1 2 2 2 2 1 1 1 1 2 2 3 2 5 42 62 78 149 155 134 18 3 4 2 2 3 2 3 2 2 1 6 3 2 2 1 2 2 2 2 1 1 2 2 2 2 3 2 2 4 2 2 2 1 4 11 17 10 5 5 5 10 5 3 3 2 2 5 4 2 2 3 4 6 8 8 6 5 7 8 6 4 5 7 8 9 11 18 34 36 28 
1 1 2 2 2 1 2 1 1 1 1 1 1 2 2 2 3 2 2 1 1 1 1 1 1 1 1 1 1 2 1 1 2 3 5 4 5 5 4 2 1 1 1 2 2 2 2 2 2 2 1 2 3 3 3 3 3 3 2 2 2 1 3 12 4 3 3 3 2 3 3 2 2 2 1 1 1 1 2 2 1 1 1 2 3 6 6 8 7 9 10 65 135 135 141 127 79 146 137 134 144 98 77 96 108 123 119 145 161 171 156 134 71 65 73 69 68 27 1 1 1 3 2 1 3 4 9 3 2 2 1 4 30 24 2 2 5 5 9 28 37 12 6 3 1 6 7 11 9 4 17 31 57 72 73 98 102 28 3 1 1 1 1 1 2 2 1 3 2 1 3 3 7 53 94 79 104 93 114 30 8 5 2 2 1 0 1 1 1 1 2 1 2 1 2 2 2 2 2 2 2 1 2 2 1 1 1 2 2 1 2 1 1 2 3 5 3 2 2 2 5 3 2 3 2 4 7 5 3 4 4 5 6 6 7 9 11 10 8 4 2 3 3 3 3 2 6 21 24 17 
1 1 1 1 1 1 2 1 1 1 1 1 1 1 1 1 2 1 2 1 1 1 1 1 1 1 1 1 1 1 1 1 2 4 7 6 6 7 5 3 1 1 1 1 2 2 2 2 2 2 1 2 3 4 4 4 4 3 2 1 2 1 3 10 4 4 4 4 4 4 4 3 2 2 2 2 2 2 3 2 2 2 2 2 4 7 8 9 8 9 10 67 142 144 150 139 85 145 134 126 137 95 55 48 55 57 66 136 184 188 179 162 93 85 90 83 81 28 3 5 2 2 2 4 4 6 10 3 3 2 2 2 18 16 2 2 3 5 22 68 70 7 5 1 1 2 6 4 4 3 3 5 4 18 15 21 98 95 25 5 2 1 2 1 1 1 2 1 3 8 8 7 30 58 119 93 57 18 11 2 2 1 1 2 2 2 3 2 1 2 2 1 3 1 1 1 1 1 1 1 1 2 1 2 2 1 2 2 1 1 2 1 1 2 1 1 1 1 1 2 5 5 5 6 6 7 9 7 6 6 5 4 3 3 4 6 9 9 6 2 1 1 1 2 2 1 4 17 21 21 
1 1 1 1 1 1 2 2 1 2 2 2 2 2 2 2 2 1 2 1 1 1 1 1 1 1 1 1 1 2 1 1 2 5 7 6 6 7 6 3 2 1 1 1 2 2 2 1 1 1 2 2 3 3 3 4 4 4 2 1 2 2 2 4 2 3 2 3 3 4 5 3 2 2 2 2 2 2 2 2 1 1 1 2 4 8 8 10 9 9 9 66 141 140 142 135 91 126 144 150 133 84 19 8 11 10 22 99 170 162 141 135 83 75 82 87 100 30 3 2 1 1 2 2 3 3 5 4 4 2 3 2 20 22 10 10 10 11 21 53 58 9 8 2 2 1 4 4 6 5 4 3 8 26 34 11 19 105 75 5 2 1 3 3 2 1 2 2 6 14 19 34 119 129 87 31 10 4 1 1 2 2 1 1 1 1 1 1 2 3 2 1 3 2 2 1 1 2 2 2 2 2 1 2 2 1 2 2 1 2 2 1 2 3 1 2 1 1 2 2 5 5 7 8 7 5 5 4 3 3 2 2 2 2 2 2 2 3 3 2 2 2 2 2 2 2 4 10 13 9 
1 1 1 1 1 1 2 1 1 1 1 1 1 2 2 3 3 2 3 2 1 1 1 1 1 2 2 2 2 2 1 1 2 4 6 5 5 6 5 3 2 1 1 2 2 2 2 1 1 1 2 2 3 3 3 4 4 4 2 2 2 3 2 3 2 4 3 3 3 3 4 2 1 1 1 1 1 1 1 1 1 0 1 2 4 7 8 10 10 9 9 71 153 147 144 135 101 112 141 156 126 84 15 4 5 5 20 102 185 179 155 144 75 47 35 28 34 19 6 4 8 12 18 13 5 4 9 14 13 7 9 8 30 21 4 5 7 8 13 23 41 22 9 5 4 6 3 13 16 4 4 3 10 44 42 14 1 31 102 24 7 2 2 2 2 3 3 12 21 37 85 111 113 43 14 5 3 4 1 3 2 2 2 2 2 3 2 1 1 2 2 1 3 2 2 2 2 2 2 2 2 2 1 1 2 1 1 1 1 1 1 1 2 2 1 2 1 1 1 2 4 6 7 8 7 6 6 5 5 3 2 3 4 3 2 2 2 4 5 5 6 6 5 4 4 6 5 5 6 7 
2 2 2 2 2 2 2 2 2 2 2 2 1 2 3 4 3 1 2 1 1 2 2 2 2 2 2 3 2 2 2 1 2 4 7 6 6 7 6 4 3 2 2 2 3 3 2 2 3 2 1 2 3 4 4 3 4 3 2 2 2 3 2 3 2 4 4 4 3 3 3 2 1 1 2 2 2 3 3 2 2 2 2 2 4 6 6 8 9 8 8 66 147 144 146 145 108 112 127 138 120 92 27 11 4 2 3 12 19 14 11 13 5 3 3 3 5 3 1 3 2 3 5 3 1 2 6 9 5 2 3 31 67 35 4 5 9 9 9 6 8 5 1 2 4 7 4 16 20 6 8 7 39 122 82 22 4 4 57 67 23 5 2 1 2 7 22 24 71 140 145 66 21 6 3 4 2 1 0 3 2 2 2 1 1 1 1 1 2 2 1 2 2 1 1 1 1 1 1 1 1 2 1 1 1 1 1 1 1 2 1 1 1 1 2 2 2 2 2 4 10 14 9 10 10 10 11 12 11 7 6 8 10 7 5 6 8 10 10 10 10 7 5 6 10 14 9 7 7 7 
2 2 2 2 2 2 2 3 4 7 9 10 9 10 12 11 7 2 2 1 1 2 2 2 2 2 2 3 2 2 2 1 2 3 4 3 3 4 4 3 2 2 2 2 3 3 2 2 2 2 2 2 2 2 2 3 3 3 2 2 2 1 1 3 1 3 3 2 2 3 3 3 3 3 2 2 2 2 2 2 3 3 3 3 4 5 5 6 6 6 4 36 77 62 57 55 39 50 56 61 53 38 8 5 1 1 2 2 2 2 1 3 1 3 3 1 1 1 1 5 1 2 3 1 3 6 12 13 4 3 3 9 38 26 5 14 27 26 12 10 3 5 8 8 5 3 3 5 7 4 3 3 16 22 18 6 4 3 11 36 14 6 5 5 9 23 55 89 135 101 45 13 3 3 4 9 9 4 4 3 3 2 3 3 2 3 2 2 3 2 1 2 2 2 4 3 3 2 2 2 2 2 2 2 2 2 2 2 2 3 2 2 2 1 2 2 2 2 1 3 11 19 13 12 10 10 12 12 12 11 9 11 13 11 11 11 11 11 10 10 9 5 3 4 10 14 9 8 8 10 
1 1 1 2 2 6 21 28 32 38 49 68 71 84 97 123 92 24 4 3 2 1 2 1 1 2 2 2 2 2 2 1 2 2 2 2 2 2 2 2 2 2 2 2 2 2 2 2 2 2 2 2 2 2 2 2 2 2 2 2 2 2 2 6 5 4 3 1 2 2 2 2 2 2 2 2 1 1 1 2 2 2 2 2 2 2 2 2 3 3 3 12 20 13 13 12 8 11 11 12 11 8 4 2 2 2 2 2 4 7 6 5 3 3 4 2 2 4 6 7 2 1 2 2 2 3 8 7 1 1 1 3 26 43 4 5 7 5 5 4 3 3 3 2 2 2 3 4 3 2 2 3 3 4 5 4 4 4 6 7 6 7 7 7 8 11 39 73 54 19 8 5 6 5 4 7 8 5 3 4 6 6 6 5 5 5 5 5 4 4 4 3 3 3 3 3 3 3 3 2 2 2 2 2 2 2 3 3 2 2 2 2 2 2 3 3 3 4 4 4 11 20 18 16 14 13 14 14 15 16 15 15 14 13 13 12 12 13 14 14 12 9 7 9 12 15 13 13 14 16 
2 2 2 2 3 8 27 34 34 37 42 56 57 68 71 84 99 76 22 4 3 2 3 2 2 2 2 3 2 2 2 2 2 2 2 2 2 2 2 2 2 2 1 1 2 2 2 1 1 2 2 2 2 2 2 1 1 1 2 2 1 2 3 9 12 10 7 3 3 3 3 3 3 3 3 3 3 3 3 3 4 4 3 2 2 2 3 3 3 3 2 5 6 3 5 5 3 4 3 3 4 3 3 2 2 3 4 6 11 17 15 13 11 11 12 9 8 10 13 13 6 3 3 2 2 3 6 6 2 3 2 2 13 27 2 2 2 1 1 1 2 2 2 2 2 2 3 3 3 2 2 3 3 4 4 3 2 2 2 2 3 4 4 3 3 3 9 14 8 3 5 5 3 4 5 7 7 5 5 7 11 11 11 10 10 10 10 9 9 9 8 8 7 7 6 6 6 6 6 6 6 7 7 7 7 8 8 8 7 7 8 8 9 9 10 10 10 11 11 11 17 24 25 23 21 20 20 21 20 18 18 17 16 16 15 17 21 22 22 23 22 20 17 18 20 21 22 21 21 21 
8 7 7 6 7 12 29 33 33 33 37 51 43 30 22 24 67 141 96 29 3 3 2 3 2 1 2 2 2 2 1 2 2 2 2 2 2 2 2 2 2 1 1 1 2 2 2 2 2 2 3 2 2 2 2 2 2 2 3 3 3 2 2 4 5 5 4 3 3 3 3 3 4 4 4 4 5 5 5 5 5 5 7 8 9 11 11 11 10 10 7 9 9 6 9 9 8 10 8 8 9 8 9 8 8 8 9 12 17 24 17 15 13 14 15 12 11 15 18 20 14 9 9 7 5 5 7 7 4 6 6 6 14 24 8 10 11 10 13 13 14 14 15 16 16 14 14 15 16 15 15 15 15 16 17 15 14 13 14 17 16 15 15 15 14 13 15 9 8 9 10 10 7 9 10 12 12 10 11 16 16 17 17 17 16 16 15 16 16 15 15 14 14 15 18 17 17 17 17 18 19 21 21 21 21 22 22 22 22 22 23 24 24 24 23 22 20 20 21 22 22 23 23 21 20 19 19 20 22 24 24 23 23 23 22 22 21 21 20 21 23 22 21 21 20 21 22 22 21 19 
20 19 17 17 16 20 33 35 32 32 36 52 47 30 12 9 40 116 129 79 22 14 9 12 12 10 11 10 10 10 10 10 11 10 9 10 9 9 10 9 10 12 11 12 13 14 13 12 11 12 12 11 10 9 10 10 10 11 12 13 13 19 20 19 16 18 23 25 28 26 26 27 28 28 27 26 27 28 26 25 25 27 26 26 29 31 32 31 30 30 25 28 30 27 29 26 25 28 28 28 29 24 23 22 20 18 16 15 18 21 18 17 16 19 20 16 16 21 23 27 24 22 24 20 22 21 22 23 19 22 20 15 15 23 16 20 20 21 21 21 21 21 20 20 20 20 18 20 21 21 22 20 17 19 21 21 21 23 24 22 20 19 19 20 19 19 25 20 25 23 19 22 22 19 19 20 20 18 19 23 21 22 22 23 22 21 20 22 22 22 22 21 21 22 24 23 22 22 22 24 24 21 21 21 21 21 21 22 22 22 22 22 21 20 21 22 23 21 21 23 21 20 24 22 21 21 21 22 22 20 20 20 20 20 20 18 16 16 15 16 18 18 17 17 16 16 16 17 17 17 
44 42 41 40 40 40 43 40 33 30 31 45 43 31 23 28 52 100 141 135 83 52 30 36 41 36 36 34 34 35 36 36 36 39 43 44 42 43 45 42 38 37 37 38 39 41 40 42 45 46 46 43 41 41 40 40 40 42 45 47 47 45 39 42 41 44 47 45 44 41 41 41 43 43 42 41 41 42 41 39 39 41 42 42 43 43 44 44 44 42 38 40 43 43 43 38 36 42 41 41 42 36 35 31 28 26 23 22 23 25 26 28 27 31 33 28 28 29 28 30 29 28 30 27 27 27 26 28 25 25 23 25 19 22 21 24 22 22 20 20 20 20 20 20 20 23 20 22 23 24 24 21 22 23 24 23 23 23 24 24 22 20 21 23 24 23 22 19 24 24 24 29 25 26 24 25 26 26 24 24 25 27 28 28 27 25 24 27 27 27 27 26 26 26 25 24 22 21 22 23 23 23 23 22 22 22 22 22 22 22 21 21 20 19 18 18 19 17 16 19 18 16 17 16 15 16 16 17 17 16 16 17 17 17 17 17 17 17 17 17 18 17 16 17 17 17 16 16 18 20 
42 41 41 41 41 41 44 40 33 28 25 36 41 53 63 69 76 92 111 127 127 84 49 44 47 44 43 43 44 45 45 45 45 45 45 45 43 44 45 43 41 44 44 44 45 46 46 44 44 45 45 44 44 44 44 42 41 43 46 48 48 46 43 50 50 51 51 46 46 45 44 45 46 47 45 48 50 51 50 48 49 51 51 49 48 46 46 47 48 47 44 42 43 46 46 44 43 47 43 42 46 44 46 44 41 39 38 39 41 43 40 42 41 45 46 41 43 45 40 41 40 39 43 40 41 44 42 46 45 42 40 48 40 39 41 41 39 39 40 40 41 41 42 42 42 45 42 42 43 44 45 41 45 45 44 42 40 38 37 42 40 38 38 39 40 40 43 40 41 38 40 41 33 39 36 36 40 41 37 33 34 34 35 35 34 33 31 24 25 25 24 24 24 24 24 23 21 20 20 21 21 19 18 18 18 18 18 17 16 16 16 16 16 15 15 16 18 16 14 17 18 18 18 18 18 18 19 20 20 19 19 19 20 20 20 19 19 20 19 19 20 17 16 18 20 20 18 18 22 24 
43 43 43 44 43 41 37 36 33 29 25 33 37 52 68 75 80 96 108 121 135 112 77 47 40 42 41 40 41 42 43 42 42 41 42 42 40 40 42 39 38 41 41 41 41 42 42 41 40 41 41 41 43 45 46 44 43 43 45 46 46 44 41 47 44 43 45 44 49 48 47 48 49 49 48 49 49 48 48 49 51 51 53 52 50 48 48 49 51 51 52 47 46 49 49 50 49 52 46 44 49 49 53 53 51 48 48 49 51 52 48 50 48 51 52 47 50 56 50 53 53 51 55 54 49 54 50 54 54 51 52 49 48 46 46 46 48 48 48 48 47 46 46 45 44 45 43 42 42 43 42 41 42 42 41 40 39 38 36 34 33 32 31 31 31 32 29 30 29 27 27 26 26 24 23 23 25 26 24 21 19 19 19 19 19 19 18 20 20 19 19 19 19 19 19 18 18 17 17 17 17 19 19 19 19 19 19 19 17 18 18 19 19 18 18 18 19 18 17 18 20 19 17 18 18 19 20 20 20 20 20 20 20 20 20 19 19 20 19 19 20 17 17 20 21 21 20 20 23 26 
36 37 37 37 36 35 35 36 37 34 27 32 35 47 57 68 75 83 96 110 127 139 112 54 35 42 41 38 39 40 40 39 38 40 43 43 41 41 42 39 37 39 40 39 38 38 39 40 41 41 39 39 41 44 45 44 42 41 42 43 43 43 42 49 45 43 44 45 48 46 44 45 46 46 45 47 47 45 47 50 51 50 51 51 49 49 48 49 50 51 55 51 50 52 49 50 47 50 47 46 49 46 47 46 44 41 41 41 42 42 39 40 38 40 40 36 39 41 36 38 37 34 36 35 33 38 33 35 35 33 36 31 36 32 29 28 31 30 30 29 29 29 29 28 28 27 27 25 25 25 24 25 24 24 23 24 24 23 22 19 20 20 19 19 19 20 18 18 16 19 18 14 19 18 18 17 17 17 16 16 18 17 17 17 17 17 17 17 17 17 16 16 16 16 18 18 18 18 18 18 18 18 18 18 18 19 19 19 20 20 20 20 20 19 20 21 20 20 20 20 20 19 18 18 19 20 21 22 22 23 23 23 22 22 22 22 23 23 22 22 24 22 22 24 24 24 24 25 24 24 
33 33 33 33 33 33 34 37 37 35 31 31 32 43 51 60 67 75 86 95 111 133 128 101 41 30 37 32 30 33 33 30 33 35 36 37 36 34 34 33 32 33 32 32 31 31 32 32 31 31 30 30 31 32 33 32 31 31 31 31 31 31 31 34 33 31 31 31 33 32 32 31 32 32 32 32 31 29 30 31 32 32 33 34 33 32 32 31 31 32 35 33 32 33 31 32 29 30 30 29 29 26 26 26 25 24 24 24 24 24 22 23 22 23 23 21 22 21 19 20 20 19 19 19 19 21 19 19 19 18 19 19 21 19 18 18 19 19 18 18 18 18 18 19 19 18 19 18 19 19 19 20 20 19 19 20 20 19 19 20 20 20 20 20 22 23 22 21 20 22 21 19 22 22 21 20 19 20 21 21 20 20 20 19 19 19 20 21 20 19 19 19 20 21 22 22 22 22 21 21 20 20 21 21 20 21 22 22 23 23 22 22 22 22 23 23 22 22 23 23 23 24 24 24 23 22 23 23 24 25 25 24 24 24 24 23 23 23 22 22 23 22 22 22 22 22 22 22 21 21 
26 26 26 26 26 26 28 31 34 35 34 31 30 37 46 57 67 79 89 97 111 122 138 138 66 26 24 24 21 22 23 21 22 23 22 23 23 21 20 20 21 22 21 20 20 20 21 21 21 20 20 20 20 20 19 19 20 20 20 19 19 19 19 19 19 17 17 18 19 20 20 20 19 19 19 19 19 18 18 18 19 19 19 19 19 18 18 18 17 19 19 18 18 19 20 20 20 20 20 20 19 18 18 18 17 16 16 17 17 18 17 17 18 18 18 17 17 17 17 17 18 18 18 18 19 19 19 19 19 18 17 20 20 20 21 21 22 23 22 22 22 23 23 23 23 23 23 23 24 24 24 25 24 24 24 24 24 24 24 24 23 23 23 24 26 27 24 24 24 25 25 25 25 28 27 26 25 26 28 28 25 25 25 24 24 24 24 24 23 22 21 22 24 24 24 24 23 23 23 23 23 24 25 25 24 24 25 25 25 25 24 24 25 25 25 24 23 23 24 24 25 25 25 24 23 22 22 22 22 22 22 22 22 21 21 21 21 21 21 21 21 21 20 19 18 18 18 18 18 20 
17 17 17 17 17 17 18 22 30 37 35 31 30 32 42 53 63 71 76 88 100 104 134 139 105 47 16 18 16 16 17 16 16 15 15 15 15 15 14 14 15 17 16 15 15 15 16 16 17 17 16 16 15 15 15 16 16 16 16 16 16 16 16 17 16 15 15 16 16 17 17 17 17 16 16 16 16 16 15 16 16 17 16 16 17 17 17 17 18 18 17 17 18 20 20 19 21 20 19 19 20 20 19 22 22 22 22 22 23 24 22 22 23 23 23 22 22 24 25 24 24 24 23 23 24 25 25 26 26 25 24 26 26 26 26 27 27 27 27 28 28 29 29 28 28 28 28 28 28 28 28 27 27 27 27 27 27 27 27 25 25 25 25 25 26 27 27 27 27 27 27 27 27 29 28 27 27 27 27 28 27 27 27 27 27 26 26 26 26 25 25 26 26 26 24 24 25 25 26 26 26 25 25 25 24 23 24 24 24 24 23 23 23 24 23 22 22 21 21 22 22 22 21 21 21 21 21 22 22 22 22 21 21 20 20 21 22 23 23 23 23 22 22 22 22 22 22 21 21 23 
13 13 13 13 13 13 12 15 27 37 35 31 31 29 36 48 58 64 69 81 90 97 127 127 134 90 32 16 15 16 17 16 16 15 15 16 17 16 16 16 17 18 18 17 17 17 17 18 18 17 17 17 16 16 17 18 18 18 19 18 18 17 17 17 17 16 16 16 17 17 19 20 21 21 21 22 22 22 22 22 22 22 21 22 22 23 24 24 25 26 26 25 25 26 27 28 27 26 25 26 27 27 27 28 29 28 28 29 30 30 29 29 29 30 29 29 29 31 32 31 30 29 29 28 30 30 31 31 31 31 31 29 29 30 30 30 29 28 28 29 29 30 30 29 29 29 29 29 28 28 28 28 28 28 28 28 28 28 28 28 28 28 28 28 28 27 29 29 29 29 29 29 29 30 30 29 29 28 28 27 26 26 26 26 26 25 25 26 26 27 27 27 26 26 24 25 25 26 27 27 27 25 26 26 24 23 24 24 24 24 23 23 24 24 24 24 23 22 22 22 22 22 22 22 22 22 23 24 24 23 23 23 23 23 22 23 24 24 24 25 24 24 24 24 24 24 24 23 23 25 
13 13 13 13 13 12 11 13 24 36 34 33 33 29 33 42 54 62 71 82 90 99 115 116 137 131 79 26 14 14 18 17 17 17 15 16 17 17 16 17 17 18 17 17 18 17 17 18 18 18 18 18 18 18 17 17 18 18 18 18 18 17 16 17 17 16 16 17 17 17 20 22 24 24 24 26 27 27 27 27 27 27 28 29 30 30 31 32 32 32 34 34 32 30 30 32 31 31 32 32 33 33 32 32 31 31 32 32 32 32 32 32 32 33 32 32 32 34 34 34 34 33 33 32 33 33 34 34 35 35 36 33 33 34 34 33 32 31 32 31 31 31 31 31 32 31 31 31 31 31 31 31 31 31 31 31 30 30 30 30 31 31 31 30 29 28 28 28 28 28 28 28 28 29 29 29 29 28 27 25 24 24 23 23 23 23 22 21 22 23 23 22 22 21 21 21 22 22 23 23 23 23 23 23 23 22 23 23 23 23 22 22 23 23 24 24 23 23 22 22 22 22 22 22 22 22 23 23 23 22 22 22 22 22 21 21 21 22 22 22 22 21 21 20 20 20 20 19 19 21 
14 14 14 14 14 14 15 15 23 33 34 34 35 31 31 38 48 55 65 74 83 91 95 112 126 141 130 60 21 12 18 18 16 16 14 16 16 16 16 16 16 16 16 17 17 17 16 17 18 18 18 19 19 20 19 18 19 19 20 20 20 20 22 23 22 22 22 23 21 20 22 24 25 26 25 28 29 30 30 30 29 29 31 32 33 33 34 34 34 31 33 37 35 31 29 31 34 35 35 35 35 35 35 34 34 34 34 34 33 33 32 32 33 33 33 32 32 33 34 34 34 34 34 34 35 35 35 35 36 36 37 37 37 37 37 36 35 34 36 35 34 33 33 34 35 33 33 33 33 34 34 34 31 31 31 31 30 30 30 28 29 29 29 29 27 26 24 24 24 24 24 24 23 20 21 21 21 20 19 18 20 19 19 19 19 19 18 17 18 19 19 18 18 17 18 18 18 17 18 17 17 17 18 18 18 17 18 19 19 19 18 18 19 19 19 20 19 18 18 18 18 19 20 20 20 20 20 19 19 19 18 18 18 18 18 18 18 18 18 18 18 18 17 18 17 17 17 17 17 17 
19 19 19 19 19 19 19 18 23 31 35 35 34 30 30 38 49 55 61 70 82 87 89 111 116 122 143 109 47 21 19 21 18 18 19 20 21 20 20 20 21 20 21 21 22 21 21 21 22 22 23 23 24 24 25 25 26 27 27 28 28 27 28 29 29 29 29 30 28 27 28 29 30 29 29 30 31 31 32 32 31 31 30 31 31 31 31 31 32 34 37 40 40 39 40 43 44 39 34 34 36 37 35 34 33 34 33 32 31 30 32 32 33 34 33 33 32 32 32 32 33 33 33 33 35 34 34 34 34 34 35 36 36 36 35 35 34 35 34 34 33 33 33 32 32 30 31 31 31 31 31 31 26 26 26 25 25 24 24 24 24 24 24 24 23 23 22 22 22 21 21 21 21 20 20 20 20 20 19 19 21 20 20 20 20 20 19 19 19 20 20 20 19 19 19 19 19 18 18 18 18 18 19 19 18 18 19 20 20 19 19 19 19 20 20 19 19 18 18 19 19 19 19 19 19 19 18 17 17 18 18 18 18 18 17 17 18 18 18 18 18 18 18 18 18 17 17 17 17 16 
24 24 24 24 24 24 24 23 25 31 36 35 31 30 30 39 47 46 46 53 63 73 82 100 112 115 133 141 97 47 24 24 25 24 25 26 27 26 25 26 26 25 25 26 27 27 26 26 27 27 27 27 28 28 28 28 29 29 30 31 31 29 28 29 29 29 29 30 30 29 30 30 30 30 31 28 26 27 28 27 27 26 26 27 27 28 28 29 29 42 43 36 36 43 54 62 54 39 26 25 31 34 31 31 32 32 31 30 28 26 30 32 32 32 32 32 31 31 31 32 32 32 32 32 33 32 31 30 30 31 31 32 32 31 31 31 31 32 30 32 34 34 33 30 29 30 30 29 29 28 28 28 25 25 24 24 23 23 23 23 24 24 24 23 23 23 24 24 24 23 23 23 24 25 25 25 25 26 25 25 24 24 24 24 24 23 23 22 22 23 23 23 22 22 23 23 23 23 22 22 23 23 24 24 23 23 23 24 23 23 23 23 23 23 23 23 22 22 22 23 23 23 22 22 22 22 21 20 21 22 22 22 21 21 21 20 20 20 20 20 20 20 20 20 19 19 19 19 19 19 
28 28 27 26 27 26 25 24 25 30 36 35 32 35 34 32 29 19 14 16 22 32 48 65 95 119 132 144 141 91 36 23 28 28 26 28 30 28 25 27 28 26 26 27 27 27 26 27 28 28 27 26 26 26 25 24 26 26 25 25 26 26 27 28 28 27 27 28 27 25 25 26 26 26 27 27 26 26 27 28 27 26 24 24 25 26 26 26 26 40 35 22 23 35 51 59 52 38 26 26 32 34 32 34 35 35 34 33 30 29 29 30 31 32 32 32 32 33 33 32 31 31 31 31 32 31 29 29 30 30 28 29 29 29 29 30 31 32 28 31 34 36 34 30 27 31 31 30 30 30 29 30 29 29 28 27 27 27 27 28 28 28 28 28 28 28 26 26 26 27 27 27 27 26 26 26 25 25 25 25 25 25 25 24 25 25 25 25 25 25 25 25 25 25 26 26 26 26 26 27 28 28 28 27 25 24 24 23 21 21 21 21 21 21 20 20 20 21 22 23 24 25 26 26 25 25 23 22 22 22 22 23 23 23 23 22 22 22 22 22 22 22 23 25 24 24 24 23 23 24 
29 30 27 25 26 26 25 25 25 28 34 35 34 38 35 18 10 7 10 15 15 13 16 27 48 84 118 135 155 134 71 29 25 26 23 28 30 27 25 26 28 27 27 27 27 27 26 27 28 29 27 25 24 24 25 27 31 30 27 26 28 28 28 28 28 26 26 27 26 26 26 26 26 26 25 27 27 25 26 29 29 25 23 23 25 27 27 25 24 32 27 19 22 32 40 38 31 29 29 29 29 30 30 33 33 31 31 31 30 28 28 30 32 33 33 33 35 32 32 32 31 31 31 31 35 32 30 33 35 33 29 29 29 30 31 33 34 35 28 30 32 34 33 31 29 31 31 31 31 32 32 33 33 32 30 29 29 31 32 34 33 33 32 32 32 31 27 27 27 29 30 29 28 30 30 30 29 28 28 28 27 26 26 26 27 28 28 26 26 26 26 25 25 25 26 26 25 24 24 26 29 32 30 28 26 24 23 21 17 17 17 18 18 16 16 18 19 21 22 25 26 27 27 26 25 23 21 20 19 20 21 22 23 23 23 24 26 25 25 24 23 23 24 26 25 24 24 23 23 24 
28 28 26 24 26 28 29 28 25 26 34 37 36 38 22 7 7 17 30 38 37 34 26 16 14 31 62 109 146 153 130 60 28 26 25 26 24 26 29 26 25 27 27 27 27 27 27 27 28 29 29 28 27 28 28 28 31 31 30 29 31 31 30 31 31 30 29 29 28 27 28 28 27 27 27 27 27 26 27 28 28 26 23 23 25 27 28 27 27 26 27 29 30 28 26 23 25 25 25 26 26 27 28 29 28 27 26 27 28 28 27 28 29 29 28 29 29 27 27 28 29 31 32 33 34 33 33 34 36 35 33 37 36 35 34 34 34 34 32 32 33 33 34 34 34 35 34 33 32 32 32 33 31 30 29 29 29 29 30 31 31 30 29 28 27 26 26 26 26 27 28 27 26 24 24 23 24 24 23 23 21 22 22 23 23 22 22 21 21 20 20 19 19 20 22 20 17 15 14 15 18 24 22 21 20 19 18 18 16 16 17 17 17 15 16 19 19 20 22 23 25 25 26 26 25 24 23 22 22 22 23 24 24 24 24 24 24 23 22 21 21 20 19 19 18 17 17 17 17 16 
29 29 27 26 28 29 29 29 25 25 35 38 36 31 15 9 16 36 49 55 60 59 52 41 26 15 23 52 101 170 169 106 50 27 27 26 28 29 27 27 27 25 25 25 25 25 25 26 28 29 30 29 29 31 28 25 26 27 28 29 29 29 29 31 31 30 29 28 28 28 27 27 27 26 26 26 27 27 28 28 27 27 28 29 30 31 31 31 31 30 27 24 24 26 26 24 27 29 28 28 28 28 28 33 32 29 29 30 31 32 28 28 29 28 27 27 28 28 28 28 28 27 27 27 29 30 30 30 30 29 29 31 30 28 27 26 25 25 25 25 24 24 25 27 28 28 26 24 23 22 23 23 21 20 20 20 20 20 19 20 20 19 19 18 18 17 17 16 16 17 18 17 16 16 16 16 17 17 17 17 14 15 15 16 16 15 15 19 18 17 16 16 16 17 18 16 14 13 13 15 17 19 18 17 17 16 16 16 16 16 16 17 16 15 15 15 15 16 16 17 17 17 17 17 17 17 17 16 15 14 14 14 14 14 14 12 11 10 10 9 9 9 8 8 8 7 7 7 7 7 
27 28 27 27 28 27 23 27 24 25 34 37 33 24 10 18 31 44 44 48 59 68 76 80 63 32 17 17 47 118 163 149 91 41 24 27 27 24 25 27 26 24 23 23 23 22 22 23 25 26 26 24 24 25 26 27 26 29 32 33 31 29 29 30 31 29 28 28 28 29 28 27 27 27 26 25 26 28 28 26 26 27 30 31 30 29 29 28 28 31 28 23 23 27 30 30 30 29 28 26 26 25 25 29 28 26 25 26 25 25 25 26 28 28 27 27 27 25 24 23 22 20 20 19 19 21 21 20 18 18 18 18 18 17 16 16 16 16 14 13 13 13 14 15 16 16 15 14 13 13 13 14 15 15 15 15 15 14 14 14 14 14 15 15 15 15 15 15 15 15 16 15 14 14 14 14 14 14 14 14 13 14 14 14 14 13 14 15 14 13 12 12 13 13 12 12 12 12 12 14 15 13 13 13 12 12 12 12 11 11 11 12 11 10 10 9 9 9 9 9 9 8 6 6 7 7 6 6 6 7 7 6 6 6 6 6 6 6 6 6 6 5 6 6 6 6 5 5 6 6 
24 26 27 26 26 24 20 25 25 26 33 35 32 22 8 24 33 36 36 42 46 62 71 74 76 66 42 19 18 38 127 170 133 83 31 29 24 24 29 29 29 31 30 29 28 27 27 27 28 28 27 24 23 23 22 20 19 21 23 24 22 24 26 27 27 26 25 25 26 27 26 25 24 24 24 24 26 29 28 26 26 27 27 27 26 25 25 25 25 21 21 22 22 20 19 19 21 21 20 19 18 18 17 16 16 15 15 15 15 14 12 13 13 14 13 14 14 16 16 16 16 16 16 16 14 15 16 15 13 13 13 15 15 14 14 14 14 14 13 13 13 14 14 14 15 17 16 15 15 15 15 16 15 16 16 16 16 15 14 14 14 14 14 15 15 15 13 13 13 14 14 13 12 13 13 12 12 12 11 11 10 10 9 9 9 10 10 9 9 8 7 7 8 8 7 8 8 8 7 8 8 7 7 7 7 7 7 7 6 6 6 6 6 5 5 6 6 6 5 5 5 5 6 6 6 6 6 5 6 6 6 6 6 5 5 5 5 5 5 6 6 6 6 6 6 6 6 6 6 6 
25 26 27 27 25 24 23 25 27 27 31 34 35 20 9 31 33 32 35 43 46 56 60 62 74 84 75 43 18 16 59 139 170 130 56 23 23 29 22 22 27 27 27 26 25 24 24 24 24 24 22 20 19 18 19 19 18 19 21 21 20 18 17 18 17 16 16 17 17 17 16 15 15 15 15 14 14 15 15 13 13 14 14 14 14 14 14 15 15 16 14 13 15 17 16 13 15 15 15 15 14 15 15 13 13 13 14 15 14 13 15 16 17 17 17 17 18 16 15 15 15 15 15 16 13 14 15 14 13 14 14 14 14 13 13 12 12 12 12 13 13 13 13 13 13 13 13 13 13 13 14 14 11 11 12 12 11 11 10 10 10 9 9 9 9 9 8 7 7 8 8 7 7 8 8 7 7 7 7 6 6 6 5 5 5 6 6 6 6 5 5 5 6 6 5 6 6 6 6 6 6 6 6 6 6 6 6 6 6 5 5 5 6 5 5 6 6 6 6 5 5 6 7 7 7 7 6 6 6 6 6 6 6 6 6 6 6 6 6 6 6 7 7 6 6 6 6 6 6 7 
20 19 19 18 17 18 20 19 19 20 23 31 36 19 15 39 32 33 34 41 47 51 57 68 77 79 87 77 36 19 18 71 150 160 102 33 17 16 9 11 14 12 12 12 12 12 12 12 13 13 13 12 11 12 13 13 13 13 13 12 11 12 13 12 11 11 11 12 13 13 12 11 11 11 11 14 17 17 18 17 17 17 17 17 17 18 19 19 20 20 15 11 13 18 19 16 13 13 12 12 12 13 13 13 12 12 13 13 14 13 12 12 13 13 12 12 12 14 14 13 12 12 11 11 10 10 11 11 11 11 11 10 10 9 9 9 9 9 7 7 7 6 6 6 6 5 5 6 6 6 5 5 6 6 6 6 6 6 6 6 6 6 6 5 5 5 7 6 6 7 7 6 6 5 5 5 5 5 5 5 7 7 7 7 6 6 6 5 6 6 6 6 6 6 5 6 6 6 7 8 8 7 7 7 7 7 7 8 8 7 7 7 7 7 7 7 7 7 7 7 7 7 6 6 6 6 6 6 6 7 7 7 7 8 8 9 9 9 9 9 9 9 9 9 9 9 9 9 9 9 
10 9 8 8 7 9 13 10 10 11 14 25 36 21 18 37 26 30 33 36 43 47 55 63 67 72 81 94 70 27 11 27 94 178 170 88 23 7 12 12 10 11 11 11 12 12 12 13 14 15 15 14 14 15 16 15 15 15 14 13 13 14 15 14 13 12 13 14 16 16 15 14 13 13 14 13 12 12 13 13 13 12 11 10 10 11 11 10 10 9 10 11 10 9 8 8 9 10 9 8 8 8 8 8 7 6 6 6 7 7 6 7 7 7 6 6 6 6 6 6 6 6 6 5 6 6 6 5 5 5 5 5 6 6 5 5 6 6 8 8 7 7 7 7 7 6 7 7 7 7 6 6 6 6 6 6 6 6 6 6 6 7 7 7 7 7 7 6 6 6 6 6 5 7 7 7 7 8 8 7 6 6 7 7 6 6 6 6 6 6 7 7 7 7 7 7 6 6 6 7 8 7 7 7 7 7 7 7 7 7 6 7 7 7 7 8 8 8 8 9 9 9 11 11 11 11 11 11 11 11 10 11 11 12 13 13 11 11 11 10 10 9 9 9 8 8 8 9 9 8 
9 10 12 12 11 12 14 13 15 16 12 20 37 22 15 29 41 27 29 39 44 44 48 58 67 70 71 79 92 66 27 13 39 108 165 159 64 14 17 17 10 13 10 12 12 10 13 11 11 11 11 10 11 12 12 11 11 11 10 10 10 9 8 8 7 7 8 8 8 8 7 7 8 8 7 7 6 6 6 7 7 7 6 5 6 6 6 5 5 6 6 5 5 5 6 5 6 6 6 5 5 5 5 5 6 6 5 5 5 6 6 6 6 6 6 6 6 7 7 7 7 6 6 6 6 7 7 7 8 8 9 5 6 7 6 5 6 7 7 6 6 6 6 6 6 6 6 6 6 6 6 6 6 6 6 6 7 7 6 6 6 6 6 6 7 7 8 8 8 8 7 7 7 6 6 6 6 6 6 7 8 8 8 7 7 7 7 9 8 8 9 9 9 9 9 10 10 11 11 11 12 13 13 13 13 13 13 13 12 12 12 11 12 13 12 11 11 11 11 11 11 11 10 10 10 10 10 10 10 10 9 9 9 9 9 9 9 9 9 9 9 8 9 9 9 8 8 9 9 9 
11 12 12 11 11 12 12 11 12 13 10 18 34 21 16 32 40 38 28 33 40 43 49 59 70 75 78 82 95 86 47 15 16 75 126 178 141 35 5 5 7 6 5 6 7 6 7 5 6 6 5 5 5 6 6 6 6 5 5 5 5 6 7 6 6 5 5 6 5 5 4 4 5 5 4 5 6 6 6 6 6 6 6 6 6 6 6 6 6 7 7 7 7 8 8 8 7 7 6 6 5 5 5 6 6 6 6 5 6 6 6 6 6 6 6 6 6 6 6 6 7 7 7 8 6 6 6 6 6 6 7 6 7 7 7 6 7 7 8 7 7 7 7 7 7 8 8 8 8 8 8 8 8 8 8 8 9 9 8 8 8 8 9 9 9 9 11 11 11 10 10 10 10 12 12 12 12 12 12 12 11 11 11 11 11 10 10 9 9 9 10 10 10 9 9 10 10 10 10 11 10 7 7 8 8 8 8 8 7 6 6 6 6 7 7 8 8 8 8 8 8 9 9 9 9 9 9 9 10 12 11 10 9 9 9 10 10 10 10 10 10 10 10 10 10 10 10 10 10 12 
6 7 6 5 6 7 5 4 4 5 4 8 23 23 14 31 34 49 29 28 32 37 43 50 60 68 72 71 82 97 81 32 12 31 97 145 178 137 13 4 4 6 5 5 5 4 5 5 6 6 6 5 5 5 6 6 6 6 6 5 5 6 6 5 5 5 5 5 6 6 6 6 7 7 6 6 5 5 5 5 6 6 6 6 6 6 6 6 6 5 5 5 6 6 6 6 7 7 7 6 6 6 6 6 7 7 7 7 7 8 8 8 8 8 8 8 8 6 6 7 7 7 8 8 9 9 9 8 8 8 8 8 9 9 9 9 9 9 9 9 9 9 10 10 9 11 10 10 10 10 10 11 9 9 8 9 9 10 9 13 13 13 13 13 13 13 10 10 10 10 10 10 9 9 9 9 9 9 9 9 8 8 8 8 8 8 8 9 9 9 9 9 9 8 7 7 7 7 7 7 8 10 10 11 11 11 12 11 9 10 10 10 9 9 9 9 9 9 9 9 9 9 9 9 9 9 9 9 10 10 10 10 11 11 12 11 10 10 10 10 10 11 11 11 11 10 10 10 11 10 
5 6 5 4 5 6 6 6 6 6 5 8 23 30 12 29 31 45 34 27 29 35 40 43 50 59 65 66 71 88 99 65 23 15 46 128 149 179 122 11 6 9 9 8 6 6 7 6 5 6 5 5 5 5 5 6 6 6 5 5 5 6 6 6 6 6 6 6 6 5 5 5 5 5 5 6 6 6 7 7 7 7 7 7 7 7 7 7 7 7 7 8 9 9 9 8 7 7 7 7 7 7 7 7 7 8 8 8 8 9 9 9 9 9 9 9 9 11 12 12 12 12 12 13 10 10 10 10 9 9 9 10 9 9 9 10 10 9 9 9 8 9 9 10 10 10 10 9 9 9 10 10 8 8 8 8 9 8 8 7 7 7 7 7 7 7 8 8 8 8 8 8 8 8 8 8 8 9 9 9 9 9 9 9 9 9 9 9 8 8 9 9 9 9 10 10 9 9 9 9 9 9 9 9 9 10 10 10 9 10 10 10 9 9 9 11 11 11 11 11 11 10 9 9 9 9 9 9 9 8 8 9 9 10 11 10 9 9 9 10 10 10 10 9 9 9 9 9 9 9 
5 5 5 5 4 5 5 5 5 6 4 5 18 34 15 29 34 35 35 28 32 38 43 46 52 61 68 73 72 77 96 90 41 13 27 88 160 140 188 75 11 4 5 5 4 4 5 5 6 7 7 6 6 7 7 7 7 7 6 6 6 7 7 7 7 7 7 7 8 9 9 9 10 10 10 8 8 8 8 9 9 9 9 9 9 9 9 9 9 9 10 10 11 10 10 10 8 8 8 8 8 8 8 8 8 8 8 8 9 10 9 9 9 9 9 9 9 7 6 6 6 7 7 7 8 8 8 8 8 8 9 9 8 8 8 9 9 8 8 8 7 8 8 9 9 9 9 8 8 8 9 9 9 8 9 9 10 9 9 11 11 11 11 10 10 10 11 11 11 11 11 11 11 10 10 10 10 10 11 11 11 11 11 11 11 11 11 11 10 10 10 11 10 10 11 11 10 10 10 10 9 8 8 8 9 9 9 9 9 9 10 10 9 8 9 9 9 9 9 9 9 10 10 10 9 9 9 10 10 10 9 9 8 8 7 8 9 9 9 10 10 11 10 9 9 9 9 9 9 10 
4 5 5 5 5 4 4 5 5 5 4 4 12 32 20 27 37 33 32 29 32 38 43 47 53 62 67 71 72 72 86 99 61 22 42 42 140 158 166 186 51 11 10 12 13 11 10 10 9 10 10 10 10 10 10 9 9 9 9 9 9 10 10 10 9 9 8 8 7 7 7 7 8 8 8 8 9 9 9 9 10 10 10 10 10 10 10 10 10 9 10 10 10 9 9 9 10 10 10 10 10 11 11 10 11 11 11 10 11 12 11 11 11 11 11 11 11 11 11 11 12 12 13 13 11 11 11 12 12 13 13 13 12 11 12 12 12 11 12 11 11 12 12 12 12 13 13 12 12 12 13 13 14 13 13 13 14 14 13 13 13 13 12 12 12 12 15 15 15 15 15 16 15 13 13 13 13 14 14 14 14 14 14 14 14 15 15 15 15 15 15 15 15 14 13 13 13 13 12 12 13 15 15 15 15 15 15 15 15 16 16 15 15 14 14 13 13 13 13 13 13 14 15 14 14 14 14 15 15 14 14 14 13 13 12 12 12 13 13 14 14 14 14 12 12 12 12 12 12 12 
8 8 9 8 8 9 11 12 11 13 12 11 14 28 25 20 30 39 29 32 32 36 40 43 49 57 59 64 67 72 79 95 85 47 47 35 74 164 164 179 121 35 13 10 12 11 9 11 11 11 12 11 11 11 11 11 11 11 11 11 11 12 13 14 14 14 13 13 13 13 13 14 15 15 15 14 13 13 13 14 14 14 15 14 14 13 14 14 15 15 16 17 16 16 16 17 17 17 16 16 16 16 16 16 17 17 16 16 16 17 17 17 17 17 17 17 17 16 16 17 17 18 18 18 19 19 19 20 20 20 21 20 19 19 19 20 19 18 20 19 18 19 20 20 19 20 20 20 20 20 20 20 20 19 19 20 20 20 20 22 22 22 22 22 22 21 19 20 20 20 20 21 21 20 20 21 21 22 23 23 23 23 23 23 24 24 23 22 21 20 21 21 20 20 23 23 23 23 22 22 22 20 20 20 20 19 20 20 21 20 20 19 19 19 19 21 21 21 21 21 21 21 22 22 21 21 21 22 21 18 19 21 22 23 23 21 18 19 19 19 20 20 19 18 18 18 18 18 18 20 
8 9 8 8 8 9 8 9 8 9 10 9 11 27 32 16 21 47 28 40 34 36 39 42 46 50 56 65 65 75 74 84 100 69 47 43 52 123 126 154 167 111 33 15 18 17 14 19 19 20 21 19 18 18 19 19 19 19 19 19 19 17 17 18 20 21 22 22 20 19 19 20 21 22 21 22 23 23 23 24 24 24 24 23 22 22 22 22 23 22 23 24 23 22 24 26 25 24 24 23 23 23 24 24 24 24 23 23 23 24 24 23 23 23 23 23 23 24 25 24 24 23 23 23 22 22 22 23 23 23 23 26 26 26 25 25 24 24 26 25 24 24 24 24 23 23 23 24 24 24 23 23 24 23 22 23 24 24 23 23 23 22 22 21 21 21 23 23 24 24 24 25 25 22 22 23 23 24 24 24 23 23 23 24 24 24 25 25 24 24 24 25 24 23 24 24 24 24 24 24 24 25 25 25 24 24 23 24 26 25 24 23 23 24 23 22 22 22 22 22 22 23 25 24 23 23 24 25 24 23 24 24 25 24 24 24 24 24 24 24 24 24 24 24 23 23 23 23 24 23 
14 14 13 14 15 16 17 18 18 19 19 18 20 29 32 21 19 43 39 36 35 31 35 42 46 47 52 61 63 70 70 73 81 54 28 44 58 101 142 155 166 186 101 22 23 23 20 24 20 22 23 22 22 21 21 23 23 23 23 23 23 22 22 22 22 22 22 22 22 23 22 22 22 23 23 22 21 23 25 25 24 23 23 23 23 22 21 22 22 21 21 23 23 24 24 24 24 23 23 22 23 24 24 24 23 23 23 23 22 23 23 23 23 23 23 23 23 23 23 23 23 22 22 21 20 20 21 21 21 21 20 23 23 23 23 23 22 22 22 23 24 24 23 24 24 22 22 23 23 23 21 20 22 22 22 23 24 24 23 24 23 22 22 22 22 22 21 21 21 21 21 21 22 23 23 22 22 23 23 24 25 25 25 24 24 24 24 24 23 22 23 23 23 22 22 22 22 22 22 22 23 23 20 20 22 23 21 20 20 21 22 23 23 23 24 26 22 23 27 22 21 26 25 26 29 29 28 26 23 24 24 26 26 23 22 24 24 23 22 22 22 23 22 21 21 22 24 25 25 22 
21 21 21 22 22 23 23 23 23 23 22 21 23 30 38 30 20 34 38 36 36 33 33 38 45 46 49 61 68 76 76 68 50 29 22 20 34 91 127 136 144 166 182 70 15 24 18 19 18 18 19 20 21 20 19 20 20 21 21 20 20 20 20 20 20 20 20 19 20 20 19 18 19 19 19 17 16 18 19 19 18 17 19 20 20 20 19 19 19 19 19 21 21 22 22 21 20 19 20 19 19 19 19 18 17 18 19 20 21 22 19 19 19 18 18 18 18 17 17 17 18 18 18 17 18 19 19 19 19 19 18 18 18 17 18 18 19 20 19 20 21 21 20 21 21 19 20 20 19 18 17 16 19 20 20 20 20 21 21 22 22 21 20 20 21 21 19 18 18 18 18 18 18 20 20 19 19 20 20 20 21 21 21 21 21 21 21 21 20 19 20 20 20 19 20 20 20 20 21 21 21 19 17 17 18 20 18 17 18 19 20 20 19 19 21 24 20 22 23 18 17 20 20 19 19 19 19 17 15 15 14 18 22 20 20 22 21 20 20 20 20 21 21 20 19 19 21 21 21 20 
19 19 19 20 19 20 21 21 20 19 19 18 18 21 36 36 22 27 35 39 35 35 32 34 44 48 45 51 61 70 78 86 64 27 21 18 63 143 132 142 145 148 190 146 28 16 17 15 16 15 16 19 20 19 17 16 17 17 17 17 16 16 16 17 17 17 17 17 16 16 16 15 15 15 15 14 14 15 15 15 15 15 16 18 18 17 16 16 16 16 17 17 18 18 18 18 16 16 17 18 18 17 16 16 16 16 16 16 17 17 17 17 17 16 16 15 15 14 14 15 16 16 16 16 17 17 18 18 18 17 17 16 16 15 15 16 18 19 16 17 18 18 18 18 18 19 18 18 17 16 15 14 17 17 17 17 17 17 17 18 19 18 17 16 17 18 17 17 17 16 16 16 16 16 17 17 17 17 17 17 18 18 18 18 18 18 19 18 17 16 17 17 17 17 17 17 18 18 18 19 19 17 17 16 17 17 17 17 19 19 19 17 15 16 18 18 17 17 13 12 13 14 16 12 10 13 14 13 15 11 8 12 18 16 16 17 17 17 17 17 16 15 17 18 14 13 13 14 13 13 
14 15 15 15 14 14 16 15 14 13 13 13 12 12 28 37 26 24 32 39 34 34 32 33 41 45 43 50 57 62 67 83 80 39 18 18 82 102 103 138 136 149 149 185 104 28 18 14 14 13 15 17 16 15 14 15 15 15 15 15 15 15 15 15 16 16 16 16 15 15 15 15 15 15 15 15 15 15 15 15 15 15 15 16 16 15 14 14 14 14 14 14 14 15 15 15 14 15 16 17 17 16 15 18 18 17 16 14 14 13 17 18 17 17 16 15 15 14 15 15 16 17 17 17 16 16 17 17 17 16 16 17 17 16 16 16 17 18 15 16 17 17 17 17 18 19 18 17 16 16 15 15 17 17 17 16 16 16 16 16 17 17 16 14 15 17 17 17 17 17 16 16 16 16 17 18 18 17 17 17 18 18 18 18 18 18 18 18 17 17 17 17 17 16 16 16 17 17 18 18 18 18 19 19 18 17 18 19 20 19 17 16 16 17 18 19 19 19 11 13 18 16 21 17 12 20 22 20 24 18 10 15 21 18 17 18 19 18 18 17 16 15 16 14 10 8 7 7 7 6 
15 17 17 17 15 14 13 12 11 11 11 12 12 12 24 39 34 27 26 34 37 34 34 37 38 40 42 49 52 62 63 67 71 52 63 49 65 108 111 119 138 144 154 177 186 111 30 16 14 14 16 16 14 13 14 14 14 15 15 15 14 15 16 17 17 18 18 18 15 14 14 15 15 16 16 15 15 15 14 14 15 15 14 15 15 14 13 13 13 13 13 13 13 13 14 14 14 14 14 15 16 16 16 17 17 16 16 16 15 15 18 18 18 17 16 15 15 16 16 16 17 17 17 16 16 16 16 16 16 16 16 17 17 17 17 17 16 16 16 17 18 18 18 18 18 18 17 16 16 16 16 16 19 19 18 17 17 17 16 17 18 18 17 16 16 17 17 17 18 17 17 16 16 18 19 20 20 20 19 19 19 19 18 18 18 18 19 20 19 18 18 19 18 18 18 18 19 19 20 20 20 19 20 20 19 18 20 21 19 16 15 16 18 18 19 20 21 19 10 14 22 18 22 19 13 22 21 16 21 17 9 13 20 18 16 17 17 16 15 15 15 15 15 13 9 7 7 7 6 6 
16 18 18 17 16 15 14 13 12 12 12 13 14 14 20 37 39 32 22 28 38 36 37 39 40 41 43 43 44 61 69 68 74 69 88 80 77 110 126 112 120 132 151 157 193 176 87 33 16 15 16 17 16 18 17 15 15 15 15 15 14 15 16 17 17 17 17 17 15 14 14 15 15 16 16 16 15 15 15 15 15 15 14 14 15 15 14 13 13 14 14 14 14 14 15 15 15 15 15 15 16 17 18 15 15 15 16 16 17 17 18 18 18 17 16 16 16 16 17 17 17 17 16 16 16 16 15 15 15 16 16 15 16 17 18 18 17 16 17 19 19 19 18 18 18 17 17 17 17 17 17 17 20 20 19 19 18 18 17 17 18 18 17 17 17 17 16 17 17 17 17 16 16 17 18 19 19 19 19 18 18 18 18 18 18 18 18 19 17 17 17 18 17 17 19 19 20 20 20 21 20 19 20 20 18 17 19 20 17 14 13 15 18 17 17 17 17 15 8 11 17 14 16 15 13 18 15 11 14 12 7 9 14 13 12 12 12 11 11 11 12 13 15 15 12 11 11 12 13 14 
14 15 16 15 14 14 16 15 14 14 14 15 16 14 17 32 39 36 25 26 34 38 32 27 31 35 35 40 44 56 54 50 60 64 81 82 63 61 82 100 100 92 89 118 159 169 165 83 33 18 15 15 16 18 17 15 16 16 16 16 15 16 16 16 16 16 16 16 15 15 16 16 16 16 16 17 18 18 17 17 17 17 15 15 17 17 16 16 16 17 16 16 16 16 16 17 17 17 17 17 17 18 18 16 15 15 16 16 16 16 18 18 18 17 17 17 17 17 17 17 18 18 17 17 17 16 14 14 14 15 16 15 15 17 18 18 18 17 17 18 19 18 17 16 16 16 17 17 17 17 17 17 19 18 18 18 17 17 17 17 16 16 17 17 16 15 15 16 17 18 17 17 16 16 16 16 16 17 17 17 17 17 18 18 19 19 19 18 17 16 17 17 17 17 19 19 19 19 19 19 19 18 19 19 18 18 19 19 17 16 15 15 16 16 17 17 17 15 11 12 16 15 15 17 17 20 19 17 17 15 12 12 14 15 13 13 13 13 13 14 16 17 18 18 18 17 17 18 20 21 
17 18 18 18 17 17 18 18 17 16 16 16 17 16 18 31 38 39 30 26 31 38 21 10 14 17 17 29 45 45 26 19 26 42 78 70 31 23 32 77 81 40 32 70 142 161 189 166 105 48 24 18 15 15 16 17 17 18 18 17 17 18 19 19 19 19 18 18 18 19 19 19 19 18 17 19 20 20 20 20 19 19 18 18 20 21 20 19 19 19 18 17 16 16 17 18 17 17 18 18 18 17 16 16 16 16 16 16 16 16 17 17 16 16 16 16 16 15 15 16 17 17 17 17 17 15 13 12 13 15 17 16 16 16 17 17 17 17 16 17 17 15 14 14 14 15 15 16 16 15 14 14 16 16 16 16 15 15 15 18 16 16 17 19 17 14 15 17 18 19 19 18 18 17 17 17 17 18 19 19 17 18 19 20 21 22 23 22 21 20 20 21 20 20 20 20 20 19 19 19 19 20 20 19 19 19 20 20 20 21 20 17 16 17 18 17 18 18 17 17 18 19 17 19 22 21 21 21 20 19 18 17 17 19 18 17 18 18 19 19 20 20 20 20 21 21 19 19 20 22 
18 19 18 18 18 19 18 18 18 16 16 18 20 20 21 32 37 41 38 30 27 33 13 4 10 12 6 16 41 46 13 7 10 27 73 61 19 12 17 48 48 16 14 43 140 151 169 191 168 119 90 55 33 22 17 15 15 16 18 19 18 20 20 20 18 19 17 19 20 20 19 20 21 20 20 21 21 21 22 21 19 19 20 21 22 22 21 20 19 19 19 19 19 18 18 17 17 17 18 18 17 16 16 17 18 18 18 18 18 18 19 19 18 17 15 15 15 14 15 15 16 17 17 16 17 16 14 13 13 15 17 18 18 18 18 18 18 18 18 18 18 20 20 16 19 18 19 20 21 20 19 19 18 18 19 20 20 20 19 20 18 18 20 22 20 18 19 20 22 22 21 20 18 18 18 19 18 19 20 21 24 24 24 24 25 25 24 22 21 21 21 22 22 21 21 20 20 20 20 21 22 22 21 21 22 23 22 22 22 24 22 18 16 17 17 16 18 19 20 18 17 18 17 18 20 20 21 22 21 20 19 18 20 22 20 19 19 19 19 20 19 19 20 20 21 20 18 18 19 20 
14 14 14 15 17 17 14 15 15 14 15 19 21 20 20 29 33 39 41 34 30 31 12 6 12 15 5 11 35 42 11 10 12 19 55 57 21 13 16 23 23 19 16 34 126 128 157 163 158 160 160 122 90 71 52 38 27 21 19 18 17 19 18 19 17 21 17 18 18 18 18 21 21 19 18 21 21 21 21 20 19 19 21 21 21 21 21 20 18 18 19 20 21 20 19 18 19 20 20 20 19 19 18 19 21 21 21 20 20 21 21 21 21 19 17 17 17 18 18 18 19 20 20 20 21 20 20 18 18 20 22 23 23 23 23 23 23 22 20 24 26 21 25 23 22 21 22 23 23 23 22 22 21 21 22 23 23 23 22 24 22 21 21 22 22 21 22 23 24 24 23 21 19 20 21 22 21 21 22 24 25 25 25 24 24 23 22 22 21 21 21 21 21 21 22 22 22 22 23 24 25 25 24 24 26 26 25 23 22 23 22 19 18 20 21 19 20 21 20 18 17 18 19 19 21 23 22 22 22 22 21 21 24 24 21 20 22 21 19 21 19 18 19 19 19 19 18 18 20 20 
15 14 15 17 17 16 12 14 14 14 15 17 18 16 18 23 30 35 36 36 36 34 13 5 8 10 6 16 37 28 8 11 16 13 38 60 26 14 18 13 16 25 19 26 108 117 143 146 135 143 161 151 145 142 124 101 79 59 45 35 27 27 23 21 19 25 21 22 22 21 20 22 22 21 21 23 24 23 20 19 21 21 21 20 20 21 22 22 20 21 22 23 24 25 24 23 23 23 23 22 22 21 21 22 22 22 22 21 22 23 22 22 22 21 21 21 23 21 21 21 22 22 23 24 23 23 23 22 22 23 25 24 24 24 24 23 22 22 20 42 53 24 22 27 18 21 21 21 20 20 19 19 19 20 20 19 19 19 20 24 22 20 18 17 18 20 18 19 20 20 19 19 18 20 21 21 21 21 22 24 20 20 21 22 22 23 23 23 25 26 25 25 25 26 27 27 28 28 28 27 27 28 27 26 27 26 24 23 22 22 21 20 20 22 22 20 20 20 19 19 20 21 21 19 19 20 20 20 20 20 21 22 23 24 23 22 24 23 21 22 19 18 18 17 18 19 18 18 18 18 
17 16 17 18 17 15 14 16 17 16 15 16 16 15 17 19 29 35 35 39 37 33 12 4 6 8 7 21 40 22 6 10 14 8 30 63 24 12 27 14 15 27 20 21 105 117 121 127 126 128 142 140 144 150 151 149 140 129 113 92 74 61 44 32 22 27 24 26 26 25 22 23 24 24 25 27 30 28 22 22 26 25 22 21 22 23 24 24 23 23 25 26 27 27 26 26 24 24 23 22 22 22 21 23 23 23 22 21 22 23 22 22 22 21 21 21 22 21 20 20 19 20 21 21 21 22 22 22 21 21 21 20 20 20 19 19 18 18 19 52 83 37 18 22 16 19 18 18 18 18 18 19 18 19 20 19 19 21 23 21 21 19 17 17 20 24 23 24 25 27 28 29 30 31 31 31 31 32 34 37 39 40 42 45 47 49 50 51 57 62 62 62 64 67 65 68 71 72 70 65 63 63 62 61 60 59 56 54 51 48 45 43 41 40 38 34 34 32 28 24 22 20 17 14 13 14 15 18 19 17 18 19 19 19 20 20 21 21 19 21 19 17 17 17 19 20 20 19 18 17 
15 15 15 15 15 14 14 16 17 16 16 16 15 15 18 18 29 36 37 41 36 35 13 4 9 10 5 14 30 14 5 10 15 7 22 54 21 13 39 19 20 34 25 21 99 115 110 117 120 121 134 129 128 127 137 150 156 161 160 147 132 123 103 84 56 45 28 25 20 19 20 23 23 20 19 23 29 29 21 22 25 22 21 21 21 22 23 23 22 22 23 23 24 24 23 23 22 22 21 21 20 20 20 21 21 21 19 18 19 21 20 20 20 19 18 18 19 20 19 18 17 18 19 20 19 21 22 22 21 20 20 19 20 21 22 22 22 22 21 50 98 63 28 26 29 28 28 28 28 30 32 34 35 38 41 40 41 46 52 52 52 52 54 58 62 65 67 68 70 73 77 81 83 86 85 84 85 87 90 92 91 93 96 100 104 107 108 107 118 124 122 119 122 126 126 133 140 141 138 131 128 130 129 129 127 125 122 121 119 116 114 113 109 104 102 103 103 97 85 69 59 51 38 29 24 20 18 19 19 18 20 21 19 17 15 14 16 17 17 20 18 17 18 19 21 22 22 20 18 16 
17 17 16 13 12 13 14 15 16 17 17 17 16 15 18 18 27 36 39 40 35 36 15 6 16 15 7 13 28 17 11 22 32 19 21 47 31 30 52 33 37 53 47 36 90 101 104 118 118 113 122 124 134 142 143 143 140 139 141 146 150 163 160 156 129 111 76 65 42 26 21 17 16 15 18 18 20 21 17 16 17 14 15 17 18 19 21 21 20 19 19 20 21 21 21 22 21 21 20 19 20 20 20 21 22 22 21 22 23 26 24 24 25 25 24 26 27 29 29 29 29 30 32 34 35 39 43 45 45 44 45 48 50 53 56 59 61 62 60 81 126 111 82 77 77 79 78 77 78 81 85 88 86 92 95 95 96 103 112 111 108 109 115 121 123 121 125 125 126 128 131 135 137 138 136 136 137 140 141 139 132 133 135 139 142 144 142 133 141 145 139 133 134 137 141 147 155 158 156 151 148 154 155 156 155 153 153 155 159 160 163 166 163 158 159 168 172 170 161 149 143 135 117 101 86 67 46 34 28 23 22 22 20 18 18 16 17 18 17 20 19 18 19 19 19 20 20 18 16 16 
18 19 17 16 15 16 18 18 19 19 19 18 17 16 19 19 24 34 40 40 39 41 25 16 29 24 15 24 38 29 24 37 47 40 38 54 54 59 69 64 67 71 80 69 95 90 94 102 99 105 125 129 131 127 134 143 137 133 132 137 143 146 144 163 166 177 152 146 115 86 67 46 30 20 18 19 21 23 23 22 21 19 21 23 25 27 30 31 30 31 32 33 34 36 38 39 42 43 41 42 42 44 46 49 51 53 53 54 57 60 60 62 65 66 68 72 76 72 71 73 75 78 81 83 84 91 99 103 105 105 106 104 107 112 116 121 124 125 124 125 145 142 144 137 126 135 134 131 130 132 136 139 134 139 141 141 141 145 149 140 136 135 138 140 135 130 141 139 138 137 136 136 136 138 135 136 138 139 136 132 132 133 134 134 135 136 135 133 137 139 138 136 138 139 137 141 146 148 148 146 144 144 148 150 149 146 149 150 148 152 154 154 151 152 153 157 163 170 174 181 191 196 191 182 175 158 125 103 87 65 48 32 22 19 19 19 20 20 19 22 20 19 21 21 20 20 21 20 19 19 
21 20 19 18 17 18 19 18 18 18 17 17 15 15 17 18 18 30 38 39 42 43 39 34 43 31 23 29 37 36 32 40 38 42 51 60 65 70 78 91 91 81 94 89 99 89 88 98 99 92 100 103 114 121 127 134 136 138 138 140 143 151 145 146 141 161 151 155 163 163 149 122 87 60 48 50 54 57 62 62 60 58 65 69 71 76 80 81 79 82 85 86 88 91 94 96 102 103 102 102 105 109 113 108 109 112 112 112 114 116 126 131 133 134 135 140 145 131 128 130 132 134 135 136 125 130 138 142 142 142 144 132 132 135 137 139 140 140 145 129 133 132 143 135 135 137 135 133 132 132 133 135 138 138 139 141 140 139 138 149 148 147 144 141 139 138 141 139 139 138 136 134 134 138 137 138 140 140 133 127 136 136 136 135 135 134 133 132 133 135 138 140 143 143 140 140 141 141 142 143 143 144 149 151 149 146 148 151 152 155 153 146 145 153 160 164 170 175 177 178 182 184 183 189 204 213 205 196 189 171 140 105 73 45 28 22 22 22 20 22 20 19 21 22 20 20 22 23 22 21 
40 32 29 26 22 19 18 15 13 14 13 13 13 13 14 15 14 23 35 35 36 35 39 39 41 30 22 21 27 37 39 40 32 35 43 56 58 60 74 89 93 88 87 85 94 93 94 95 92 91 104 111 118 119 120 124 124 125 129 136 143 147 136 132 128 146 141 143 135 131 135 138 127 113 109 109 109 113 122 122 119 121 122 121 122 125 127 127 125 129 130 129 129 130 132 134 132 130 131 132 136 140 143 138 138 140 139 136 135 136 135 137 136 132 131 132 134 137 138 139 138 136 134 134 135 140 144 145 143 142 143 143 143 145 144 143 142 141 147 132 141 143 143 133 152 138 138 137 136 136 137 140 138 140 140 143 142 138 137 134 135 140 137 133 135 139 143 145 143 145 144 138 145 139 138 143 138 142 132 128 141 140 136 141 135 138 135 138 138 132 132 133 136 135 137 136 136 134 140 133 140 147 148 155 154 146 145 153 144 142 146 144 142 153 157 150 160 171 173 168 163 169 182 180 185 195 198 203 212 219 217 203 170 120 75 44 26 20 18 21 19 18 17 15 13 14 15 16 17 17 
52 46 49 52 48 44 39 29 22 22 17 11 14 17 15 15 13 19 34 42 43 39 37 38 38 36 27 17 27 47 58 43 40 45 49 61 62 63 77 92 95 95 98 100 100 99 101 104 102 99 108 117 118 119 123 125 123 123 127 130 132 131 132 135 134 129 123 121 123 120 118 127 129 130 137 134 132 135 134 131 132 138 137 136 136 134 133 133 135 138 136 133 129 128 128 129 130 132 135 137 139 139 139 135 134 134 134 134 134 134 140 146 144 139 140 143 140 135 137 138 136 134 133 136 136 138 140 140 140 141 143 137 141 143 140 137 135 137 147 144 141 140 142 141 138 136 136 134 131 131 135 141 133 142 137 138 136 127 132 130 128 145 145 140 147 141 136 138 132 137 137 122 145 136 133 146 116 144 139 135 141 133 124 144 122 130 130 138 147 135 138 135 131 131 122 123 132 131 142 121 126 127 111 131 141 117 110 136 123 102 131 151 139 139 145 152 157 164 165 161 152 148 159 169 164 179 196 204 203 202 220 223 235 239 188 122 58 26 21 22 18 16 15 15 16 16 15 15 16 17 
49 54 59 61 58 55 56 57 56 57 46 32 28 20 15 15 15 22 37 43 43 41 39 39 36 32 26 20 29 51 60 56 59 65 75 86 88 87 94 98 102 109 113 115 114 114 115 116 112 109 115 122 121 118 117 117 121 123 122 122 124 124 127 131 132 129 128 129 136 136 133 134 128 123 127 127 127 128 130 131 134 138 135 132 132 131 131 131 131 138 140 138 136 137 139 141 136 135 138 140 141 141 141 138 138 138 138 138 138 138 138 142 141 136 138 140 136 136 137 141 139 138 139 141 142 141 141 142 144 145 144 140 143 144 142 139 138 140 141 139 136 136 138 137 134 139 139 137 132 130 133 137 138 141 134 137 137 126 126 127 141 148 122 121 144 124 125 119 131 139 133 137 122 110 106 102 79 121 150 120 121 89 95 107 93 80 116 76 92 123 149 135 68 79 72 79 81 104 63 95 68 96 68 77 99 67 76 83 88 56 90 135 146 145 143 150 154 160 162 158 148 142 154 166 153 162 199 210 213 221 211 192 202 221 188 154 130 85 38 18 24 26 18 18 20 20 15 14 17 17 
33 42 46 49 52 52 49 57 58 65 69 66 62 39 27 26 28 38 52 58 60 53 45 39 35 33 33 30 36 59 65 73 85 87 91 94 97 103 112 118 122 126 130 133 130 128 129 126 116 110 113 118 115 112 114 119 126 129 126 124 126 123 122 125 125 124 126 128 130 131 133 133 128 126 133 135 132 130 132 137 140 140 136 135 135 135 135 135 135 134 134 132 133 136 140 143 137 135 137 139 140 140 139 138 138 138 138 138 138 138 138 142 140 136 137 140 137 134 136 138 138 137 139 142 139 134 132 137 141 139 135 132 136 138 136 133 132 134 136 134 132 134 134 133 130 124 126 127 127 127 131 134 122 125 121 128 132 123 125 118 127 106 61 70 95 58 75 68 80 67 57 85 50 55 60 69 57 80 147 124 93 47 49 56 65 44 84 37 68 112 135 122 36 53 39 44 46 77 32 61 41 82 63 81 107 51 62 63 82 47 81 126 140 142 141 146 150 155 158 153 143 146 171 175 152 148 184 198 192 203 218 220 210 190 160 132 155 180 86 20 18 20 14 14 17 20 19 15 11 13 
25 28 30 35 45 51 52 53 46 47 52 54 48 21 11 10 12 17 20 20 23 25 33 48 73 96 85 43 53 89 94 100 104 91 92 102 118 131 127 121 122 129 134 135 132 128 127 122 110 100 99 104 103 104 106 109 112 115 117 118 117 117 119 120 119 117 118 122 118 118 124 127 126 128 136 141 137 131 132 136 137 133 134 135 135 137 139 138 136 132 129 129 129 131 134 137 133 133 134 136 136 136 136 134 134 134 134 134 134 134 133 137 135 131 133 135 132 131 132 134 133 131 132 134 135 127 124 129 135 133 126 126 129 131 130 127 127 128 132 129 128 130 131 128 125 117 121 123 123 122 124 127 120 127 125 130 132 125 130 125 122 83 39 57 80 35 53 56 64 34 32 83 45 34 36 59 61 58 123 119 89 41 37 47 69 49 78 44 84 114 119 113 46 74 65 64 72 101 70 74 69 91 83 112 132 69 84 93 115 87 111 132 131 138 142 143 145 150 154 151 139 144 162 158 154 152 183 212 212 210 221 215 153 92 88 94 79 90 112 62 19 18 25 23 22 22 23 23 23 23 
20 18 19 22 29 35 44 50 50 52 46 32 27 19 9 10 12 14 14 11 9 9 10 12 17 23 40 55 68 104 98 88 74 58 58 57 66 79 93 111 118 116 122 124 121 118 116 114 103 89 86 90 94 99 105 105 102 104 112 117 116 114 114 115 115 114 116 119 117 119 124 122 120 122 124 128 127 122 122 126 126 123 125 126 126 130 134 133 129 132 133 131 129 130 132 134 131 131 131 133 133 132 131 130 129 129 129 129 129 129 126 128 127 123 124 127 122 128 131 131 128 124 123 124 131 125 121 125 131 129 122 124 128 130 129 126 127 129 127 126 125 126 126 122 117 121 124 125 122 117 114 113 113 124 121 119 116 109 117 115 121 91 54 77 101 53 48 67 77 39 43 113 81 61 58 80 87 71 117 108 110 72 70 87 99 85 108 86 112 118 122 116 86 108 103 95 98 110 115 93 104 121 113 124 134 116 130 137 142 133 125 125 131 134 137 140 140 145 152 149 135 134 130 117 135 134 141 175 202 210 210 212 132 42 28 58 49 12 43 86 53 29 26 29 32 32 32 32 34 34 
16 15 15 15 16 16 19 27 37 45 36 24 24 21 12 14 17 16 15 14 14 14 13 11 9 8 9 10 14 30 42 61 76 67 52 50 55 57 60 79 94 97 105 110 111 110 110 108 97 83 79 83 87 93 94 91 88 90 97 104 107 105 105 109 112 113 116 120 116 115 117 116 119 121 118 118 118 116 117 121 122 122 123 122 122 126 131 130 124 129 130 127 124 124 125 127 128 128 129 129 129 128 128 126 125 125 125 125 125 125 124 126 126 122 123 125 121 125 128 127 123 119 118 118 121 117 115 117 120 119 114 116 119 122 121 119 120 122 120 119 117 117 116 111 107 103 107 112 112 108 106 106 102 111 110 113 115 110 117 102 120 110 90 101 111 90 79 95 102 66 69 113 98 103 115 119 111 92 127 114 113 102 102 118 109 102 111 109 111 95 100 103 108 90 106 117 98 89 114 112 89 102 113 90 84 133 105 79 105 118 78 83 128 126 121 133 132 138 147 146 132 133 128 114 153 156 153 193 211 190 195 232 186 81 45 52 43 19 26 78 126 91 58 50 34 29 34 35 29 30 
18 18 17 16 15 14 14 14 17 19 13 13 22 22 14 16 17 15 15 15 15 18 20 19 18 17 16 14 10 9 10 14 20 33 53 79 109 93 52 38 48 64 73 81 87 90 93 93 85 74 73 75 75 78 67 58 65 67 68 71 79 89 97 103 106 107 108 110 106 104 105 106 115 121 114 112 115 115 115 114 116 120 120 117 117 122 129 127 121 120 120 117 115 114 116 117 119 121 121 122 122 120 119 119 119 119 119 119 119 119 118 122 121 116 118 120 116 116 118 119 115 112 111 112 112 111 110 109 109 109 108 107 110 114 113 112 112 114 111 109 108 106 103 98 92 89 95 99 98 95 91 91 101 104 101 111 119 110 110 114 105 99 114 119 109 124 133 105 102 110 108 109 109 106 97 90 103 97 87 74 93 97 65 63 94 81 46 71 96 63 39 69 96 35 43 80 48 27 58 75 28 45 83 45 24 96 63 19 67 96 40 43 115 120 113 124 123 130 141 141 127 106 70 72 118 129 142 185 205 202 189 196 194 167 153 124 77 78 119 159 191 225 220 162 90 48 38 40 41 38 
13 13 12 11 11 11 10 9 11 12 8 14 28 23 14 15 14 11 12 13 12 14 15 14 14 15 16 19 19 19 19 12 9 7 6 18 37 37 24 27 33 35 43 52 60 65 69 74 73 65 65 66 64 63 56 56 70 73 67 69 81 89 93 98 99 98 95 94 100 104 100 99 107 110 98 102 110 112 107 102 102 106 108 106 106 112 118 117 110 114 115 114 112 113 114 116 112 111 112 112 112 110 110 110 111 110 111 110 110 111 106 108 107 103 104 106 102 105 108 109 107 104 104 107 112 115 116 114 111 110 111 108 111 115 114 112 113 114 103 101 99 98 94 87 82 105 107 105 96 84 75 71 85 76 64 71 76 61 55 104 61 48 91 107 87 115 88 40 40 93 100 83 100 97 36 29 83 93 35 21 81 85 31 18 95 68 9 40 96 54 9 49 84 12 23 72 41 10 53 64 14 37 88 37 7 94 91 14 60 103 35 27 108 127 124 118 117 124 136 137 124 118 109 111 147 137 141 162 161 181 198 189 183 196 194 186 187 200 218 219 234 239 233 246 246 174 73 37 35 39 
10 11 9 12 13 9 7 10 11 10 12 10 16 23 20 16 14 16 16 13 10 12 12 10 7 8 10 12 12 13 14 14 14 12 6 5 10 20 31 34 34 30 32 39 47 50 52 57 55 49 54 62 63 59 50 58 67 64 68 58 60 75 81 84 87 86 86 87 92 92 96 103 90 82 102 106 97 102 103 98 104 104 113 110 107 117 117 110 113 116 114 109 115 114 104 114 119 108 102 110 114 111 109 108 115 103 94 109 117 106 89 96 118 105 83 93 107 119 66 93 122 74 66 109 92 49 71 100 63 47 94 92 34 52 91 56 29 71 101 62 28 65 94 73 24 62 91 94 90 73 32 18 76 55 17 53 68 21 19 99 36 16 72 94 96 109 95 26 18 68 91 102 87 96 30 18 75 106 33 15 69 84 30 17 87 75 10 34 73 47 17 51 73 27 31 69 50 25 62 76 33 51 91 52 31 97 96 38 68 98 57 58 96 103 111 106 109 114 120 125 126 134 149 143 157 129 129 151 177 162 163 169 175 179 175 171 175 188 201 208 211 213 229 230 210 220 221 145 61 35 
11 13 13 12 11 10 15 15 11 13 13 8 9 17 25 26 21 20 20 19 17 16 14 9 6 7 11 13 11 9 10 14 18 18 9 13 23 22 34 28 30 30 29 33 36 35 36 42 44 40 44 50 49 46 40 47 54 52 63 54 55 69 74 79 82 84 84 85 85 89 90 87 94 101 93 99 92 90 103 100 102 104 96 98 99 92 89 90 89 71 100 106 67 76 104 85 62 99 104 61 69 100 90 47 63 104 66 39 72 96 54 32 76 92 36 37 84 71 21 47 84 36 22 81 64 15 37 75 37 16 69 71 11 30 77 43 12 54 100 45 11 47 85 61 12 43 77 84 86 75 31 16 64 50 18 50 67 27 25 85 46 24 67 85 87 90 86 39 35 82 89 97 84 81 50 34 66 82 39 30 67 66 37 34 65 58 28 36 60 44 23 42 56 28 23 42 32 17 29 35 18 21 28 19 14 25 25 14 19 26 19 16 23 25 22 22 25 27 29 34 41 48 49 44 56 60 67 78 107 132 141 150 157 165 174 168 157 169 181 190 196 202 225 248 248 249 247 217 172 106 
10 14 18 13 11 14 16 14 11 12 14 16 4 6 15 22 23 23 23 24 26 23 20 16 13 15 18 19 23 28 31 28 26 20 7 18 28 17 28 20 26 31 30 33 36 35 36 40 41 39 41 43 42 42 36 44 44 37 50 40 39 51 55 61 66 68 68 68 67 74 61 37 54 75 48 40 68 73 38 49 81 57 30 76 93 31 45 84 57 22 61 80 21 35 80 49 15 62 77 17 27 65 54 15 27 92 49 11 52 91 35 9 49 79 19 18 70 54 11 33 71 31 15 76 65 13 36 78 37 14 67 80 16 34 85 54 19 55 101 60 24 53 83 65 23 45 79 70 69 73 38 30 64 56 30 48 62 35 31 63 52 31 50 54 54 49 41 27 23 35 27 28 24 22 24 15 18 21 13 13 13 12 9 10 11 9 8 7 10 9 5 7 9 5 4 7 6 3 4 5 4 4 3 4 4 3 3 5 4 4 6 4 4 6 3 4 6 6 5 6 11 14 10 7 10 18 18 20 21 23 30 39 47 60 76 99 122 135 149 165 180 193 185 178 202 222 231 234 238 200 
13 15 25 15 13 17 14 11 13 9 13 30 4 3 7 15 22 21 19 20 23 22 23 22 20 23 25 24 24 24 25 25 25 24 16 24 31 21 31 27 29 27 26 28 31 31 32 33 31 31 33 34 33 34 32 41 36 26 39 29 30 44 50 56 60 62 62 62 61 73 48 13 29 58 30 13 57 69 11 28 77 44 8 61 82 10 29 81 46 11 49 71 15 26 73 44 10 60 78 16 26 69 59 18 24 77 46 12 48 77 45 20 56 80 34 32 66 66 28 41 68 45 33 64 61 28 45 70 42 26 56 58 26 32 54 42 24 34 41 35 19 27 34 30 18 18 35 24 21 28 14 13 19 18 10 12 17 10 8 12 12 7 10 10 9 8 8 7 6 7 4 5 5 4 6 4 3 4 3 4 3 4 4 4 3 2 4 3 3 4 4 3 3 4 5 3 6 6 4 5 7 7 5 8 10 8 9 16 17 11 20 18 17 23 21 26 29 28 23 24 32 42 39 29 28 39 27 23 20 22 22 21 18 18 21 22 24 29 37 49 64 77 110 145 159 181 211 234 246 244 
17 16 30 15 10 16 24 22 12 10 12 33 13 4 4 10 19 19 20 24 23 24 27 28 25 24 26 27 26 26 26 26 27 26 26 24 23 24 23 24 29 31 28 28 29 28 28 29 29 30 33 32 32 34 30 32 28 21 33 29 33 43 45 49 51 52 51 50 50 63 41 8 23 55 31 12 39 52 13 25 62 43 17 53 70 24 33 66 49 25 47 69 29 29 63 46 21 52 64 27 32 59 56 35 36 57 43 26 38 49 32 22 29 35 23 18 26 27 16 16 22 18 14 17 17 10 14 19 13 10 14 13 10 9 11 11 8 7 8 8 5 7 8 8 5 5 12 8 7 11 5 4 5 6 4 3 4 4 3 3 4 3 5 4 4 5 4 5 5 5 4 6 7 9 10 8 10 11 10 10 13 16 14 14 15 14 14 14 12 17 18 15 16 16 15 11 14 14 11 12 13 11 11 11 11 12 12 14 15 12 15 15 14 16 17 16 19 19 19 21 25 28 23 23 25 37 30 32 31 32 32 32 34 35 37 42 46 44 39 34 33 34 37 41 43 53 77 108 134 173 
14 13 32 17 10 13 42 46 12 19 14 31 38 8 7 10 12 11 12 17 18 19 22 24 21 20 20 23 27 32 33 30 26 24 33 27 23 34 25 26 28 26 23 24 25 25 27 27 26 27 30 30 29 31 25 23 21 18 24 24 29 38 41 43 44 43 42 42 40 49 39 14 25 48 32 17 29 38 20 22 39 34 21 30 35 23 22 28 27 19 21 29 18 14 23 20 11 16 19 12 12 17 17 12 12 14 12 10 9 11 8 7 6 7 6 4 5 5 4 4 4 4 4 3 4 3 4 4 4 4 3 3 6 5 4 5 7 5 7 8 7 9 12 11 10 12 17 15 14 20 14 15 15 17 15 12 13 14 13 16 13 15 19 16 15 18 17 17 17 17 16 15 12 13 11 12 14 12 12 11 10 11 9 10 12 10 10 9 8 10 10 9 10 8 9 7 8 8 7 8 7 7 6 6 6 6 7 7 7 8 7 9 9 8 12 13 15 16 19 21 22 24 26 28 29 30 23 25 26 28 27 27 29 30 30 33 38 36 33 30 29 29 33 36 37 35 36 43 53 76 
14 11 34 24 17 16 41 54 20 31 18 30 54 29 27 19 14 11 7 6 8 7 8 10 9 9 10 11 11 12 12 12 12 11 14 12 11 16 12 13 12 10 9 9 11 11 13 13 12 12 13 13 12 13 12 12 14 13 12 12 14 15 14 15 15 14 14 14 13 15 13 7 9 15 10 6 9 12 7 6 10 10 7 8 9 7 6 6 7 6 6 6 5 4 4 5 4 3 3 4 4 3 3 4 4 3 4 5 4 4 4 5 5 6 6 6 7 7 8 9 10 11 10 13 14 13 16 16 15 17 17 17 17 19 19 19 20 21 15 18 18 16 18 19 22 19 16 15 13 17 17 19 14 14 12 10 10 10 10 10 7 9 10 9 8 9 8 8 8 9 10 8 7 7 7 8 9 7 9 9 8 7 6 8 8 7 8 7 7 8 7 8 9 7 9 10 11 10 10 11 10 12 11 12 14 13 14 16 18 22 21 26 29 30 34 35 36 38 40 42 42 40 37 42 50 54 61 67 71 68 68 68 67 66 65 63 61 61 60 58 58 59 51 44 53 58 54 51 52 58 
25 14 39 35 30 23 28 48 39 35 18 27 41 40 44 34 37 53 29 8 5 3 3 3 3 3 4 4 3 3 3 3 3 3 3 3 3 3 3 3 3 3 2 2 3 3 3 4 3 3 3 3 3 3 4 4 7 8 4 4 4 3 3 3 3 3 3 3 3 2 2 3 3 2 2 3 2 3 3 2 3 3 3 4 4 3 4 5 4 6 7 6 6 8 8 7 9 11 11 11 13 14 12 13 14 14 12 13 15 13 13 11 13 12 10 13 10 11 12 10 10 11 9 9 9 10 13 11 9 12 12 12 12 12 13 12 11 11 11 12 11 9 12 11 14 14 9 12 11 11 11 10 10 10 8 9 9 8 9 11 10 12 12 14 14 13 15 13 12 12 12 10 11 10 12 13 13 13 20 17 15 17 16 17 18 17 20 22 22 24 22 24 29 27 24 25 27 24 24 24 20 22 22 22 23 24 25 25 23 21 21 23 29 36 39 43 44 46 49 51 53 54 55 53 62 61 73 70 73 72 76 76 69 66 67 76 88 88 87 84 82 83 84 86 85 85 83 79 74 62 
64 35 35 34 36 32 29 39 39 33 25 27 30 31 50 55 34 74 61 42 19 12 10 10 6 3 3 3 3 4 3 3 2 3 3 4 4 3 4 4 4 4 4 4 3 3 3 4 4 3 3 3 4 3 4 3 5 5 3 3 5 4 3 4 4 4 5 5 6 6 6 6 6 7 9 8 8 10 10 10 12 12 11 11 11 11 11 12 11 11 12 11 10 10 11 11 10 11 11 11 12 12 11 12 11 10 9 9 10 10 9 7 8 7 6 7 5 7 7 6 6 6 6 6 8 8 8 8 8 10 11 11 15 12 13 16 16 25 22 24 21 14 12 16 25 18 18 21 23 25 27 30 30 29 27 34 32 34 43 35 38 37 35 42 45 36 28 28 27 24 24 24 27 31 26 28 27 27 28 26 28 29 28 28 28 27 28 27 26 25 25 27 30 29 27 27 25 22 19 17 15 16 16 17 17 18 19 20 20 17 17 19 24 29 32 34 35 38 41 44 47 50 53 52 54 53 63 63 65 68 68 64 59 60 69 74 75 77 80 80 82 85 91 95 91 89 84 73 60 46 
57 36 32 33 28 25 28 31 32 29 27 28 27 26 47 57 27 67 64 53 19 19 29 38 24 11 7 7 5 5 4 4 5 5 4 4 4 4 4 4 4 4 5 5 5 4 5 5 5 4 4 5 6 5 6 6 6 6 5 6 7 6 6 6 5 6 6 6 6 6 6 6 6 7 8 7 8 9 8 8 9 9 8 8 8 8 8 8 8 8 8 7 7 7 7 8 6 5 6 6 6 6 6 7 7 6 6 6 6 7 7 7 7 7 7 8 8 8 8 8 9 11 13 15 16 16 17 21 23 22 21 17 25 20 24 31 31 47 56 53 58 64 55 42 38 49 49 50 51 53 55 56 71 76 68 69 57 61 77 84 88 77 62 60 58 50 45 43 38 31 26 25 26 26 23 25 24 25 25 29 27 26 27 26 26 25 25 24 23 23 24 25 25 24 24 24 23 21 19 16 16 17 18 19 19 20 21 21 20 18 18 20 24 26 28 31 32 35 38 41 43 43 43 45 45 46 52 54 55 56 55 53 51 56 66 68 65 69 72 73 75 78 81 79 72 65 57 46 36 31 
52 51 50 49 43 42 39 38 37 34 34 36 39 41 44 47 34 70 52 41 13 19 38 60 53 37 27 19 14 9 6 6 7 7 5 5 5 5 5 4 4 4 4 4 4 4 4 4 4 3 3 4 4 4 5 5 4 5 4 5 5 5 5 4 4 4 4 4 4 4 4 4 5 5 4 4 5 5 4 4 5 5 6 6 6 6 6 6 6 8 8 8 8 8 9 10 13 14 15 15 16 16 16 19 19 20 20 21 22 23 21 20 20 21 22 23 24 21 20 19 19 19 21 22 24 26 29 31 28 22 16 13 19 15 16 19 17 25 32 29 41 72 90 87 86 58 60 66 74 75 68 60 72 91 82 72 63 66 63 85 88 78 62 53 52 54 61 59 54 45 38 37 37 34 36 34 28 20 19 25 22 22 22 21 21 21 20 20 20 21 23 23 22 21 20 21 22 22 22 21 20 19 20 20 21 22 22 22 20 20 20 22 23 23 24 26 27 29 31 33 35 35 36 39 40 41 46 45 46 49 49 48 48 52 57 57 55 60 64 66 69 71 71 65 53 42 35 30 26 25 
47 50 48 43 46 50 48 44 40 38 38 38 40 47 47 44 35 53 37 40 28 27 36 48 47 40 37 33 26 18 11 8 7 7 7 7 7 8 8 8 8 8 8 7 6 6 5 6 5 5 5 5 5 5 5 4 3 4 4 5 5 5 5 5 5 5 6 6 6 6 6 7 8 9 8 8 9 9 9 9 11 13 13 13 14 15 16 17 17 19 20 20 19 18 18 20 20 20 21 22 22 22 22 23 24 25 25 25 26 26 24 24 23 23 23 23 24 24 23 21 21 22 23 25 27 31 32 27 19 12 6 6 9 7 7 8 6 9 7 5 14 39 65 82 100 92 87 81 78 74 68 62 48 62 70 75 61 51 36 45 46 46 41 36 40 52 65 68 69 69 70 76 82 84 90 77 62 36 20 19 20 20 20 20 20 19 19 18 18 19 21 21 20 19 18 18 19 20 21 20 20 19 19 19 20 20 21 20 19 20 21 21 21 20 21 23 23 24 25 26 27 28 31 34 34 36 39 39 39 42 42 42 43 44 44 43 44 49 53 54 55 56 52 44 35 27 24 23 23 22 
44 37 42 32 39 38 41 37 34 35 36 34 35 41 38 35 36 43 27 36 34 32 32 32 30 31 33 33 30 25 18 13 9 8 7 7 7 8 9 9 9 10 10 11 10 10 11 11 11 10 11 11 11 10 8 7 7 7 7 9 11 12 13 12 12 12 12 12 12 12 12 11 11 12 15 13 12 12 11 12 14 17 17 17 18 20 21 23 24 24 24 24 23 21 21 22 20 20 20 20 20 20 19 20 20 21 20 20 19 18 19 19 19 18 18 18 18 17 17 16 17 19 21 24 23 29 26 16 10 6 4 3 4 5 6 8 8 10 8 8 10 14 22 34 47 61 64 73 81 83 81 79 82 38 77 134 79 36 38 27 26 29 31 30 35 48 60 67 74 80 88 99 109 113 125 117 111 75 39 17 19 19 19 19 19 19 19 19 18 18 18 19 18 18 19 19 19 19 19 19 19 19 19 19 19 20 20 19 18 19 19 19 19 19 20 22 22 22 23 23 23 24 27 28 28 28 32 32 32 33 33 34 36 37 36 36 38 41 42 40 38 36 32 26 23 21 21 22 22 22 
40 29 41 32 37 30 33 31 31 33 34 31 30 32 32 30 34 35 25 31 30 31 30 24 20 21 24 24 25 24 21 18 15 12 8 7 6 6 7 7 7 7 8 9 10 10 11 12 12 11 12 13 13 12 11 9 10 11 9 12 15 16 15 15 15 15 14 15 13 13 12 9 7 9 12 10 8 7 7 8 9 11 13 14 14 15 16 17 18 17 17 18 17 16 16 17 18 18 18 18 17 17 16 16 17 18 18 17 16 15 17 17 16 16 15 15 15 15 15 16 16 18 21 22 23 29 22 9 5 5 5 4 5 6 7 8 8 9 8 10 10 8 8 10 9 9 17 31 45 53 60 68 81 76 111 118 58 34 39 31 27 29 34 36 39 48 58 64 71 77 84 93 101 104 120 127 140 117 73 18 18 18 18 18 18 18 18 20 18 17 17 17 18 18 19 19 19 19 19 19 18 18 18 18 18 18 18 18 18 18 18 18 18 19 20 20 20 20 19 19 20 21 23 24 22 22 25 27 27 28 28 29 30 31 31 30 31 33 33 30 27 25 24 24 24 25 25 25 25 24 
27 21 30 26 30 28 27 26 26 27 26 24 22 22 26 24 24 21 20 25 24 25 22 18 15 18 20 20 20 20 20 19 18 16 13 10 8 8 9 8 7 8 8 8 8 8 8 9 9 9 9 11 12 11 11 10 11 12 10 13 15 13 12 13 13 14 14 14 13 12 11 7 5 6 8 7 5 5 5 6 7 9 11 11 11 11 11 11 11 12 13 14 14 13 14 15 15 15 15 15 14 13 13 13 14 14 14 14 14 14 16 15 15 14 13 13 13 14 16 17 20 23 27 29 32 37 24 8 5 6 6 8 8 8 8 8 9 8 8 9 8 7 9 8 6 6 6 7 7 11 21 33 42 71 77 40 18 27 22 28 25 27 33 38 42 46 55 61 68 73 78 85 92 98 111 121 137 139 117 26 17 17 17 17 17 17 18 18 17 16 17 17 18 17 17 17 17 17 17 17 18 18 18 18 17 17 17 17 18 18 18 17 17 18 19 19 19 19 18 18 18 19 21 21 19 19 22 23 22 22 23 23 22 23 24 25 24 26 27 26 25 25 26 27 27 28 27 26 26 26 
20 16 18 21 17 18 17 17 17 17 17 16 16 16 16 14 17 17 17 17 18 17 15 14 16 19 20 19 19 19 18 18 18 18 17 14 12 13 13 12 12 12 13 12 10 9 8 9 8 8 8 9 10 10 10 9 10 12 11 12 12 11 11 12 13 13 12 11 11 11 11 10 8 8 10 9 8 8 9 8 9 11 11 10 11 10 10 10 10 11 12 13 13 12 12 13 12 11 12 12 11 11 11 11 11 11 12 12 12 12 12 12 12 12 12 12 13 13 15 17 21 24 27 29 30 34 22 8 7 11 10 13 10 9 8 7 8 7 7 7 7 7 7 6 6 8 9 9 9 11 16 20 26 15 12 11 9 18 14 22 23 25 29 35 40 41 47 54 62 67 73 81 88 95 106 111 117 144 169 44 16 16 16 16 17 17 17 16 16 16 18 18 18 17 16 16 16 16 16 16 17 18 18 18 17 17 17 17 17 18 18 16 15 16 17 18 17 17 17 17 17 16 17 17 17 17 18 18 17 17 19 20 21 24 31 30 25 26 26 25 24 25 26 27 27 26 25 25 27 27 
26 17 19 18 11 15 13 14 14 15 15 15 14 13 16 17 18 18 19 19 21 19 18 18 18 16 16 18 19 19 19 19 18 17 16 15 16 18 18 17 16 17 18 17 15 12 12 11 9 7 6 7 8 8 7 6 6 9 10 10 10 11 11 11 12 12 11 9 9 10 11 11 10 11 11 12 11 11 11 9 8 10 10 10 10 10 10 10 10 10 10 10 10 10 10 9 9 9 9 9 9 9 9 9 9 9 9 9 9 9 8 8 7 9 10 11 11 12 13 14 15 15 15 15 14 17 13 9 11 13 12 12 10 8 6 6 6 5 5 6 7 8 8 7 8 9 10 10 12 13 14 16 9 4 3 4 7 18 21 22 23 24 27 30 34 34 40 47 52 54 66 76 83 87 96 104 101 138 215 66 14 15 15 15 16 15 15 15 15 16 17 16 15 14 15 14 14 14 14 14 15 15 15 15 14 15 14 14 14 15 15 14 13 13 13 13 13 14 14 13 13 13 14 14 13 14 15 13 14 17 20 25 29 35 43 40 29 28 26 24 23 23 26 27 26 26 26 27 28 27 
27 20 26 16 25 38 15 17 17 17 17 17 16 14 17 20 21 21 19 18 18 20 21 22 20 18 17 18 19 19 20 22 21 18 16 17 19 21 21 19 18 20 22 22 20 18 18 17 12 9 8 9 9 9 7 5 4 7 8 7 9 10 9 9 10 11 11 10 9 10 11 10 9 9 10 10 10 10 10 8 7 8 8 8 9 8 8 8 8 8 7 7 8 8 8 7 7 7 7 7 7 7 7 6 7 7 6 6 6 6 7 6 5 6 7 8 7 8 8 8 8 7 6 5 5 9 10 10 11 9 8 7 6 4 4 4 4 4 5 6 6 6 6 7 8 7 7 7 9 8 5 5 4 4 3 3 7 14 22 19 20 21 23 25 28 30 37 45 46 42 61 70 77 80 89 103 97 127 233 82 12 12 13 13 13 13 12 12 14 14 13 11 10 10 10 10 10 10 10 10 11 11 11 12 12 12 13 12 12 12 12 12 12 12 13 14 15 16 16 15 14 13 12 9 10 15 13 12 15 16 20 27 34 38 44 40 30 28 26 24 23 24 25 26 25 25 26 27 27 27 
18 18 25 16 39 51 19 20 21 20 19 18 16 15 16 17 18 19 19 18 16 18 19 17 16 18 19 20 21 21 20 23 25 22 19 20 22 23 21 18 18 21 23 23 22 21 21 21 19 15 16 17 17 17 14 9 7 7 6 6 6 7 7 7 7 8 8 8 7 8 9 9 8 8 8 8 8 8 8 6 5 6 6 6 7 7 7 7 7 6 6 6 6 6 6 5 6 6 6 6 6 6 5 5 5 4 4 4 5 5 5 4 3 4 4 5 5 5 5 5 4 4 3 1 3 8 9 7 7 5 4 4 2 2 3 3 2 2 3 4 4 3 3 3 3 3 3 4 5 4 2 3 3 3 4 5 7 12 18 17 17 19 20 22 25 26 32 41 45 43 58 63 66 71 80 98 96 120 218 92 9 9 10 10 10 9 9 10 11 12 12 11 11 10 10 11 12 12 11 10 10 12 12 13 14 14 15 15 16 17 17 16 16 16 18 21 21 22 22 22 21 21 13 4 8 18 13 14 16 11 16 24 32 35 39 37 29 28 26 25 25 24 25 25 24 25 26 27 28 29 
17 13 21 12 26 26 19 20 21 22 20 19 18 19 18 18 18 19 21 21 20 21 20 16 16 18 19 22 24 22 20 22 24 24 22 23 25 26 24 21 20 20 21 21 19 18 18 21 21 19 20 22 22 22 20 16 14 11 12 13 12 9 7 7 6 6 5 5 5 6 6 7 7 6 7 7 6 7 7 6 5 6 5 4 5 5 5 5 5 5 5 5 5 5 5 4 5 5 5 5 5 5 4 5 4 4 4 4 4 4 3 3 3 2 2 3 3 3 3 2 2 3 2 2 2 5 5 3 3 3 2 3 1 2 3 3 2 2 2 2 3 3 3 4 4 4 5 4 4 3 2 3 4 4 6 7 7 10 18 17 17 18 19 21 23 24 26 34 39 37 49 50 53 63 69 90 94 109 184 93 14 14 15 15 15 15 14 14 16 18 19 19 19 19 18 20 22 23 21 19 19 20 21 21 21 22 22 23 24 25 25 24 23 24 25 26 26 26 26 27 27 29 21 6 8 18 17 16 16 13 18 25 31 31 32 32 31 30 30 29 29 28 27 26 25 26 27 29 29 28 
20 15 19 12 15 14 18 19 21 22 22 20 20 22 21 20 20 21 23 23 24 25 22 19 19 19 19 21 24 22 19 19 21 20 19 21 23 24 23 21 21 20 20 20 20 19 19 18 17 16 16 18 20 21 21 22 21 18 20 24 20 14 12 13 12 10 9 8 7 7 6 5 5 5 5 5 5 5 5 5 4 5 4 3 3 4 3 3 3 4 3 3 3 3 3 3 3 3 3 3 3 3 3 3 3 3 3 3 2 2 2 3 3 2 2 2 2 2 1 1 2 2 2 2 2 2 2 2 2 2 2 2 1 1 2 3 2 2 4 4 5 6 6 7 8 5 5 4 3 2 1 4 8 6 7 8 6 10 19 17 17 18 19 19 20 21 21 27 30 28 37 39 44 54 56 75 87 95 135 76 23 24 25 25 25 24 24 21 24 26 28 28 28 28 26 28 30 30 29 27 27 29 29 28 28 28 27 27 27 28 28 27 26 28 28 27 26 26 26 26 27 31 25 8 7 15 24 22 19 22 25 30 31 27 27 28 29 30 30 30 30 29 28 28 27 27 28 29 29 27 
22 23 21 16 20 23 19 19 21 23 23 21 21 23 23 22 22 23 23 23 24 25 24 24 26 23 19 20 23 23 20 20 21 19 18 20 21 21 21 21 21 20 20 20 20 19 19 20 22 21 20 22 25 26 24 24 24 21 23 25 20 17 19 20 19 17 15 15 13 10 8 6 5 5 5 5 5 4 5 4 3 3 3 3 4 4 3 3 3 3 3 3 3 3 3 3 3 3 3 3 3 3 3 2 2 2 3 2 2 2 2 3 3 3 3 3 4 5 4 5 5 3 1 2 2 1 1 5 8 6 6 7 6 4 2 2 2 2 4 4 4 5 5 5 5 4 4 3 2 2 2 7 10 8 8 8 6 10 18 17 17 17 17 17 18 19 20 22 23 21 28 31 39 47 47 61 77 81 91 53 27 27 28 28 28 28 27 24 26 28 29 28 29 29 28 28 28 28 28 28 28 28 28 27 27 26 26 25 24 25 25 24 23 24 25 25 25 24 24 25 26 27 18 5 4 9 21 29 29 32 32 34 32 29 29 29 28 29 29 29 29 29 30 31 30 29 30 30 30 30 
20 24 19 16 17 23 19 18 19 21 22 20 19 20 21 22 24 24 24 23 22 24 24 25 29 25 20 19 22 23 22 23 24 23 23 24 24 22 22 23 24 23 21 19 18 16 15 15 17 18 17 18 20 20 19 20 21 20 21 22 19 16 17 19 19 17 16 17 16 13 11 10 11 12 12 12 11 10 10 9 8 8 6 5 6 6 5 5 5 5 5 4 4 5 5 5 5 5 5 5 5 5 5 5 6 7 7 5 4 6 9 11 12 12 12 13 14 15 15 16 11 3 1 1 1 1 2 12 22 21 19 19 17 10 4 2 2 2 4 4 4 4 5 5 5 4 5 4 4 3 2 6 8 7 7 7 6 8 14 16 16 16 17 17 18 19 19 20 20 18 24 26 34 41 42 50 65 68 64 40 24 25 25 26 26 26 25 24 25 27 26 25 25 26 27 26 25 25 25 27 27 27 27 27 27 27 27 27 26 27 27 26 25 26 27 27 26 26 26 27 29 26 11 2 4 5 10 27 37 35 35 36 35 33 36 37 35 35 34 34 35 35 37 37 36 35 35 35 34 36 
17 17 12 12 9 11 13 11 12 14 16 15 14 13 15 17 19 21 22 20 19 23 20 18 20 17 14 14 16 15 16 18 18 18 18 18 17 16 16 17 20 21 18 16 15 13 11 10 12 15 15 15 15 14 13 13 15 16 17 17 17 14 13 13 12 11 11 13 15 15 14 15 17 19 19 19 18 18 19 19 18 19 18 18 18 19 19 18 18 18 17 16 16 17 18 19 18 18 19 19 20 19 19 18 17 19 17 12 10 15 24 26 27 28 29 29 30 25 31 26 11 2 1 1 1 1 2 10 27 32 26 19 14 9 4 2 1 3 3 3 3 4 6 6 6 8 9 9 9 5 3 3 5 5 4 4 5 7 11 13 14 15 16 17 18 19 15 17 20 18 22 22 27 30 33 37 46 50 44 33 26 26 27 27 28 27 27 27 29 29 28 27 27 28 27 26 26 26 26 27 28 32 32 31 31 31 30 31 32 33 33 32 32 32 33 31 31 31 32 33 34 26 7 2 9 6 4 21 38 37 36 38 38 37 40 43 42 40 39 39 40 41 41 40 38 38 39 39 38 38 
15 14 9 9 9 8 7 6 7 9 11 12 11 9 10 11 13 16 18 17 16 19 15 10 9 8 8 9 8 8 8 10 10 9 8 7 7 6 6 8 8 8 7 7 7 8 7 7 7 10 10 10 9 8 8 10 11 12 12 13 14 15 15 15 13 11 11 13 17 18 18 18 18 18 16 17 18 18 21 23 23 25 24 24 25 25 26 26 26 25 24 23 23 25 27 27 27 27 28 29 29 29 29 30 29 29 25 15 14 21 25 25 25 26 26 25 24 23 32 23 4 0 1 1 0 1 1 3 16 24 16 4 1 1 1 0 1 4 10 10 10 12 14 15 14 17 19 21 21 15 9 8 5 5 3 2 4 6 10 10 10 12 13 15 16 17 12 15 19 19 21 19 20 19 23 25 30 33 30 28 30 31 31 31 31 31 30 31 32 33 32 31 31 32 36 35 36 36 36 36 37 36 35 34 33 31 31 31 34 35 36 35 34 35 35 35 35 36 36 37 37 27 5 4 14 9 5 19 37 40 40 41 40 38 40 41 38 37 36 36 37 38 38 36 35 35 37 38 37 37 
14 13 11 10 8 8 8 9 11 13 17 21 20 16 15 15 14 15 15 14 11 14 13 10 8 9 10 9 10 10 10 11 11 13 14 13 12 13 13 13 13 13 13 14 16 18 19 18 17 17 16 16 16 16 17 18 19 21 22 23 24 23 23 25 26 26 25 23 28 29 27 25 23 21 19 20 21 22 23 24 23 23 24 24 25 25 25 26 26 25 24 23 22 22 24 24 25 25 24 25 26 26 25 27 27 27 23 17 17 26 27 26 26 26 27 27 27 22 21 19 2 2 1 0 0 1 1 2 15 21 7 1 0 0 1 1 1 4 24 30 27 27 30 29 29 31 29 27 27 27 26 24 16 15 7 2 2 5 7 6 7 9 11 12 12 12 13 16 19 20 22 22 20 19 21 23 25 27 30 33 38 38 38 37 36 34 34 34 34 33 33 33 34 33 32 33 34 35 37 38 38 38 37 36 35 36 37 37 36 39 40 38 37 39 39 36 36 36 35 34 34 29 11 3 6 8 7 17 39 38 37 37 37 37 38 36 34 35 36 37 37 37 36 37 38 39 38 38 39 38 
10 10 9 8 8 8 11 10 9 9 9 10 10 11 11 10 9 8 8 9 13 16 17 17 17 19 21 23 25 27 28 29 28 29 29 28 29 29 30 30 30 29 28 28 27 26 25 25 26 26 25 25 25 25 26 27 28 28 28 27 27 26 26 28 30 32 33 33 29 25 25 26 27 28 27 25 25 25 26 27 28 28 27 27 26 26 26 25 25 23 22 21 21 22 23 24 23 22 21 20 20 19 17 18 18 20 20 19 21 25 22 22 22 23 23 24 24 27 27 21 2 1 1 1 0 1 1 2 14 16 4 2 1 1 1 1 1 1 17 30 30 29 32 33 34 34 33 32 35 37 37 36 32 36 24 8 3 5 9 5 6 7 8 9 9 9 12 15 18 21 25 27 27 36 37 39 39 39 41 42 38 38 39 38 36 33 33 40 39 39 39 39 39 38 35 35 33 32 31 29 29 28 28 28 28 29 30 30 29 30 31 30 30 32 31 28 28 29 29 29 30 27 17 6 5 7 7 22 36 34 33 33 33 33 34 35 37 38 39 40 40 40 39 39 40 40 39 40 41 39 
28 28 28 28 28 28 28 26 24 23 22 22 22 23 24 24 25 26 26 27 30 32 33 33 32 33 29 23 25 27 29 28 26 25 26 27 27 27 28 29 29 28 28 28 29 27 24 24 24 24 23 23 23 23 21 20 20 20 19 18 17 19 21 21 21 21 21 21 23 24 23 24 25 25 24 24 24 23 22 22 22 22 22 23 22 22 21 21 21 21 21 21 20 21 22 23 26 26 25 26 26 27 25 24 24 24 24 26 26 23 27 29 29 29 30 31 31 27 28 22 3 1 1 1 1 2 2 3 15 15 3 1 1 1 1 2 1 1 13 29 34 30 34 37 38 38 37 36 36 35 34 33 37 44 35 17 9 11 16 17 18 20 22 22 22 22 26 29 30 31 35 37 34 23 24 24 24 23 24 25 24 25 27 27 26 23 21 16 16 16 16 16 16 17 18 18 18 18 18 18 18 18 18 18 19 20 21 22 25 26 26 26 26 27 28 27 27 28 29 30 31 31 32 24 23 26 24 41 39 36 36 35 35 35 36 37 38 39 39 40 40 40 39 38 39 40 38 38 39 39 
21 22 22 23 23 25 29 28 27 27 26 26 24 20 23 25 28 30 31 31 31 29 27 25 23 21 21 22 22 22 22 21 20 21 25 27 27 26 25 27 27 25 25 26 27 27 25 26 27 27 26 26 26 26 27 28 29 29 29 29 29 29 28 27 26 25 25 25 27 27 26 25 25 25 23 25 26 25 25 25 26 26 27 27 28 28 29 29 30 30 31 29 29 29 29 29 29 29 29 30 32 32 32 27 28 26 22 23 23 17 20 21 21 21 21 21 21 15 18 17 4 1 1 1 1 1 1 2 9 8 1 1 1 1 1 2 2 1 5 16 18 15 19 21 22 29 28 26 24 23 21 20 21 21 18 15 15 17 15 11 12 13 14 14 13 13 10 11 10 9 10 10 9 10 11 11 11 11 12 12 9 11 12 13 13 13 14 18 18 18 18 18 19 19 19 19 20 22 23 24 25 26 26 27 28 28 29 29 29 29 29 29 30 31 32 32 32 33 34 35 36 35 36 38 45 49 42 45 40 40 40 40 40 40 41 41 40 40 40 40 39 39 37 38 39 39 37 38 38 38 
24 25 25 26 25 25 26 25 23 21 20 19 18 16 17 18 18 18 17 17 17 16 16 16 16 15 15 15 14 13 13 13 13 12 11 13 13 11 10 11 14 15 14 13 13 14 14 13 12 12 11 11 11 11 12 13 13 14 14 14 14 13 13 13 12 13 14 15 15 15 15 16 17 18 18 17 16 17 18 20 23 25 24 22 22 23 24 24 24 23 22 20 20 19 18 18 17 16 15 14 14 13 12 11 12 12 9 10 10 9 9 8 8 8 7 7 7 6 7 8 3 2 1 0 1 1 2 2 6 5 2 1 2 1 1 1 1 1 2 7 6 5 7 8 7 4 4 4 5 5 5 5 7 5 4 5 7 7 5 10 10 11 11 12 12 12 15 16 16 16 17 19 18 19 21 22 22 22 24 26 29 29 30 31 33 35 36 36 36 36 36 37 38 38 37 37 37 36 35 35 36 38 38 39 38 38 38 38 37 37 37 37 38 39 38 36 37 36 36 36 36 37 36 36 38 39 40 35 40 37 37 38 38 40 41 41 41 41 40 39 38 36 37 38 39 39 37 38 38 37 
24 25 25 25 25 25 27 26 25 25 24 23 23 23 23 23 23 23 23 22 22 21 21 22 23 23 24 26 24 23 23 25 27 25 21 22 22 21 20 19 18 15 14 14 16 17 18 17 15 14 13 12 12 12 11 10 10 10 10 9 9 9 9 8 8 7 7 7 8 8 8 8 9 9 9 8 8 8 8 8 8 9 9 9 9 8 8 8 8 7 7 6 6 6 5 5 5 5 4 5 5 4 4 4 5 5 4 4 4 5 5 5 5 5 5 4 4 4 4 3 2 2 2 2 1 1 2 1 3 3 2 1 1 1 0 0 1 2 9 12 10 9 11 11 10 17 19 20 20 21 22 23 28 28 27 27 27 29 30 27 28 30 31 33 33 34 32 34 33 33 36 37 36 35 36 37 37 36 37 38 37 35 34 34 35 36 37 35 35 35 36 37 38 39 42 41 40 39 38 37 37 39 39 39 39 38 37 38 42 41 41 42 42 40 39 39 38 38 37 36 36 39 37 36 36 33 34 27 35 32 32 33 34 36 38 37 35 35 35 34 33 32 33 35 36 36 34 34 35 35 
25 25 26 26 26 24 21 21 22 22 23 23 23 23 24 24 26 27 29 30 32 30 29 28 27 27 28 29 28 28 28 30 31 33 35 35 36 37 36 34 35 37 37 39 43 46 46 48 49 47 45 42 41 40 40 40 39 38 35 34 32 30 28 25 22 19 17 16 13 10 9 9 8 7 7 7 7 7 7 6 5 5 5 6 6 5 5 5 5 5 6 5 5 5 5 4 4 3 3 4 4 4 4 5 5 5 5 4 3 4 4 4 4 3 3 3 3 3 3 2 3 2 2 3 6 6 8 8 9 9 11 3 2 1 1 1 3 6 17 18 16 17 18 16 17 14 14 14 13 13 13 14 12 13 14 13 13 14 17 25 26 28 30 31 33 34 40 41 40 38 39 39 37 37 37 38 37 36 37 39 41 40 39 38 38 38 39 41 41 41 41 42 44 44 41 42 42 42 42 42 43 41 42 43 43 43 42 41 39 39 39 40 40 36 34 36 36 35 35 34 33 32 28 29 30 29 25 21 23 26 26 27 29 32 34 33 30 31 32 32 32 32 34 36 37 36 35 34 35 35 
29 29 30 30 30 31 35 35 35 34 34 33 33 34 33 33 35 37 40 40 40 39 37 34 33 34 38 42 42 42 42 42 42 40 38 38 40 43 43 39 37 36 36 36 37 35 33 31 29 27 25 23 22 21 20 19 18 17 16 15 14 13 13 12 11 9 9 8 8 7 6 6 5 5 4 5 6 6 6 6 6 5 5 5 5 5 5 5 5 6 6 7 7 7 7 7 7 6 6 6 6 6 5 5 4 4 6 5 4 5 4 4 4 4 4 5 5 4 3 3 4 3 3 3 4 3 5 5 5 5 6 7 5 4 4 4 5 10 11 11 10 12 11 9 12 18 19 19 18 17 17 18 20 20 21 23 24 24 23 28 30 32 35 37 40 41 36 38 37 36 38 38 36 39 40 41 41 41 41 42 38 39 39 40 39 38 38 38 38 38 38 40 41 41 40 40 39 39 39 38 37 34 35 37 38 38 38 37 37 36 37 38 36 31 29 30 30 30 29 29 29 27 28 26 24 24 22 26 19 19 20 22 24 26 29 30 31 33 35 37 38 39 40 42 43 42 40 39 40 39 
42 41 41 43 43 43 46 45 43 40 39 38 37 37 36 35 35 35 36 36 37 35 32 29 27 27 27 27 26 24 23 22 22 20 18 17 17 16 15 14 14 14 14 14 13 11 9 10 12 10 9 8 8 8 9 9 8 8 9 9 9 9 10 10 10 11 12 12 13 12 13 14 15 16 16 19 21 18 14 10 8 7 7 7 7 7 7 7 7 8 8 8 7 7 6 6 6 6 5 5 5 6 7 7 8 10 12 13 14 14 15 15 15 15 15 15 15 17 17 16 16 16 16 17 18 19 20 20 21 20 20 18 19 23 26 24 21 20 24 25 26 28 30 32 34 25 28 30 31 31 33 35 32 34 36 37 36 35 33 38 37 37 37 37 38 39 41 42 43 42 41 41 41 38 40 41 41 40 38 37 39 39 38 37 37 36 37 35 36 36 36 35 36 37 35 36 35 34 33 33 33 32 33 34 35 35 35 35 37 37 38 39 38 36 35 36 34 31 30 31 32 32 31 30 29 29 29 31 30 31 35 37 36 36 41 44 44 45 45 44 44 45 44 44 46 44 44 46 45 41 
30 28 26 27 26 23 21 21 20 19 19 18 18 17 16 15 15 14 14 13 12 11 11 10 10 10 11 12 11 11 11 11 11 11 10 10 10 10 10 10 10 11 12 13 13 13 13 14 16 16 16 17 19 21 24 26 25 26 27 28 28 27 26 26 26 26 26 26 31 34 33 33 34 33 32 27 23 20 15 11 9 9 8 7 8 7 7 7 7 6 5 6 6 7 7 7 8 8 9 10 13 16 19 22 24 26 28 29 29 28 31 31 31 31 31 31 31 33 32 32 32 32 34 35 30 30 31 32 32 32 32 36 34 36 38 37 36 38 35 35 35 35 36 37 38 34 37 38 38 37 38 41 41 41 41 40 38 35 34 37 36 36 37 39 41 42 41 42 43 41 40 40 41 40 41 42 43 41 39 39 40 39 38 38 38 39 39 38 39 39 38 37 38 38 36 36 36 35 34 35 35 34 35 36 37 38 37 38 39 38 37 38 39 38 40 45 42 38 34 32 32 34 38 37 35 35 36 37 38 38 41 43 41 42 45 45 43 44 44 42 42 42 41 41 44 43 42 43 41 38 
12 12 11 12 12 11 10 10 10 11 11 12 11 10 10 10 11 12 12 12 12 12 13 14 15 16 17 18 18 18 19 20 21 21 21 22 22 24 25 25 28 30 31 32 33 33 32 29 27 27 28 28 30 31 30 29 29 30 32 33 33 34 36 35 34 34 34 34 37 37 34 31 29 27 25 20 16 14 10 8 8 8 7 7 7 7 7 7 8 8 8 9 11 13 15 17 20 21 22 25 28 32 35 34 34 36 36 36 36 35 34 33 33 33 33 33 33 35 35 35 35 36 37 38 40 40 40 40 41 41 42 38 34 33 34 34 35 39 42 41 40 39 39 39 39 40 42 42 42 41 41 42 47 46 44 42 40 38 37 38 38 37 37 37 38 38 39 40 41 39 38 38 39 38 38 38 38 38 37 37 37 36 36 37 37 39 38 35 36 36 35 34 34 35 37 38 38 37 37 38 37 35 36 37 38 38 38 37 35 33 32 32 34 34 37 41 40 38 37 36 35 37 40 39 38 37 38 39 37 35 36 36 35 36 36 37 39 40 39 37 36 37 37 38 41 41 41 40 37 35 
13 13 14 17 18 17 16 17 18 19 20 21 21 21 22 24 26 28 30 31 31 31 32 32 34 34 34 33 33 33 33 34 35 35 34 35 35 36 37 37 36 35 34 34 32 31 31 32 34 34 34 33 32 32 32 32 33 34 37 37 35 35 35 34 33 32 31 31 27 23 20 17 15 13 11 9 8 8 7 7 8 9 9 10 11 12 13 14 15 19 21 22 24 26 28 30 32 33 32 33 33 33 33 32 33 34 35 34 34 34 35 36 36 36 36 36 36 36 36 36 36 36 37 37 41 40 40 39 40 41 42 44 43 45 47 46 43 45 42 41 40 40 40 40 41 38 39 39 39 39 40 41 44 43 42 40 40 40 40 39 38 37 35 34 33 33 37 38 38 37 36 36 37 35 35 34 33 33 34 33 33 33 33 33 34 35 35 36 37 36 35 34 34 34 34 35 36 35 35 36 36 34 34 35 35 35 35 34 31 29 28 29 30 30 30 31 33 34 36 37 37 38 38 37 37 37 38 39 41 42 40 40 42 42 41 40 39 40 39 38 37 37 37 38 40 41 40 39 36 36 
29 28 28 30 30 28 27 28 29 30 31 31 32 34 34 34 34 35 36 37 36 37 36 36 35 35 34 33 33 34 34 34 34 35 36 36 36 36 36 36 37 38 38 38 38 37 38 36 35 37 38 39 38 37 36 35 34 34 34 31 29 27 26 24 22 20 18 17 14 11 11 10 9 9 8 8 9 11 12 13 15 16 19 21 23 25 26 28 31 33 34 33 33 33 34 36 37 37 37 37 37 37 37 37 37 38 38 37 37 36 39 40 40 41 41 41 42 38 38 37 36 36 35 35 36 35 34 34 35 36 37 36 36 39 42 40 36 36 37 37 37 37 38 39 40 36 35 35 35 36 37 38 37 36 35 35 35 37 37 35 35 35 35 35 35 35 36 36 36 34 34 35 36 36 35 34 34 34 34 35 33 32 32 32 32 33 33 33 34 33 32 31 31 31 30 31 31 31 31 32 33 33 32 32 32 32 32 32 30 30 31 32 32 30 29 30 31 33 34 34 33 35 39 39 39 40 41 42 42 41 39 39 42 43 41 41 44 45 44 42 41 41 40 38 38 38 37 37 36 38 
36 34 33 35 34 33 34 35 35 35 34 33 33 33 32 32 31 31 32 33 36 36 36 36 35 34 33 33 34 35 36 36 36 36 36 37 37 38 38 38 37 35 36 37 37 38 38 36 34 36 38 39 39 38 37 35 32 29 27 23 20 16 14 13 12 11 11 10 10 10 11 12 14 15 16 20 24 27 30 32 33 34 34 35 36 37 38 39 40 41 41 38 37 37 37 38 39 39 39 40 41 42 43 41 41 40 39 37 37 36 34 34 35 35 36 36 36 34 34 33 32 31 30 29 32 32 31 31 32 32 33 35 33 34 36 35 34 34 35 35 35 35 35 36 36 37 35 34 34 35 35 35 35 34 33 33 33 34 35 35 35 36 37 36 36 36 35 35 34 33 32 34 36 37 36 35 34 35 36 36 36 35 34 34 34 35 34 30 31 31 30 29 30 31 32 33 34 33 32 33 34 33 33 32 32 32 32 32 32 33 35 36 36 32 31 33 34 35 35 34 33 35 40 41 41 41 42 42 43 42 41 41 45 46 45 43 43 43 42 40 39 39 38 35 34 34 34 33 35 37 
36 35 36 39 40 39 38 39 39 38 36 34 32 31 31 31 31 32 33 34 35 36 37 37 37 36 36 36 36 38 38 38 38 36 35 35 36 37 38 38 37 35 37 38 38 37 36 36 36 36 36 35 34 33 29 24 22 19 17 15 13 13 14 15 16 17 19 20 21 22 22 26 30 32 33 36 39 42 43 43 43 44 41 40 40 40 39 39 39 42 41 39 37 37 38 39 37 35 34 34 35 36 37 37 36 35 34 33 32 32 30 30 31 31 32 32 32 33 33 33 32 31 29 28 31 31 31 32 32 32 32 36 33 32 33 32 32 35 34 34 33 33 33 33 33 36 34 32 32 33 34 33 38 37 36 35 35 35 35 36 36 37 36 35 34 33 35 34 33 32 31 33 35 35 35 34 33 33 34 34 35 35 35 35 35 36 36 34 36 36 36 35 37 37 37 38 38 37 37 37 38 36 35 34 33 33 33 33 34 35 37 38 37 34 33 35 35 36 37 37 36 37 39 39 38 37 37 36 35 34 33 34 36 37 36 36 36 36 35 33 32 32 33 32 30 32 32 31 33 35 
35 35 36 40 42 41 41 42 42 40 37 35 34 36 35 35 34 35 35 35 36 37 38 39 39 38 38 38 38 38 37 36 34 34 34 34 34 35 35 36 35 35 37 40 41 40 39 39 39 38 38 36 35 35 31 27 25 25 25 25 24 25 26 27 28 30 31 33 32 32 32 35 37 39 39 38 38 39 38 37 37 39 38 38 38 37 36 36 36 37 36 33 32 32 34 35 35 33 32 31 32 34 36 34 33 33 32 32 33 33 30 30 30 31 32 32 33 33 33 34 33 32 31 30 31 32 32 33 33 32 32 34 31 31 32 30 30 31 31 31 30 30 30 31 31 31 29 28 29 31 32 32 36 36 36 35 35 35 35 32 33 34 34 34 33 33 34 34 33 31 31 33 34 34 34 33 33 32 33 32 31 31 32 32 34 35 35 32 34 35 35 35 37 37 38 39 39 37 36 37 38 38 36 35 34 33 34 35 37 36 37 38 38 37 35 36 36 36 36 36 36 36 37 36 35 32 30 28 28 28 28 29 29 29 30 30 31 31 30 28 27 27 29 29 28 32 33 31 32 33 
35 36 37 39 40 39 40 41 42 41 39 36 36 39 39 38 36 37 36 35 37 38 38 38 37 38 37 36 36 36 37 36 35 36 37 37 36 35 35 35 35 35 37 40 41 41 40 41 43 41 39 39 40 41 41 39 37 36 38 39 39 36 34 33 33 34 36 36 35 35 34 34 34 34 34 35 35 35 34 34 33 34 34 33 34 34 35 35 35 36 35 33 32 32 32 33 34 34 33 33 34 35 36 35 34 33 33 33 34 35 34 34 33 32 32 33 33 30 30 31 32 31 31 30 32 32 32 33 33 32 31 32 31 31 31 31 31 32 29 29 30 31 30 30 29 30 28 27 28 30 32 33 32 33 33 33 32 33 34 29 30 31 32 33 34 34 33 33 33 33 34 35 35 36 34 32 32 34 36 36 34 34 35 35 35 35 35 33 34 34 35 35 36 36 35 35 35 36 36 36 36 36 35 34 34 34 34 36 39 36 35 35 36 35 34 34 34 33 33 32 32 33 34 33 31 30 29 29 29 29 29 29 29 28 29 29 31 31 30 29 28 28 29 29 29 29 30 30 31 33 
37 38 39 39 39 38 38 40 42 42 42 40 38 38 39 36 35 36 35 36 41 42 41 39 38 38 38 37 37 38 40 41 40 39 40 40 39 37 37 38 37 35 37 40 41 42 41 42 42 41 39 39 40 42 42 40 38 37 38 39 39 36 34 32 32 33 33 34 34 33 33 32 32 32 31 31 31 32 33 33 33 34 35 35 34 35 36 36 35 37 38 37 36 35 35 34 34 34 34 34 35 35 35 36 35 33 32 31 31 31 35 35 33 32 32 32 33 31 31 32 33 33 33 33 34 33 33 33 34 33 32 36 35 33 32 31 30 30 29 30 31 32 31 30 29 32 30 29 29 31 33 33 30 32 32 31 30 31 33 30 30 31 32 33 34 35 34 34 34 36 37 37 36 39 36 34 34 35 35 35 36 37 37 37 37 36 36 33 33 33 34 35 35 36 35 35 34 36 37 36 35 34 34 33 32 32 33 33 34 31 30 30 30 29 29 30 29 29 30 30 31 32 31 30 29 29 29 30 30 30 30 30 29 29 29 29 30 30 30 29 29 29 29 30 30 28 30 33 34 35 
41 41 41 39 39 38 38 39 41 42 42 42 40 38 38 35 34 36 36 37 42 42 41 38 36 36 37 38 38 39 41 41 39 38 39 39 39 37 37 39 38 36 38 40 42 42 42 40 39 39 39 38 38 37 37 36 34 34 34 35 34 33 32 31 30 30 31 31 30 29 29 29 29 29 29 28 28 29 31 33 33 34 36 37 35 35 35 35 33 35 36 35 34 33 33 32 33 34 34 34 34 35 35 34 33 32 31 31 31 31 33 33 32 32 32 33 33 34 34 34 34 34 34 34 34 34 35 35 34 33 33 36 35 34 32 31 31 30 32 32 32 33 32 32 32 33 32 31 32 33 34 33 31 32 32 32 31 32 34 32 32 32 32 33 34 35 36 35 35 36 36 35 34 36 36 36 37 37 35 33 32 33 33 34 34 34 34 33 33 33 34 35 35 36 38 36 36 36 36 35 34 33 32 32 31 30 30 30 29 28 27 27 28 28 28 28 28 29 30 32 33 33 32 31 30 30 30 30 30 31 31 31 30 30 30 30 30 30 30 30 29 29 29 30 31 30 33 38 40 37 
