DOWN
24 24 24 24 24 25 27 26 25 24 23 22 22 22 22 22 22 21 21 21 19 19 19 20 20 19 19 20 19 18 19 19 18 17 18 18 18 18 18 18 18 19 18 17 18 19 19 19 20 20 19 19 18 18 18 18 17 17 16 16 16 16 17 17 16 14 12 13 15 17 17 16 15 14 14 14 15 15 15 15 15 15 15 14 13 12 12 12 11 10 10 10 9 9 9 9 9 9 9 8 9 9 9 9 9 9 9 9 10 11 11 11 11 10 10 11 11 12 13 13 13 13 11 10 10 10 10 11 11 10 10 11 12 13 13 12 10 10 11 12 13 14 14 14 14 13 12 12 12 12 12 12 13 14 13 13 12 11 11 9 8 7 6 6 7 8 8 8 8 8 8 8 9 10 11 12 12 12 12 13 13 14 15 15 16 16 16 16 16 16 16 16 17 17 18 18 19 19 20 21 21 23 24 23 22 22 22 22 22 22 22 23 24 24 22 22 23 23 23 23 23 24 23 21 21 20 20 21 22 19 18 18 18 18 17 17 18 18 17 16 15 14 14 13 13 13 12 11 9 8 
24 23 22 22 21 20 16 16 15 14 13 13 12 13 13 14 15 17 17 18 19 19 20 21 21 21 21 21 19 19 19 19 18 17 17 17 17 17 17 17 16 15 15 16 17 17 17 16 16 16 16 17 17 17 17 15 15 15 15 15 16 15 13 13 12 12 12 13 14 13 13 14 16 17 18 18 17 17 17 17 16 15 15 15 13 11 11 10 10 9 9 9 9 9 9 9 8 7 7 7 8 7 7 7 7 7 7 7 7 7 7 7 6 6 6 6 7 7 8 8 9 10 9 9 10 12 13 14 15 15 14 15 16 16 16 15 14 14 14 14 15 15 16 15 15 14 13 12 11 10 10 10 10 10 10 9 9 9 9 8 8 8 8 9 9 8 9 9 8 7 7 6 6 6 5 5 5 5 5 5 5 5 5 6 6 6 6 6 6 7 8 9 10 11 14 15 16 17 19 20 20 23 23 22 21 20 19 19 21 21 20 20 21 20 20 19 19 20 20 21 22 22 22 22 21 20 20 20 21 23 23 21 19 17 15 14 12 11 10 8 7 6 6 5 5 5 5 5 5 5 
21 20 19 18 18 18 17 17 17 17 17 17 17 17 17 18 19 21 22 23 26 26 25 25 24 23 22 22 22 21 21 21 21 21 20 20 20 20 20 19 19 18 18 18 19 18 17 16 15 16 17 18 19 20 20 20 19 19 18 17 17 17 17 16 14 14 14 15 15 14 14 14 14 13 13 13 13 13 13 13 12 12 12 12 10 10 9 9 8 8 9 10 10 10 9 8 7 6 6 6 6 5 5 5 4 4 4 3 3 2 2 3 3 2 2 2 3 3 4 5 6 7 8 9 9 9 9 10 11 10 10 10 11 12 12 12 13 14 13 11 11 11 11 11 11 11 12 11 10 9 9 9 8 7 7 8 8 8 8 7 7 7 7 6 6 6 6 6 5 5 4 4 4 4 4 4 4 3 3 3 3 3 4 4 4 4 4 5 6 6 8 9 11 12 14 15 15 15 15 15 15 16 15 15 15 14 14 15 16 16 15 15 15 15 15 15 15 15 15 15 15 15 15 15 14 12 12 11 11 11 11 10 8 7 6 5 5 5 4 4 3 3 3 3 3 3 3 4 5 6 
28 28 28 27 27 28 30 30 30 29 29 29 29 28 28 28 28 28 28 28 30 30 29 27 26 25 24 25 26 26 26 26 27 27 27 27 26 26 26 25 25 25 24 25 26 25 24 23 24 24 24 24 25 25 25 24 23 22 20 18 17 17 17 15 13 12 12 11 11 12 12 12 12 12 12 12 12 12 13 13 13 13 12 12 11 12 12 11 10 9 7 8 8 8 7 6 5 5 5 5 4 4 3 3 3 3 3 3 3 3 3 3 3 3 3 4 4 5 6 6 7 7 7 8 7 7 7 7 7 7 7 6 6 7 7 7 7 8 7 7 7 7 7 7 6 6 6 6 6 6 5 5 5 5 5 5 5 4 4 4 3 3 3 3 3 3 3 3 3 3 3 3 4 4 4 4 4 4 4 4 5 6 6 6 6 6 6 7 7 7 7 8 8 8 9 9 9 9 9 9 9 8 8 8 9 9 10 10 10 11 11 11 11 10 11 11 11 10 10 9 8 8 6 5 5 4 4 4 3 3 3 3 3 3 3 4 3 3 3 3 3 4 4 5 5 5 5 6 7 8 
38 38 38 38 38 38 40 39 38 37 36 36 35 36 35 35 35 34 34 33 34 34 34 33 32 31 30 29 31 31 31 31 32 33 32 32 31 31 30 30 30 30 29 29 30 30 30 29 28 28 26 25 24 23 22 19 18 17 16 15 14 13 13 13 13 14 14 13 12 10 10 9 9 9 9 8 8 8 8 9 9 8 8 7 7 8 8 8 7 6 5 5 5 5 4 4 4 5 4 4 4 4 4 4 4 4 4 3 3 3 3 3 3 3 4 4 5 5 5 5 5 5 5 6 6 6 6 6 6 5 5 4 4 4 4 4 4 4 4 4 4 4 4 4 4 4 4 4 4 4 4 4 4 4 4 5 5 5 5 5 5 5 5 5 6 7 7 7 6 7 7 7 8 7 6 6 6 6 6 6 7 7 7 7 7 6 6 5 4 4 4 4 5 5 6 6 6 6 7 7 7 6 6 6 6 6 7 7 7 7 8 8 7 7 6 6 6 5 5 4 4 3 3 2 2 2 2 2 2 2 2 2 2 3 3 3 3 3 3 4 4 5 5 7 8 8 7 7 8 8 
40 40 40 40 40 40 40 40 39 39 39 39 39 38 39 39 39 39 39 39 39 39 38 38 36 36 34 34 35 36 35 34 35 36 34 33 32 32 31 31 30 29 27 25 25 25 25 24 22 22 21 20 19 18 18 18 18 18 18 18 17 17 18 17 18 18 18 16 14 12 11 9 8 6 5 5 4 4 5 4 4 4 4 4 4 4 4 4 4 4 4 4 4 4 5 5 5 5 5 5 5 5 6 6 5 5 4 3 3 3 4 3 3 3 3 3 4 4 4 4 4 4 4 5 5 4 5 5 5 4 4 4 4 4 4 4 4 4 4 4 4 4 4 4 4 4 5 5 5 5 5 5 6 7 7 8 9 9 9 9 9 9 9 10 10 10 10 9 9 9 9 9 9 8 8 8 7 7 7 7 7 7 7 6 6 5 5 5 4 4 4 5 5 5 6 6 6 7 7 7 7 7 7 6 6 6 5 5 4 4 6 5 4 3 3 3 3 3 2 2 3 3 2 2 2 2 2 2 2 2 2 2 2 2 2 3 4 4 4 4 5 5 6 7 7 7 7 7 7 8 
45 43 41 42 42 39 39 40 40 41 42 42 41 42 41 38 37 39 39 38 38 39 39 37 35 35 35 35 35 37 35 32 32 31 30 29 28 27 26 26 25 25 24 24 21 20 22 22 22 22 22 21 21 20 21 22 21 20 19 18 17 16 16 15 15 14 13 11 10 10 10 10 9 9 9 9 8 8 8 9 9 10 10 9 8 7 6 5 5 5 4 4 5 5 5 5 5 5 4 4 4 5 5 5 4 3 3 3 3 3 3 4 4 3 3 3 3 4 5 4 4 4 4 4 4 4 4 4 4 4 4 4 4 4 4 4 4 4 4 4 4 4 4 4 4 4 5 4 5 5 5 5 6 6 7 7 7 8 8 8 9 9 9 9 8 8 8 8 7 7 7 8 8 8 7 7 7 7 7 7 7 7 7 7 7 7 7 7 7 7 6 6 5 5 6 6 5 5 5 6 6 6 6 5 5 4 4 4 3 3 3 3 3 2 2 2 2 2 2 2 2 2 3 3 2 2 2 3 3 3 3 4 4 4 5 5 6 6 6 6 7 7 7 8 8 8 8 8 9 10 
47 45 43 45 46 44 44 45 45 45 44 43 43 45 45 41 39 40 39 37 37 38 38 35 32 30 30 25 23 23 21 21 24 22 22 19 17 17 19 23 26 25 26 25 21 21 25 24 29 29 28 28 27 25 25 25 23 21 21 20 18 16 17 18 19 20 20 19 19 17 18 18 19 19 20 20 19 19 18 17 17 16 16 14 12 10 8 6 5 5 5 5 5 5 5 5 4 4 4 4 4 4 4 4 4 4 3 4 4 3 3 4 4 4 4 4 4 4 4 4 4 3 3 3 3 3 3 3 3 3 3 3 2 2 3 3 3 3 3 3 3 3 3 4 3 3 3 3 3 3 3 3 3 3 4 4 4 4 5 5 4 4 5 5 4 4 4 4 4 4 4 4 4 4 4 4 4 4 4 4 4 4 4 4 4 4 5 4 4 4 4 4 4 4 3 3 3 3 3 3 3 3 3 3 3 2 2 2 2 2 2 2 2 2 2 2 2 2 2 2 2 2 2 2 2 2 2 3 4 5 5 6 7 7 7 7 7 7 7 7 7 7 7 9 9 9 9 9 9 10 
45 46 46 46 46 48 46 46 45 44 43 41 41 45 46 43 40 40 40 38 36 36 35 34 32 28 26 22 22 23 20 23 25 19 18 17 16 16 18 21 24 24 25 24 22 26 30 26 30 30 29 28 27 25 26 28 27 26 26 27 25 24 24 25 26 26 26 25 25 27 27 26 25 24 24 22 19 18 16 14 12 11 11 10 9 8 7 6 6 5 5 4 4 4 4 4 4 4 4 4 4 4 4 4 4 4 4 4 3 3 3 3 4 3 3 3 3 3 3 3 3 3 3 3 3 3 3 3 3 3 2 2 2 2 3 3 3 3 3 3 3 2 2 3 3 2 2 2 2 2 2 2 1 2 2 2 2 2 2 2 2 2 2 2 2 2 2 2 2 2 2 2 2 1 1 1 2 2 2 2 2 2 2 2 2 2 2 2 2 2 2 2 2 2 2 2 2 2 2 2 2 2 3 3 2 2 2 2 2 2 2 2 2 2 2 2 2 2 2 2 2 2 2 2 2 2 2 3 3 4 4 5 5 5 6 6 6 6 6 7 8 9 9 10 10 9 9 9 9 9 
39 42 44 42 41 43 40 40 40 39 38 36 35 33 34 30 27 27 29 29 27 25 24 25 26 24 23 23 23 22 19 22 23 16 17 15 14 15 17 16 16 16 14 17 19 20 21 19 23 23 23 22 22 20 20 21 20 20 20 20 19 18 17 18 17 17 16 15 14 15 15 15 15 14 13 12 12 11 11 10 9 8 8 9 9 9 10 11 11 12 12 11 10 11 11 11 11 12 12 13 13 12 12 11 10 10 9 9 9 8 7 7 7 6 5 5 5 5 4 4 4 4 4 4 4 4 3 3 3 3 3 3 3 3 2 2 2 2 2 2 2 2 1 1 1 1 1 1 1 1 1 1 0 1 1 1 1 1 1 1 1 1 1 1 1 1 1 1 1 1 1 1 1 1 1 1 1 1 1 1 2 2 1 1 1 1 1 1 1 1 1 1 1 1 1 1 1 1 1 1 1 2 2 2 2 2 2 2 2 1 2 2 2 2 2 1 1 2 2 2 1 1 2 2 2 3 3 3 3 2 2 3 3 3 3 3 3 4 5 6 7 8 9 9 8 8 8 8 8 8 
41 44 46 44 43 43 42 42 40 38 36 34 33 34 36 34 30 27 24 22 26 22 19 18 19 20 19 15 10 6 5 9 15 13 9 5 2 3 6 9 9 6 4 9 13 9 8 9 10 10 10 11 10 10 10 10 10 10 10 10 10 11 11 12 13 14 15 16 16 15 16 17 19 20 19 20 21 21 22 22 23 23 24 25 25 24 23 23 23 24 23 23 23 24 23 22 21 21 22 23 23 22 21 21 20 20 20 21 20 18 17 16 16 16 14 13 13 13 13 13 13 13 12 12 12 11 10 10 10 9 9 7 5 4 3 3 2 2 2 2 1 1 1 1 1 1 1 0 0 0 0 0 0 0 0 0 1 1 1 1 1 1 1 1 1 1 1 1 1 1 1 1 1 1 1 1 1 1 1 1 2 2 1 1 1 1 1 1 1 1 1 1 1 1 1 1 1 1 1 1 1 1 1 1 1 1 1 1 1 1 1 1 1 1 1 1 1 1 2 2 2 2 2 2 2 2 2 2 2 2 2 3 3 3 3 2 2 2 3 3 3 3 3 3 4 4 4 4 4 4 
42 40 37 38 37 35 36 35 33 31 28 26 25 26 27 27 24 21 15 11 15 13 10 9 9 9 9 7 3 2 2 4 8 7 4 2 1 1 4 6 6 4 3 10 14 13 13 15 14 15 15 16 16 16 16 16 18 18 18 18 20 20 20 21 22 23 24 26 26 26 27 28 28 27 25 24 24 25 25 26 26 27 27 26 26 25 25 25 25 24 23 23 24 24 24 22 21 21 21 21 21 21 21 21 22 21 22 22 21 19 19 20 20 20 18 17 18 18 18 18 18 18 18 18 17 16 16 16 17 16 15 14 13 11 9 9 8 8 8 7 5 4 3 1 1 0 0 0 0 0 0 0 0 0 0 1 1 1 1 1 1 1 1 1 1 1 1 1 1 1 1 1 1 1 1 1 1 1 1 1 1 1 1 1 1 1 1 1 1 1 1 1 1 1 1 1 1 1 1 1 1 1 1 1 1 1 1 1 1 1 1 1 1 1 1 1 2 2 2 2 2 2 2 1 2 2 2 2 2 2 2 2 2 2 2 2 2 2 2 2 2 2 2 2 2 2 2 2 2 2 
32 22 14 15 16 12 14 14 13 13 12 11 11 9 7 5 5 5 4 3 4 5 6 6 6 7 9 8 2 1 1 1 2 3 2 1 1 2 5 10 13 13 13 18 20 23 25 23 26 27 28 28 28 28 27 26 27 28 26 26 27 28 27 27 27 26 26 27 26 25 26 26 25 23 21 20 21 20 20 20 19 19 19 20 20 20 21 22 23 24 24 23 22 23 23 22 22 23 23 22 22 22 23 23 23 22 22 22 21 18 16 16 16 14 12 11 11 10 10 10 10 10 10 10 10 10 10 10 12 12 12 12 13 12 11 11 10 8 8 7 5 4 3 1 0 0 0 0 0 0 0 0 0 1 0 1 1 1 1 1 2 2 2 2 2 2 2 2 2 2 3 3 2 2 2 3 3 3 2 2 2 2 2 3 3 3 3 3 3 3 3 3 3 3 3 3 3 3 3 3 3 3 3 3 3 3 3 3 3 3 2 2 2 2 2 2 2 2 2 2 2 2 2 2 2 1 2 2 2 1 1 1 1 2 2 2 2 2 2 2 2 2 2 2 2 3 2 2 2 2 
18 10 4 3 4 2 3 4 5 5 5 6 6 6 3 2 2 2 3 2 3 4 5 6 7 9 10 9 3 2 1 1 1 2 1 1 1 1 5 24 26 27 27 27 26 28 29 26 28 28 28 28 27 27 27 28 28 27 25 24 24 25 26 25 25 24 23 23 23 23 24 25 25 23 21 20 18 19 20 19 18 18 19 21 21 22 23 23 23 23 23 22 21 21 21 22 22 23 22 22 22 22 23 23 23 21 20 19 15 10 7 6 5 4 3 2 2 2 3 6 6 5 5 5 5 4 4 5 5 6 6 6 6 6 6 5 4 3 2 2 2 1 1 1 0 0 0 0 0 0 0 0 0 0 0 1 2 2 2 2 2 2 3 3 3 3 4 4 5 6 7 6 5 5 6 8 7 7 7 8 9 9 9 10 11 12 13 13 13 12 13 13 12 11 11 12 12 12 12 12 12 12 12 12 11 11 10 10 10 9 8 7 7 5 5 5 5 5 5 5 4 4 4 4 4 4 3 3 3 3 3 3 3 3 3 3 3 3 3 2 2 3 2 2 3 3 3 3 2 2 
7 4 2 3 6 4 9 13 9 5 6 8 7 7 6 4 3 2 2 2 3 4 4 4 3 2 3 4 3 2 1 1 1 1 1 0 1 1 4 31 32 32 32 31 31 32 32 32 32 32 31 30 30 30 30 31 29 28 27 27 27 27 27 26 25 24 23 22 22 22 23 23 22 20 19 17 15 18 19 18 17 18 19 20 21 22 23 23 23 23 24 24 24 23 22 21 23 26 26 26 25 25 24 23 20 18 17 15 7 2 1 1 1 1 0 0 1 0 2 6 7 7 6 6 6 5 5 4 5 6 6 6 5 5 5 4 4 4 4 4 4 3 1 1 1 1 0 1 1 1 0 0 0 0 0 1 5 3 4 4 4 4 5 5 5 5 5 5 6 8 9 8 7 7 9 12 12 12 13 14 15 16 15 16 17 18 19 20 18 17 20 20 19 20 21 21 21 21 21 21 21 20 20 20 20 18 17 16 17 11 8 6 5 4 4 6 9 9 9 10 8 10 10 8 8 8 7 6 6 6 6 6 5 5 5 4 4 4 4 3 3 4 3 2 2 2 2 3 2 2 
33 15 5 20 26 10 20 36 37 27 24 18 10 10 6 3 3 6 5 2 3 3 6 11 5 4 15 11 6 1 1 1 3 3 3 4 4 3 4 23 36 32 32 32 31 32 32 33 32 32 32 31 31 31 31 30 29 28 28 28 28 28 28 27 26 26 25 25 25 25 25 25 25 24 23 23 22 23 23 22 22 23 25 26 27 28 28 28 28 29 29 30 31 31 28 23 21 20 20 19 19 18 17 16 15 14 14 9 3 1 0 1 1 1 1 0 0 1 1 3 10 12 11 12 11 11 11 11 12 13 14 15 15 14 14 14 13 13 14 14 13 13 5 1 1 1 0 1 1 0 0 0 1 0 0 2 10 10 12 13 14 15 16 15 14 14 14 13 14 16 17 18 17 19 20 19 18 17 14 12 11 10 9 9 8 8 9 9 8 8 9 11 11 12 14 13 12 14 15 13 13 13 13 12 12 11 10 9 9 4 2 1 1 2 2 4 8 9 7 7 7 8 9 8 7 7 7 6 5 5 4 3 3 3 3 2 4 6 6 5 5 5 5 5 5 5 4 5 5 4 
115 67 49 91 89 40 20 28 41 53 48 26 11 7 5 3 3 5 4 1 1 1 8 23 10 4 22 12 4 2 4 1 6 17 13 20 19 17 12 23 36 31 31 31 31 31 31 32 32 32 32 32 32 32 32 31 31 30 30 30 30 30 32 31 31 30 30 30 30 29 29 28 28 28 28 28 28 28 28 28 27 28 28 28 28 29 29 29 30 28 24 23 24 25 23 18 16 17 17 16 16 17 17 18 18 18 18 10 1 0 1 2 2 1 1 0 0 1 1 3 18 23 24 27 25 25 25 25 25 25 26 26 25 23 23 24 24 24 24 23 24 27 13 2 0 1 1 0 0 1 1 0 1 0 1 3 20 23 25 24 25 27 26 24 24 25 27 29 26 24 23 21 19 16 12 9 8 6 5 4 3 3 3 3 2 2 2 3 2 2 3 3 3 3 4 3 3 6 7 5 4 4 4 4 4 4 4 4 3 1 1 1 2 5 3 1 4 8 8 9 9 9 11 11 11 12 11 9 9 8 3 1 1 2 1 1 4 6 7 6 6 6 6 6 5 4 4 4 4 4 
134 127 138 158 146 132 69 25 12 16 19 13 7 4 7 6 4 3 2 1 1 1 9 27 12 2 13 10 5 4 6 2 7 18 19 33 30 31 27 30 34 33 33 32 32 32 33 33 34 34 34 34 34 34 34 34 34 34 34 34 34 34 35 34 34 34 34 34 34 34 33 31 30 30 31 31 31 32 33 34 32 30 29 29 29 30 30 30 30 31 31 29 29 31 30 26 24 25 24 25 25 26 27 27 26 26 26 13 2 1 1 2 3 1 1 0 0 1 1 3 21 27 26 29 26 27 28 28 29 29 29 28 25 23 23 25 26 25 25 25 26 29 22 8 2 0 0 1 1 1 1 0 0 0 1 5 30 31 27 25 27 28 27 26 27 25 21 18 14 10 7 6 4 3 2 1 2 2 2 3 3 3 3 4 4 4 5 5 5 5 4 4 4 3 2 2 3 7 8 5 3 3 5 8 10 9 10 12 7 1 1 1 2 5 4 2 7 13 13 14 14 13 11 11 11 11 9 8 8 8 3 1 1 1 1 1 2 3 3 3 2 2 2 2 1 1 1 1 1 1 
141 165 157 155 155 157 167 106 40 9 3 4 7 11 7 5 5 8 10 9 9 9 15 29 17 4 10 22 17 17 19 5 3 13 23 33 27 31 32 33 30 33 32 32 32 32 33 33 33 33 33 33 33 32 32 33 34 34 33 33 32 32 34 33 33 33 33 33 34 35 34 32 31 31 31 31 31 33 35 36 36 32 32 35 34 34 34 34 35 34 32 30 29 30 32 30 29 29 28 26 26 26 28 29 29 29 29 17 4 1 1 2 4 1 1 0 0 1 1 5 21 25 24 26 25 25 27 29 30 30 30 30 30 29 29 30 31 31 30 28 26 26 29 24 13 6 5 7 4 1 1 5 6 1 1 3 21 26 27 27 29 29 28 30 28 18 8 2 2 1 1 1 0 0 0 1 2 4 4 4 4 4 5 5 6 6 6 6 6 7 7 7 6 4 2 2 4 7 7 5 3 2 4 9 13 13 12 13 9 2 1 3 2 2 2 3 7 9 8 8 8 8 9 9 9 8 6 5 5 6 3 2 2 2 2 1 1 1 1 1 1 1 1 1 1 2 2 3 3 2 
95 134 145 158 171 152 156 163 127 63 20 6 5 7 9 10 9 8 15 28 36 39 38 41 29 9 7 25 22 24 27 10 3 12 33 36 32 35 33 35 32 34 33 33 33 33 33 34 34 34 33 33 32 32 32 33 34 34 33 32 30 31 32 32 31 30 30 30 31 32 32 31 31 31 31 30 29 29 30 33 33 31 29 29 28 28 28 28 29 30 31 30 29 29 29 30 30 30 29 28 28 29 30 30 29 30 30 24 10 2 0 2 4 3 1 1 1 0 3 14 28 31 30 31 31 31 33 33 34 32 30 28 27 28 27 26 26 28 31 31 28 28 31 32 29 25 26 24 12 3 3 12 11 2 1 2 16 23 29 28 26 25 25 28 21 7 1 1 0 0 1 1 1 1 1 1 4 7 6 6 7 8 8 9 9 9 9 8 9 9 9 9 9 8 3 3 8 9 9 9 6 3 3 4 5 6 6 6 7 5 4 2 1 2 3 5 8 8 7 7 6 6 5 3 3 3 3 2 2 1 1 1 1 1 1 2 2 2 1 2 2 3 3 2 2 2 3 4 4 3 
40 82 134 146 154 162 152 147 157 143 84 28 7 4 5 10 16 15 10 9 20 32 37 35 31 14 4 12 20 16 15 15 6 9 33 34 37 39 33 37 34 34 33 33 34 34 35 36 37 36 36 35 34 34 34 36 36 37 35 34 33 33 33 33 32 31 31 30 30 30 30 31 32 33 32 31 29 28 28 29 31 30 30 30 29 29 29 29 29 29 30 30 30 29 29 29 29 27 27 27 27 28 30 31 31 31 33 31 18 5 1 1 4 9 2 1 1 3 11 28 37 36 32 30 30 30 30 29 26 23 21 20 20 21 20 19 19 22 24 25 25 26 26 27 30 31 31 27 14 4 2 4 3 1 0 5 24 28 28 29 30 28 29 32 18 3 1 1 1 0 0 1 0 1 1 0 2 8 9 9 9 9 10 10 10 10 10 10 10 11 10 10 11 10 6 5 10 10 10 12 11 9 6 4 4 6 8 9 11 10 7 1 4 11 13 16 18 15 12 8 4 2 3 3 1 2 3 3 2 2 2 2 2 3 4 5 4 2 1 2 3 3 3 3 3 3 3 3 3 3 
39 42 67 110 146 160 152 163 155 156 155 97 37 10 4 6 11 16 15 10 11 17 24 24 22 13 4 6 13 12 8 13 8 5 19 24 25 22 18 25 18 19 20 20 21 22 24 25 25 25 25 25 25 26 27 30 31 31 30 29 30 31 32 33 33 32 32 31 31 30 29 30 33 34 33 32 32 31 30 30 30 31 31 31 32 33 32 32 30 30 30 31 31 31 32 32 32 30 30 30 30 30 30 32 35 35 36 34 29 16 6 4 7 24 6 5 8 13 19 27 30 25 19 17 14 12 11 9 8 6 5 5 5 5 5 5 6 8 9 11 13 12 14 19 22 22 27 27 13 4 3 3 2 1 1 8 26 31 33 36 37 35 31 34 12 1 1 1 0 0 1 1 1 1 1 1 2 8 11 10 10 10 11 11 11 11 11 11 12 12 13 13 13 13 12 12 13 12 10 10 11 12 11 5 4 9 11 12 16 10 6 1 5 11 12 13 14 11 10 8 5 3 3 4 3 2 3 2 2 2 2 3 3 3 4 5 5 3 2 3 3 2 3 3 3 3 3 3 4 3 
49 43 40 55 95 142 154 168 159 151 163 153 120 59 14 5 7 9 13 16 14 10 8 9 11 8 3 3 5 5 3 9 9 2 5 12 13 11 11 15 12 13 13 14 14 15 15 16 16 17 17 18 20 21 23 25 26 26 25 25 26 26 27 28 28 28 27 27 27 28 28 28 28 28 28 29 30 29 28 28 28 29 29 31 31 32 32 31 31 31 32 32 32 33 33 33 33 34 33 33 32 31 31 30 32 38 35 27 30 30 24 21 17 30 10 8 12 12 10 10 7 5 5 4 4 3 3 3 3 3 3 3 4 4 3 3 3 4 5 4 4 4 7 10 11 11 14 17 13 6 3 3 2 1 1 3 14 28 34 35 34 32 27 28 10 1 1 0 0 1 2 3 2 1 1 1 3 10 13 13 13 13 13 14 14 14 14 13 13 14 15 15 15 15 15 16 17 14 12 11 11 13 14 8 4 7 9 7 7 7 5 2 2 3 4 3 3 3 3 3 2 2 2 2 2 1 1 1 1 1 1 1 1 1 2 2 2 2 2 2 2 2 2 2 3 2 2 2 3 3 
46 45 33 29 44 75 128 155 164 153 152 159 156 134 81 29 7 6 9 9 13 14 14 8 6 10 9 1 4 6 4 14 21 4 5 19 22 19 21 25 23 24 24 25 25 25 24 24 25 25 25 26 27 28 28 28 29 29 28 27 28 30 32 31 31 30 29 28 28 29 30 29 28 27 29 30 29 29 29 29 30 31 31 30 30 29 29 29 29 29 30 29 29 30 29 29 30 30 29 29 28 27 27 26 26 31 28 16 17 27 32 31 20 31 12 4 4 2 1 1 1 2 4 5 4 3 3 3 4 4 4 4 4 4 4 4 4 5 5 4 2 3 6 8 8 7 6 7 7 5 3 3 3 2 1 1 7 23 34 34 32 34 32 29 11 1 0 0 0 1 2 3 3 2 2 2 4 12 15 14 15 15 16 16 16 16 16 15 15 16 17 17 17 17 16 16 17 16 15 15 16 15 18 11 4 7 10 6 10 15 4 2 3 3 4 3 3 3 1 2 2 2 2 2 3 3 2 2 2 2 2 2 2 2 2 1 1 2 2 2 1 1 1 1 2 2 2 2 2 2 
36 43 43 36 29 30 62 120 158 152 151 159 155 153 150 97 33 9 7 5 10 15 20 15 10 10 9 1 3 4 3 8 26 12 5 19 27 25 28 28 27 26 27 28 28 27 26 26 29 28 27 27 27 27 27 28 29 29 28 27 28 30 32 31 31 30 29 28 28 31 32 32 30 29 31 32 30 31 31 32 32 32 32 30 29 28 27 27 27 27 26 26 26 25 25 24 24 24 24 24 24 24 24 25 23 24 26 15 9 18 24 18 10 25 17 4 4 2 2 2 2 3 5 5 4 4 4 4 4 4 4 3 3 3 3 3 4 3 4 3 2 3 5 4 5 5 3 2 2 4 4 4 4 3 2 2 5 14 23 27 27 32 33 28 12 1 0 0 0 0 1 2 2 2 2 2 4 11 12 12 15 16 16 17 17 18 17 17 17 17 18 18 18 19 18 18 19 18 18 17 18 16 19 14 6 14 22 14 27 35 6 3 6 9 12 11 10 6 1 1 2 4 2 1 6 9 8 7 5 5 6 6 6 6 6 6 6 6 6 5 5 6 4 4 5 5 5 5 4 3 
27 32 42 46 37 28 32 53 102 150 157 155 170 160 144 155 125 56 17 8 6 8 16 17 13 9 6 4 1 3 4 2 16 18 4 13 25 25 27 25 25 27 27 28 27 27 26 25 24 24 24 23 23 24 24 24 25 25 24 24 24 25 26 26 26 26 26 25 25 26 27 27 25 24 24 24 21 21 21 20 19 19 18 17 16 16 15 14 14 15 16 16 16 15 15 14 14 14 15 15 16 16 16 18 16 15 22 15 7 12 17 12 6 14 12 4 5 5 5 6 6 6 7 8 7 6 6 6 5 5 5 5 5 4 4 4 3 3 3 2 2 2 2 2 2 2 2 1 1 3 3 3 3 2 1 1 2 3 6 7 6 8 10 10 6 1 1 0 0 0 1 1 1 1 1 1 4 11 12 12 14 15 16 17 18 18 18 18 18 18 18 19 20 21 21 21 20 20 20 19 19 19 23 16 8 19 27 15 20 28 5 3 9 15 25 27 23 15 1 1 3 10 4 2 12 22 19 18 11 7 8 7 6 5 5 6 7 5 5 5 6 9 6 7 7 4 3 3 3 3 
24 24 29 36 40 40 31 39 52 86 143 162 139 161 177 161 149 165 103 26 10 7 10 10 9 9 9 7 1 4 11 5 10 13 7 8 24 26 28 28 27 26 26 25 25 25 25 25 25 25 25 25 25 26 26 24 25 25 24 23 24 25 23 23 23 22 21 20 19 18 18 18 17 15 13 11 10 10 10 10 9 9 9 10 10 10 10 10 9 9 10 9 9 8 8 8 8 8 9 9 9 9 9 10 9 9 12 10 6 7 9 9 8 10 10 8 11 12 12 11 10 9 10 10 8 7 7 7 7 7 7 7 6 5 4 4 3 3 3 3 3 2 2 2 2 2 2 1 2 3 3 3 2 2 1 1 1 1 2 2 2 2 2 2 2 0 0 0 0 0 0 1 0 1 1 1 5 13 12 13 14 14 15 16 17 18 19 20 20 20 20 20 21 22 22 21 21 22 23 23 23 24 26 16 9 17 19 7 7 14 3 3 10 10 16 22 23 18 1 1 3 10 5 2 15 30 27 25 14 6 6 5 3 1 1 2 2 1 2 2 2 4 4 4 3 1 1 1 1 1 
25 25 23 24 32 42 37 43 55 68 75 116 175 154 162 164 152 155 161 131 48 17 7 6 6 7 7 7 2 3 12 10 10 8 8 3 16 19 20 23 23 24 23 23 23 23 24 24 23 23 23 22 23 23 23 24 25 25 24 23 24 24 22 21 20 18 15 14 13 13 12 12 12 10 7 7 9 10 10 11 10 11 10 9 9 10 11 10 10 10 11 11 11 10 10 9 9 10 10 10 10 10 10 9 9 10 9 7 6 7 5 6 10 11 10 10 9 9 10 10 10 11 13 11 11 11 11 11 10 10 10 9 8 6 6 6 6 5 4 4 3 2 2 3 2 2 2 3 2 2 2 3 2 2 1 1 1 2 3 2 1 2 2 2 2 1 1 0 1 0 0 0 1 0 1 1 6 12 10 10 12 13 14 16 17 19 19 21 21 21 21 21 23 24 25 25 24 23 23 23 23 23 23 14 8 16 15 4 2 4 1 3 12 13 15 19 22 19 2 1 3 11 5 2 12 26 24 22 11 4 4 4 4 2 1 2 2 1 1 2 1 3 5 3 3 2 1 1 1 1 
20 17 16 16 16 20 35 45 63 88 58 74 112 150 162 156 156 159 156 165 139 71 24 9 8 7 6 5 3 2 13 15 5 7 2 2 6 8 7 9 9 7 9 11 12 14 16 16 16 16 16 16 16 17 18 19 19 18 17 16 15 14 13 12 12 13 13 12 12 12 12 12 12 12 11 11 11 11 11 10 8 9 10 10 10 10 9 9 9 9 9 10 10 10 10 10 9 9 9 10 9 9 9 9 9 10 9 8 7 8 9 5 5 13 13 11 13 12 12 12 12 13 13 13 13 12 13 13 13 12 11 10 9 8 6 5 5 4 4 3 2 2 3 2 2 2 2 2 2 2 2 2 2 2 1 1 1 3 3 2 1 1 1 1 1 1 1 0 0 0 0 0 1 0 1 3 7 9 9 10 12 13 13 16 19 20 20 20 21 22 23 24 24 25 25 25 24 24 24 25 27 27 24 12 5 8 8 6 6 4 3 4 6 8 8 13 16 11 4 1 3 9 5 2 11 24 24 22 10 1 1 3 11 5 2 3 3 1 1 2 3 7 9 6 10 12 6 5 6 7 
9 7 8 8 9 11 11 19 66 88 47 62 59 101 142 167 171 158 152 168 165 142 89 36 11 8 9 7 5 1 5 8 3 1 1 1 2 3 3 3 4 5 6 5 5 6 7 8 9 10 11 11 11 11 13 14 14 14 14 14 13 13 13 13 12 12 12 14 15 13 13 13 12 12 12 12 11 11 11 10 8 9 10 10 10 10 10 11 11 11 10 10 10 10 10 10 10 10 10 10 10 10 10 10 9 9 8 8 9 11 11 7 6 13 15 14 14 14 15 15 15 15 15 15 15 15 15 15 15 14 13 12 11 9 7 6 5 4 4 3 2 2 1 2 2 1 1 2 1 1 1 1 1 1 1 1 0 1 2 2 2 1 2 2 2 2 1 0 0 0 0 1 1 1 1 1 3 6 7 9 11 12 14 16 18 19 20 22 24 25 27 27 28 27 28 29 29 29 28 27 26 28 21 10 7 8 7 7 7 7 6 6 7 8 8 7 7 7 5 4 4 7 5 4 12 19 16 14 5 1 1 1 3 1 1 3 3 1 1 1 3 8 12 9 12 13 9 7 8 9 
4 5 5 4 5 5 6 7 45 88 61 67 61 69 96 127 159 166 158 166 159 159 156 113 46 11 7 7 6 3 2 6 5 2 2 1 1 3 4 4 5 4 4 4 5 6 8 9 10 13 15 15 15 15 14 14 14 14 14 14 14 14 16 15 15 15 15 15 15 14 14 13 13 13 13 13 13 13 13 12 11 11 11 12 12 13 13 11 9 8 7 7 6 6 7 7 7 8 7 7 8 9 10 11 10 10 10 10 9 9 9 7 6 11 15 17 18 17 17 18 18 18 17 17 17 17 17 17 16 15 14 13 12 8 5 3 3 3 3 3 2 2 2 2 1 1 2 2 2 2 1 1 1 1 1 1 1 2 2 2 2 2 3 3 2 2 2 1 1 1 1 1 1 2 2 1 1 2 3 4 5 7 10 13 17 20 23 25 26 28 30 30 29 28 31 32 31 30 31 31 32 27 14 8 8 6 6 6 6 6 7 7 8 7 7 7 6 5 5 6 5 5 5 4 7 9 8 8 4 3 3 2 2 1 1 1 2 1 0 0 1 2 3 2 2 2 2 1 1 1 
3 4 4 3 3 3 3 3 33 86 74 70 63 51 47 63 112 153 161 170 159 158 158 154 125 59 16 6 5 4 3 6 7 4 6 3 1 1 2 2 3 4 4 6 7 9 12 13 14 17 19 19 18 17 16 16 16 16 16 16 15 15 14 12 12 13 15 15 14 15 14 13 13 13 13 14 13 13 13 13 13 13 13 14 13 12 10 7 5 3 2 2 2 2 2 2 3 3 3 3 4 5 6 7 8 9 10 11 11 10 9 9 9 10 13 15 18 19 19 19 19 19 19 19 18 18 18 17 16 15 14 15 13 9 5 3 2 2 2 2 2 3 5 6 6 5 5 5 4 3 2 2 2 1 1 1 2 3 3 2 2 2 2 2 2 2 2 1 1 1 1 1 1 2 2 1 1 1 1 1 2 2 4 5 7 10 13 17 20 23 26 28 29 29 30 33 38 41 38 31 25 17 9 8 7 6 7 6 4 4 6 7 7 7 7 8 7 6 5 6 7 6 6 5 5 5 5 7 6 6 6 5 4 3 3 2 1 1 1 1 1 1 1 2 1 1 1 1 1 1 
2 3 3 2 3 2 3 2 19 37 37 70 67 57 41 44 76 107 129 162 170 173 150 148 168 136 76 26 8 3 3 5 5 4 9 6 2 2 4 5 7 10 12 14 16 17 18 18 16 18 19 18 17 16 15 16 16 16 15 15 14 13 9 5 4 7 13 15 15 15 14 14 14 14 14 14 13 13 13 13 15 14 14 15 10 6 4 3 2 2 2 2 2 2 2 2 2 2 2 2 2 2 3 3 3 4 5 7 9 10 10 12 12 10 11 11 13 16 18 18 19 20 21 21 20 19 19 18 17 16 16 17 17 15 12 10 7 5 5 5 4 5 9 12 13 12 9 7 5 4 3 3 3 2 4 6 4 4 5 4 3 3 2 2 3 3 3 2 2 2 2 1 1 2 2 1 1 1 1 1 1 1 2 2 2 4 5 7 9 11 13 14 15 15 16 20 26 30 27 19 12 9 8 9 7 7 9 6 4 5 7 8 7 7 7 7 7 7 7 7 7 8 8 8 7 7 7 7 6 6 7 7 5 7 6 5 3 2 1 1 1 1 1 2 1 1 1 1 1 1 
3 5 5 5 5 2 2 6 24 22 23 63 58 75 67 68 78 75 84 126 158 163 165 162 155 154 149 93 33 7 3 5 5 4 6 6 5 6 11 16 14 16 18 19 19 18 17 17 18 19 19 18 17 16 16 15 15 15 14 14 13 12 8 4 2 5 11 16 17 15 15 15 15 15 14 14 15 15 14 15 16 15 13 10 5 3 2 2 2 2 3 3 3 3 3 3 3 3 3 2 2 2 2 2 2 2 2 2 3 5 6 9 11 10 12 12 11 13 14 15 17 18 20 20 20 20 20 19 19 18 18 18 19 20 21 20 17 13 14 15 12 10 10 12 15 16 15 10 9 8 7 5 4 4 8 14 10 8 9 7 5 5 3 4 5 6 7 7 6 5 5 4 4 4 4 3 3 2 2 2 2 3 3 5 6 7 8 9 10 10 9 9 8 8 8 8 9 10 10 9 8 7 9 9 8 9 8 7 7 7 8 9 8 8 7 7 8 8 8 7 7 7 8 8 8 6 6 5 5 7 7 9 6 8 7 8 8 9 5 2 2 1 1 2 2 2 1 1 1 1 
6 12 16 14 9 1 1 17 38 43 50 62 60 69 74 88 95 72 63 95 144 161 163 155 159 158 150 138 74 24 10 9 7 6 9 12 15 14 18 22 15 19 20 20 19 18 18 18 19 19 18 16 16 17 17 16 16 16 15 15 14 14 13 8 6 8 12 15 16 16 17 17 17 16 15 15 16 15 14 13 15 14 10 5 3 2 2 2 2 2 3 3 3 3 3 3 2 2 2 3 2 2 2 2 2 3 3 2 2 2 2 4 7 8 15 17 13 11 10 11 13 15 17 18 19 20 20 19 19 18 18 19 19 19 20 21 22 21 18 17 18 16 11 11 14 20 23 21 23 26 19 10 5 3 7 16 17 13 9 6 5 4 3 4 7 10 10 9 9 8 7 6 6 6 5 5 6 4 4 4 5 6 7 9 11 11 10 10 10 10 10 10 10 10 9 8 8 8 8 8 8 8 10 8 8 10 6 7 8 7 7 8 8 8 7 7 7 8 8 8 9 10 9 8 6 4 5 4 6 8 7 11 8 10 8 8 8 10 7 5 4 2 2 3 3 3 2 1 1 1 
7 17 27 15 3 1 1 12 25 47 49 52 48 51 55 56 65 83 80 63 79 120 148 155 163 162 148 157 151 81 25 16 19 18 19 19 20 21 20 20 19 19 19 19 19 19 19 19 19 18 18 18 18 18 18 18 17 17 18 17 17 19 19 20 17 15 16 18 18 17 17 17 17 17 15 15 18 15 16 17 14 8 4 3 3 3 3 2 2 2 3 3 4 4 4 4 5 5 6 6 7 7 7 7 6 6 5 5 4 4 3 3 3 3 4 4 4 5 6 7 8 8 9 10 11 14 16 17 17 18 20 21 21 21 22 24 24 21 20 21 21 20 19 17 16 14 13 15 20 27 33 35 30 23 20 20 25 27 27 19 11 9 7 6 9 13 17 17 13 9 6 5 4 5 5 5 5 4 4 5 7 6 5 7 11 13 10 9 11 11 10 10 10 9 8 9 9 9 11 9 8 9 10 10 9 9 8 10 9 9 7 8 11 10 8 7 9 10 9 7 6 3 2 2 3 5 7 8 10 10 9 8 8 8 9 9 10 9 9 9 8 6 5 5 6 6 2 2 1 1 
3 8 11 5 1 1 1 2 4 15 20 26 36 45 53 62 67 71 77 81 75 85 126 154 134 121 128 95 75 45 27 23 22 20 23 23 22 22 22 21 21 20 20 20 20 20 20 20 19 18 18 18 18 18 17 15 13 13 14 13 12 12 10 12 16 19 19 18 17 17 17 17 17 17 16 15 15 20 20 13 5 2 2 3 3 3 4 5 6 7 8 9 11 13 13 14 14 14 14 14 14 14 14 15 15 15 14 14 13 13 12 12 11 9 8 5 4 3 2 2 2 2 2 3 3 4 5 6 7 9 12 14 15 16 18 20 20 19 20 22 22 23 23 23 22 21 18 17 17 17 18 18 22 25 25 27 33 37 39 38 37 34 31 28 28 30 36 39 34 27 21 16 13 11 14 24 32 31 26 21 20 19 17 14 12 12 12 11 11 12 10 9 10 10 10 12 11 10 10 9 9 10 9 9 12 12 10 9 10 10 10 9 9 10 9 8 7 5 3 2 2 2 5 6 8 10 10 9 9 10 10 9 9 10 10 10 10 10 10 10 10 9 7 6 7 6 3 2 1 1 
4 12 15 6 1 1 2 1 2 4 5 11 31 49 48 50 49 45 50 62 65 52 57 60 45 38 45 35 24 22 24 23 21 23 24 23 23 22 22 23 23 22 22 22 22 22 22 22 20 20 19 19 19 20 17 10 8 9 10 10 9 10 9 8 13 18 18 17 19 19 18 17 17 18 18 18 16 14 9 4 2 3 5 7 8 10 12 14 15 16 18 18 19 18 17 16 16 16 16 16 15 15 14 14 14 14 14 14 14 14 15 15 15 15 15 13 11 9 7 6 4 2 2 2 1 2 2 2 2 3 5 6 7 9 11 13 15 17 18 18 18 18 19 18 18 20 22 21 19 18 19 21 19 16 17 18 18 19 19 20 22 26 30 33 34 35 42 47 48 49 47 44 41 36 32 38 56 79 86 77 78 80 67 41 20 12 12 11 12 14 15 13 11 9 10 11 11 11 11 11 11 11 10 10 11 10 9 11 11 8 9 10 7 6 5 3 2 1 2 2 3 6 9 10 11 13 12 11 11 12 11 10 10 11 11 11 11 11 11 12 12 12 11 9 8 6 3 2 1 2 
9 22 30 14 2 1 3 3 2 2 2 4 11 17 13 10 8 9 11 13 23 25 22 19 23 25 22 26 24 25 26 24 24 26 24 23 22 22 22 23 23 23 23 23 23 23 23 22 21 21 21 21 21 21 21 17 15 16 19 19 19 19 16 11 13 18 18 18 20 18 18 19 20 19 17 15 10 6 5 6 10 13 14 14 16 18 20 20 18 18 20 20 19 18 17 16 17 19 19 18 18 17 17 16 16 16 16 17 17 18 18 17 17 17 18 18 17 17 15 13 10 8 5 4 3 3 2 2 2 2 2 2 2 3 4 5 5 7 9 11 11 12 14 14 15 15 16 17 17 17 18 21 20 19 20 21 21 20 20 19 18 21 23 23 23 23 23 25 28 32 35 36 36 38 35 30 34 48 57 56 56 62 63 46 24 13 9 12 17 22 24 20 15 12 12 11 12 13 12 12 9 7 7 9 11 10 9 9 9 5 5 9 6 3 2 1 1 3 6 8 10 14 15 13 13 13 12 12 13 13 12 11 12 12 13 13 12 13 12 12 13 15 15 14 10 4 2 2 1 2 
16 27 38 25 7 1 5 6 3 2 1 1 1 5 9 10 8 11 14 13 17 24 24 22 24 26 23 27 27 25 24 25 24 23 25 24 23 23 22 23 23 23 23 23 23 23 23 23 21 21 21 21 21 22 22 22 18 19 21 22 20 22 22 16 17 21 20 19 20 18 20 20 19 13 9 6 4 6 9 13 16 17 19 20 19 18 18 18 19 19 18 18 18 19 19 19 19 18 19 19 19 19 18 18 18 18 19 19 19 20 20 20 19 18 18 18 17 17 18 19 18 17 15 13 12 9 7 5 4 3 3 3 3 3 3 3 3 3 4 4 4 5 6 6 7 8 9 10 11 10 10 11 11 11 12 13 14 14 15 15 17 18 18 19 19 21 21 21 22 22 23 23 24 24 24 23 23 23 23 23 21 21 22 18 13 10 11 13 15 18 18 15 11 10 9 7 9 11 10 11 6 2 3 4 6 8 8 3 6 5 2 5 6 3 3 4 6 9 10 11 12 13 13 13 13 15 14 13 13 14 13 13 14 14 15 14 14 15 14 12 13 17 18 19 12 3 1 1 1 1 
29 30 37 36 21 8 7 11 8 6 2 4 5 9 17 21 19 20 22 22 25 24 23 22 22 24 26 26 26 23 23 26 25 21 23 23 23 24 24 24 24 24 24 24 24 24 24 23 22 21 21 21 22 22 23 24 19 19 22 22 20 20 20 18 19 22 22 20 20 22 18 14 10 6 3 3 6 9 11 11 10 12 15 17 14 11 10 12 15 18 20 20 19 19 19 19 19 20 20 20 21 20 20 20 20 20 20 20 20 19 19 19 18 19 21 22 22 20 18 19 20 20 19 19 20 22 19 16 13 10 7 5 4 3 3 3 3 3 3 4 4 3 3 3 3 3 3 3 4 4 4 4 4 4 4 4 5 5 5 6 7 8 8 8 9 9 10 11 11 12 12 12 13 13 12 11 11 13 13 12 10 10 11 11 9 7 7 6 5 5 5 3 3 5 4 2 5 7 6 9 7 4 7 7 4 6 10 7 5 7 3 3 6 5 4 8 13 14 9 8 9 8 9 9 10 14 17 16 14 15 15 15 16 17 17 17 16 18 18 14 14 18 19 18 14 2 1 1 1 1 
37 30 32 41 38 23 12 15 14 19 12 17 21 22 21 24 26 26 23 23 23 23 23 24 27 25 22 25 25 23 19 15 14 15 17 19 21 23 25 26 26 25 25 25 25 25 25 25 24 23 23 24 24 25 26 25 21 21 24 25 22 22 22 21 19 21 24 23 22 19 11 5 3 3 6 8 10 10 9 7 8 11 14 15 12 10 9 11 14 18 22 22 21 20 20 20 21 23 23 23 22 22 21 22 23 22 22 21 21 20 21 22 22 23 24 24 22 21 22 22 23 23 24 24 24 24 23 24 25 24 20 17 14 10 7 6 4 3 3 3 3 3 4 4 3 4 4 3 3 3 4 3 3 3 3 3 4 4 4 4 4 5 5 4 3 3 3 3 4 4 4 4 4 4 4 4 4 3 3 4 4 4 6 6 5 3 2 2 2 2 2 2 2 4 5 3 6 6 3 7 8 3 9 15 5 4 9 11 5 9 6 2 7 7 3 7 14 16 9 9 13 13 13 11 10 14 18 18 17 17 17 17 18 20 20 19 18 21 21 17 17 19 18 15 14 3 1 1 1 1 
35 28 24 31 32 22 17 19 23 26 26 26 26 28 27 26 26 24 22 21 22 26 27 25 23 23 23 23 18 13 10 9 9 10 9 11 14 14 16 18 26 29 28 27 27 26 26 26 25 25 26 26 26 26 27 27 20 22 27 27 26 25 23 22 20 22 28 25 17 9 5 3 4 8 15 18 13 11 12 12 14 14 13 18 17 12 13 15 13 16 23 22 21 19 24 24 22 24 20 24 24 23 24 23 23 22 22 23 24 23 22 23 25 23 21 24 24 21 22 23 23 23 24 23 23 23 23 25 23 23 25 26 25 25 24 18 15 14 9 5 4 4 4 3 3 4 4 3 4 5 3 3 3 3 3 5 5 5 5 4 5 6 5 5 4 3 4 4 4 4 3 3 3 4 3 4 4 3 3 3 3 5 4 2 3 3 2 2 3 3 2 3 3 5 6 4 7 13 3 5 9 4 5 13 14 9 14 17 8 4 7 4 11 6 6 4 11 18 14 14 17 18 18 16 15 16 18 19 18 19 21 21 18 18 18 16 16 19 18 16 19 18 18 19 9 2 3 2 1 1 
21 17 16 21 24 21 21 23 25 27 28 28 28 28 29 28 25 23 25 28 25 23 22 23 22 17 13 10 9 9 9 10 10 9 7 8 10 9 11 13 21 26 26 26 26 26 26 27 27 27 27 27 27 26 27 27 22 22 25 25 25 25 25 22 21 26 27 17 9 4 3 4 8 17 24 25 22 23 24 24 22 25 28 23 20 20 22 18 18 24 24 22 23 24 20 23 26 21 20 23 23 24 25 24 24 22 24 24 21 22 24 24 24 24 23 20 22 24 23 22 25 24 20 20 24 24 23 25 23 26 26 23 24 26 27 24 27 26 22 21 17 13 10 8 7 5 5 3 3 3 3 3 3 3 4 5 3 3 5 5 5 4 3 5 5 3 4 3 3 3 4 4 4 4 4 4 4 3 4 3 2 3 4 3 2 3 3 4 6 6 8 13 13 16 15 5 4 18 6 3 11 7 3 12 20 16 18 19 13 4 8 5 7 7 7 5 8 17 17 14 16 19 19 17 16 16 18 19 18 18 18 18 18 19 20 20 23 26 21 19 21 19 17 12 4 1 3 3 2 2 
30 28 25 26 29 30 27 28 29 30 30 31 31 30 32 30 25 24 29 34 26 22 18 15 13 10 8 9 8 7 7 7 8 8 7 7 9 8 9 10 17 23 24 25 26 28 29 29 29 29 29 28 28 27 28 30 28 25 23 26 27 25 24 21 24 27 19 8 4 3 7 11 19 26 20 14 20 23 14 16 24 19 17 21 22 17 18 22 21 20 24 26 18 20 23 20 20 19 23 21 17 25 26 20 22 25 23 21 23 24 23 23 26 25 22 22 24 24 24 25 26 24 23 24 26 23 24 28 26 27 27 25 25 27 29 26 27 27 28 30 27 25 24 21 20 18 16 14 11 8 7 7 6 6 6 6 3 4 5 5 5 5 4 5 5 4 5 3 3 4 4 4 4 4 3 4 4 3 4 4 4 4 5 7 8 8 10 14 15 14 17 21 19 20 19 8 3 9 4 5 14 10 4 7 19 21 19 20 19 7 5 6 7 11 6 5 5 15 22 15 17 20 20 19 17 17 19 20 19 20 19 20 21 22 23 25 25 26 22 19 21 19 16 9 5 4 5 6 5 6 
31 34 31 28 29 34 32 32 32 33 34 35 36 35 34 32 29 27 29 35 52 50 41 29 18 11 9 8 8 9 10 9 8 6 6 7 9 8 10 9 15 23 24 26 28 31 32 32 31 30 30 29 28 28 28 31 30 23 19 23 26 25 24 22 22 18 8 4 4 8 16 23 28 25 10 6 22 22 6 10 30 14 5 17 21 8 8 25 17 6 21 26 9 10 27 15 8 16 24 14 8 22 23 10 16 24 14 10 24 23 12 17 25 16 13 23 23 14 19 26 17 15 26 25 16 17 25 26 19 22 26 22 22 28 25 19 23 25 20 22 26 24 24 29 29 25 25 26 23 20 20 19 15 14 14 13 6 10 10 8 9 7 6 7 6 7 6 4 6 7 5 7 8 6 8 11 9 7 10 12 13 13 14 19 20 22 22 23 25 24 21 20 21 23 23 12 3 6 5 6 17 17 7 4 14 22 19 18 22 13 4 5 9 16 8 4 3 11 23 18 20 21 22 21 19 19 21 22 21 23 23 23 23 23 23 24 21 24 22 17 19 17 14 12 11 11 10 11 12 11 
24 34 35 32 34 38 36 36 36 37 38 40 41 40 38 36 35 33 30 27 30 46 64 73 64 48 36 30 21 13 9 7 7 7 6 6 8 8 9 8 14 23 25 27 29 31 32 32 31 31 30 30 29 29 28 29 27 20 17 19 24 25 27 21 13 6 3 5 10 18 24 28 29 24 11 9 22 20 7 12 27 13 8 19 20 7 9 28 15 6 19 21 7 9 26 13 5 17 24 11 5 20 21 6 13 24 9 4 23 20 5 14 23 9 5 22 18 5 15 24 9 7 25 19 5 12 28 16 7 19 22 10 14 27 14 8 24 24 10 17 28 13 11 27 23 11 18 23 14 15 28 25 14 16 21 21 8 15 19 20 19 9 9 17 18 18 11 8 16 15 8 15 19 11 13 22 16 10 18 23 19 18 25 24 19 25 25 18 21 28 21 18 25 26 22 13 3 7 9 5 13 18 9 4 9 19 15 10 17 21 6 4 7 16 15 6 3 8 20 20 23 23 23 22 21 21 23 24 24 24 26 25 21 22 24 23 22 28 24 17 16 14 12 11 12 11 9 9 11 11 
25 38 37 34 36 38 40 40 40 41 41 42 42 42 41 41 41 39 34 27 17 20 34 55 70 74 72 69 61 50 38 24 13 9 8 7 8 8 9 9 15 25 27 29 30 31 30 30 31 30 30 30 30 30 30 29 26 23 21 22 25 26 23 15 6 3 4 11 19 26 27 27 27 26 21 20 25 22 18 22 24 20 20 24 22 15 20 28 19 15 23 21 15 18 26 18 14 23 27 16 11 24 24 12 18 27 14 10 25 21 9 18 26 12 9 24 19 8 18 26 12 10 26 18 5 13 29 14 6 22 22 7 15 27 10 5 23 21 5 16 26 8 7 25 18 6 17 22 6 8 27 22 7 12 19 19 4 13 21 26 22 7 7 22 26 24 10 8 20 15 6 17 21 9 12 23 12 7 17 21 11 11 24 15 8 18 21 9 14 26 13 11 23 18 9 12 6 4 8 7 5 10 11 5 5 10 8 4 8 25 11 3 5 14 14 7 6 11 19 20 22 22 23 22 21 22 24 26 25 25 28 23 14 15 20 18 21 27 19 11 12 13 11 12 14 13 11 11 12 12 
28 42 38 37 40 40 44 44 44 43 42 41 41 41 43 45 45 43 41 38 31 30 27 25 28 36 43 49 51 54 53 48 41 33 14 11 10 9 11 12 20 29 30 32 32 31 30 30 30 30 30 30 30 30 30 28 25 26 28 25 25 23 13 7 4 5 14 22 25 29 27 27 27 27 28 29 27 25 26 27 27 27 24 25 27 24 27 28 26 27 25 27 27 24 25 26 25 27 26 25 23 27 27 23 25 26 24 24 27 26 23 26 27 22 22 29 25 20 24 28 22 24 32 24 17 21 27 23 19 26 25 18 22 28 21 16 25 25 18 23 24 15 16 25 19 13 22 25 13 14 29 22 11 19 21 20 6 18 23 23 20 9 12 25 25 25 11 11 27 17 6 19 22 7 14 25 10 6 19 21 8 11 25 10 5 19 19 6 15 25 7 8 24 16 4 13 7 3 7 6 3 8 15 8 2 4 4 3 4 24 14 3 10 16 8 9 16 20 20 20 18 20 22 21 20 21 24 26 26 25 28 18 5 5 9 7 12 15 7 4 8 12 10 11 11 10 9 9 9 8 
30 43 42 44 42 40 46 44 42 43 43 42 40 41 43 44 45 45 47 49 44 42 39 35 31 28 27 29 27 25 26 28 31 29 20 19 20 21 22 24 27 31 32 32 32 32 32 31 31 31 30 30 30 28 30 30 23 26 33 27 16 11 5 5 8 15 24 28 28 29 27 27 27 27 29 30 29 29 29 28 28 27 26 27 28 28 28 28 28 28 25 26 27 26 26 27 28 28 27 28 28 27 27 27 27 27 28 28 28 29 29 29 28 28 29 30 30 29 29 29 29 29 31 29 27 28 28 29 28 29 29 28 29 29 29 27 28 28 27 28 27 26 26 27 26 25 27 28 25 26 29 27 24 25 22 20 16 22 25 24 22 16 18 24 27 27 23 23 29 25 21 26 26 20 21 25 21 20 23 23 18 20 24 18 17 22 21 14 21 27 14 16 27 19 13 14 7 3 4 4 6 13 20 15 8 7 9 8 10 21 16 8 14 20 9 13 21 24 20 15 15 20 23 22 21 23 26 27 25 23 27 12 2 4 5 3 6 5 2 1 3 4 4 4 3 3 3 3 2 2 
36 39 35 37 37 38 37 38 39 40 40 40 41 44 46 47 47 46 44 44 44 43 41 40 37 34 32 35 32 29 27 26 28 28 26 26 27 28 30 31 31 31 31 31 31 31 32 30 27 29 31 30 30 31 32 29 24 27 28 17 6 4 7 12 19 27 30 29 29 29 29 28 28 29 30 31 29 29 30 29 28 27 27 29 29 29 29 29 29 28 28 28 28 29 29 29 29 29 29 29 28 28 28 27 27 27 27 28 28 28 28 28 28 28 28 28 29 29 28 28 28 28 28 28 29 29 29 30 30 29 29 29 30 30 29 29 29 28 28 28 28 28 28 28 28 28 29 29 29 29 29 29 28 26 23 21 21 23 26 26 22 20 20 24 27 27 27 27 27 27 27 27 27 26 26 26 27 27 26 26 25 26 27 25 25 27 26 23 27 29 24 25 28 24 23 21 15 10 9 11 15 22 27 26 20 19 21 19 20 24 23 18 22 24 18 20 24 26 22 18 19 24 24 22 22 24 26 27 26 24 22 7 2 5 5 5 5 3 1 1 2 2 2 2 1 1 1 1 1 1 
84 82 71 56 42 41 43 44 43 40 37 38 40 38 40 42 43 43 42 41 40 39 39 39 38 36 35 38 38 37 36 35 34 33 32 32 32 32 32 32 32 29 30 30 30 31 31 32 32 33 32 29 28 30 30 27 27 22 12 4 3 7 14 22 31 32 28 27 28 28 28 27 27 28 29 30 29 30 30 30 30 29 29 29 29 29 29 29 29 28 28 28 28 29 29 29 28 27 27 27 26 26 26 27 28 28 28 28 29 29 28 28 28 28 28 28 29 29 28 28 28 28 28 28 29 29 29 30 30 29 29 29 29 29 29 29 29 29 28 28 28 28 28 28 28 28 28 28 28 28 28 28 28 28 26 24 24 26 28 27 24 23 24 26 28 27 27 27 27 27 27 27 27 27 28 28 28 28 28 28 27 27 28 26 27 28 27 28 27 26 29 28 25 27 28 27 24 22 22 23 25 25 28 29 25 26 28 26 26 25 26 29 27 24 26 26 25 24 22 23 23 25 24 23 23 24 26 26 25 27 17 6 6 8 4 6 5 2 1 1 2 2 2 1 1 1 1 1 1 1 
53 70 89 89 80 82 57 55 52 49 45 44 44 44 42 40 41 43 44 44 40 37 36 35 36 35 34 37 37 37 37 36 35 34 33 33 33 32 32 32 32 30 31 31 32 32 33 34 35 33 31 31 31 31 29 24 15 7 4 5 12 20 24 29 31 28 26 29 30 29 29 28 28 28 29 30 30 31 31 31 31 31 30 29 29 29 29 29 29 29 28 28 28 28 28 28 29 29 29 28 28 27 27 28 30 30 30 30 30 30 30 29 29 29 29 30 31 30 30 30 30 30 30 30 29 29 30 30 30 30 29 29 29 29 29 29 29 29 29 29 29 28 28 28 28 28 28 28 28 28 28 28 28 28 28 27 27 28 28 28 27 27 27 29 29 28 28 28 28 28 28 28 28 27 27 27 28 28 27 27 26 27 27 25 26 27 26 28 26 24 27 27 24 27 27 26 27 28 28 28 28 26 26 26 24 24 25 24 25 25 25 29 26 23 27 27 24 21 22 25 26 24 23 23 24 25 26 26 25 27 21 16 18 13 4 5 4 2 1 1 1 1 2 1 1 1 1 1 1 1 
8 13 25 37 47 68 79 78 78 77 74 70 67 59 56 54 53 51 45 42 42 38 34 33 34 35 35 37 37 37 36 36 36 34 31 31 32 32 32 32 32 32 32 32 33 33 33 33 31 30 31 34 32 26 20 12 6 6 10 17 23 26 29 30 31 30 31 33 33 32 32 31 31 31 31 31 30 30 30 30 30 31 30 30 30 30 30 30 30 30 31 31 31 31 31 31 31 32 32 31 31 31 30 30 30 30 30 30 30 30 30 30 30 30 30 31 31 31 31 31 31 31 31 31 31 30 31 31 31 31 30 30 29 29 30 30 30 30 30 30 30 30 29 29 28 29 29 29 29 29 29 29 29 29 29 29 29 29 29 29 29 29 30 30 30 29 29 30 30 30 30 30 30 28 28 28 29 28 28 28 28 30 30 28 29 30 29 28 29 28 26 27 29 29 27 27 28 29 29 28 28 29 30 29 26 27 28 28 28 29 28 26 27 27 26 27 25 22 24 29 29 25 24 24 25 26 26 26 26 27 29 28 21 9 3 4 3 1 1 1 1 1 1 1 1 1 1 1 1 1 
6 5 6 7 8 13 19 25 34 46 59 73 82 73 71 71 71 67 58 49 39 36 33 33 35 37 37 36 36 35 34 34 34 33 32 32 32 32 32 33 32 31 31 31 31 31 31 32 34 31 28 24 18 11 7 7 13 21 24 26 29 31 32 33 35 36 35 33 33 34 34 34 33 33 32 33 33 32 31 31 31 31 32 32 32 32 32 32 32 32 32 32 31 31 31 31 31 31 31 31 31 31 30 30 31 31 31 30 30 30 30 30 30 30 30 31 31 31 30 31 30 31 30 31 31 32 32 32 33 32 32 31 30 30 31 31 31 31 32 32 31 31 30 30 29 30 30 30 30 30 30 30 30 30 30 30 30 30 30 30 30 30 31 30 30 30 30 30 30 30 30 30 30 30 30 30 31 31 30 30 29 30 31 29 29 31 30 28 29 30 26 27 31 30 28 28 28 28 28 29 29 29 29 28 28 28 29 30 30 31 29 26 27 30 27 25 25 23 25 28 27 25 24 26 27 28 27 27 27 26 26 22 10 3 2 3 2 1 1 1 1 1 1 1 1 1 1 1 1 1 
9 8 7 7 7 7 6 7 7 8 16 41 70 59 51 44 43 42 38 34 29 29 30 33 36 37 37 36 37 37 36 35 33 32 32 32 32 31 31 31 31 29 29 28 28 27 27 27 25 21 15 10 8 11 15 21 28 34 34 35 40 43 42 43 43 42 40 39 40 40 41 41 40 40 39 39 39 37 36 35 35 35 35 35 35 35 35 35 35 35 35 34 34 33 33 33 33 35 34 34 34 33 33 34 34 34 34 33 33 32 32 32 32 31 32 33 33 33 32 32 32 32 32 32 32 33 33 34 33 33 33 32 31 31 31 32 32 32 33 33 33 32 32 31 30 31 31 31 31 31 31 31 31 31 31 30 30 31 31 31 30 31 31 30 30 31 31 31 31 31 31 31 31 31 31 31 32 31 31 31 30 31 31 29 30 31 30 29 29 29 29 29 30 31 29 29 29 30 31 31 31 30 29 30 31 30 29 28 30 31 29 28 28 29 29 26 24 25 26 26 25 24 25 27 29 29 27 27 28 23 16 9 4 2 2 2 1 1 1 1 1 1 1 1 1 1 1 1 1 1 
9 8 8 9 8 9 8 8 8 8 24 67 90 67 57 47 41 38 37 37 33 32 33 35 35 37 40 39 40 40 40 38 35 34 35 31 31 32 30 29 30 31 32 26 20 17 15 13 11 12 13 15 20 27 33 37 39 49 63 63 61 67 63 62 60 58 56 59 61 57 58 60 55 54 56 54 54 48 45 50 48 48 46 47 48 45 44 47 44 42 45 46 47 44 47 44 42 47 47 45 45 46 45 43 43 43 43 40 40 43 39 39 37 36 39 38 38 39 38 40 40 36 36 38 36 36 37 39 37 38 37 35 35 38 35 35 37 35 34 34 35 35 35 34 33 33 32 33 33 31 33 33 32 33 32 33 33 33 34 33 31 31 30 33 31 30 32 31 31 33 32 34 34 33 33 32 33 33 33 32 32 32 31 32 34 35 33 32 31 31 33 34 32 31 31 29 29 31 30 32 34 32 32 33 33 32 31 30 33 30 31 32 28 30 31 26 25 26 25 26 26 26 27 30 32 31 28 24 20 13 9 4 2 2 2 1 1 1 1 1 1 1 1 1 1 1 1 1 1 1 
10 10 10 10 9 9 9 10 9 10 33 77 80 70 64 57 51 48 48 48 45 43 43 41 37 36 40 41 41 41 40 38 36 35 34 32 34 33 30 29 32 31 24 16 9 5 5 10 21 24 27 29 31 33 34 38 49 57 68 73 76 84 81 85 87 78 76 82 82 81 80 84 78 79 83 76 79 79 79 82 77 81 72 71 73 70 70 73 73 70 68 71 66 65 65 69 67 67 67 65 65 66 64 64 67 60 62 64 53 56 55 60 60 57 59 59 58 58 57 55 56 56 53 53 52 51 50 54 50 51 52 49 49 51 47 48 53 48 46 48 47 46 46 45 44 45 44 45 44 39 41 41 39 41 40 39 39 39 38 39 38 36 35 40 39 38 39 36 39 40 36 37 39 39 38 37 38 39 39 38 38 38 36 36 37 37 35 35 36 35 35 36 38 37 37 33 34 39 35 34 34 34 36 37 34 34 36 35 36 33 34 34 29 31 31 31 31 29 28 29 31 34 36 36 32 28 22 15 9 6 7 3 1 2 2 2 1 1 1 1 1 1 1 1 1 1 1 1 1 1 
11 11 12 11 11 9 8 10 10 13 40 78 71 69 66 62 59 56 55 54 50 50 50 47 39 36 37 40 40 39 38 37 36 35 32 35 35 32 31 33 32 22 11 6 4 4 11 21 29 30 31 31 29 29 29 35 38 29 25 27 28 29 27 31 35 34 43 56 54 61 58 61 59 61 62 54 52 54 54 50 53 60 46 51 53 58 56 55 65 75 75 73 64 85 76 81 82 77 78 79 80 81 77 73 81 77 70 79 71 75 73 68 76 78 73 79 82 79 81 72 70 88 82 73 78 78 76 79 76 75 80 79 73 71 67 70 75 73 72 74 72 70 68 68 69 70 66 63 63 57 59 60 58 60 59 58 57 55 55 54 55 54 52 53 53 53 52 52 56 58 56 54 53 54 54 52 52 54 55 53 53 53 51 50 50 49 49 47 49 50 45 44 47 48 48 47 48 52 49 45 43 43 45 47 44 43 45 46 44 42 42 42 40 41 41 36 36 40 43 43 41 38 33 24 17 15 12 8 6 6 8 3 1 1 2 3 3 1 1 1 1 1 1 1 1 1 1 1 1 1 
12 11 12 12 12 10 8 11 10 16 49 78 65 70 68 66 62 57 54 52 49 50 49 46 41 37 37 39 39 38 37 37 37 37 36 36 32 30 35 35 26 10 6 3 5 15 29 32 28 31 32 31 29 30 31 21 12 6 8 9 6 7 7 5 6 8 22 36 29 30 30 30 23 21 22 19 14 11 10 10 21 29 11 7 7 10 9 7 13 24 25 21 17 52 41 36 36 45 46 42 44 50 43 33 50 51 23 17 17 19 19 23 32 38 35 44 52 46 45 42 34 53 55 42 49 50 48 50 50 47 54 64 67 63 61 58 57 66 67 66 67 68 70 72 74 76 69 63 69 69 73 77 73 72 73 74 75 76 77 76 80 83 83 77 81 85 78 78 75 78 89 86 77 77 77 77 77 79 80 78 74 72 75 77 78 77 77 70 72 78 73 71 73 72 70 70 67 65 68 68 71 66 66 68 63 62 64 66 64 61 58 59 63 61 56 51 50 49 42 30 19 12 11 7 5 7 9 8 8 7 8 3 1 1 2 6 7 5 3 2 1 1 1 1 1 1 1 1 1 1 
12 11 10 11 12 11 9 12 10 19 53 75 64 69 68 66 62 57 52 49 50 50 47 42 39 39 39 38 38 37 37 37 38 38 37 34 32 36 38 25 12 5 5 7 14 28 33 30 36 36 31 21 12 11 12 9 4 3 8 15 11 8 6 5 6 10 24 35 31 33 38 33 17 8 9 7 4 4 4 5 18 31 11 2 1 3 2 1 5 14 16 13 12 47 41 37 32 32 32 25 26 35 25 22 45 31 6 1 1 1 2 4 10 14 13 17 25 20 10 12 6 11 19 11 15 17 16 16 16 10 13 22 29 28 28 20 15 26 29 28 31 35 37 38 37 35 26 19 23 25 25 26 29 32 33 34 37 39 40 36 37 38 41 42 70 102 98 105 94 74 73 75 94 109 106 104 105 108 109 108 103 101 105 107 105 96 88 92 94 89 86 87 92 93 91 96 89 80 88 84 85 85 86 91 84 80 82 85 89 80 71 67 61 52 39 33 28 19 10 5 3 2 5 4 4 8 10 8 7 6 8 4 1 2 3 8 12 11 10 6 1 1 1 1 1 2 1 1 1 1 
12 11 11 12 13 12 11 13 11 23 54 68 64 64 65 65 63 60 56 54 55 54 47 40 38 39 38 37 38 38 39 39 39 37 34 34 35 36 29 13 5 5 7 18 30 31 29 32 34 29 21 10 3 1 2 5 7 3 3 6 5 2 3 6 15 30 35 29 26 24 27 24 11 4 3 3 5 10 11 8 13 23 13 5 3 3 2 1 4 10 12 15 12 27 30 36 36 36 35 33 35 39 34 34 35 13 2 1 1 1 3 9 14 15 15 11 19 22 8 9 4 5 12 9 14 17 16 15 14 5 7 13 18 17 18 10 5 15 18 17 20 22 23 22 20 16 8 3 4 4 2 2 2 1 1 1 1 1 1 2 3 3 4 8 43 97 103 122 105 56 36 43 93 133 131 130 132 136 137 136 136 136 136 136 124 101 77 100 98 71 67 69 67 69 84 106 97 79 82 66 58 76 93 100 92 85 85 86 98 83 78 65 36 25 14 6 5 4 3 3 3 3 5 5 5 8 9 7 5 5 7 3 1 2 3 8 12 12 13 8 2 1 1 1 1 1 1 1 1 1 
14 14 15 15 14 12 12 13 12 28 54 61 63 61 61 62 61 59 56 54 54 53 46 39 38 39 37 37 38 39 40 40 39 37 34 35 35 27 14 6 5 8 17 28 32 29 31 34 27 20 15 10 4 2 2 4 7 4 2 4 3 2 2 4 16 60 53 14 9 11 11 12 10 7 4 2 8 15 16 13 11 15 13 11 5 4 2 1 3 6 8 11 10 11 18 22 16 10 11 18 22 18 25 34 22 6 2 1 1 3 6 14 16 13 13 4 10 22 12 8 5 4 9 10 16 17 16 17 17 5 6 13 18 16 19 11 6 16 19 19 20 21 21 20 19 16 8 3 4 4 2 1 1 1 1 1 1 1 1 1 1 1 1 4 41 104 110 131 108 50 29 36 87 136 139 138 140 145 146 144 145 145 146 148 135 101 68 102 98 65 77 88 78 75 94 121 102 71 69 50 40 69 93 101 94 85 82 81 95 79 89 73 24 15 9 3 3 4 4 4 3 2 5 7 7 8 8 6 4 5 6 3 1 1 2 8 11 11 12 8 2 1 1 1 1 1 1 1 1 1 
15 16 17 16 15 13 14 14 15 34 56 57 62 58 58 59 58 56 54 52 52 50 44 39 38 38 37 37 40 39 39 42 41 37 37 34 28 15 6 5 9 18 27 31 29 31 31 27 19 15 14 13 9 6 4 4 6 6 4 3 2 2 2 3 19 74 63 13 7 10 8 9 9 9 6 3 8 14 16 16 12 13 13 9 4 2 2 1 1 4 4 5 5 6 10 10 5 1 2 6 8 5 12 16 4 2 1 1 1 6 11 15 16 18 12 3 7 25 24 11 7 8 12 13 17 18 19 18 16 6 8 15 19 17 19 14 6 17 19 20 19 21 21 19 20 15 7 2 4 4 2 1 1 1 1 1 1 1 1 1 2 1 2 4 42 100 109 132 105 49 33 39 85 132 135 133 136 139 141 145 146 139 140 142 138 101 61 92 103 68 109 137 126 123 131 138 101 71 64 50 39 68 94 103 93 84 82 80 91 83 118 74 23 16 9 4 4 3 3 3 3 3 6 8 9 8 7 6 4 5 5 2 1 1 2 8 12 11 12 8 2 1 1 2 2 2 2 1 1 1 
16 17 17 17 16 15 16 16 20 42 60 57 60 55 57 58 58 56 54 53 54 49 44 41 39 39 38 38 41 41 39 39 40 40 39 26 14 6 4 8 18 31 32 31 32 35 28 20 19 18 18 18 15 10 7 7 8 9 6 2 1 2 1 2 12 28 16 3 3 6 5 3 2 2 2 2 6 11 15 16 12 10 11 8 6 4 2 1 3 7 7 6 6 6 6 6 5 3 3 3 3 3 3 3 2 2 1 1 4 10 17 16 17 35 26 6 12 45 61 31 15 13 16 16 15 16 18 17 17 8 8 14 19 18 18 15 6 19 19 19 17 21 22 20 20 15 6 2 4 4 2 1 1 1 1 1 1 1 1 1 1 1 1 5 43 99 107 129 104 49 33 38 82 134 142 139 146 146 142 146 150 141 140 137 142 106 61 88 113 66 111 146 147 153 153 140 94 76 63 55 41 66 95 106 95 86 86 81 93 115 139 71 23 19 9 4 4 4 4 4 3 3 3 5 7 8 7 5 3 5 4 2 1 1 3 9 13 12 13 9 2 1 1 2 2 3 2 2 1 2 
18 19 18 18 16 16 15 17 24 48 64 57 56 55 56 58 57 56 54 53 55 48 42 41 42 41 39 40 39 42 42 37 37 40 26 13 5 4 8 21 31 34 36 34 31 30 23 17 21 20 21 21 20 15 13 12 12 13 11 5 3 4 5 7 9 11 5 2 3 3 4 4 4 5 4 3 4 9 14 16 12 10 10 10 12 9 3 1 5 15 14 13 13 13 13 12 11 11 10 9 7 6 6 5 4 3 2 3 5 10 14 14 17 34 40 9 16 85 129 81 41 26 25 24 23 22 19 21 28 10 10 23 24 21 25 15 6 22 24 26 21 18 23 21 19 15 7 2 3 3 2 1 1 1 1 1 1 1 1 1 1 1 2 5 43 99 108 127 103 51 35 36 75 127 137 136 145 149 143 140 143 141 144 139 141 105 62 92 111 59 87 128 141 150 150 139 94 76 62 52 37 59 85 99 94 86 83 76 89 143 133 93 32 18 8 3 2 2 2 2 2 1 1 2 4 6 6 4 3 4 3 2 1 1 3 9 13 12 13 9 2 1 2 2 2 3 2 2 1 2 
20 20 20 19 17 16 14 16 27 49 60 54 51 53 55 57 57 56 53 53 52 44 39 40 42 40 38 42 40 36 39 45 38 24 11 5 4 8 20 33 37 34 37 34 30 27 22 18 21 21 23 24 23 19 16 14 14 16 15 11 8 9 11 14 15 18 14 7 6 8 10 11 12 13 12 7 4 10 15 17 14 11 13 13 14 11 4 1 5 16 15 16 17 19 20 20 20 21 19 19 19 19 18 16 16 14 12 12 11 11 10 14 18 18 25 11 14 66 110 88 62 56 64 61 54 57 58 55 50 17 21 46 44 48 65 33 15 45 53 55 35 17 22 21 19 16 7 2 4 4 2 1 1 1 1 1 1 1 1 1 1 2 2 5 43 99 109 125 97 47 31 33 75 130 138 131 134 142 146 145 140 136 144 137 136 101 58 88 103 57 77 131 147 151 151 143 97 76 59 48 34 48 67 81 82 79 76 71 87 127 142 129 77 18 6 2 2 1 1 1 1 1 1 1 2 4 4 3 3 4 3 2 1 1 3 9 13 12 13 9 2 1 2 2 2 2 2 2 1 2 
20 20 20 20 19 18 15 17 29 47 54 52 49 52 53 56 56 55 53 52 50 41 37 39 42 40 37 40 42 39 39 41 24 9 6 6 10 21 33 33 30 34 35 31 26 24 22 21 22 23 25 25 23 19 16 16 16 17 17 13 10 10 16 15 13 17 18 11 9 12 15 15 15 16 13 9 4 10 13 15 12 11 14 14 13 10 5 1 5 15 17 17 19 21 22 21 21 22 20 22 24 26 25 25 26 26 27 28 26 23 21 28 31 21 21 24 24 30 36 35 31 35 44 37 31 45 63 59 41 12 9 19 20 36 59 29 13 46 59 63 40 17 23 22 20 16 7 2 3 3 2 1 1 1 1 1 1 1 1 1 1 2 2 5 44 100 108 126 99 45 28 30 67 124 139 134 132 136 140 138 131 131 141 134 136 103 57 71 75 44 56 115 135 136 139 133 88 67 53 46 36 43 53 61 63 63 61 60 77 86 113 122 115 35 6 3 3 3 3 3 3 3 3 2 2 2 2 2 2 3 2 2 1 1 3 10 14 12 13 9 2 1 1 2 2 2 2 2 1 1 
22 21 21 21 21 21 20 20 34 48 51 53 51 51 52 54 55 54 53 51 48 42 39 40 42 42 39 37 42 47 37 18 7 5 5 11 20 30 38 34 31 36 33 28 24 22 22 23 25 27 27 26 22 18 16 16 16 16 16 13 10 11 18 20 17 17 15 11 11 13 15 15 15 15 13 9 5 10 13 15 12 11 13 14 15 13 5 1 5 17 17 17 19 20 22 22 22 23 22 23 25 26 25 25 25 25 25 27 30 32 35 36 36 38 34 37 37 35 38 34 30 31 33 26 20 24 33 29 21 10 5 8 13 27 38 20 8 23 29 31 24 18 25 24 22 16 7 2 3 3 1 1 1 1 1 1 1 1 1 1 1 2 2 6 44 100 106 128 104 46 29 28 45 89 120 135 143 148 146 139 135 134 135 122 127 99 53 44 37 24 32 94 130 139 142 137 97 81 72 71 66 70 73 77 76 73 70 68 62 63 75 105 134 91 13 4 3 4 4 3 3 4 3 3 3 2 2 2 2 2 2 2 2 2 3 9 14 12 13 9 2 1 1 2 2 2 2 2 2 1 
24 23 23 22 22 22 23 22 39 50 50 53 50 50 52 54 55 54 53 51 46 42 39 39 40 42 42 41 40 33 19 8 5 6 12 23 33 34 35 36 36 34 30 27 25 23 22 24 28 27 25 22 19 17 16 15 16 17 16 14 12 11 14 19 19 19 15 10 10 14 17 18 18 17 14 9 5 10 15 17 14 12 14 14 15 14 6 1 5 17 17 17 18 20 23 25 25 24 24 25 26 27 27 28 30 30 31 31 34 36 36 34 34 39 40 36 36 38 37 36 37 39 41 42 44 42 43 41 35 36 33 30 27 30 26 24 14 16 15 18 17 21 25 23 24 17 7 2 3 3 1 1 1 1 1 1 1 1 1 1 1 2 2 6 44 99 104 124 91 34 26 27 29 51 76 94 102 103 102 97 87 78 72 64 81 73 41 31 26 23 30 94 126 130 125 121 91 83 80 83 79 85 86 86 86 81 76 73 60 63 58 77 109 104 44 24 23 21 18 15 14 14 11 9 9 8 7 7 7 7 6 7 8 7 7 11 14 13 13 9 2 1 2 2 2 2 2 2 2 2 
25 25 23 22 24 21 22 24 42 52 48 50 49 50 52 53 54 53 52 49 42 41 39 37 38 40 41 42 32 16 7 6 9 13 25 37 43 37 31 31 34 31 26 25 26 24 27 25 27 22 20 19 17 17 18 18 19 18 17 14 11 12 16 16 16 19 17 13 12 13 17 18 18 17 14 8 4 10 14 17 14 11 14 15 13 12 8 1 5 16 19 18 19 21 23 24 23 22 22 24 25 27 28 28 29 31 34 34 35 35 34 37 39 36 39 37 39 42 39 39 41 40 39 41 42 36 39 44 38 41 41 43 44 41 34 43 37 33 26 25 21 24 25 23 25 18 8 2 3 3 2 1 1 1 1 1 1 1 1 1 1 2 2 7 50 103 109 121 82 27 22 27 25 27 32 37 35 33 32 31 30 28 24 31 67 63 34 26 21 21 23 57 67 60 52 52 38 38 35 36 36 40 41 41 41 39 36 35 39 42 30 26 41 51 57 46 43 40 33 23 21 22 21 19 17 15 14 14 16 16 15 17 17 14 12 14 14 13 13 9 3 1 2 3 3 3 3 3 2 2 
21 26 18 17 25 16 15 27 44 53 49 48 51 50 51 52 51 49 48 46 39 43 41 39 41 41 36 25 13 7 6 7 16 30 34 35 37 38 35 33 33 29 22 24 27 21 31 20 18 9 11 17 18 17 19 19 19 18 19 15 10 12 17 17 18 18 16 13 12 13 17 17 16 17 14 8 4 11 13 16 16 12 13 15 14 13 9 1 5 16 18 18 21 23 24 24 26 25 24 25 27 29 29 30 32 33 35 36 36 37 37 39 40 39 38 38 40 41 41 39 39 41 42 42 41 41 42 42 41 40 39 40 41 42 41 40 37 36 36 39 28 22 27 26 24 18 8 2 4 3 2 1 1 1 1 1 1 1 1 1 1 1 1 10 59 113 115 114 86 40 29 32 32 33 32 29 29 32 33 32 31 31 22 43 105 75 33 31 26 28 21 13 11 11 12 16 11 15 9 10 13 15 16 16 14 13 14 15 14 18 16 14 17 17 23 20 16 19 16 3 3 10 13 14 15 14 13 13 14 14 13 16 15 12 13 15 13 14 13 11 3 1 2 3 3 4 4 3 2 2 
20 24 10 8 18 12 7 25 44 49 52 53 50 50 50 50 48 46 44 43 39 40 41 44 44 34 23 11 6 5 9 17 30 41 35 36 33 34 40 34 23 18 19 20 21 16 19 9 11 6 11 17 18 18 19 19 19 18 19 15 10 12 16 17 18 18 16 13 11 13 17 17 17 17 13 7 4 11 13 17 16 13 13 15 14 13 9 1 5 17 18 18 21 23 24 24 26 27 26 27 30 33 34 34 35 36 37 37 38 38 38 40 41 40 39 39 41 42 41 40 40 41 42 42 41 41 42 42 42 41 40 40 42 42 42 40 38 36 37 39 28 23 29 27 26 20 10 3 3 3 2 1 1 1 1 1 1 1 1 1 1 2 2 6 31 64 61 55 45 27 24 26 26 27 27 24 25 27 27 26 25 23 18 29 58 43 23 22 19 23 16 9 10 16 40 42 17 16 11 11 12 14 19 25 27 25 22 18 17 27 33 29 30 26 22 19 17 17 16 3 2 9 13 14 15 16 16 16 15 16 14 14 14 13 15 14 13 14 14 11 3 1 2 5 5 6 4 3 2 2 
21 21 8 9 17 10 7 28 46 48 50 52 48 53 51 49 47 44 41 40 41 40 40 39 32 17 9 8 6 11 23 35 38 37 35 38 34 35 36 22 10 13 14 13 13 9 9 5 10 6 11 17 18 19 19 18 18 17 18 14 9 12 16 17 18 18 17 13 11 14 18 18 18 17 13 7 4 9 14 17 16 14 14 15 14 14 10 1 6 17 19 20 23 25 25 26 28 28 28 30 33 37 38 38 37 38 39 39 39 39 39 41 42 41 40 40 42 43 42 41 41 42 43 43 42 42 43 43 42 42 41 42 43 43 43 42 39 37 37 40 28 23 30 29 27 22 11 3 3 3 2 2 1 1 1 1 1 1 1 1 1 2 4 6 6 7 7 8 7 5 6 5 5 6 6 5 5 6 6 6 5 4 3 7 11 9 7 5 4 8 6 2 5 15 53 55 22 22 16 13 11 12 16 21 22 21 19 16 22 40 54 52 62 71 65 58 52 41 27 5 2 12 17 15 14 14 15 14 14 15 14 16 16 13 15 16 14 14 13 10 3 2 3 7 8 6 5 3 3 2 
26 24 18 21 25 18 18 35 49 50 46 46 47 52 51 50 49 47 43 40 40 44 38 24 13 8 8 7 15 27 35 36 37 40 36 38 38 37 30 13 8 14 12 10 12 6 6 6 11 7 10 14 16 17 18 18 18 17 18 14 9 11 15 17 17 17 17 13 10 12 16 17 17 16 12 7 4 8 14 16 15 14 13 15 15 15 11 2 6 18 20 21 24 26 26 28 31 30 30 32 36 40 41 40 38 39 39 40 40 39 40 42 43 43 41 41 43 44 43 42 42 44 44 44 44 44 44 44 43 43 43 43 45 45 44 43 41 39 38 39 28 23 30 29 28 23 12 3 3 4 2 2 1 1 1 1 1 1 1 1 1 2 5 8 8 9 8 5 2 1 2 1 1 2 1 1 1 2 2 2 2 1 1 3 2 2 2 2 1 3 3 1 2 8 24 27 13 19 14 12 11 10 11 12 12 12 12 12 12 20 27 27 37 50 45 45 57 59 38 6 5 38 52 44 36 30 26 23 19 16 14 15 15 13 15 16 14 14 12 10 3 3 7 9 8 6 4 3 3 2 
33 35 37 36 35 34 32 41 49 50 47 47 48 47 47 49 51 50 45 41 44 32 20 10 6 7 11 18 30 40 40 35 37 41 38 37 37 36 28 17 11 10 9 11 16 6 4 7 12 7 9 13 16 17 18 19 18 17 19 14 10 11 14 17 17 17 17 13 10 12 16 17 16 16 13 8 4 7 15 17 15 14 13 15 15 15 11 2 6 18 19 21 25 26 26 29 33 34 33 35 38 41 42 40 39 39 40 41 41 41 42 44 44 44 43 43 44 45 44 42 43 44 45 45 45 46 45 44 44 44 44 45 46 46 46 44 42 40 39 40 29 24 30 29 28 22 11 3 4 4 2 2 1 1 1 1 1 1 1 1 1 2 3 5 9 21 21 8 2 1 1 1 1 1 1 1 1 2 2 2 1 1 1 2 1 1 1 1 1 3 3 1 1 3 7 10 7 13 9 10 11 9 8 10 9 10 10 11 10 10 12 9 11 15 10 7 13 17 15 4 5 29 52 56 60 67 74 79 80 69 46 31 26 25 24 18 16 16 13 10 4 4 9 10 8 6 4 3 3 2 
33 29 29 27 25 27 33 45 49 46 49 52 48 47 46 48 49 46 37 31 29 14 6 6 9 13 21 41 39 39 41 42 37 34 37 37 33 31 30 20 10 5 7 10 18 7 4 6 14 8 9 14 18 17 16 16 16 15 16 12 8 9 13 16 15 15 16 12 9 11 15 15 15 16 13 9 5 8 17 18 15 15 14 15 15 16 12 2 6 18 20 23 27 28 29 33 38 38 38 38 40 42 42 41 40 41 42 44 44 44 44 45 46 45 44 44 46 47 45 44 44 45 46 46 46 47 46 45 44 44 45 46 47 48 47 45 43 41 41 42 31 25 31 30 28 22 11 3 3 4 3 2 1 1 1 1 1 1 1 1 1 2 3 8 16 33 29 9 2 0 1 1 1 1 1 1 1 2 2 2 2 1 2 4 4 3 3 2 1 4 6 3 2 4 7 11 8 11 8 10 11 9 9 10 10 10 11 11 9 7 8 9 11 14 7 2 3 2 5 4 1 4 7 9 14 27 47 73 97 101 76 53 44 45 55 57 54 51 41 30 12 9 14 12 10 7 5 4 3 2 
24 11 9 10 9 11 29 47 49 43 50 54 44 50 50 48 44 37 26 17 6 6 7 9 15 29 44 39 40 40 38 37 37 36 35 39 30 26 31 17 4 3 7 9 16 9 5 6 14 8 8 11 15 13 11 12 12 12 13 9 6 6 8 11 10 11 11 9 6 9 11 11 11 12 11 8 7 12 21 19 15 16 15 15 15 16 12 2 7 19 21 25 30 32 33 38 43 42 40 41 41 43 43 42 41 42 44 45 47 47 45 46 46 46 45 44 46 47 46 45 44 46 47 47 47 47 46 45 44 45 46 47 48 48 48 46 43 41 42 44 32 26 32 30 28 23 12 3 4 4 3 2 1 1 1 1 1 1 1 1 1 1 2 12 23 30 23 9 2 0 1 1 0 1 0 1 1 2 2 2 1 1 1 3 4 2 2 2 1 4 5 2 1 3 5 9 7 9 8 12 10 9 10 10 10 10 12 12 14 11 9 10 12 13 6 1 3 3 5 5 1 3 3 2 2 1 2 5 10 14 13 15 17 24 53 92 94 86 67 46 18 11 13 13 11 8 6 4 3 2 
19 6 4 7 9 12 32 46 49 46 48 49 45 48 50 42 29 19 11 7 6 7 11 22 35 41 40 38 38 39 38 36 36 38 37 36 27 24 32 8 1 4 8 8 15 12 3 6 14 9 4 7 8 7 7 6 5 8 8 6 8 6 7 10 9 14 10 14 9 12 13 12 14 13 13 16 25 46 42 24 17 13 17 16 15 15 14 2 6 21 21 24 28 35 38 40 40 38 38 42 41 44 46 44 43 44 48 43 49 50 43 47 46 46 45 44 46 47 46 46 46 46 46 47 48 46 43 45 45 44 47 49 49 49 49 46 42 40 40 43 30 24 31 30 27 21 12 3 5 4 3 2 1 1 1 1 1 1 1 1 1 1 2 12 39 45 24 9 2 1 1 1 0 0 0 0 1 1 1 2 1 1 1 1 1 1 1 1 1 1 1 1 1 3 8 10 11 11 10 10 11 9 10 11 10 10 11 10 9 9 7 10 11 11 7 2 2 2 5 5 1 2 3 1 2 2 1 1 1 1 1 1 1 2 10 28 28 23 19 15 13 13 14 14 11 7 5 3 3 2 
22 12 10 12 13 15 39 48 47 42 43 47 46 38 28 17 12 10 8 7 10 16 25 35 41 40 39 39 38 37 36 35 36 37 35 31 20 19 23 6 2 3 7 9 13 11 3 6 14 11 7 9 10 12 9 9 11 11 11 11 11 12 15 19 18 23 16 22 21 25 30 33 38 41 45 53 59 86 72 29 18 14 19 17 18 18 14 2 8 29 37 41 38 40 47 50 51 43 38 45 46 43 41 41 43 40 43 51 47 44 48 49 50 47 44 46 47 46 45 46 46 47 47 48 48 46 46 46 46 46 46 48 51 51 47 42 40 42 42 42 30 25 33 31 28 22 12 3 5 4 3 2 1 1 1 1 1 1 1 1 1 1 2 11 29 33 19 7 2 0 0 1 1 1 0 0 1 1 1 2 1 1 1 1 1 1 1 1 1 1 1 1 1 3 8 10 11 11 11 11 11 9 10 11 10 10 11 10 10 9 7 10 11 11 6 2 2 2 5 5 1 2 3 1 2 2 1 1 1 1 1 1 1 2 7 23 26 23 18 14 12 13 14 14 11 8 5 4 3 2 
31 26 27 30 31 32 44 45 45 50 50 38 25 19 10 7 8 9 8 11 23 31 39 43 41 40 39 39 37 36 36 37 37 36 31 18 8 12 17 5 2 4 7 7 6 13 7 9 16 15 13 14 13 18 13 14 18 15 13 14 12 17 18 21 23 35 33 52 67 80 87 88 96 97 101 108 89 97 74 27 21 14 16 17 16 21 18 2 12 44 55 60 55 60 62 63 67 60 57 60 58 61 60 53 54 52 52 56 48 46 51 48 47 49 47 44 46 49 49 48 48 48 48 48 47 48 49 47 47 50 48 46 46 49 48 45 44 45 44 43 30 26 33 31 28 21 11 2 5 4 3 2 1 1 1 1 1 1 1 1 1 2 2 6 11 10 7 4 1 0 1 1 1 1 1 1 1 1 2 2 1 1 1 1 1 1 1 1 1 1 1 1 1 3 8 11 11 11 11 11 11 9 9 11 10 10 10 10 10 10 7 10 11 11 6 2 2 2 5 5 1 2 3 1 3 2 1 1 1 1 1 1 1 1 7 22 26 23 19 15 13 13 15 14 11 8 6 4 3 2 
41 39 39 41 41 41 45 47 48 44 33 20 11 6 7 10 10 10 17 31 38 40 42 40 38 39 40 38 37 35 36 40 38 32 23 9 3 10 18 8 3 4 7 7 6 17 14 15 17 17 17 19 17 19 19 20 23 24 24 26 31 45 50 53 53 72 76 96 111 117 119 114 120 118 112 116 99 99 71 21 16 13 16 17 16 20 17 2 11 43 49 44 44 57 47 46 56 49 48 53 49 51 58 55 48 57 60 46 55 65 55 56 55 54 51 47 48 47 45 45 45 45 45 45 45 46 47 44 44 48 48 46 47 48 48 47 45 43 43 45 32 29 37 32 29 22 11 3 5 4 3 2 1 1 1 1 1 1 1 1 1 2 2 4 4 3 4 3 1 1 1 1 1 1 1 1 1 1 1 2 1 1 1 1 1 1 1 1 1 1 1 1 1 3 8 11 11 12 11 11 11 9 9 10 10 10 10 10 9 10 7 10 11 11 6 2 3 2 5 5 1 2 2 1 3 2 1 1 1 1 1 1 1 2 7 22 26 23 18 14 13 13 15 14 11 8 5 4 2 2 
48 46 44 44 43 43 49 42 33 21 11 7 7 7 8 14 23 31 34 37 40 40 39 39 39 39 39 37 37 36 38 41 35 25 18 11 8 13 16 11 4 4 7 11 15 14 14 23 30 39 37 41 52 36 49 55 43 54 56 44 67 75 51 67 71 98 117 119 116 118 120 116 125 124 119 121 107 105 79 35 28 29 26 27 31 22 13 3 8 33 44 27 27 43 28 28 43 26 21 36 35 22 37 43 22 37 42 20 37 51 31 41 51 42 41 63 61 55 64 63 61 60 57 56 52 47 46 46 46 46 47 47 47 45 44 44 45 45 44 42 30 29 39 34 32 25 12 3 5 4 3 2 1 1 1 1 1 1 1 1 1 2 2 7 12 17 20 8 2 0 1 1 1 1 1 1 1 1 1 1 1 1 1 1 1 1 1 1 1 1 0 1 1 3 8 10 11 11 11 11 11 9 9 10 9 9 10 9 9 9 7 10 11 11 7 2 3 2 5 5 1 2 2 1 3 2 1 1 1 1 1 1 1 1 6 20 24 21 17 13 12 12 14 13 11 7 5 3 2 2 
59 59 60 60 58 54 38 21 11 8 7 7 9 14 24 34 38 39 39 38 38 39 40 40 40 39 37 37 39 37 38 38 27 16 12 11 12 11 11 15 5 11 20 19 19 10 19 31 33 61 47 46 84 36 58 76 40 58 55 26 56 54 29 56 55 69 95 82 77 107 110 99 91 78 73 81 88 84 75 66 62 60 40 36 45 27 12 2 5 27 45 29 26 43 27 27 45 27 20 39 38 19 32 41 22 34 37 19 34 45 24 28 38 28 25 42 38 34 44 46 49 54 59 62 65 64 61 68 66 54 53 55 56 58 55 45 40 40 42 43 30 30 40 33 31 26 14 3 5 3 3 2 1 1 1 1 1 1 1 1 1 2 2 16 35 49 49 16 2 0 1 1 1 1 1 0 1 1 1 1 1 1 1 1 1 1 1 1 1 1 0 1 1 2 7 10 11 11 11 10 11 9 9 10 9 9 10 9 9 9 7 10 11 12 7 2 3 2 5 5 1 1 2 1 3 2 1 1 1 1 1 1 1 1 5 19 23 20 17 13 12 12 14 14 11 7 4 3 2 2 
72 72 73 72 68 57 13 8 6 7 7 12 23 39 43 40 37 42 43 40 41 42 41 39 37 37 38 37 39 37 37 35 21 11 14 12 16 18 29 55 24 40 64 29 15 10 41 52 36 84 56 44 110 29 53 85 34 67 66 23 72 63 35 70 55 49 77 62 51 76 86 77 64 51 52 55 51 61 65 71 58 64 49 52 60 50 27 4 11 42 58 51 50 73 51 46 66 53 51 62 56 45 51 54 50 55 54 44 51 54 43 44 46 46 44 44 43 43 42 42 40 40 40 40 40 37 35 44 42 26 24 27 36 56 69 63 57 60 60 55 39 37 45 35 31 27 15 3 5 3 2 2 1 1 1 1 1 1 1 1 1 2 2 24 53 61 58 18 2 0 1 1 1 1 0 0 1 1 1 1 1 1 1 1 1 1 1 1 1 1 0 1 1 2 7 10 11 11 10 10 11 9 9 10 9 9 9 9 8 8 7 10 11 12 7 2 3 2 5 5 1 1 2 1 3 3 1 1 1 1 0 1 1 2 6 21 25 22 18 14 13 14 16 16 12 7 4 3 2 2 
93 93 96 95 102 43 9 7 7 12 22 38 49 47 43 39 39 40 39 38 39 38 37 36 37 38 38 39 44 36 37 58 40 18 8 17 28 45 75 92 69 70 84 71 31 16 37 84 78 99 92 94 101 88 92 100 90 93 89 78 82 94 87 90 86 87 83 82 88 91 88 81 78 80 78 70 64 68 68 73 72 70 74 73 71 72 41 4 17 61 65 66 69 70 61 70 61 62 63 64 64 63 62 60 58 59 58 57 54 52 51 49 49 49 49 46 42 43 45 42 41 41 41 38 35 32 31 39 35 7 1 2 2 4 10 22 25 24 31 33 34 44 44 40 37 30 15 3 4 2 2 2 1 1 1 1 1 1 1 1 1 1 2 21 61 63 38 16 3 1 1 1 0 1 1 1 1 1 1 1 1 1 1 1 1 1 1 1 1 1 1 1 1 2 6 9 10 12 11 11 11 9 9 10 10 9 9 9 8 9 7 9 10 12 7 1 3 2 4 5 1 2 2 2 2 3 1 1 1 1 1 1 1 1 5 19 24 21 18 15 12 11 12 12 11 8 5 3 2 2 
98 102 99 85 87 39 8 9 15 27 42 47 41 43 40 38 38 39 39 39 40 38 37 36 37 37 38 37 34 40 48 84 78 26 13 14 29 53 84 107 98 102 105 83 46 32 42 85 109 110 101 106 111 102 106 104 96 101 104 91 85 90 89 92 95 89 82 87 91 89 89 84 79 81 81 78 77 78 73 76 74 72 75 72 73 74 41 3 16 63 71 61 67 75 64 70 67 65 66 67 67 65 63 62 62 62 62 60 59 56 55 53 52 51 50 48 45 45 46 44 42 43 41 39 37 35 32 36 32 7 2 2 2 1 1 3 3 3 9 15 22 39 43 38 33 26 13 3 5 4 3 2 1 1 1 1 1 1 1 1 1 1 2 18 54 54 33 15 3 1 1 1 1 1 0 1 1 1 1 1 1 1 1 1 1 1 1 1 1 1 1 1 1 2 7 9 10 11 10 11 11 9 9 10 10 9 9 9 8 9 7 9 10 12 7 2 3 2 4 5 1 2 2 2 2 2 1 1 1 1 1 1 1 1 6 20 23 21 19 16 13 11 11 12 10 7 5 3 2 2 
86 109 95 51 38 19 13 25 34 38 44 46 43 40 38 37 38 39 40 39 40 39 38 37 36 36 37 40 35 42 79 92 75 67 41 24 23 24 40 77 95 86 84 67 54 57 61 90 109 113 105 104 114 110 103 106 108 109 108 95 98 103 101 89 92 90 89 96 94 92 96 91 84 85 86 85 85 84 77 79 71 62 64 67 74 79 44 4 20 69 72 70 71 72 66 71 69 70 71 71 71 69 67 66 67 68 67 65 63 62 61 60 56 55 53 52 50 50 51 48 46 45 43 41 40 38 34 35 31 8 2 2 2 2 2 2 1 1 7 13 23 41 44 39 36 28 13 3 5 4 4 3 2 1 1 1 1 1 1 1 1 2 2 14 34 29 18 10 2 1 1 1 1 1 1 1 1 1 1 1 1 1 1 1 1 1 1 1 1 1 1 1 1 2 7 9 10 10 10 10 11 10 9 10 10 9 9 9 9 9 7 9 10 12 7 2 3 2 4 5 1 2 2 1 1 2 1 1 1 1 1 1 1 1 3 8 9 9 10 10 11 14 16 15 12 8 5 4 3 2 
90 102 76 66 74 35 34 44 46 42 43 46 43 39 39 38 38 39 39 40 39 39 38 37 37 36 36 38 44 57 83 89 78 79 66 57 50 33 46 70 84 93 86 77 71 81 70 79 104 108 121 106 87 96 106 100 101 85 82 88 107 97 75 65 72 78 87 96 95 100 105 100 90 87 89 88 87 86 80 83 76 66 66 61 52 56 39 5 15 53 62 70 73 75 77 76 73 73 74 74 74 72 70 69 71 71 70 68 66 65 65 65 61 58 57 55 53 52 53 51 49 46 43 42 38 34 31 31 28 7 1 1 2 2 2 2 1 2 13 24 33 49 46 38 36 30 14 3 5 4 4 3 2 1 1 1 1 1 1 1 2 5 6 12 16 9 4 3 1 1 2 2 1 2 2 2 1 1 1 1 1 1 1 1 1 1 1 1 1 1 1 1 1 2 7 10 10 10 10 10 11 10 9 10 10 9 9 9 9 9 7 9 10 11 7 2 3 2 4 5 1 2 2 1 1 1 1 1 1 1 1 1 1 1 1 2 2 2 2 2 5 9 13 12 9 6 4 3 2 2 
118 105 77 98 114 49 43 43 41 41 44 44 40 40 40 40 39 39 39 40 38 38 38 38 37 37 36 37 48 70 93 104 75 58 77 82 72 51 83 96 78 71 68 84 86 95 71 53 74 98 107 69 52 88 107 105 83 48 57 93 112 66 44 66 80 81 79 86 97 105 110 104 93 89 88 87 88 83 77 85 87 85 86 73 58 58 40 5 12 42 38 33 46 69 78 69 73 73 75 75 76 74 72 71 72 72 71 70 68 66 67 68 64 61 60 58 55 52 50 49 46 42 39 38 37 36 32 29 27 8 2 2 2 2 1 1 1 2 11 21 31 48 47 40 37 31 15 3 4 4 3 3 2 1 1 1 1 1 1 1 3 11 17 19 17 8 3 1 1 1 2 2 2 2 2 1 1 1 1 1 1 1 1 1 1 1 1 1 1 1 1 1 1 2 7 10 11 11 10 11 11 9 9 9 10 9 9 9 9 8 6 9 10 10 7 2 3 2 4 5 1 1 2 1 1 1 1 1 1 1 1 1 1 1 1 2 1 1 1 1 2 3 4 4 4 3 2 1 1 1 
109 102 85 88 87 43 29 33 40 44 41 41 43 37 39 40 39 38 39 40 37 37 38 39 38 37 37 39 35 58 111 102 34 52 88 79 52 29 69 96 78 44 39 74 79 86 64 28 54 116 102 39 53 123 116 120 88 39 51 108 115 43 49 102 112 106 92 86 104 109 111 105 98 95 91 87 88 84 78 86 85 78 77 71 74 79 47 5 18 58 38 20 24 50 79 74 76 71 73 75 76 75 74 73 73 73 72 71 69 68 68 68 66 63 62 59 55 50 47 47 43 38 35 35 33 31 24 17 16 6 1 1 1 1 2 2 1 1 6 11 20 41 47 44 40 32 15 3 4 4 4 3 2 1 1 1 1 1 1 1 3 9 12 12 10 6 3 2 2 1 2 1 1 1 1 1 1 1 1 1 1 1 1 1 1 1 1 1 1 1 1 1 1 2 7 10 11 11 11 10 11 9 8 9 9 9 8 8 8 8 6 8 9 10 7 2 3 2 4 5 1 1 2 1 1 1 1 1 1 1 1 1 0 1 1 1 1 1 1 1 2 3 2 2 2 2 2 1 1 1 
127 101 58 61 72 33 13 12 20 30 29 24 25 34 36 38 38 38 40 41 35 37 38 39 39 38 39 43 28 53 84 80 24 40 79 81 56 24 56 97 100 54 35 79 86 104 95 38 53 118 119 48 46 120 125 124 108 48 50 105 108 33 57 113 110 122 118 96 113 114 115 110 106 106 100 93 97 99 96 97 76 52 42 34 38 50 36 5 15 52 47 32 16 21 68 74 70 70 72 74 75 76 75 74 74 74 73 72 71 68 68 68 66 65 63 59 54 50 48 48 44 38 35 35 34 30 18 9 8 3 1 2 2 2 1 1 1 2 8 15 22 40 45 41 35 28 14 3 5 5 4 3 1 1 1 1 1 1 1 1 1 3 3 3 3 2 1 1 1 1 2 2 2 2 2 1 1 1 1 1 1 1 1 1 1 1 1 1 1 1 1 1 1 2 7 10 11 11 11 10 10 8 8 9 9 8 8 8 8 7 5 8 9 9 6 2 3 1 3 5 1 1 2 1 1 2 1 1 1 0 1 1 1 1 1 1 1 1 1 1 2 3 3 2 3 3 2 1 1 1 
144 127 66 51 68 37 10 16 14 18 15 10 16 19 24 26 30 26 45 34 42 40 35 42 35 34 71 86 51 50 105 109 78 54 71 94 89 50 48 135 122 87 40 93 130 117 135 61 45 115 134 59 34 122 126 122 117 59 35 111 114 46 53 116 120 118 120 106 114 117 117 115 112 108 105 105 104 96 102 105 78 53 42 27 13 16 22 3 14 50 50 36 20 10 51 82 51 48 71 78 75 78 77 73 76 74 74 73 71 69 68 68 66 68 63 52 49 49 45 41 40 38 33 29 27 23 22 21 18 7 2 2 2 2 2 2 1 1 6 14 27 41 41 40 34 25 16 4 4 4 3 2 1 1 1 1 1 1 1 1 1 2 2 1 1 1 1 1 1 1 2 2 1 2 2 2 1 1 1 1 1 1 1 1 1 1 1 1 1 1 1 1 1 2 6 14 19 22 20 17 17 11 9 13 10 10 8 8 7 7 6 6 9 10 7 3 2 1 3 6 1 1 2 1 1 1 1 1 1 1 1 0 0 1 1 1 1 1 1 1 2 3 3 2 2 3 2 1 1 1 
139 130 76 42 56 43 13 19 19 14 13 11 29 13 15 15 17 12 23 16 31 37 38 35 36 67 106 124 69 45 108 139 124 106 110 111 85 44 40 124 118 99 41 72 120 125 153 79 43 99 125 81 37 112 125 123 133 78 38 103 132 79 51 82 115 129 83 71 109 119 119 118 116 112 109 112 114 109 118 99 57 45 55 49 27 27 31 5 19 67 72 49 33 38 61 66 52 50 70 78 76 78 77 74 75 75 74 72 71 68 66 64 64 63 58 50 45 41 35 35 35 36 37 33 28 22 24 31 27 8 1 1 1 1 1 2 1 1 8 18 29 39 38 38 33 25 15 3 6 7 5 4 3 3 4 4 4 4 4 4 2 1 2 1 1 1 1 2 2 1 1 1 2 2 1 1 1 1 1 1 1 1 1 1 1 1 1 1 1 1 1 1 1 3 11 19 21 27 28 30 30 20 17 22 17 18 15 13 11 10 8 6 8 8 5 2 2 1 3 6 1 3 2 1 2 2 1 1 1 1 1 1 1 1 1 1 1 1 1 1 2 2 2 3 3 3 2 1 1 2 
137 139 99 41 42 42 16 8 12 12 17 10 27 25 21 15 13 11 18 14 27 40 42 32 40 107 131 138 88 43 85 134 116 102 96 124 116 65 51 128 133 104 51 60 104 121 131 75 48 100 127 94 29 75 123 125 119 72 37 83 139 117 80 68 82 94 59 66 117 121 122 121 120 118 117 117 115 113 110 69 24 21 30 28 47 73 60 6 21 71 74 47 21 41 65 61 65 62 70 77 79 75 75 75 74 74 73 72 70 69 65 62 61 56 52 49 43 38 39 43 46 47 48 48 44 34 32 36 28 7 1 2 2 2 1 2 1 1 10 21 30 40 38 38 32 27 17 4 9 14 12 14 14 14 16 16 15 16 16 12 5 2 2 2 2 3 2 2 2 3 2 1 2 2 2 1 1 2 1 1 1 1 1 1 1 2 1 1 1 1 1 1 1 3 17 21 17 20 18 21 20 14 15 19 17 21 17 15 12 11 8 6 7 7 5 2 2 2 4 6 1 4 5 3 2 2 1 1 1 1 1 1 1 1 1 1 1 1 1 1 2 2 2 2 2 2 2 1 1 2 
124 136 116 53 43 40 24 8 14 14 22 12 29 42 29 16 10 11 16 14 28 39 36 38 45 100 126 132 113 55 69 131 113 94 82 107 118 90 83 133 127 108 82 82 108 113 104 78 90 121 134 113 56 66 111 124 128 107 78 102 135 120 126 111 97 99 98 109 128 121 122 122 122 121 120 119 119 121 109 71 39 37 39 32 53 81 61 4 20 74 86 69 38 48 81 82 79 74 71 77 80 73 73 76 75 76 75 72 69 68 65 61 57 49 45 45 41 37 36 42 49 43 33 39 44 37 38 35 26 8 1 1 2 2 2 2 2 4 12 19 29 38 34 33 30 23 12 4 2 3 2 3 3 2 2 2 2 3 3 3 2 2 2 3 6 6 6 8 9 12 7 4 3 2 1 1 2 3 3 3 3 2 2 4 5 4 4 3 3 5 5 6 6 9 13 9 8 13 12 20 21 11 9 13 13 19 18 15 11 10 8 6 8 10 8 5 5 4 6 8 1 3 4 3 2 2 1 1 1 2 1 1 2 1 1 1 1 4 6 2 1 2 3 3 3 3 2 1 1 3 
123 131 120 69 50 43 24 9 14 10 15 11 25 36 29 18 9 17 17 13 26 35 36 64 66 89 124 133 133 69 56 127 138 130 131 121 121 120 129 145 129 136 134 134 140 137 131 123 141 139 136 134 121 91 116 134 131 114 81 85 131 127 122 130 121 122 134 124 114 120 122 122 122 121 120 120 125 130 120 103 96 92 88 76 66 71 53 5 21 78 89 88 79 69 80 83 79 81 74 77 81 74 74 76 75 76 74 67 62 61 59 53 48 42 37 35 34 31 26 28 36 26 12 19 31 33 25 11 5 3 1 1 1 1 1 1 3 12 18 14 16 19 14 15 18 15 10 9 5 5 6 6 6 6 5 6 8 9 9 9 8 9 12 13 16 17 17 23 27 30 11 6 11 7 4 5 7 8 8 10 9 6 7 15 16 10 8 8 8 9 9 11 11 15 14 8 6 10 7 11 13 8 8 12 14 21 20 17 11 10 8 7 10 13 11 7 6 4 6 9 1 3 3 4 4 2 1 3 13 17 18 20 15 7 4 6 8 19 22 7 2 2 2 2 2 2 2 1 1 3 
127 140 125 79 49 46 34 17 13 13 21 18 15 15 21 17 9 25 19 11 23 38 60 105 109 111 139 138 132 82 58 109 138 140 142 137 140 137 137 137 132 131 135 139 132 132 139 137 138 141 136 128 144 116 131 132 132 121 85 76 130 132 121 125 129 128 131 127 119 122 123 123 122 121 119 119 121 122 115 115 122 116 106 96 93 105 75 7 22 81 88 85 94 77 71 81 83 83 78 78 80 76 75 75 75 74 68 57 49 46 44 40 37 37 31 23 24 25 22 23 27 19 10 15 25 30 28 15 11 9 3 3 4 2 2 2 4 12 22 18 16 16 13 14 19 17 13 18 11 13 14 11 12 12 12 14 17 17 17 21 20 19 24 25 25 25 23 29 36 37 8 6 17 15 11 13 16 14 13 18 22 24 26 31 28 19 14 14 12 10 9 11 12 15 16 12 8 9 6 6 7 5 6 11 13 20 18 16 11 10 8 7 9 11 9 5 4 3 6 9 1 3 4 6 6 2 2 9 37 46 48 53 42 23 16 21 22 32 32 14 5 5 6 7 7 7 7 6 6 8 
100 136 130 82 42 49 43 38 30 30 34 33 17 14 27 23 9 31 21 9 21 46 100 135 139 141 142 145 132 126 107 125 142 143 142 138 141 139 141 137 145 139 133 143 134 138 142 134 135 138 136 131 145 131 134 129 133 139 120 105 140 126 130 129 133 125 126 131 126 125 126 125 123 122 120 120 119 114 113 113 109 106 106 99 92 104 76 7 22 81 91 89 83 78 79 79 79 82 81 79 79 79 76 74 74 72 62 47 36 32 32 31 31 36 29 16 17 20 17 18 18 15 14 15 18 21 24 19 20 22 17 16 11 9 11 11 8 10 17 15 11 13 13 14 15 15 13 17 11 15 15 14 14 14 17 20 18 14 15 19 18 16 17 22 32 30 20 24 30 37 8 4 9 11 13 15 17 14 12 18 45 64 58 39 30 29 23 16 10 8 7 11 10 11 11 8 4 5 5 4 5 4 4 9 12 19 18 17 13 12 10 8 10 12 9 4 5 5 8 10 2 5 7 11 12 13 15 16 31 36 34 37 34 25 20 24 25 24 23 18 14 13 16 16 14 14 16 16 15 16 
122 146 125 71 43 45 43 46 43 40 38 37 32 32 36 33 27 35 30 21 31 84 132 141 143 144 142 146 144 148 141 142 144 146 146 141 139 140 143 144 148 148 142 135 139 148 140 137 142 142 140 142 149 138 130 133 137 139 131 127 133 121 121 133 134 129 132 127 118 125 126 125 124 122 122 120 116 113 112 109 104 102 104 100 91 93 75 7 23 82 88 88 83 82 82 80 76 61 55 67 77 70 82 77 70 55 41 26 19 16 16 19 20 22 18 21 31 25 14 14 9 11 12 12 9 10 13 10 11 17 20 16 14 14 10 16 17 16 14 9 8 12 10 11 12 12 10 10 7 15 30 19 17 20 20 15 12 9 8 8 11 12 9 25 45 30 14 20 35 46 11 3 5 6 7 8 8 9 7 15 62 70 70 65 35 43 28 15 7 5 6 7 8 9 8 7 3 2 3 2 3 5 6 8 9 11 14 18 21 22 19 19 19 19 17 16 17 18 16 12 2 12 18 20 21 20 21 21 22 22 22 22 22 21 20 22 23 21 18 19 20 19 20 17 19 19 19 19 17 18 
138 149 119 66 45 45 44 45 42 39 36 37 39 38 36 35 34 35 34 36 59 120 148 144 144 142 143 148 149 149 146 144 144 147 146 144 143 141 142 144 143 138 146 144 131 109 113 141 140 141 143 143 131 95 89 135 141 138 131 129 124 102 71 110 133 129 129 132 130 125 125 124 124 122 122 121 117 115 113 110 106 103 103 98 92 90 74 7 22 81 89 88 86 83 81 79 66 31 17 21 39 31 33 42 41 27 16 7 6 6 9 18 15 8 10 30 67 54 38 31 18 16 10 8 5 7 7 8 16 33 31 16 21 23 10 10 13 14 12 7 6 8 8 12 14 16 21 13 5 16 38 18 19 25 20 10 14 15 6 5 21 26 15 36 59 35 17 20 35 40 10 2 4 5 6 7 5 7 5 14 70 66 52 79 64 59 26 12 6 5 13 24 22 18 10 5 4 4 8 9 10 13 14 14 15 17 22 27 29 29 27 26 26 26 24 23 22 24 20 14 2 14 23 24 24 21 21 22 23 21 22 23 22 21 21 23 23 22 19 19 21 21 20 17 20 20 19 20 17 19 
149 149 110 59 42 44 47 44 40 36 36 38 40 36 36 39 37 33 37 54 108 150 154 146 150 145 145 149 151 151 148 146 148 151 151 149 146 144 144 146 144 140 147 153 124 74 77 129 143 142 146 150 130 77 71 133 139 135 130 128 125 100 60 105 133 128 122 128 129 125 125 124 124 124 122 121 117 116 113 110 107 105 102 97 91 82 67 7 20 75 89 87 85 81 77 76 65 36 10 2 17 10 6 17 18 11 5 2 3 8 13 37 48 44 52 34 77 70 47 32 23 18 12 12 8 9 11 22 27 39 43 26 28 36 18 9 9 13 9 5 5 4 5 13 15 22 33 19 5 16 33 15 21 31 31 23 25 27 23 35 71 61 24 41 59 33 17 14 29 35 10 3 6 9 10 13 15 12 6 15 50 65 68 105 93 68 32 13 8 6 15 28 22 19 11 4 7 13 19 25 22 19 20 20 23 27 30 31 30 29 28 28 28 27 26 25 24 25 21 15 3 15 23 25 24 22 22 23 24 22 22 23 23 21 21 23 23 22 20 20 21 22 21 17 20 20 20 20 18 19 
146 139 92 48 39 46 46 43 39 37 37 38 38 35 38 43 39 32 47 84 139 155 146 144 153 147 146 151 153 154 152 150 152 155 154 154 152 150 148 146 148 153 143 147 143 105 95 130 147 142 142 150 149 118 104 129 136 135 132 135 136 127 116 129 134 134 133 126 122 127 127 126 126 124 124 122 117 115 112 109 106 105 102 97 89 77 63 7 18 69 84 83 80 78 75 73 72 58 21 6 16 18 11 16 8 6 4 3 7 12 14 33 56 45 56 31 69 67 35 15 10 6 6 13 16 15 14 40 23 14 26 29 28 38 29 17 9 12 7 6 7 6 5 8 12 17 20 10 5 29 42 15 22 28 32 36 33 32 63 105 124 74 23 29 32 16 9 10 23 39 9 3 13 53 83 95 92 60 30 33 37 75 111 119 101 73 40 14 11 6 9 25 19 8 6 3 6 19 27 30 24 21 22 23 25 27 28 28 28 27 27 27 28 27 26 25 25 27 23 17 3 15 24 26 26 23 23 24 25 22 22 24 23 22 22 23 24 22 20 20 22 22 21 18 21 21 20 20 18 19 
144 133 81 43 40 48 43 41 40 39 39 37 36 36 36 38 37 41 76 130 149 152 141 146 153 145 146 151 154 155 153 152 155 156 155 155 154 153 150 148 148 150 146 146 159 153 142 151 148 145 140 142 151 150 141 137 143 141 137 140 142 142 146 142 137 136 139 136 131 131 130 129 128 128 128 126 123 121 118 115 112 110 106 100 93 82 66 8 18 69 82 80 79 78 77 76 74 67 46 36 41 55 44 37 20 15 14 11 13 14 13 36 69 42 45 47 71 64 32 12 7 7 11 30 37 26 16 45 24 15 22 28 29 29 31 24 11 14 8 7 8 12 17 14 14 18 16 13 20 63 62 17 29 36 31 35 40 39 57 77 77 52 26 21 14 8 5 4 7 34 13 8 37 79 110 120 119 86 61 67 61 88 112 112 115 77 36 12 10 4 9 37 34 9 5 4 5 22 30 30 27 27 29 31 31 29 29 29 29 28 28 29 29 29 27 27 26 26 23 17 3 15 24 26 26 23 23 25 25 22 22 24 24 22 22 22 24 22 20 20 22 22 21 18 21 21 20 21 19 20 
145 125 76 44 41 44 41 40 40 40 40 37 35 37 34 35 45 69 119 165 154 154 146 151 152 142 147 151 153 155 153 153 155 157 153 154 155 154 153 150 147 147 154 146 147 149 144 150 152 155 149 144 147 151 148 148 152 147 141 141 143 139 139 145 144 137 131 133 136 134 133 133 132 131 131 132 133 130 127 124 120 118 115 109 103 96 78 9 21 77 88 88 87 85 83 83 80 77 78 75 75 80 67 52 38 30 26 18 16 13 12 25 55 56 57 44 70 67 25 9 6 9 12 28 31 21 17 44 19 20 24 25 24 20 25 25 20 30 17 17 24 38 58 52 47 39 32 41 51 70 55 19 29 39 39 34 34 29 26 24 26 33 33 19 10 9 8 7 6 40 20 11 47 78 102 109 113 100 101 113 103 102 112 106 115 74 35 15 10 6 7 22 24 11 9 9 13 25 31 28 28 30 31 32 31 28 25 23 25 26 27 28 29 28 27 26 26 26 23 18 3 14 24 26 26 23 23 25 25 22 22 25 24 22 22 22 24 23 20 20 22 22 21 18 21 21 21 21 19 20 
106 90 61 45 44 41 41 40 39 40 40 37 35 37 34 41 69 112 146 156 152 153 148 153 149 143 154 149 153 154 152 152 154 156 150 152 154 155 154 151 149 150 151 142 145 143 138 145 146 151 148 145 148 150 147 148 152 148 142 144 146 143 143 143 144 141 137 136 137 137 137 136 135 134 134 134 136 134 131 128 124 122 122 119 114 113 92 10 24 89 101 100 97 95 92 90 89 89 90 77 88 67 56 49 36 28 22 14 12 13 13 12 12 38 61 38 56 43 13 5 4 13 11 11 11 11 14 46 15 15 19 17 17 17 18 18 24 40 19 27 48 61 74 66 62 52 41 46 41 42 47 23 29 36 38 40 38 25 20 21 20 27 31 16 14 13 11 11 16 59 23 5 26 71 111 114 114 105 112 109 109 105 108 82 97 81 40 18 10 7 8 9 8 8 9 18 26 26 28 27 30 31 29 29 30 28 22 17 21 25 25 27 29 28 26 26 25 25 23 17 3 13 23 26 26 23 23 25 25 21 22 25 24 22 22 22 24 22 20 20 22 22 21 18 21 22 21 21 19 20 
53 45 45 43 42 43 43 41 39 39 38 36 35 34 29 33 52 82 100 103 120 134 139 141 142 147 157 155 149 153 152 150 155 154 154 154 154 154 150 148 149 147 146 147 146 152 141 155 140 142 144 146 148 152 150 145 151 146 141 148 153 150 147 142 143 147 148 144 141 140 140 139 136 133 133 135 137 136 133 129 126 127 128 125 121 120 99 11 28 102 110 108 110 106 100 101 109 104 100 88 92 70 53 42 26 17 14 11 12 14 13 12 8 28 57 32 26 13 7 5 6 14 14 13 14 13 17 35 15 13 17 16 14 15 15 16 18 37 19 26 43 44 50 45 41 44 37 29 18 23 46 25 27 39 38 40 54 38 27 30 31 33 31 25 23 16 10 9 26 79 26 4 23 71 110 119 118 112 120 110 112 107 105 86 86 68 32 18 12 8 9 8 7 7 8 17 26 28 27 27 32 32 32 25 24 29 21 10 16 24 28 28 28 28 27 26 27 26 24 16 3 13 23 26 26 24 24 25 25 22 23 25 25 23 22 22 23 23 21 21 22 23 22 19 21 22 21 21 19 20 
28 20 26 25 21 25 23 22 21 22 21 20 19 17 13 12 13 18 23 28 41 51 56 59 72 93 105 103 104 121 127 128 138 138 142 144 148 151 152 155 159 150 149 156 154 145 137 137 145 144 143 142 139 139 142 150 154 149 143 146 149 149 149 145 142 142 142 139 137 141 143 143 139 137 138 137 131 131 131 130 129 129 127 130 132 119 114 15 29 111 122 114 112 119 124 117 112 109 98 80 64 50 37 33 31 22 26 30 30 27 18 9 9 16 25 11 6 5 6 6 6 12 15 17 18 18 24 23 12 10 14 14 12 16 16 18 16 40 24 26 36 34 44 39 35 40 39 30 14 12 36 23 19 35 37 31 47 42 32 31 35 39 39 39 33 19 12 9 26 81 35 7 32 76 107 123 119 110 114 115 120 110 109 99 71 39 20 16 12 9 8 8 7 7 8 11 17 25 28 29 32 33 35 19 12 17 12 4 12 23 28 28 27 28 27 26 29 26 25 15 4 13 23 26 27 24 24 26 26 23 23 25 25 24 23 23 23 23 22 21 22 24 22 20 21 23 22 20 19 20 
17 11 14 12 9 10 10 9 9 8 8 7 6 6 6 6 7 7 6 6 6 7 8 9 13 21 24 20 24 34 39 40 47 52 67 73 80 88 96 105 113 115 116 125 134 126 169 133 144 146 146 146 148 152 153 146 147 147 144 140 142 147 148 146 141 137 136 141 141 135 138 139 136 134 135 140 144 137 131 130 132 133 133 126 128 142 106 12 29 108 132 123 116 111 88 81 65 61 52 37 26 21 19 23 27 24 29 32 26 21 17 12 16 17 12 8 7 7 8 8 9 15 18 18 20 21 24 21 10 8 10 10 10 15 16 16 14 35 23 26 39 38 43 38 36 38 40 33 11 8 32 23 18 36 46 35 35 42 40 35 39 44 45 45 37 22 16 13 19 54 30 4 21 66 109 125 115 108 109 121 130 116 118 98 54 24 16 16 12 9 9 9 9 9 9 9 12 21 29 33 33 34 34 16 4 5 4 2 12 22 28 28 28 28 27 26 29 26 25 16 4 13 23 26 27 24 24 26 26 23 23 25 25 24 23 23 23 23 22 21 23 24 23 20 21 23 22 20 20 20 
16 13 17 16 16 16 13 11 9 8 7 6 5 5 5 5 5 5 5 5 4 5 5 6 6 7 6 4 4 5 5 5 7 7 9 12 13 15 17 20 22 25 27 30 34 53 126 76 55 57 57 59 66 77 86 95 97 104 109 107 113 120 118 118 116 114 118 130 133 121 123 123 119 116 115 115 113 112 107 98 91 88 101 106 86 115 85 9 32 112 117 98 102 83 30 31 23 19 19 17 15 15 15 14 13 13 13 12 6 4 8 10 14 18 11 11 10 13 16 14 12 17 18 17 20 20 21 17 8 7 9 11 11 14 15 13 10 21 15 20 29 30 34 31 31 33 33 22 8 10 33 21 13 22 31 26 17 24 27 23 25 27 25 22 19 13 10 8 9 20 17 2 15 53 101 126 114 115 120 124 129 122 123 86 43 22 18 18 14 12 12 13 13 14 13 12 13 22 31 33 32 31 31 17 3 2 2 2 13 21 26 29 29 28 27 26 29 27 26 16 4 13 23 26 27 25 24 26 26 23 23 25 25 24 23 23 23 24 23 22 23 24 23 20 21 23 22 20 20 20 
25 23 25 23 26 23 13 10 7 6 6 6 6 5 5 5 4 4 4 4 4 4 5 8 10 13 14 11 8 8 7 7 7 5 7 10 10 8 8 8 8 9 9 9 10 48 80 27 10 9 5 4 5 8 11 13 14 16 17 18 20 22 23 24 24 25 27 33 33 26 26 26 25 24 25 24 23 26 24 18 14 14 42 108 84 50 71 17 29 117 121 79 68 59 22 22 17 19 19 19 20 19 14 11 12 15 15 13 5 4 10 9 5 10 11 11 10 14 14 11 10 16 19 20 23 22 20 16 9 9 13 16 14 15 18 16 14 17 12 14 16 16 18 18 18 20 20 14 12 12 23 16 9 8 11 15 10 12 15 11 10 12 10 8 7 7 6 7 9 9 11 5 20 31 62 118 129 121 124 122 119 113 100 54 29 22 17 17 14 12 13 14 14 14 15 16 18 26 31 32 32 33 31 20 3 2 2 4 16 23 26 29 29 27 27 26 29 27 27 16 4 13 23 26 27 25 25 26 27 24 23 25 25 24 23 23 23 24 23 21 23 24 23 20 21 23 22 20 19 20 
26 25 25 22 26 23 21 16 12 9 7 6 7 8 8 8 8 8 8 8 6 7 9 12 11 10 11 15 14 17 18 21 19 11 6 10 13 13 15 16 15 16 14 15 19 61 44 11 14 12 6 2 3 5 7 12 13 11 10 11 12 12 13 13 14 14 15 16 16 13 13 13 13 15 18 20 21 14 8 5 8 19 49 129 134 72 35 9 13 70 124 100 61 36 22 25 17 15 14 14 16 17 14 11 14 19 19 18 7 4 16 18 6 9 14 11 10 14 13 10 9 16 21 22 24 22 20 16 10 10 12 14 12 13 19 18 19 19 16 17 17 17 16 17 18 17 18 16 22 14 16 16 14 11 12 16 13 12 13 10 9 11 11 8 7 7 8 10 13 9 9 4 14 19 31 86 130 111 111 119 119 101 71 34 20 18 16 17 15 12 14 15 14 14 14 15 18 27 32 32 33 36 33 23 4 2 3 6 20 25 26 29 29 27 28 27 29 27 27 17 4 13 23 27 27 25 25 26 26 23 23 25 25 24 23 23 23 24 23 22 23 24 23 20 21 23 22 20 20 20 
25 26 25 20 26 23 26 23 19 17 15 14 13 13 10 8 8 8 8 8 8 9 11 13 11 10 10 10 10 12 13 16 16 10 10 19 23 24 27 28 25 22 18 20 23 45 26 14 16 14 8 3 3 4 7 14 16 11 9 13 14 12 14 14 15 16 16 15 14 15 14 13 13 16 20 23 22 13 7 7 14 26 49 94 113 90 29 7 5 24 57 61 42 22 18 20 18 12 13 14 15 17 16 13 14 17 15 14 5 4 13 17 7 7 14 8 7 9 9 8 9 17 22 21 22 21 20 18 11 10 10 11 10 12 19 16 17 15 15 17 18 20 17 18 20 19 21 17 25 16 17 20 18 17 17 16 15 15 14 11 10 9 9 11 12 14 11 7 10 12 10 3 11 31 27 42 99 96 103 119 121 84 45 24 16 13 15 18 15 13 14 14 13 13 13 13 17 27 33 34 33 34 31 29 9 8 8 12 26 28 27 29 29 27 28 27 29 27 28 17 4 13 23 27 27 25 25 27 27 24 23 25 25 24 23 23 23 24 23 22 23 25 23 20 21 23 22 20 20 21 
27 27 26 24 26 23 23 23 22 23 23 22 21 21 17 15 15 16 16 16 14 13 12 11 9 8 9 9 10 9 7 9 10 9 17 27 30 28 28 27 24 21 17 16 18 24 19 19 18 16 10 5 4 6 10 13 15 12 10 14 18 16 17 16 17 19 20 16 13 11 10 10 15 19 27 32 36 34 33 36 40 46 51 63 71 67 48 13 4 11 14 18 20 19 20 20 20 21 21 20 19 20 19 15 13 16 16 15 6 5 11 13 6 6 12 8 7 7 8 8 8 16 22 22 23 22 21 19 15 13 11 10 10 13 18 14 14 13 11 13 15 16 14 15 18 20 21 18 21 18 20 21 19 20 21 18 19 21 20 16 13 11 11 14 18 20 15 7 9 13 13 2 7 34 30 22 55 67 81 108 106 59 26 17 13 11 15 18 15 13 13 13 13 12 12 13 16 26 34 35 33 32 30 31 20 20 20 22 30 30 28 29 29 28 28 27 28 28 27 17 4 13 24 27 28 26 25 26 27 24 24 25 25 24 23 24 24 25 24 23 23 24 23 21 22 23 22 21 20 20 
24 25 26 27 26 24 23 23 23 23 23 23 23 24 22 21 21 21 20 18 16 17 16 15 13 11 9 8 9 7 6 6 6 6 12 20 22 20 21 21 20 19 15 14 16 19 19 18 16 15 13 11 10 16 23 23 22 19 14 14 17 15 15 14 15 18 21 19 15 10 7 11 29 48 59 43 37 40 46 49 49 55 56 61 67 57 59 14 6 17 17 18 19 16 19 22 21 24 24 21 20 23 23 16 11 16 18 14 6 4 10 13 6 6 13 11 9 10 12 12 11 16 21 21 24 25 23 19 18 16 10 10 11 13 16 13 13 12 11 13 15 14 15 15 18 21 21 20 20 20 20 20 20 20 20 20 20 20 20 20 17 16 16 15 14 14 13 11 8 11 14 3 6 14 16 14 15 24 35 60 60 28 12 10 9 11 16 17 15 13 12 13 13 12 12 12 15 24 33 35 33 33 31 30 29 29 29 29 31 31 30 30 30 29 28 27 27 29 26 17 4 13 25 27 27 26 25 25 27 25 24 26 25 24 24 25 25 25 23 23 23 23 24 22 22 23 23 21 20 20 
19 20 21 22 22 21 20 20 20 20 20 20 20 21 20 19 19 19 18 17 17 17 18 17 16 15 15 15 13 12 11 10 9 9 11 16 17 17 19 20 18 19 19 17 16 17 19 20 16 17 18 19 22 27 28 23 23 21 16 17 20 17 17 17 19 21 23 21 20 15 6 11 31 68 74 30 23 27 35 39 43 51 53 54 58 55 60 12 7 22 23 21 19 15 18 22 21 23 23 22 22 24 23 17 11 15 17 14 7 5 10 13 7 7 14 15 12 13 16 14 14 19 21 22 25 25 22 19 19 16 10 8 11 13 13 14 14 12 11 13 15 15 17 17 17 19 19 19 19 19 20 20 20 20 20 20 19 19 19 18 17 16 18 17 15 15 17 16 12 12 14 3 8 11 10 7 6 13 18 24 23 14 11 9 6 9 16 18 15 12 11 12 12 11 12 12 15 25 33 34 33 32 32 31 32 32 31 29 31 32 30 30 30 30 29 28 27 29 27 17 5 13 24 27 27 26 25 25 26 24 24 25 25 24 24 24 25 25 23 22 22 23 24 22 22 23 23 21 20 20 
22 22 23 24 24 24 24 25 25 25 25 25 25 26 25 24 24 24 23 23 23 23 23 23 23 23 24 25 23 25 26 21 21 25 22 24 24 23 24 23 21 25 26 25 23 23 27 28 23 24 24 25 28 27 24 22 22 23 21 21 24 20 17 17 19 21 23 25 25 16 8 7 21 60 80 45 44 50 70 74 77 83 87 87 94 97 96 16 6 21 22 21 18 14 18 22 20 21 22 22 22 23 23 16 8 12 13 13 8 6 12 16 10 7 11 14 13 15 16 13 12 18 20 23 26 23 21 20 21 18 11 8 13 15 12 16 16 11 11 14 14 14 18 15 13 14 16 16 16 17 17 18 18 18 18 19 19 19 19 16 14 16 18 18 16 16 18 18 14 12 13 3 9 13 11 8 6 14 20 19 19 18 19 12 6 9 16 18 16 13 12 12 13 12 13 12 15 26 34 34 33 32 31 31 32 32 31 29 31 32 30 30 31 30 29 28 27 29 27 18 5 13 24 26 27 26 25 25 26 24 24 25 25 24 23 24 26 25 23 22 22 23 25 22 21 22 22 21 20 20 
26 25 25 25 25 25 25 25 25 25 25 25 25 24 24 23 22 22 22 22 23 22 21 21 22 22 22 22 22 28 28 23 26 33 21 21 20 20 22 21 21 28 27 27 28 30 32 30 19 19 19 20 21 20 18 20 19 20 17 17 18 16 18 17 18 21 22 26 27 17 8 7 26 41 73 90 57 70 111 116 118 115 126 137 145 151 138 22 6 19 19 19 18 15 18 22 20 20 21 22 21 19 20 15 7 10 11 10 7 5 9 13 9 8 18 25 17 16 19 16 14 20 21 22 26 26 25 23 21 17 9 6 12 14 11 14 14 8 9 12 12 12 15 12 8 9 10 10 10 11 11 12 13 14 14 15 15 16 16 16 15 17 19 18 15 15 17 17 14 12 13 4 9 11 10 8 5 12 19 19 19 20 20 12 6 11 18 20 18 15 13 14 14 14 13 12 15 28 35 34 32 33 32 30 30 31 31 30 31 31 30 30 30 30 29 28 27 29 27 18 5 12 24 27 27 26 25 25 26 24 24 25 25 23 23 23 24 24 22 21 21 22 23 20 20 21 21 20 19 19 
25 23 23 23 23 23 24 24 24 24 24 24 23 22 22 22 21 20 21 22 24 24 23 22 22 22 23 25 25 30 30 25 28 36 26 26 25 26 26 25 25 28 25 26 29 33 33 31 28 25 25 25 25 28 30 24 22 26 26 27 29 28 28 24 25 28 28 30 30 16 4 10 39 21 48 98 36 56 109 118 124 114 126 134 134 136 128 20 6 20 20 21 21 17 20 22 20 19 20 21 19 17 19 19 21 27 26 27 24 22 22 20 18 19 42 50 24 11 13 12 12 18 24 25 26 26 25 22 21 17 11 8 10 11 10 11 11 8 6 7 7 7 9 8 6 6 6 6 6 6 7 7 7 7 8 8 8 9 9 9 10 11 13 13 13 15 17 17 13 12 13 4 9 12 12 9 6 12 20 22 21 19 17 11 7 11 19 20 18 15 13 14 14 13 14 13 15 29 36 33 32 35 34 32 30 31 32 32 32 31 30 30 30 29 28 27 26 27 26 18 5 11 23 26 26 25 24 25 26 24 24 25 24 23 22 22 24 24 23 23 23 23 23 20 20 21 21 20 19 19 
36 34 34 35 36 36 38 38 38 38 38 38 38 37 38 37 36 35 36 38 40 40 39 38 37 36 37 38 36 37 38 36 36 38 39 39 39 38 36 35 35 32 30 31 34 37 37 32 18 14 14 12 10 17 25 18 14 15 14 13 13 12 13 13 21 31 35 37 35 15 10 22 43 22 55 99 33 53 113 119 125 111 120 121 119 117 113 20 6 19 20 21 21 18 21 24 21 19 19 20 19 17 20 31 49 58 56 58 55 52 52 55 51 37 45 56 46 36 33 24 11 12 20 22 24 25 23 19 18 19 18 16 13 11 12 12 14 14 10 10 10 9 11 9 9 9 8 8 8 8 8 8 8 7 7 7 7 7 7 7 6 7 8 8 9 12 14 14 11 9 13 4 9 13 12 8 6 13 19 20 23 21 18 13 7 10 18 20 18 15 14 14 14 13 14 13 15 30 37 33 32 33 32 31 31 32 31 30 31 30 29 28 29 28 27 26 25 26 26 18 5 11 22 25 25 24 23 23 24 23 24 24 24 22 22 22 22 23 23 23 22 22 22 20 20 22 22 21 21 21 
