DOWN
6 7 7 7 7 7 6 7 8 8 7 7 7 7 7 7 7 7 7 7 6 6 7 8 8 8 9 9 9 8 7 7 7 8 7 6 5 5 7 8 8 9 8 8 8 8 8 8 8 8 9 10 11 11 11 10 10 10 10 10 9 10 10 9 8 8 8 9 8 7 8 10 11 12 10 10 10 9 9 9 9 9 9 9 8 8 9 10 10 10 10 9 8 8 9 9 8 7 9 8 8 12 12 13 11 8 7 9 11 11 10 10 10 10 10 10 11 10 11 11 9 7 8 9 8 8 8 8 8 6 6 6 7 7 7 8 7 5 4 5 5 6 6 7 7 6 7 8 8 8 10 10 9 9 8 7 7 7 6 6 7 8 8 8 8 7 7 6 7 7 8 7 7 8 7 5 6 7 8 7 7 8 9 7 6 7 7 7 9 11 9 7 7 5 5 5 5 4 5 5 5 5 4 4 4 6 5 5 4 4 5 5 5 5 5 6 6 6 6 6 7 7 7 6 5 5 5 5 5 5 6 6 6 5 5 4 4 5 5 6 6 6 5 5 5 5 4 4 5 4 
8 8 8 8 8 8 7 8 9 9 8 7 7 7 7 7 7 7 7 7 6 6 7 8 8 8 8 9 9 8 8 8 8 8 8 6 5 6 7 9 9 9 8 7 8 8 8 9 9 9 9 9 10 10 10 10 10 10 10 11 11 11 11 11 9 9 10 11 10 8 9 9 10 11 11 10 10 10 10 10 10 10 10 9 8 8 9 10 9 10 9 8 8 8 9 11 9 8 9 8 8 11 11 12 10 7 7 9 10 10 9 9 9 9 8 8 8 7 9 11 10 8 8 8 7 7 8 8 7 6 6 6 7 7 7 7 7 6 5 6 7 8 7 7 6 6 6 7 8 7 9 9 9 8 7 6 6 6 6 6 6 7 7 7 7 8 8 6 6 7 7 7 8 10 10 7 7 9 8 7 6 7 8 7 6 7 7 7 9 11 8 7 6 5 6 6 6 5 6 6 6 5 5 4 5 6 6 5 4 4 4 5 5 5 5 6 6 6 5 5 7 8 7 6 5 5 4 5 5 5 5 6 6 4 4 4 4 4 4 5 5 5 5 5 5 5 4 4 5 4 
6 7 8 9 9 8 8 8 8 8 7 5 5 6 7 7 7 8 8 7 7 6 5 7 7 7 6 6 7 7 7 8 8 8 8 6 6 7 7 7 9 9 8 8 9 10 9 9 9 9 9 9 9 9 9 9 8 8 8 9 10 9 9 9 8 7 9 9 8 8 8 7 8 9 10 10 9 10 10 11 11 10 11 11 9 9 10 8 7 8 8 6 7 8 8 9 9 8 7 7 8 9 10 11 9 6 7 10 10 10 12 11 10 10 9 8 8 6 9 12 10 8 8 8 7 7 7 7 6 7 7 7 7 7 7 7 7 6 6 7 8 8 8 7 6 6 6 8 8 8 9 8 8 8 7 6 7 6 6 6 6 7 7 7 7 9 10 6 5 7 7 7 7 11 12 8 8 9 9 8 6 7 8 7 5 6 7 6 8 10 8 7 6 5 6 6 5 5 7 6 5 4 4 5 5 6 5 4 3 3 3 4 4 4 4 5 6 6 6 5 7 9 8 7 6 5 5 5 5 4 5 5 5 4 3 3 5 6 5 4 5 6 5 4 3 4 4 5 5 4 
7 6 7 7 8 8 7 7 7 7 7 6 6 5 5 5 6 6 6 6 6 5 5 6 7 7 7 7 7 7 8 8 8 8 8 7 6 7 7 7 7 8 7 7 9 9 8 7 7 8 8 7 7 7 8 7 7 6 7 9 10 9 8 8 7 6 8 8 8 7 7 7 7 9 9 10 10 9 9 9 9 11 12 11 9 9 9 9 8 9 8 7 7 8 7 7 7 7 6 6 8 8 9 11 9 6 6 7 8 10 11 10 10 10 9 8 6 6 9 13 11 7 8 9 7 7 8 8 8 6 6 6 6 7 7 7 8 7 6 7 8 8 7 8 7 7 7 9 9 8 8 8 9 9 7 6 6 8 7 7 8 9 8 7 7 9 9 6 6 8 7 7 7 9 9 8 8 9 8 9 8 8 8 6 4 5 6 5 5 8 8 7 5 5 6 6 5 5 6 5 3 3 5 5 5 5 5 4 3 3 3 4 4 4 4 5 6 7 7 8 10 12 11 10 9 8 7 6 6 6 7 7 6 5 4 5 7 8 8 9 10 11 10 8 7 7 8 8 9 8 
6 6 6 6 6 6 5 5 6 6 6 5 7 6 5 6 7 7 6 5 5 5 5 6 7 7 8 7 7 8 9 8 7 7 7 6 6 6 6 6 7 7 6 6 7 7 7 6 7 7 7 6 6 6 7 7 6 6 7 8 9 8 7 6 5 5 6 7 6 6 6 6 6 8 9 10 11 10 8 8 9 10 10 9 8 7 8 8 8 9 9 8 7 7 7 6 7 7 7 6 6 7 8 9 8 6 5 5 7 9 11 10 9 8 8 8 7 7 12 15 12 7 8 9 7 6 7 8 7 6 6 6 7 7 7 7 7 7 6 7 8 7 7 6 5 5 6 8 8 7 7 7 8 8 7 6 6 7 6 6 8 9 8 6 5 6 7 5 6 8 7 6 7 7 7 7 7 7 7 8 7 6 6 5 3 4 6 4 5 7 9 8 7 7 9 9 8 8 9 7 4 5 6 6 5 5 5 4 4 3 4 5 4 4 5 6 9 11 12 13 15 17 16 14 13 13 11 9 9 10 11 11 9 7 6 7 10 13 14 14 14 15 13 10 8 8 9 11 11 9 
6 6 7 7 6 6 5 4 5 7 7 6 7 6 5 6 8 7 6 5 5 5 5 6 7 6 8 6 7 8 8 7 6 7 7 6 5 6 6 6 7 7 6 6 6 6 6 6 6 7 6 6 5 6 7 7 7 7 7 7 7 7 6 5 5 5 6 6 6 7 7 7 6 7 8 9 10 9 8 8 9 9 9 10 9 9 8 9 8 9 9 9 8 7 7 8 8 8 8 7 6 5 6 6 5 4 4 5 6 8 9 9 7 6 6 6 7 8 11 11 8 6 6 6 5 4 5 6 5 6 6 6 5 5 6 6 6 6 5 6 7 7 6 5 4 4 5 6 6 5 5 4 5 5 5 5 5 6 6 6 8 8 8 7 7 8 8 6 7 10 9 8 10 10 10 11 11 10 10 9 9 7 6 6 7 8 10 9 12 17 18 20 19 19 20 20 17 16 15 11 7 6 8 8 6 5 5 5 4 4 5 6 6 6 6 8 11 14 16 15 17 18 16 14 13 13 10 8 8 9 10 10 8 7 6 7 10 13 15 14 14 14 12 9 7 6 9 12 13 10 
6 7 9 8 6 5 4 4 5 7 8 7 8 7 7 8 9 8 7 6 6 5 6 7 7 7 7 6 7 8 8 7 7 8 7 6 5 6 7 7 7 7 6 6 7 7 6 6 6 6 6 6 6 6 8 8 8 7 6 6 7 8 8 7 6 7 8 8 8 9 10 8 7 7 9 10 10 8 6 5 5 6 7 8 9 8 8 8 6 7 8 9 7 6 7 8 8 9 9 8 6 5 4 4 4 4 4 5 6 8 9 10 8 6 5 6 6 7 8 6 4 3 5 6 6 6 8 9 8 6 6 5 5 5 6 7 9 9 8 10 11 12 11 9 8 8 12 16 18 18 14 11 11 12 13 13 14 12 13 15 16 17 17 17 19 20 19 13 13 18 17 16 19 19 19 19 19 19 18 18 18 15 12 11 11 12 14 15 21 28 27 28 27 26 26 23 18 16 16 13 8 7 8 8 7 6 6 5 4 4 5 6 6 5 6 8 11 14 16 15 17 17 15 13 12 11 8 7 6 7 8 8 7 6 6 7 9 11 12 13 15 14 12 9 7 7 8 10 10 8 
8 8 9 7 5 6 5 4 6 9 10 10 11 10 10 10 9 8 7 6 6 6 6 7 7 6 6 6 7 7 8 7 7 7 7 5 5 6 6 6 6 6 5 5 6 6 6 5 5 5 6 6 6 6 7 7 7 6 6 5 6 7 7 6 6 7 7 7 7 7 8 7 6 6 6 6 6 5 4 4 4 4 4 5 6 5 5 5 6 7 8 9 7 5 6 8 8 9 9 8 6 4 4 3 4 5 5 6 8 9 12 15 12 9 9 9 7 8 9 9 7 5 9 13 14 14 18 21 18 12 10 8 7 8 11 13 16 16 16 18 20 21 20 19 16 15 20 26 28 27 23 18 17 18 19 20 21 17 18 21 23 23 23 22 23 26 25 16 15 21 22 21 20 21 19 17 16 19 19 19 20 18 14 12 11 12 12 13 20 27 25 23 22 21 22 20 16 14 16 13 9 7 8 8 8 7 7 6 5 4 5 7 6 5 6 8 10 12 14 14 16 16 15 12 11 11 8 7 7 7 8 8 8 7 8 9 11 12 12 13 14 15 13 10 9 9 10 12 11 9 
8 8 6 5 4 5 4 3 5 9 10 10 10 9 8 7 6 5 5 4 4 4 4 5 5 4 4 4 5 5 5 5 5 4 5 5 4 5 4 4 4 4 3 3 4 4 4 4 3 3 4 4 5 5 5 6 5 5 5 5 5 7 7 6 6 6 6 6 6 7 8 8 10 12 11 9 9 9 9 10 10 8 7 8 9 8 7 9 10 11 13 14 10 8 9 12 12 12 11 10 7 5 5 5 7 8 7 7 9 10 14 19 17 13 13 13 12 11 15 18 16 12 15 21 23 22 26 28 23 16 13 10 9 10 13 16 20 19 19 20 23 23 22 21 17 15 18 24 27 26 22 17 15 15 16 15 16 16 16 17 20 21 19 16 16 21 22 14 12 20 21 19 17 18 17 13 15 18 17 14 15 17 15 14 14 13 12 12 17 24 24 23 22 22 24 23 19 17 19 16 12 9 9 10 10 9 9 8 6 5 5 7 8 7 8 9 12 13 14 14 17 18 17 15 14 13 10 10 10 10 10 11 11 10 11 13 14 15 15 15 17 18 17 15 13 14 15 16 14 13 
6 5 4 3 3 4 3 2 2 4 5 6 5 5 5 5 3 3 3 3 3 3 3 3 4 6 4 4 4 4 4 4 4 4 4 5 5 5 4 4 5 5 5 5 6 6 6 5 4 4 5 5 6 7 7 7 7 8 8 10 13 14 14 11 9 9 10 13 12 11 13 16 21 24 24 23 21 19 18 17 15 12 13 15 16 14 13 13 12 13 16 17 12 9 10 15 15 18 19 13 7 6 6 8 8 9 10 11 10 11 15 20 19 13 12 14 15 16 20 25 24 17 19 23 24 23 24 24 20 16 14 12 11 12 14 16 20 19 18 19 20 21 21 17 13 12 17 24 28 26 24 18 17 17 15 14 14 14 14 15 18 20 19 17 18 22 22 17 17 25 28 24 22 22 21 18 20 22 19 17 17 19 19 20 17 16 15 14 17 24 26 25 25 26 27 25 20 17 20 18 14 11 11 11 12 11 11 10 8 6 7 9 10 10 11 13 15 15 15 15 19 20 19 17 15 16 14 13 14 12 12 13 12 10 11 12 13 13 13 13 14 14 14 12 11 12 13 13 12 10 
6 7 8 9 8 10 11 9 6 6 9 13 10 9 10 10 9 8 7 7 7 6 5 6 10 14 13 10 10 10 7 7 7 5 5 5 7 8 7 7 9 11 9 8 9 10 10 8 8 8 9 10 12 12 10 11 12 11 11 14 17 16 14 11 9 10 12 16 15 13 14 19 24 28 24 24 23 21 22 22 20 13 15 18 19 17 15 14 10 11 15 16 11 8 10 16 17 24 26 16 8 7 6 8 6 6 10 13 12 13 18 22 20 14 12 15 19 21 23 25 24 18 19 22 22 23 23 21 20 18 16 16 16 16 17 18 23 22 20 21 22 24 24 21 16 15 19 26 29 27 25 20 20 21 17 14 15 15 16 18 20 22 23 23 23 25 24 21 22 28 32 27 26 24 22 21 20 21 22 22 22 22 22 21 18 17 16 14 16 21 23 21 21 23 24 22 18 15 18 17 13 12 12 13 14 14 14 13 10 9 9 11 10 10 11 13 14 14 14 11 14 14 13 11 9 11 10 9 11 10 10 11 9 9 10 10 11 11 12 12 10 9 9 8 7 8 10 10 9 9 
15 16 18 19 18 18 21 18 11 11 16 20 17 13 12 14 14 12 11 13 11 10 9 11 15 20 20 16 16 14 10 8 9 7 6 6 9 11 9 9 14 17 14 10 10 13 12 8 9 10 10 10 14 13 12 15 14 11 9 12 14 14 12 9 8 9 12 14 14 13 14 17 22 26 19 19 19 20 23 25 24 18 19 21 21 20 17 15 12 13 17 19 13 9 11 16 18 22 23 17 10 7 6 5 4 5 10 13 13 14 18 23 21 16 14 16 20 22 23 25 24 19 20 22 23 25 26 26 25 22 21 19 18 18 19 20 23 23 22 22 24 24 24 24 21 20 23 28 31 31 25 21 22 24 20 17 18 18 18 19 20 21 21 21 21 21 21 19 18 22 23 20 19 18 17 16 16 16 17 17 17 17 17 16 14 13 13 11 11 13 14 13 12 13 13 12 12 11 13 13 11 11 13 14 14 14 14 13 12 11 10 11 10 10 10 11 12 13 12 10 12 11 11 10 7 8 10 9 12 11 11 11 10 11 12 13 13 13 13 14 14 12 12 13 13 15 15 15 15 16 
18 19 21 21 20 18 24 20 11 12 17 20 18 12 10 12 14 12 11 15 12 10 11 13 17 19 17 15 14 13 10 8 9 9 7 7 11 13 10 9 13 16 14 10 9 13 12 8 9 10 8 8 12 14 16 19 18 14 13 15 16 16 15 13 11 11 11 14 16 18 19 21 25 30 24 25 24 23 24 26 25 26 25 25 25 25 22 19 16 17 21 23 18 14 14 17 19 20 20 18 13 9 5 3 3 6 14 17 16 16 18 21 19 16 15 15 15 16 18 21 22 20 20 20 21 22 24 24 23 21 20 18 16 16 16 17 19 19 18 18 19 19 19 21 20 18 19 21 22 22 17 16 17 19 17 14 15 15 15 15 16 15 15 15 15 14 14 14 13 14 14 12 12 12 12 11 11 10 10 11 11 12 11 11 10 10 10 9 9 10 10 10 10 10 10 10 11 11 11 11 12 13 14 15 14 13 13 13 13 14 14 13 15 15 14 15 16 16 15 15 17 15 16 15 13 18 27 18 18 16 15 18 18 17 18 18 18 18 18 19 19 17 17 18 19 19 20 20 21 21 
17 18 21 22 21 20 25 20 13 15 21 20 18 13 13 15 16 14 13 17 14 12 13 16 18 18 14 13 13 13 12 12 14 12 11 11 13 14 11 10 12 12 12 10 10 13 13 13 13 12 9 10 15 19 19 20 20 19 19 20 18 18 19 18 15 12 11 14 18 21 22 22 25 30 27 28 28 25 25 26 26 28 26 25 25 24 23 20 17 18 20 21 18 16 17 16 19 18 17 19 16 10 6 5 6 11 19 20 17 15 15 15 15 13 14 13 11 11 12 14 14 14 15 15 15 15 16 15 14 15 14 12 11 10 11 11 12 12 12 12 13 12 12 15 15 13 12 12 12 13 11 11 13 14 13 12 12 13 14 14 14 14 13 13 13 13 13 14 14 13 12 12 13 13 13 13 12 12 13 14 15 16 16 16 16 16 16 16 17 17 18 18 18 18 18 18 19 20 19 19 19 20 21 20 19 18 18 17 18 20 21 21 22 21 20 21 22 22 21 20 22 21 21 20 22 34 42 24 20 18 17 21 23 19 21 22 21 21 21 21 19 18 18 20 20 18 18 19 20 20 
18 19 22 23 23 21 23 19 15 18 23 20 18 16 16 18 17 16 16 18 15 14 15 17 19 18 13 11 11 11 12 14 15 14 14 14 14 14 13 14 16 14 14 16 16 16 17 17 16 15 13 15 20 21 18 17 17 17 19 18 18 18 18 17 16 14 13 13 14 17 16 15 16 19 18 20 21 18 17 18 18 19 18 17 17 16 15 14 13 13 14 13 12 12 13 12 13 12 11 13 12 9 9 8 10 15 18 16 13 12 10 10 10 10 11 13 13 12 12 12 11 11 13 14 13 14 14 14 13 14 13 13 12 11 11 12 14 14 13 13 14 14 13 15 14 13 13 12 13 13 14 15 16 16 16 16 16 16 17 17 18 18 18 17 16 16 17 18 19 18 17 18 18 19 19 19 18 18 18 19 20 20 21 21 21 20 19 20 19 19 20 20 20 21 21 21 21 21 22 21 21 21 21 20 19 20 19 18 18 18 19 19 20 19 19 20 20 20 19 18 20 19 18 17 20 38 49 23 18 18 16 18 19 17 17 16 15 13 12 12 11 11 12 13 13 12 10 10 11 11 
18 18 19 20 19 19 21 19 16 19 21 19 19 17 18 18 17 15 15 14 13 13 14 15 15 15 13 12 11 11 12 13 14 13 13 13 13 12 12 14 14 12 13 15 14 13 14 15 12 12 13 14 17 15 14 14 13 13 15 14 13 12 12 12 12 12 12 11 11 12 12 10 10 11 11 14 14 12 11 11 11 13 13 13 13 12 12 12 12 12 11 11 11 12 13 14 14 13 13 14 14 13 14 14 15 16 16 13 14 17 15 15 16 15 16 18 18 17 18 18 17 18 20 20 19 19 20 20 20 20 19 19 19 19 19 19 22 21 20 19 20 21 20 19 17 17 17 18 19 19 18 19 19 19 18 19 20 18 19 20 20 21 21 20 19 19 20 21 21 20 20 20 20 20 21 21 21 21 20 20 19 19 20 20 19 17 16 16 16 15 16 17 17 17 17 18 18 18 17 15 14 13 13 13 12 14 14 13 12 11 11 11 13 12 13 14 15 14 13 11 13 12 12 10 13 31 51 19 13 15 13 13 13 10 11 10 9 8 8 9 10 11 10 10 11 10 11 12 13 12 
13 14 15 16 15 15 16 16 14 14 15 15 17 14 13 13 12 11 10 11 11 12 12 12 12 12 12 12 11 11 11 12 11 11 11 12 12 12 12 11 10 8 10 12 11 9 11 11 8 9 11 11 10 10 12 15 14 14 15 14 12 12 14 15 16 15 14 14 14 15 15 15 15 15 13 17 20 19 19 19 19 19 21 22 21 20 20 21 20 21 21 20 20 21 22 25 22 22 22 23 23 22 21 21 22 21 19 20 21 22 21 23 24 22 22 23 22 21 23 22 20 22 23 22 21 21 22 22 21 20 20 21 22 22 22 21 22 21 19 18 19 20 20 19 17 16 17 19 19 18 16 17 16 15 15 17 18 18 19 19 20 20 20 19 19 20 20 19 19 19 19 19 18 18 18 18 19 19 17 16 14 13 13 14 14 12 11 11 11 10 11 12 12 11 12 12 14 14 14 12 10 10 10 11 11 11 13 13 12 9 8 9 9 10 11 12 13 13 12 13 14 15 16 15 16 34 59 18 11 15 16 18 19 17 17 17 16 14 14 16 20 21 18 15 16 17 18 21 21 20 
10 12 13 13 12 11 12 14 14 14 13 13 17 15 14 13 13 12 12 15 14 14 14 15 15 16 15 15 15 15 15 16 15 15 15 16 16 17 17 17 17 17 18 19 19 19 19 18 19 21 18 21 16 22 24 23 20 21 23 21 21 21 21 23 23 22 21 22 23 24 24 24 24 23 22 23 23 22 22 23 23 22 23 23 23 23 23 24 23 23 23 22 22 22 22 24 22 22 22 22 22 22 22 21 21 22 22 21 21 21 21 21 21 20 20 23 23 19 22 23 20 23 23 21 21 21 20 19 18 18 19 19 19 20 20 18 18 18 17 17 17 18 19 16 17 17 15 16 16 15 14 14 13 11 12 12 14 14 14 14 14 14 14 14 13 14 14 13 13 13 13 13 13 12 12 13 13 13 12 11 11 12 13 14 15 14 14 14 15 15 16 16 16 16 15 15 15 15 16 16 15 14 15 16 16 14 14 15 15 13 12 13 11 13 14 13 12 12 13 16 15 13 13 13 16 28 50 12 5 7 8 10 12 12 12 12 12 11 11 12 15 15 14 12 13 13 13 14 14 13 
19 20 21 21 21 20 20 21 22 22 21 21 22 22 22 22 22 22 22 21 20 20 20 21 22 23 22 22 22 23 23 23 23 22 22 23 23 22 22 22 22 23 23 23 23 23 23 23 23 24 22 27 27 41 34 27 23 22 24 23 22 22 22 23 23 22 22 23 24 25 25 23 22 20 21 20 19 19 19 20 21 22 22 22 22 21 21 21 20 20 20 20 21 21 21 20 19 19 19 19 19 18 18 16 15 16 16 15 14 16 16 15 14 14 15 15 14 12 15 16 14 16 14 14 14 15 15 14 14 13 12 12 12 13 13 10 11 12 13 12 12 11 12 13 15 15 13 14 14 12 12 12 12 11 11 10 11 10 10 10 10 11 11 11 11 11 11 11 10 10 10 10 10 10 10 10 10 10 10 10 10 11 13 15 14 12 12 13 13 13 14 13 13 13 13 12 12 11 12 12 12 11 11 12 11 10 10 10 10 9 9 10 10 11 11 10 9 10 13 13 12 11 10 10 13 21 48 20 10 6 3 3 5 6 6 7 7 7 7 8 9 9 9 9 9 9 9 9 9 9 
23 23 24 24 25 25 24 23 23 22 22 23 26 26 26 26 25 24 23 20 20 20 20 20 22 22 19 19 19 19 19 20 20 20 20 21 20 20 19 19 20 19 19 18 18 18 18 20 18 17 18 23 31 58 38 23 22 18 21 22 19 18 19 19 19 18 18 18 18 19 19 18 17 16 16 15 15 15 15 16 16 14 14 14 13 13 12 12 11 12 12 13 13 14 14 13 12 12 12 12 12 12 12 10 10 10 10 9 9 10 10 10 9 9 9 9 9 8 9 9 8 9 7 7 7 6 7 7 6 5 6 7 9 9 8 7 7 8 10 9 7 6 5 7 8 8 8 9 9 8 10 10 10 10 9 9 9 9 9 9 9 10 10 11 10 10 10 10 10 9 9 10 9 9 9 9 10 9 9 8 8 9 10 10 10 8 8 9 9 9 9 8 8 8 8 8 8 7 8 9 9 8 8 8 7 7 6 7 7 6 6 7 9 10 9 8 8 9 11 10 10 10 10 10 11 16 34 30 23 11 3 2 5 8 8 9 9 9 9 9 10 10 10 10 10 10 10 10 10 10 
20 19 19 19 19 20 19 18 17 17 17 17 19 20 19 18 17 15 14 12 12 12 12 13 13 14 14 14 14 14 14 15 14 13 14 15 15 16 16 16 16 16 16 16 16 16 14 15 14 14 16 16 27 57 31 14 16 12 15 17 14 13 13 14 13 12 11 10 10 11 12 13 13 13 13 13 13 13 12 12 11 10 10 10 9 9 9 9 10 10 10 10 9 9 9 10 9 9 9 9 9 8 9 8 7 8 8 8 7 7 8 8 8 7 7 8 9 6 8 7 5 6 4 3 3 2 2 2 2 2 3 5 7 7 7 8 6 6 6 5 4 3 2 3 2 2 4 6 7 6 8 7 7 7 8 9 9 9 8 8 8 8 9 9 9 9 9 9 9 9 9 9 9 9 9 9 9 10 10 10 10 10 10 10 10 9 9 9 9 9 9 9 9 9 9 9 9 9 10 12 11 10 10 10 9 9 8 9 9 9 9 10 10 9 9 9 9 9 9 8 9 10 10 10 11 13 19 25 23 12 4 3 7 11 11 11 11 11 11 11 11 11 11 11 11 11 11 11 11 10 
14 13 13 12 12 11 12 11 11 11 11 11 11 11 11 11 10 9 8 8 8 8 8 8 9 9 9 9 9 9 9 9 9 8 9 10 12 13 13 14 13 13 13 13 13 13 13 15 14 15 17 14 26 57 28 11 15 11 14 16 14 14 14 13 12 11 10 9 9 10 11 12 13 13 16 16 17 17 16 14 14 12 12 12 13 13 13 13 14 14 13 13 12 11 11 11 10 10 11 11 10 10 9 8 8 9 9 9 9 9 10 10 9 9 9 10 9 7 18 20 9 6 3 2 2 1 1 2 2 2 3 5 6 7 9 10 9 7 4 2 2 1 1 2 1 1 2 4 7 8 9 8 8 8 8 9 10 9 9 9 9 9 9 9 10 10 10 10 10 10 10 10 10 9 9 9 10 10 10 10 10 10 10 10 10 10 10 10 10 10 10 10 10 11 10 10 10 10 10 11 11 10 10 11 11 10 9 10 10 10 10 12 11 9 9 9 10 10 10 9 10 10 10 11 12 13 16 12 9 7 3 3 9 11 11 11 11 11 10 10 11 11 11 11 11 11 11 10 10 10 
9 9 8 7 7 7 7 8 8 8 8 7 9 9 9 9 8 8 7 8 8 9 9 9 9 10 11 11 11 12 12 12 13 15 16 17 18 18 19 19 20 19 19 18 18 18 16 15 15 16 15 14 28 60 33 15 18 16 17 16 16 16 16 15 14 13 12 13 13 13 13 13 13 12 10 10 10 10 10 10 9 10 10 10 11 11 12 12 12 12 12 12 11 11 11 11 10 10 10 11 10 10 11 10 10 10 10 10 10 10 10 10 10 10 11 11 10 12 34 37 13 5 2 1 1 1 1 2 2 2 3 3 4 7 11 11 14 9 3 1 1 1 1 2 1 1 1 2 4 7 10 10 11 11 10 9 8 10 10 10 10 10 11 11 11 11 11 11 11 10 10 10 10 10 10 10 10 9 8 8 8 9 9 9 9 10 10 10 10 10 10 10 10 10 10 9 9 9 9 10 10 9 10 11 11 10 10 10 11 10 11 13 22 18 12 9 9 10 11 10 11 11 11 11 11 13 12 5 3 8 7 4 9 10 10 10 10 9 9 9 10 9 9 9 9 9 9 9 9 9 
9 9 9 9 9 9 9 9 10 10 10 10 11 10 10 9 8 7 7 9 9 9 9 10 10 10 9 9 10 10 11 11 12 11 12 12 12 12 12 12 13 13 13 12 12 12 12 13 12 14 10 13 25 47 27 12 12 12 12 10 10 10 10 10 9 9 9 10 10 10 9 9 9 9 10 10 11 11 11 11 11 9 10 10 10 10 10 11 11 11 11 12 12 12 12 12 12 12 12 12 12 11 11 11 11 11 10 10 10 10 10 10 9 10 11 11 11 11 24 25 10 3 2 1 1 2 1 1 2 2 3 3 3 8 13 9 13 7 2 1 1 1 1 1 1 1 1 1 2 6 12 12 11 11 10 9 9 10 10 10 10 11 11 11 10 10 10 10 10 10 10 10 10 10 10 10 10 10 11 11 11 11 11 11 10 10 10 10 10 11 11 10 10 10 10 9 8 8 10 11 11 10 10 11 11 11 10 11 11 10 11 13 30 24 16 11 9 10 11 11 11 11 10 10 10 11 8 6 7 19 19 9 10 10 10 10 10 9 9 9 9 9 9 9 9 9 9 8 9 9 
10 9 9 10 11 10 9 8 8 8 9 9 10 10 9 9 9 9 9 8 8 8 9 9 9 9 9 9 9 10 11 11 12 11 12 12 12 11 11 10 10 10 11 11 11 11 11 10 11 13 8 10 18 34 22 10 9 10 10 8 9 9 8 8 9 10 11 10 9 10 10 11 12 13 13 12 12 12 11 11 11 12 12 12 12 12 12 12 11 11 11 12 12 12 12 12 11 11 11 12 11 10 10 11 11 11 11 12 12 13 12 11 11 12 14 15 15 11 11 13 13 11 9 8 7 11 11 10 13 15 17 12 8 17 23 12 13 7 2 1 2 2 1 1 2 2 2 1 3 7 15 13 10 9 10 13 15 10 9 9 9 9 10 10 11 11 10 10 10 10 10 10 10 10 9 10 10 10 10 10 10 10 9 9 9 9 9 9 10 10 10 11 11 11 10 9 8 8 9 10 10 8 9 9 8 10 9 9 9 9 9 11 17 16 13 11 10 10 11 10 11 11 10 9 9 8 6 7 6 15 18 9 10 9 9 9 9 9 9 9 10 10 10 10 10 10 10 10 10 10 
8 8 9 9 10 8 8 8 8 8 9 10 9 9 9 10 10 10 10 8 8 9 10 11 11 10 11 11 11 11 12 13 13 12 11 10 9 9 9 9 9 9 9 9 10 10 9 9 10 11 10 11 14 22 18 9 10 13 14 12 12 12 12 11 11 12 12 11 10 11 12 12 12 12 14 12 11 12 13 13 13 15 14 13 12 12 12 12 10 10 10 12 13 14 13 14 14 13 13 12 11 11 12 12 12 13 14 14 14 15 14 12 12 12 13 14 14 15 14 26 40 36 33 34 35 35 34 35 38 38 39 38 20 21 26 11 8 3 2 2 6 10 8 5 5 5 4 3 4 5 9 7 6 5 6 8 9 7 6 5 5 6 7 7 8 8 8 8 8 8 7 7 8 8 8 8 8 9 9 9 9 8 8 8 9 9 9 9 9 10 10 11 11 11 11 11 11 11 13 14 14 14 15 15 15 15 15 15 15 15 15 16 14 15 16 15 14 14 15 12 15 16 14 12 12 12 8 8 8 11 13 11 12 13 11 10 10 10 9 8 9 11 12 10 10 10 8 9 8 12 
9 8 9 9 9 9 9 9 9 9 10 10 9 8 8 8 9 9 9 10 9 8 9 9 8 7 8 8 8 9 10 11 11 10 10 10 10 9 9 9 9 9 9 9 9 10 10 10 12 12 11 12 14 19 17 11 10 12 11 11 12 13 12 12 12 12 12 10 10 11 12 12 13 13 14 13 12 13 14 14 14 15 15 15 14 14 13 13 11 11 12 13 14 14 14 14 15 14 14 14 13 13 12 12 11 12 11 11 10 11 10 10 9 9 9 9 8 9 10 24 43 41 39 39 39 38 36 36 38 35 34 37 25 22 26 10 2 1 4 5 14 21 22 21 17 13 11 9 8 7 6 6 5 5 6 7 7 7 7 7 7 7 8 8 9 9 9 9 10 10 10 10 11 12 12 12 12 13 13 13 13 13 13 13 14 15 14 14 15 15 15 16 16 16 17 17 17 18 18 18 19 19 20 21 21 21 22 22 23 23 23 23 20 21 22 21 20 21 22 20 24 25 23 21 21 22 19 19 19 19 18 18 18 19 16 15 15 14 12 10 10 10 11 9 11 11 8 9 9 11 
9 9 9 9 10 10 10 10 10 10 10 11 10 10 9 9 9 10 11 12 10 9 8 7 7 6 7 7 7 8 8 9 9 9 10 11 11 11 10 9 10 10 11 11 11 11 11 11 12 12 10 11 12 15 14 11 10 10 10 11 12 12 12 12 12 12 12 12 12 11 11 11 11 12 12 11 11 11 11 12 13 12 13 13 14 13 13 12 13 13 13 13 14 14 13 11 12 12 12 11 11 10 9 8 8 7 7 6 6 5 6 6 5 5 5 4 4 5 6 19 39 39 39 39 38 35 33 33 34 36 37 40 36 25 26 11 2 4 9 10 24 30 34 34 27 22 21 20 16 11 7 7 8 8 9 9 10 10 11 11 11 11 11 11 11 12 12 13 13 14 14 14 15 16 16 16 17 17 18 18 18 18 18 18 19 20 21 21 21 21 21 21 21 21 22 23 23 23 24 24 25 25 26 27 27 27 27 27 28 29 30 30 26 27 26 26 26 27 29 29 31 32 31 30 29 31 32 33 33 30 27 26 26 27 26 26 26 25 21 18 15 14 13 11 12 11 8 11 12 12 
9 9 9 10 10 10 10 10 10 10 10 10 13 12 11 10 11 12 13 13 12 10 9 8 8 8 10 9 9 9 9 9 9 10 11 11 11 11 10 10 11 11 12 12 12 11 11 11 12 11 10 10 11 12 12 11 10 10 10 12 12 11 12 12 12 12 12 13 13 12 11 10 10 10 10 10 10 10 9 10 12 10 10 11 11 11 11 11 13 12 12 12 12 11 10 9 9 8 8 8 7 7 6 6 5 6 6 5 5 4 4 5 5 4 4 4 4 6 7 19 36 35 37 39 37 34 32 32 33 35 35 35 35 20 22 13 11 16 14 13 31 35 35 35 32 30 31 29 21 13 9 10 11 12 13 13 13 14 14 14 14 14 14 14 14 14 15 15 16 17 16 16 18 18 19 19 20 20 21 21 21 21 21 21 23 24 24 25 25 25 25 25 25 25 26 26 27 27 28 29 30 31 32 33 33 31 31 32 33 34 35 36 31 31 30 30 31 33 35 38 37 38 39 38 37 38 37 41 42 38 34 34 37 38 38 38 40 39 36 32 26 25 24 19 16 11 7 9 8 9 
9 9 9 9 9 9 9 9 9 9 10 10 11 10 9 9 9 10 11 12 11 10 9 9 9 10 11 10 9 9 9 9 9 10 10 10 10 10 9 10 10 10 11 10 10 9 9 11 11 11 10 11 11 12 12 10 9 9 9 9 9 10 10 11 11 11 11 11 11 10 10 10 11 11 10 11 11 10 10 11 12 11 11 10 10 10 10 11 12 11 10 10 10 9 8 8 8 8 8 7 7 7 7 7 7 7 8 7 7 7 7 7 7 7 7 7 8 10 10 20 35 32 34 36 33 32 32 32 33 32 29 30 31 18 26 26 23 19 11 13 38 40 33 41 40 37 32 26 18 12 11 11 12 13 14 15 16 17 17 16 16 16 17 18 17 18 18 18 19 19 19 21 22 24 23 24 24 25 26 26 27 27 27 27 28 29 29 30 31 30 30 30 31 31 32 32 33 33 33 34 34 36 37 38 38 38 39 40 41 42 43 44 41 40 39 39 40 43 44 50 47 48 49 48 49 52 46 51 53 49 46 48 51 51 50 49 50 50 48 46 43 41 40 34 29 21 12 6 3 3 
10 9 9 8 8 8 8 8 8 8 9 9 9 8 8 7 7 8 8 10 9 9 8 7 8 8 8 8 8 8 8 8 9 9 8 8 8 9 9 9 8 8 8 8 7 7 8 9 9 9 9 9 9 10 10 9 8 9 10 9 8 8 9 10 10 10 10 10 10 9 9 10 10 10 10 11 10 10 10 10 12 11 10 9 8 9 10 11 11 10 10 10 9 9 8 8 8 9 9 9 9 9 10 9 9 10 10 9 9 10 9 9 9 9 9 9 9 12 11 21 34 31 32 32 29 28 29 31 31 34 31 36 32 21 25 36 15 6 4 11 36 39 30 33 31 26 20 15 13 13 14 14 14 15 16 18 19 19 18 18 18 19 21 22 23 23 23 23 23 23 23 25 27 28 28 28 29 30 30 31 31 32 32 33 32 33 34 35 35 35 34 35 36 36 37 38 39 39 39 39 40 41 42 43 44 46 46 47 48 50 51 51 50 49 48 50 52 54 54 53 50 51 53 51 52 61 61 64 64 62 60 62 64 66 64 61 59 58 58 61 63 60 60 56 59 55 42 27 12 3 
10 10 9 8 8 9 8 8 8 8 9 9 9 9 9 8 8 8 9 8 9 9 8 8 8 9 8 8 8 8 9 10 10 9 9 9 9 9 10 9 9 9 9 9 9 9 9 9 8 8 8 9 9 9 9 8 8 10 12 11 9 9 10 11 11 11 11 11 11 11 11 11 10 10 10 10 9 9 10 10 11 11 10 9 9 10 11 12 13 12 12 12 12 12 11 10 10 11 12 12 12 12 13 12 11 12 12 11 10 11 11 11 11 10 9 9 9 11 10 18 32 33 34 32 29 27 29 30 31 31 28 38 29 20 9 17 7 2 4 10 24 26 22 17 16 14 13 12 13 16 18 18 18 19 20 22 23 21 22 23 23 24 25 26 26 27 27 27 28 28 28 28 30 32 32 32 33 34 34 34 34 35 36 37 37 37 38 40 40 39 38 39 41 41 42 43 43 44 46 47 48 49 50 51 51 52 52 53 53 54 55 55 57 56 56 59 63 63 61 56 53 55 55 51 55 70 74 73 72 72 73 76 78 81 81 80 79 78 76 80 85 87 89 86 96 100 96 97 76 24 
10 10 10 10 10 10 10 9 9 9 8 8 10 10 10 10 9 9 9 8 9 10 10 10 11 12 12 12 11 11 11 12 12 11 12 12 12 11 9 10 11 11 11 12 13 13 13 12 11 10 11 11 10 10 12 12 10 11 12 10 10 11 12 13 14 14 13 11 11 12 14 15 15 15 13 11 10 11 12 12 12 11 11 12 13 13 14 15 15 15 14 15 15 15 15 14 15 15 15 15 15 15 16 15 15 15 15 14 14 13 14 15 15 13 11 10 9 10 8 16 31 33 36 34 30 28 30 31 31 30 27 45 34 26 5 8 9 6 14 14 15 15 16 12 12 15 16 17 18 18 18 19 19 20 21 22 22 23 24 27 29 30 29 28 27 28 29 30 31 32 33 34 36 37 37 37 38 39 39 39 40 41 41 42 42 43 45 47 47 46 44 46 47 48 48 49 50 50 52 53 54 55 57 58 59 59 59 60 60 60 60 60 65 64 65 69 72 71 69 67 65 68 67 61 67 86 84 80 79 82 87 91 91 89 94 99 101 101 101 102 104 113 121 116 122 122 118 151 164 61 
9 10 11 11 10 10 11 11 11 11 11 10 11 13 13 11 10 10 9 9 9 9 10 10 11 11 11 11 11 11 12 14 14 12 13 13 13 12 11 11 14 13 13 13 13 13 13 12 11 11 11 11 10 10 11 13 14 13 12 12 13 14 14 14 14 14 14 14 12 9 9 11 13 14 17 15 13 13 13 14 14 14 15 18 18 16 17 17 19 18 20 21 19 19 21 17 19 18 20 20 17 19 18 19 20 19 18 17 16 17 17 17 16 15 14 14 13 10 10 14 25 31 32 30 31 34 31 32 34 35 34 33 31 24 17 16 17 25 19 17 17 21 25 19 14 20 17 25 24 20 17 14 17 22 22 21 23 25 24 28 25 38 30 31 32 36 36 35 39 39 38 41 41 41 41 43 45 46 47 46 46 46 47 48 47 48 50 50 48 50 53 53 49 50 55 54 59 57 61 58 57 60 60 61 68 65 66 66 64 66 70 70 76 73 74 79 81 79 78 76 79 88 87 89 96 87 95 98 100 100 100 103 105 108 108 110 113 119 124 125 130 133 129 156 162 165 187 212 171 51 
10 12 13 13 13 12 11 11 12 14 13 12 10 12 12 11 11 11 10 8 9 9 9 9 10 10 11 11 10 10 10 10 10 11 10 9 8 8 9 9 11 11 11 10 9 8 8 7 6 6 6 6 5 4 4 5 5 5 5 4 5 5 5 4 4 4 4 3 2 3 4 6 8 9 13 13 14 14 16 17 17 17 18 21 19 18 19 18 21 20 22 23 20 18 20 25 25 21 21 22 21 23 23 24 25 24 23 21 21 20 21 21 20 18 17 16 14 15 13 13 22 31 38 35 32 33 31 32 32 30 28 27 28 27 27 31 31 40 33 32 34 39 41 17 14 20 26 20 18 22 20 17 18 21 19 18 22 20 23 24 29 33 33 46 40 43 41 40 44 45 45 49 49 49 49 51 52 53 53 53 53 54 55 56 55 54 57 58 56 56 59 63 59 57 58 56 62 63 63 64 69 72 70 66 66 75 81 82 79 81 84 83 83 81 81 86 89 90 89 92 92 97 94 99 112 105 104 108 110 111 111 112 114 114 117 122 128 136 141 145 157 166 167 189 181 174 207 170 67 19 
4 4 5 6 6 4 3 3 4 6 6 4 3 4 4 3 2 2 2 3 3 2 3 3 3 3 2 2 2 2 2 2 2 2 2 2 1 1 2 2 3 3 3 3 2 2 2 2 2 1 1 1 1 2 2 2 3 3 3 2 3 3 2 2 2 2 2 3 4 6 9 12 15 16 15 16 18 20 20 22 23 21 24 26 25 26 28 24 27 27 29 30 28 25 25 27 29 26 24 27 27 26 27 27 28 27 26 24 23 22 23 22 21 20 18 17 15 16 15 13 17 19 21 25 31 35 31 27 29 25 22 23 27 32 39 49 47 55 47 48 52 58 52 22 22 38 68 38 16 19 24 25 28 28 24 23 28 34 33 14 16 19 33 37 48 49 48 48 52 54 55 60 59 58 58 59 60 60 60 60 61 62 63 65 63 62 66 67 66 65 66 69 66 66 66 60 63 61 63 70 76 78 80 83 82 77 82 84 84 87 89 86 88 87 86 89 94 98 98 106 101 99 91 96 114 113 115 119 122 123 123 125 128 130 134 140 147 153 155 160 176 182 178 188 184 188 164 74 21 13 
1 1 1 1 1 1 1 1 1 2 2 2 1 2 1 1 1 1 1 2 2 2 2 2 2 2 2 2 2 2 2 2 2 2 2 2 2 2 3 3 3 3 3 4 4 3 4 5 4 4 4 4 5 6 6 6 7 8 8 7 7 7 6 5 5 6 7 9 10 12 15 17 18 19 20 21 23 23 23 24 25 22 26 27 27 32 35 30 28 28 30 32 32 31 30 25 29 32 31 33 33 28 30 31 30 30 28 27 26 25 25 24 23 22 21 21 19 18 18 16 17 12 10 20 35 41 30 21 24 26 27 31 38 44 52 60 57 62 55 57 61 67 52 16 14 27 83 78 28 27 32 36 43 47 43 39 40 49 43 14 18 35 90 46 52 52 53 55 59 60 61 64 63 63 63 63 63 63 64 64 64 66 68 70 67 66 69 71 71 69 68 67 65 72 72 62 59 56 50 54 54 52 60 74 84 79 83 86 88 91 91 85 85 87 87 90 99 108 110 115 108 103 91 94 112 114 124 128 131 132 133 136 141 149 152 157 160 160 160 171 190 180 189 214 193 143 78 20 14 14 
3 3 3 3 3 4 4 5 5 5 5 5 5 6 6 6 7 8 7 7 7 7 7 7 8 8 9 9 9 8 8 8 8 7 6 5 6 6 8 10 8 8 7 7 8 9 9 10 9 9 9 9 11 12 12 11 12 14 14 12 11 11 10 10 12 14 15 16 16 17 18 18 19 20 24 25 25 25 25 26 27 24 29 29 29 34 36 34 30 30 30 31 34 34 33 33 33 39 36 36 37 32 36 36 35 34 32 32 31 29 29 28 27 26 25 25 24 24 23 20 21 18 17 25 29 30 30 23 25 33 39 50 58 63 66 67 67 70 65 67 68 76 54 21 18 14 73 118 50 42 48 48 52 58 59 57 55 56 42 22 22 34 123 64 54 54 58 62 64 63 63 67 67 67 68 67 66 68 70 69 69 71 72 73 72 71 72 75 76 75 72 72 70 74 70 59 60 62 61 64 61 57 61 75 88 94 98 99 100 102 98 88 71 78 83 89 104 120 125 121 119 117 105 108 126 128 136 141 145 147 148 150 156 164 167 170 172 171 169 177 184 176 190 186 116 43 15 10 10 11 
9 9 8 8 8 9 11 12 10 8 9 11 11 12 12 12 13 12 10 9 10 10 11 12 12 12 9 9 11 12 14 16 16 13 8 6 6 7 11 15 14 12 11 10 10 11 11 11 10 9 8 8 9 11 12 11 12 12 12 11 12 12 13 14 16 19 21 21 22 22 22 23 25 27 29 29 29 32 33 33 31 35 39 40 39 38 38 43 42 41 40 41 44 42 39 41 35 45 42 37 43 39 39 38 37 36 35 34 33 31 31 29 28 27 26 25 24 28 26 19 22 27 24 19 10 13 32 37 39 42 50 63 71 75 75 71 75 77 75 75 75 86 58 20 25 12 53 139 79 55 69 61 56 59 65 68 70 74 40 23 16 10 92 116 64 61 65 71 71 69 70 74 75 76 76 76 75 77 79 78 77 78 79 80 80 80 80 81 83 82 79 84 83 80 70 59 69 80 93 96 96 94 86 86 95 103 105 103 102 102 96 85 61 71 78 86 105 124 128 123 126 131 121 125 144 146 153 159 164 166 167 171 173 175 178 182 184 187 187 188 189 199 171 86 28 11 8 9 11 16 
10 9 8 8 9 9 10 11 9 8 9 11 12 13 12 11 12 11 9 9 10 11 13 13 13 12 11 12 13 16 20 24 24 18 12 11 10 10 15 19 18 17 16 15 14 14 13 12 13 12 10 10 10 10 10 11 11 12 12 13 15 17 18 19 21 23 24 23 23 24 24 23 24 26 29 29 32 37 41 36 30 34 35 37 37 31 30 41 30 31 32 34 37 33 27 26 23 45 49 41 48 44 43 41 39 38 37 37 35 33 32 31 29 28 28 27 25 27 27 22 22 18 11 7 3 12 43 54 56 56 62 72 75 79 82 80 79 79 82 81 80 96 66 15 18 8 23 88 92 74 77 74 70 68 71 76 79 85 48 23 16 8 78 193 86 76 75 79 79 78 79 81 83 85 86 86 85 86 87 86 86 84 85 85 87 87 85 85 89 88 85 90 90 92 81 70 81 97 100 95 101 106 90 78 89 103 105 104 105 110 107 96 76 89 96 99 114 130 130 134 139 143 132 134 154 156 166 172 178 180 181 186 188 188 187 188 190 191 194 190 169 149 98 33 14 18 16 11 18 23 
8 8 7 7 8 8 9 10 9 8 9 11 11 12 13 14 16 16 14 14 15 18 20 20 20 19 17 16 16 17 19 22 22 16 13 14 15 13 15 17 15 15 14 14 14 13 12 12 13 12 10 10 11 11 11 13 14 16 18 19 21 22 23 24 25 26 27 29 31 31 29 27 26 27 27 27 29 37 40 31 21 18 19 24 25 18 18 31 9 11 13 14 16 14 9 11 13 42 55 46 49 49 49 48 46 44 43 42 40 38 36 35 33 32 31 32 29 27 30 31 24 10 3 4 5 21 58 62 61 70 78 84 83 87 93 93 86 87 91 89 89 108 79 43 45 12 9 33 89 81 76 84 88 85 83 83 83 91 66 27 19 9 37 142 105 90 83 85 85 85 87 85 87 90 91 92 90 90 90 90 89 86 87 86 90 91 89 85 88 90 87 84 88 99 96 82 90 100 99 90 97 107 93 81 100 112 113 114 119 129 130 123 108 125 127 126 135 144 142 154 157 161 144 143 163 163 171 175 180 184 186 192 195 198 193 188 187 187 181 156 92 47 25 15 19 22 18 19 20 15 
11 11 9 9 12 11 11 11 11 12 14 16 13 12 16 17 14 16 16 16 15 17 17 16 19 17 17 16 14 14 15 18 20 18 14 10 9 10 11 11 12 13 13 12 11 12 12 12 13 11 8 9 14 15 16 19 19 20 23 24 26 27 27 27 27 30 33 34 37 34 29 30 35 36 32 39 29 43 46 27 8 7 7 28 35 21 24 48 14 18 21 12 12 18 10 17 21 45 59 49 49 56 55 54 50 47 49 47 44 43 42 39 36 34 32 31 30 30 29 30 25 13 8 7 6 30 77 73 74 84 88 97 102 103 103 103 104 110 108 102 105 112 113 92 133 17 8 20 84 87 91 99 99 95 93 90 86 103 75 47 30 11 16 64 93 99 90 92 95 89 93 93 96 97 90 99 95 92 88 100 100 89 96 89 93 95 102 69 69 78 70 56 76 89 101 83 91 98 97 97 111 117 112 88 116 132 130 127 124 124 125 126 119 136 128 150 152 155 162 159 162 178 165 170 183 170 177 173 171 184 185 201 190 200 189 176 183 178 111 51 19 18 19 12 13 15 14 19 18 13 
14 16 14 12 12 12 13 13 12 11 13 16 12 11 14 13 14 17 16 13 14 17 17 16 18 16 16 15 15 14 14 14 14 10 10 10 9 7 6 6 7 8 9 8 8 9 10 11 12 11 10 12 16 19 22 25 25 26 29 30 30 31 31 32 33 35 37 39 38 35 35 42 48 48 43 49 39 52 49 30 14 15 20 38 40 31 40 57 29 41 41 33 32 32 34 44 41 57 65 57 54 56 60 62 56 50 49 49 46 43 41 38 37 36 36 35 34 31 28 26 21 12 8 7 7 28 83 91 89 95 100 109 112 114 116 117 120 126 124 117 118 124 125 129 186 36 5 25 71 115 115 112 108 111 115 106 92 108 104 101 67 10 9 44 80 99 104 98 96 100 104 98 103 105 95 97 100 103 99 108 106 94 97 97 112 105 94 63 51 44 48 41 61 93 107 83 89 105 101 110 121 115 113 95 112 126 130 131 131 133 140 148 153 154 143 161 163 159 170 189 186 173 173 173 172 176 165 206 184 192 177 171 187 184 201 181 130 74 33 20 19 24 32 22 19 20 20 29 27 18 
18 18 15 15 18 20 21 19 14 11 11 14 15 15 15 11 12 15 13 15 15 16 14 13 15 14 16 16 17 17 17 16 15 15 12 8 6 5 8 10 9 8 6 6 7 8 10 12 13 14 15 18 22 23 25 28 29 30 32 33 34 36 38 40 40 42 45 48 44 37 41 50 54 50 54 54 39 51 55 51 49 60 61 69 65 66 73 63 72 73 60 65 72 65 72 67 56 60 62 60 59 56 62 64 59 53 54 57 54 48 48 46 42 38 34 33 32 29 26 26 23 17 11 9 9 21 76 101 102 107 114 119 120 121 123 125 128 133 132 129 130 136 138 161 190 85 8 25 79 131 117 120 119 118 121 118 109 126 134 158 132 24 7 35 87 102 112 104 101 102 103 111 105 107 111 108 106 109 107 104 104 104 105 105 111 104 119 110 91 60 66 64 78 108 110 90 96 116 111 124 130 119 119 105 113 134 140 144 146 149 157 165 149 167 175 175 173 168 182 169 170 164 178 146 128 172 170 174 174 189 177 185 187 177 148 96 46 20 17 20 19 26 37 26 20 22 22 32 30 19 
17 12 8 9 17 27 27 24 19 15 15 17 18 22 22 16 15 20 17 21 19 20 17 18 25 25 21 21 20 20 19 18 18 20 14 9 7 8 12 13 8 5 3 4 7 10 13 17 18 20 22 25 28 29 29 32 33 34 35 37 40 42 46 48 49 50 52 55 50 44 48 57 59 55 59 58 41 54 58 64 77 69 66 67 65 72 83 71 68 62 63 67 67 64 66 73 63 62 61 67 73 68 69 69 66 63 63 59 55 56 57 57 51 43 36 34 33 29 27 28 27 24 21 17 16 20 69 108 120 124 129 132 131 131 133 136 136 139 140 139 141 148 154 151 133 117 26 34 114 135 119 139 146 135 130 136 144 144 138 156 181 51 9 38 105 105 114 112 113 118 107 117 114 113 122 112 113 115 114 107 112 119 110 114 117 105 111 103 108 92 106 105 102 123 112 102 108 126 120 128 128 131 129 110 122 146 148 151 156 160 160 156 141 134 123 104 130 116 93 140 147 170 175 127 104 150 210 167 189 170 144 188 148 97 52 24 13 12 19 24 19 26 37 24 17 23 24 34 35 21 
9 6 4 4 7 12 11 10 9 10 10 11 8 13 15 11 11 15 13 11 10 12 12 15 27 31 14 12 11 10 9 8 8 9 8 9 10 12 12 11 9 8 8 10 15 19 22 24 26 28 29 32 35 36 37 39 42 42 43 45 48 50 53 55 55 56 58 60 56 53 58 64 68 69 63 67 53 65 63 59 63 61 66 69 55 44 52 62 48 58 90 85 71 83 71 52 45 44 41 46 55 55 62 66 70 75 68 48 38 42 43 43 42 40 39 38 35 31 28 26 25 25 28 28 23 23 57 98 120 128 134 139 142 143 147 152 150 147 147 148 150 157 168 154 126 103 70 80 143 144 129 144 148 141 137 142 147 148 139 136 170 75 16 43 100 113 122 107 96 130 125 112 103 94 116 111 107 92 98 119 127 105 76 102 131 119 92 70 119 130 112 78 71 121 118 111 110 129 126 122 117 140 134 110 128 153 149 149 157 163 157 145 81 45 27 27 98 80 27 42 56 90 105 121 127 111 101 92 101 77 65 101 71 20 10 8 11 12 11 15 21 31 45 28 17 24 29 43 46 27 
3 4 5 4 4 4 3 2 3 3 3 3 2 4 6 4 3 4 4 3 3 4 3 5 11 14 5 4 3 4 4 5 4 3 3 6 10 13 14 14 17 19 22 24 27 29 30 33 36 36 35 37 41 44 44 46 51 51 50 53 56 57 59 60 60 62 64 68 64 63 65 66 67 71 68 74 58 70 74 73 73 73 73 65 47 29 21 23 26 28 51 55 62 88 69 35 26 23 19 20 25 26 32 40 51 63 56 33 19 17 16 16 19 24 29 30 28 25 25 24 24 26 27 22 16 23 39 67 86 105 115 123 130 134 139 144 144 138 136 138 140 150 165 188 171 95 119 144 144 149 154 150 144 145 151 146 134 152 156 146 135 98 37 42 76 123 131 83 47 102 133 110 63 44 104 133 92 44 63 116 128 68 30 72 123 107 52 26 94 131 85 30 28 113 128 119 105 130 128 121 111 143 137 113 131 161 157 154 158 164 162 155 36 12 12 16 98 72 17 28 30 37 43 74 73 27 25 36 25 29 35 33 22 8 6 7 8 9 10 14 19 34 56 34 17 22 29 46 49 27 
3 3 4 4 3 4 3 3 3 3 3 3 3 3 4 4 3 3 2 3 4 5 4 3 4 5 4 3 3 4 5 5 4 3 5 8 13 19 24 25 26 29 31 30 30 33 37 42 46 45 40 42 49 52 51 53 59 59 57 61 63 64 65 64 63 66 69 76 71 68 73 74 73 76 74 84 63 74 83 82 74 83 94 81 62 41 24 20 24 19 20 26 42 60 56 42 25 20 18 17 20 19 18 22 28 35 34 22 14 13 12 12 13 15 17 19 18 19 22 23 24 29 26 17 11 34 41 59 69 84 92 101 107 109 112 114 118 112 111 117 124 139 162 180 150 101 124 148 139 144 159 154 147 147 152 147 134 157 168 167 121 118 86 31 56 123 134 69 20 70 127 117 50 21 94 151 93 27 45 111 132 60 17 61 134 130 56 19 85 143 107 36 21 116 134 128 110 135 131 134 119 144 143 126 133 165 166 159 151 149 156 165 46 15 19 22 94 63 18 29 24 26 43 54 43 26 32 35 26 35 31 19 13 10 9 6 5 6 13 17 17 34 60 36 15 22 28 44 47 24 
3 3 2 2 3 3 4 5 5 5 5 5 4 3 4 4 7 6 3 5 6 7 6 5 5 4 6 6 5 5 4 5 7 11 15 20 25 29 35 36 37 41 39 36 39 45 46 47 53 46 35 44 57 61 59 61 67 67 65 68 70 70 70 70 70 72 75 82 76 72 80 88 86 88 84 95 77 84 87 68 42 63 105 89 53 30 18 14 25 24 17 17 21 25 34 43 24 18 17 18 20 20 19 19 21 22 21 17 17 19 19 19 17 15 15 16 17 19 23 26 28 33 35 33 28 57 66 78 82 85 87 96 99 99 99 101 109 103 105 118 130 143 162 126 90 101 106 117 132 133 122 127 127 123 124 126 127 153 159 164 119 127 128 30 53 118 137 77 28 71 130 127 71 36 100 146 112 47 57 117 146 85 40 80 133 132 83 48 105 140 118 63 53 133 137 131 118 138 131 145 128 143 152 138 136 162 164 159 130 131 136 164 71 16 16 20 91 66 25 35 25 41 64 44 26 33 33 33 40 37 18 17 14 7 8 8 7 7 11 16 19 35 57 37 16 24 29 44 47 25 
5 7 6 7 6 8 10 14 13 12 12 10 8 8 9 7 21 18 4 7 7 9 9 14 12 12 18 24 25 18 14 17 25 31 36 40 42 41 41 41 45 54 48 42 47 50 51 53 59 36 13 41 68 72 68 71 74 71 73 75 77 78 81 82 82 83 86 91 88 75 81 91 86 83 93 94 88 92 98 63 20 46 106 79 30 17 18 9 20 19 17 16 16 17 19 25 18 14 14 16 18 19 19 18 21 23 21 21 21 20 20 19 16 15 19 22 24 27 31 36 42 48 53 64 66 73 91 88 96 97 99 108 110 109 112 119 129 125 134 152 151 138 132 99 89 95 108 114 113 116 110 110 113 119 125 128 131 153 152 142 127 144 132 81 89 128 146 113 84 106 144 140 115 98 132 142 134 102 107 131 147 126 109 121 146 151 134 108 137 136 147 123 117 149 144 125 129 134 127 145 131 139 162 141 141 160 158 166 112 135 118 164 104 22 16 24 87 74 35 48 59 103 91 55 64 69 76 74 61 41 16 17 16 11 11 11 12 10 10 15 21 35 48 40 17 26 28 41 44 26 
24 20 14 17 18 30 35 34 24 21 23 19 14 14 12 12 35 28 5 5 6 8 9 16 19 25 37 57 60 43 34 41 49 50 53 55 54 52 51 52 55 57 52 48 51 51 57 64 66 50 34 60 82 79 73 78 78 76 80 85 88 87 89 89 87 88 91 92 94 82 81 90 86 83 106 100 90 102 113 70 20 32 69 54 28 23 26 15 15 13 13 13 13 13 13 16 17 19 20 20 20 20 20 17 16 15 15 17 20 20 20 21 21 22 26 29 30 33 36 41 48 55 57 64 69 80 93 90 103 109 108 114 124 133 134 131 129 134 145 143 120 96 87 105 103 105 109 108 112 122 125 125 128 132 136 141 144 155 154 134 139 150 145 149 142 139 141 145 144 140 135 124 132 141 117 136 120 144 132 124 126 125 126 113 117 121 137 104 113 95 109 112 102 98 137 136 145 145 143 156 136 145 170 151 145 159 168 170 134 150 132 162 155 74 68 75 127 122 87 117 148 183 137 120 163 163 175 112 57 31 16 16 15 18 15 12 15 13 13 16 18 30 41 32 13 25 27 40 47 25 
56 37 21 26 27 57 66 54 31 26 30 24 13 17 13 13 39 30 4 4 4 5 7 16 21 29 34 68 76 56 49 60 64 59 62 63 62 62 63 64 63 59 58 58 59 60 63 66 72 72 69 80 86 81 78 90 89 92 94 96 98 97 99 98 96 97 98 103 112 97 88 97 94 85 109 104 86 84 91 69 36 24 28 14 11 21 38 35 23 21 19 18 17 15 13 14 14 14 14 16 20 22 21 18 16 15 14 15 18 20 18 19 19 20 22 25 28 31 33 39 46 54 63 76 83 84 102 115 120 127 126 127 134 139 130 116 111 101 91 91 95 96 94 103 109 117 120 118 122 131 138 137 135 134 135 139 140 123 132 129 146 139 127 160 148 151 150 151 150 130 99 75 94 72 72 83 75 123 78 63 87 83 48 53 57 45 80 55 57 39 55 51 45 48 138 139 142 144 148 155 135 144 167 153 146 155 176 170 160 171 160 172 187 157 168 171 181 186 170 199 181 201 196 204 220 169 147 65 26 24 20 17 18 27 35 36 29 17 11 14 16 29 44 34 11 23 28 46 57 28 
72 43 24 29 27 67 80 61 31 24 30 22 14 22 16 16 43 34 5 4 2 3 7 17 22 27 32 73 83 61 58 67 64 61 62 62 61 62 64 67 67 65 67 69 70 76 82 83 79 78 86 87 94 94 91 103 98 106 106 99 102 103 106 106 104 106 108 110 116 94 80 89 84 68 58 61 51 41 49 68 77 88 69 35 32 50 78 83 77 73 70 69 67 61 55 47 40 32 28 26 26 25 21 21 20 18 16 14 13 10 9 11 15 17 18 21 23 25 28 34 42 51 57 78 107 119 127 129 113 116 110 93 79 71 65 61 66 70 75 82 96 111 117 114 123 134 140 140 139 139 123 118 111 102 97 97 101 112 123 135 141 131 128 142 141 151 148 144 148 138 93 55 99 42 71 42 35 76 58 48 54 57 31 44 41 25 55 38 46 34 51 61 56 45 149 146 141 134 134 139 128 134 148 144 144 154 179 169 177 186 187 187 184 179 188 196 182 196 191 191 180 195 190 187 181 129 54 22 18 25 22 17 20 37 68 76 52 21 11 13 16 31 51 40 12 22 26 46 56 27 
70 42 26 32 27 66 82 64 31 24 30 22 14 22 15 19 45 35 4 4 2 3 8 18 21 26 36 79 86 63 61 65 58 63 63 63 62 63 65 69 74 74 75 74 76 85 93 93 87 88 93 81 83 84 82 85 76 100 109 102 105 106 110 111 111 113 117 120 123 100 91 104 99 82 82 88 77 61 66 93 116 155 130 87 85 96 109 104 115 114 113 113 111 105 101 101 90 80 77 75 67 63 65 64 59 53 50 46 41 34 29 28 28 25 24 21 20 20 20 22 26 31 40 63 114 145 111 79 63 49 42 34 29 31 40 53 57 71 84 91 109 131 142 126 124 119 111 104 96 88 70 71 71 73 78 89 100 109 117 138 129 131 149 134 142 138 132 139 157 156 107 68 142 86 109 71 50 47 46 52 31 61 83 96 78 70 90 74 87 77 91 121 111 70 147 147 149 142 133 135 136 138 144 147 154 165 184 174 182 186 195 191 201 183 169 183 186 201 188 181 189 202 187 160 105 39 32 37 34 25 17 16 18 36 67 74 51 22 12 13 16 28 42 33 11 19 22 39 47 23 
69 43 27 32 26 64 78 63 33 25 29 23 16 21 13 19 43 41 9 5 5 9 11 16 18 26 37 76 84 63 61 65 60 62 65 68 70 73 78 81 83 85 80 76 78 81 75 63 56 56 55 43 41 40 40 39 38 83 112 111 112 111 115 116 116 118 122 123 126 111 111 124 122 115 125 128 114 102 108 120 121 130 135 122 130 128 123 106 118 118 114 106 98 93 94 104 97 96 101 107 105 104 111 110 104 102 107 109 107 102 92 88 83 74 70 64 56 54 49 44 43 43 48 55 88 104 51 22 21 19 20 23 24 25 30 37 46 56 71 99 139 143 114 70 62 54 46 43 44 42 53 57 62 68 80 99 114 109 124 147 137 143 160 140 147 152 157 158 157 156 128 86 135 136 129 150 115 65 77 97 80 108 144 150 140 150 153 140 147 140 145 169 162 131 171 146 146 148 150 151 158 162 162 170 174 176 183 183 180 180 188 184 180 185 182 181 184 188 183 197 196 194 139 67 27 15 28 50 40 19 12 19 17 23 32 31 25 16 12 12 12 17 22 17 7 14 15 24 28 15 
67 42 26 32 28 66 77 63 35 25 28 25 17 23 15 17 35 54 28 13 21 30 22 17 17 31 35 72 81 60 57 66 65 66 70 75 77 80 84 87 90 90 79 75 80 74 51 26 16 13 12 11 12 11 12 13 21 79 119 113 116 117 120 120 119 120 123 122 125 113 108 107 101 105 104 101 96 101 118 128 120 120 137 129 134 131 135 128 124 132 135 130 126 131 137 131 127 122 118 115 114 111 106 107 102 101 109 111 112 113 109 110 110 105 105 107 107 108 106 104 106 110 105 100 113 101 70 66 53 39 37 38 34 29 28 30 29 33 47 85 126 106 49 20 23 24 22 25 31 35 46 50 55 61 72 90 109 123 137 135 129 129 142 161 159 166 174 168 155 160 166 137 144 164 138 188 163 128 150 158 161 148 166 159 156 169 161 164 155 157 154 151 145 160 164 148 156 163 167 160 167 174 175 182 178 176 174 189 176 176 182 179 174 188 195 182 197 198 196 188 130 81 44 22 17 15 17 27 22 16 12 20 16 16 18 15 14 13 12 11 10 11 12 10 6 12 10 13 15 12 
58 41 25 31 30 66 75 63 38 25 28 25 17 23 17 15 25 47 32 16 30 42 30 21 20 34 33 68 71 54 55 63 69 78 81 82 82 83 86 89 94 92 82 84 87 68 37 13 9 10 9 8 7 5 7 7 17 81 125 111 119 124 124 122 124 126 129 129 131 124 116 107 97 99 106 104 101 108 124 134 129 131 139 128 126 124 133 135 130 136 139 137 136 141 146 139 141 142 141 138 138 137 137 137 131 128 127 123 115 106 101 99 95 90 87 91 96 100 104 108 113 118 119 123 133 125 119 120 91 78 86 93 89 75 62 56 56 61 59 65 78 62 34 29 31 30 27 28 31 34 33 35 39 44 55 77 102 126 132 94 78 72 100 173 174 165 172 160 156 170 173 163 155 165 149 156 151 160 173 162 166 145 162 156 158 167 156 158 149 158 160 165 159 165 157 155 163 166 161 162 168 169 168 172 175 172 169 187 179 178 180 182 179 177 184 183 185 161 141 94 56 24 15 18 19 14 18 16 14 16 15 18 15 17 17 15 16 15 13 13 9 10 9 10 7 11 10 12 13 12 
55 43 24 28 26 60 72 61 38 23 28 24 17 22 18 17 19 24 14 8 16 26 22 21 18 29 34 69 68 62 70 74 80 88 91 93 92 93 96 96 95 93 89 97 98 72 37 13 12 11 10 9 7 5 7 5 13 72 123 120 127 130 127 126 129 134 137 132 133 135 136 134 129 126 134 134 135 141 145 141 133 135 136 138 140 140 139 138 142 142 142 143 144 145 146 143 142 141 142 141 143 142 139 140 143 146 148 148 147 144 137 130 125 122 116 109 105 105 105 104 104 103 97 94 96 98 103 96 79 79 93 112 119 115 109 108 108 116 107 100 100 91 85 79 72 66 61 59 58 57 55 54 53 51 51 59 74 106 122 76 42 28 69 165 180 172 190 168 167 184 163 163 157 169 172 153 151 159 162 159 154 156 161 160 160 161 158 159 162 160 155 157 154 152 155 154 154 162 157 171 173 165 161 157 173 171 173 180 184 180 177 182 183 162 153 144 108 65 41 24 17 16 18 15 11 12 18 16 13 12 14 14 13 15 13 12 14 13 11 12 9 9 7 9 7 9 9 10 11 10 
64 47 26 28 23 56 76 63 37 24 29 25 14 23 17 16 16 17 12 9 12 17 15 18 17 25 35 67 78 77 75 72 79 86 91 97 99 97 97 97 98 97 94 101 108 92 61 38 38 36 34 33 32 28 30 26 28 74 120 134 132 129 130 129 129 132 135 136 136 138 139 137 135 134 145 144 142 145 149 149 146 143 143 144 145 146 146 145 142 143 144 144 145 146 147 152 151 151 151 151 151 152 152 154 153 150 149 151 150 142 137 135 136 136 135 133 132 131 130 129 130 131 131 125 112 102 106 108 100 96 92 85 81 83 89 95 102 107 106 108 112 111 114 119 116 113 112 113 112 110 110 113 110 104 96 79 65 99 144 112 70 48 73 156 189 175 183 163 166 184 166 161 155 158 159 152 150 149 150 158 159 160 163 159 154 153 152 160 168 167 159 152 150 156 164 162 158 162 164 172 165 164 170 162 163 177 179 177 170 160 151 147 129 98 69 48 31 21 19 21 19 20 21 16 11 11 9 9 9 10 13 15 14 14 14 13 14 12 11 12 10 10 8 10 8 10 11 14 14 15 
73 48 25 28 23 51 82 70 38 25 29 26 15 23 14 15 15 12 11 13 13 13 12 15 16 20 35 68 82 63 41 34 40 43 47 51 53 51 50 51 55 55 54 58 64 58 47 41 43 43 42 43 45 45 54 53 48 75 98 109 114 118 125 125 122 124 130 139 140 139 138 137 137 138 147 143 137 136 140 148 155 149 148 147 147 149 151 151 146 146 147 147 148 148 149 151 152 152 152 152 151 151 153 158 159 154 153 162 163 153 145 138 134 130 128 131 135 130 127 125 126 127 133 134 130 129 133 131 120 119 117 111 108 107 103 98 100 95 95 93 86 85 89 95 95 95 100 106 111 113 120 127 124 122 126 112 89 124 188 177 146 129 122 167 186 170 169 154 161 182 171 167 159 151 151 159 160 159 164 166 155 148 151 150 157 160 150 150 158 159 154 152 149 149 150 146 147 156 147 147 141 150 164 156 150 133 127 118 104 91 79 72 40 32 27 26 28 31 33 34 33 35 31 22 14 13 13 11 9 10 14 20 22 21 21 21 22 19 18 19 14 15 11 13 12 15 16 19 20 23 
75 45 23 26 24 43 82 73 40 25 26 25 15 21 12 13 13 10 14 22 18 12 9 11 16 19 33 74 84 38 7 3 4 3 4 5 5 4 4 4 4 5 5 5 6 5 6 8 10 10 11 13 15 18 26 28 26 33 38 42 52 61 71 77 81 90 100 109 111 112 115 119 125 129 131 140 149 152 149 145 143 149 148 146 146 148 151 152 149 148 148 148 149 149 148 147 148 150 151 150 148 147 149 155 154 147 144 152 156 151 146 143 143 145 145 145 144 139 134 131 133 134 134 132 129 132 134 132 126 127 130 131 131 129 127 125 129 118 122 120 107 107 107 103 96 89 86 85 85 84 84 89 83 83 101 111 104 147 191 184 177 193 171 183 171 168 177 175 176 177 163 157 142 126 123 135 138 141 149 140 116 102 104 104 112 124 129 136 131 110 87 87 87 81 76 73 77 88 81 82 81 87 94 86 80 54 51 48 42 37 35 32 31 28 25 26 34 38 37 33 34 35 30 21 16 15 15 12 9 10 14 23 28 27 25 24 28 24 20 20 17 20 16 16 15 20 21 23 25 28 
65 40 22 24 24 34 69 62 38 25 24 24 14 21 16 14 10 10 25 53 40 19 11 12 21 25 30 76 84 28 2 2 3 2 2 2 2 2 2 2 2 2 2 2 2 2 2 2 2 2 2 2 2 2 2 3 3 4 4 5 6 8 13 19 24 30 37 41 42 44 47 52 57 61 67 76 85 89 90 95 102 137 138 137 137 138 141 142 139 139 138 138 137 136 136 140 142 144 145 143 141 140 143 147 147 141 137 140 145 147 144 144 146 148 147 145 143 140 137 135 137 139 140 134 126 126 129 131 133 135 137 135 131 127 127 132 136 124 134 134 126 134 124 131 127 123 119 115 110 104 101 104 94 88 102 122 129 169 188 173 163 181 165 171 156 147 140 129 116 100 87 76 64 54 52 59 62 62 63 57 43 36 38 36 42 51 57 61 54 39 25 22 22 21 19 17 18 23 28 36 38 40 38 29 25 22 29 33 32 32 34 33 33 29 22 22 32 38 34 35 34 30 23 17 14 14 14 12 11 13 15 22 27 27 23 21 26 23 16 15 14 18 15 15 12 17 19 20 22 23 
41 29 20 21 20 23 43 36 28 24 21 21 11 19 21 20 10 14 33 74 55 25 14 14 26 26 29 65 61 16 1 2 2 2 2 2 1 1 1 2 2 2 2 2 1 1 1 2 2 2 2 2 2 2 3 3 4 3 4 4 3 3 4 5 6 7 7 6 6 6 6 7 8 8 11 11 12 15 27 51 80 127 130 130 131 131 131 132 130 129 128 127 127 127 127 132 135 137 137 136 133 132 133 137 141 140 138 138 138 137 137 140 145 145 143 143 144 142 139 138 137 138 139 136 134 144 145 142 142 142 144 147 147 145 142 139 142 129 139 134 134 152 129 101 99 101 107 114 118 118 125 127 122 117 123 138 145 150 159 148 129 121 104 102 88 71 53 42 33 25 22 16 11 11 13 15 16 15 13 14 11 13 18 15 12 13 14 13 12 11 10 10 11 13 14 12 11 13 19 28 34 39 39 29 23 15 25 37 36 33 33 32 31 29 22 21 32 40 35 34 31 25 18 15 14 14 13 12 13 13 12 14 18 19 16 16 22 22 16 16 14 13 11 12 9 16 18 19 22 19 
16 15 14 15 12 12 18 12 14 18 15 15 9 13 19 23 14 16 27 56 46 23 18 20 32 26 27 45 31 5 1 2 1 2 2 2 2 2 2 2 2 2 2 2 2 2 2 1 1 2 2 2 2 2 2 3 4 3 3 3 4 4 4 5 5 6 6 5 5 5 4 4 4 4 6 18 45 74 94 109 126 136 139 141 142 142 140 140 140 140 139 138 137 136 135 133 136 139 140 138 134 131 129 130 133 133 129 121 118 118 120 122 126 123 117 118 122 119 115 110 105 102 103 101 100 106 104 96 95 98 96 94 95 98 95 89 91 82 89 85 94 121 96 54 46 44 46 52 60 65 70 70 71 73 75 79 83 71 69 64 56 47 37 33 26 21 15 15 14 12 13 14 10 11 14 13 12 11 10 10 8 12 17 14 12 14 13 11 10 11 14 12 11 13 14 11 9 11 13 20 28 37 40 30 22 19 41 69 75 73 73 70 76 66 40 25 31 39 37 31 27 20 16 14 14 15 14 12 12 12 10 11 13 14 15 20 32 36 36 39 28 14 9 13 13 26 32 33 37 28 
8 8 12 11 8 11 6 6 10 10 11 9 9 11 14 24 19 15 18 31 27 18 24 30 32 25 22 29 13 2 2 3 2 1 2 2 2 2 2 2 2 2 1 2 2 2 2 2 2 2 2 2 2 2 3 3 3 3 4 3 4 4 4 6 7 6 4 4 4 4 4 5 12 34 67 79 103 118 119 113 102 89 95 95 92 90 90 91 89 87 87 84 83 81 82 77 79 81 80 79 76 73 71 68 74 69 72 64 59 64 64 66 69 61 52 52 54 51 57 58 57 57 56 52 47 50 45 33 33 38 33 32 45 51 54 46 37 31 29 32 53 78 59 39 36 19 16 16 18 20 18 16 18 20 20 22 24 22 19 17 16 15 14 14 13 13 14 17 15 12 15 16 11 11 15 13 11 11 11 11 10 14 17 12 11 12 11 10 10 13 15 12 11 12 12 10 10 11 11 16 23 31 37 31 23 25 53 86 98 103 105 100 100 85 52 27 29 38 34 27 22 17 15 13 13 13 14 13 13 13 12 12 13 15 18 25 42 52 53 55 37 17 9 12 14 29 38 43 51 35 
11 8 12 11 8 16 6 11 14 9 13 11 13 15 12 20 16 12 12 16 15 14 20 24 21 24 25 13 4 2 2 2 2 2 2 2 2 2 2 3 2 2 2 2 1 2 3 2 2 1 2 2 2 2 3 2 3 3 3 3 3 4 6 7 7 5 3 3 5 10 15 31 55 73 82 77 76 67 55 47 36 27 34 37 34 32 31 32 35 31 32 31 31 31 34 37 38 37 36 36 32 29 27 27 34 26 34 32 28 31 34 40 45 32 21 22 23 22 36 42 43 51 51 49 43 43 34 19 18 24 19 25 42 50 57 39 26 25 17 27 45 62 43 40 42 19 14 14 14 15 13 11 13 14 13 16 16 14 15 14 14 13 15 16 16 16 16 19 16 14 18 20 14 12 16 14 12 11 10 10 11 16 18 13 12 12 11 11 10 13 13 11 12 12 11 10 10 11 11 14 19 25 33 32 26 23 50 88 98 98 98 96 103 85 52 27 31 37 30 23 19 16 15 14 13 14 13 13 13 13 13 12 11 14 18 26 45 57 53 53 40 19 10 11 14 30 39 43 53 34 
18 14 15 13 12 15 10 14 14 10 13 14 17 19 11 13 12 11 12 14 16 17 18 16 16 26 19 6 3 2 1 2 3 2 2 2 1 1 2 2 2 1 2 3 1 2 2 2 2 1 2 2 2 2 2 2 3 3 2 4 4 4 6 6 5 4 6 10 19 37 61 80 80 66 51 41 35 28 23 20 18 12 21 29 31 29 27 26 29 26 28 28 30 29 30 35 35 34 35 36 32 26 28 30 34 25 32 33 30 32 38 46 50 33 21 20 20 20 37 43 42 54 53 51 50 45 34 21 20 23 15 24 30 45 56 33 38 34 16 29 34 50 37 41 42 19 14 14 13 15 14 12 14 14 14 16 16 15 15 15 15 15 16 16 16 16 16 18 17 17 21 23 18 15 18 16 13 12 10 9 9 14 16 13 11 12 12 11 9 11 11 12 13 13 11 10 10 10 12 13 13 18 28 29 25 24 53 91 98 92 90 90 98 78 48 29 33 34 25 22 18 16 15 14 13 14 13 13 12 13 13 12 11 13 16 25 46 59 53 51 40 20 11 13 15 30 37 42 52 35 
30 26 25 21 20 22 23 24 24 24 26 30 25 29 19 16 18 21 23 25 22 22 26 22 20 29 20 7 2 2 2 1 2 2 7 14 17 14 9 6 3 1 2 2 2 3 2 2 2 2 2 2 2 2 2 3 3 2 3 4 4 5 7 6 5 11 30 45 49 69 90 79 53 39 32 29 26 25 22 18 17 13 22 30 32 31 30 30 31 34 38 37 38 35 37 45 43 42 51 55 50 40 42 37 34 31 37 33 30 33 37 42 48 34 22 22 22 21 45 63 56 68 70 71 74 66 41 19 17 23 15 23 29 76 100 88 90 44 16 23 25 41 41 44 43 19 16 15 15 17 15 12 14 14 14 15 15 15 15 16 15 16 17 17 16 16 16 19 18 18 22 21 19 17 20 17 14 14 12 10 10 13 14 12 11 11 12 11 9 12 13 13 13 13 12 12 12 13 13 13 10 13 21 23 22 23 37 53 57 56 56 54 55 48 34 27 31 28 19 19 15 14 14 13 13 14 14 13 12 12 12 11 11 13 16 23 43 58 54 50 38 19 12 14 16 26 30 41 53 33 
34 34 33 28 27 26 28 25 27 32 31 32 30 36 27 19 21 24 25 25 23 25 33 31 26 33 24 4 1 2 2 2 10 21 17 14 14 16 19 19 15 9 4 1 1 2 2 2 2 2 2 2 2 2 3 3 2 3 4 4 4 6 6 8 22 50 70 71 65 60 57 46 41 45 43 45 42 42 34 21 18 16 24 31 30 30 31 32 36 51 64 62 63 63 65 60 59 58 74 81 77 57 55 47 36 35 38 33 29 34 34 39 49 36 23 23 24 21 52 92 82 88 94 96 103 97 52 16 14 21 17 18 29 102 119 134 123 37 19 24 27 36 38 41 40 20 18 18 17 21 17 14 15 16 15 17 15 14 15 16 16 16 17 18 16 17 18 22 20 18 21 19 18 17 21 19 14 14 13 11 12 16 17 16 14 15 17 14 11 14 15 14 14 14 14 15 15 16 14 14 12 13 16 16 17 19 20 20 21 23 25 24 19 20 18 20 24 23 18 17 14 13 14 13 13 14 14 13 12 12 12 11 11 14 18 25 45 62 56 52 41 20 11 14 17 23 25 43 57 31 
40 47 49 43 40 41 35 26 30 35 31 30 27 32 28 17 20 20 20 21 30 41 51 51 49 56 18 2 2 1 3 14 18 15 13 10 9 11 12 14 16 15 12 4 1 1 2 2 2 2 2 2 2 3 3 3 3 4 4 4 6 5 7 30 72 99 100 77 54 37 33 36 46 59 49 50 43 43 36 20 18 13 21 29 29 29 29 29 30 51 67 62 61 64 69 58 58 56 74 80 78 52 52 54 38 32 30 32 31 31 32 40 51 38 22 21 23 19 46 96 92 99 101 98 104 96 50 15 15 25 26 18 33 114 112 138 111 21 19 24 29 31 31 31 32 18 20 22 21 26 20 15 17 17 16 18 15 14 15 17 17 17 18 18 17 19 20 25 23 20 22 22 21 19 25 23 15 14 13 11 13 17 17 16 16 18 22 17 13 18 19 18 17 17 17 17 17 17 15 15 15 15 14 12 14 13 14 15 15 15 16 18 16 16 14 15 18 18 18 17 14 14 14 14 14 14 14 14 13 13 12 11 9 11 19 30 54 71 63 58 46 21 10 14 18 24 27 45 59 32 
71 86 89 82 80 70 45 30 32 34 31 30 31 32 30 19 24 24 26 24 49 72 82 80 80 83 16 2 2 3 14 15 11 11 16 21 25 31 30 21 11 12 17 13 4 1 2 2 2 2 2 2 2 3 3 2 4 4 3 4 5 11 43 93 107 96 95 63 37 29 36 40 42 48 43 46 37 38 33 19 21 12 21 30 33 33 33 32 31 52 64 55 53 57 62 53 56 53 73 77 78 48 46 57 38 30 25 31 29 25 28 35 43 30 17 20 29 22 36 73 77 99 117 121 108 71 33 12 13 21 22 15 32 109 124 152 87 11 16 23 24 24 24 19 22 16 24 28 28 34 22 16 17 18 17 18 15 14 16 17 18 18 19 20 19 21 22 27 26 24 27 28 27 26 34 34 22 17 15 13 16 18 16 14 16 21 27 22 17 24 27 25 24 21 21 21 20 19 18 18 16 17 15 12 12 16 21 28 31 31 29 30 31 26 18 17 18 16 18 17 15 14 15 15 14 15 15 14 15 15 13 11 8 9 16 25 43 56 50 44 34 17 9 12 14 18 22 33 42 28 
87 105 105 98 100 89 48 31 31 29 28 31 34 30 27 16 21 22 25 24 54 79 89 90 81 71 6 1 2 18 22 7 21 31 38 37 33 33 32 28 25 16 12 19 14 3 2 3 2 2 2 1 2 2 3 3 3 3 4 4 9 46 108 124 133 107 51 24 27 28 25 36 48 41 52 57 42 40 33 16 17 12 19 28 30 31 33 34 31 48 57 49 51 57 60 48 54 52 73 78 83 51 48 57 36 33 28 30 26 19 23 26 27 18 12 17 27 20 20 36 43 74 105 118 91 37 15 9 11 20 19 13 23 82 123 141 61 7 15 27 20 17 14 12 17 15 28 35 36 45 25 19 20 21 20 21 17 15 17 18 19 20 20 21 21 22 23 29 29 29 34 34 32 33 46 48 32 21 16 16 21 24 21 19 23 33 40 31 22 29 31 30 29 26 26 26 25 23 21 19 17 18 17 13 12 18 20 26 35 39 35 29 32 25 17 19 22 18 18 17 14 14 15 14 13 14 15 15 16 15 14 10 9 9 13 14 18 23 19 18 17 11 8 9 9 10 13 16 19 18 
100 113 105 89 89 91 42 30 32 29 32 31 28 32 21 14 18 19 24 23 52 91 90 92 93 26 2 2 15 16 9 25 35 32 31 30 34 40 38 35 33 33 20 9 21 12 1 4 3 2 2 2 2 3 2 4 2 4 7 6 31 122 141 120 108 49 18 12 15 15 14 27 47 44 46 48 37 36 25 9 11 22 22 22 28 32 31 34 30 49 59 51 52 60 65 53 55 51 72 70 80 49 46 49 37 33 26 23 22 24 27 21 19 14 11 15 22 19 11 16 22 61 98 105 92 16 15 15 17 25 25 14 29 88 124 131 58 10 17 27 26 19 21 20 25 30 42 46 43 52 35 20 23 22 22 23 18 15 19 22 19 22 23 22 20 20 26 35 37 38 40 41 39 39 52 51 48 36 21 20 34 36 27 26 34 42 46 38 29 36 42 42 36 32 36 34 30 29 27 21 15 18 17 14 11 15 19 21 35 39 39 33 29 18 19 22 21 19 17 14 14 14 15 15 14 14 15 16 16 15 14 12 10 9 11 15 17 16 14 15 14 14 13 11 9 10 11 11 12 13 
91 104 108 92 95 87 49 32 30 32 29 20 20 27 16 9 9 9 14 18 52 92 86 98 84 7 2 5 17 15 10 31 31 30 33 34 36 38 36 35 41 38 31 15 17 21 3 3 2 2 2 3 2 2 3 4 3 5 6 29 113 130 134 134 52 11 8 8 8 9 9 19 40 46 42 54 39 29 21 10 13 53 57 30 26 35 30 34 33 51 59 48 49 58 64 54 49 45 71 69 75 40 40 54 39 22 25 24 23 38 35 25 20 17 15 19 24 23 15 18 25 75 110 106 94 22 18 15 17 23 26 15 38 105 125 124 58 11 15 23 26 19 23 27 37 47 55 54 50 59 38 20 23 22 22 23 18 16 20 25 20 24 25 23 21 22 30 41 44 45 46 47 42 40 52 52 55 48 33 29 46 49 39 40 46 50 53 45 36 44 51 49 42 38 42 40 35 35 34 26 15 19 17 15 12 13 18 18 28 33 37 31 23 16 19 21 20 19 17 14 14 15 15 15 15 15 16 16 16 15 14 12 11 9 10 12 14 12 11 11 9 10 9 8 7 7 9 9 9 10 
85 102 108 88 89 85 53 29 29 31 23 17 24 23 13 7 6 5 8 15 48 89 93 104 54 3 2 9 12 13 24 35 33 34 35 35 34 36 33 33 43 37 39 31 13 21 9 2 1 2 3 3 2 2 4 3 4 6 17 91 150 174 135 66 22 15 15 12 13 14 12 21 42 47 38 54 41 34 28 13 11 34 63 54 24 29 43 29 28 44 52 44 45 52 58 51 47 44 69 67 71 38 40 60 39 20 21 22 31 43 33 26 20 17 16 20 23 25 19 19 24 68 98 90 81 32 17 12 14 21 25 12 35 100 116 124 59 12 12 21 24 20 26 32 52 63 63 59 56 63 38 20 23 22 22 23 19 16 21 26 22 26 25 22 21 22 32 45 49 48 50 54 45 40 51 53 58 56 44 35 51 56 51 52 54 53 56 50 40 47 55 54 47 44 48 47 42 43 42 31 16 18 17 16 12 14 18 16 21 27 32 25 20 20 20 21 20 17 16 16 15 15 15 15 15 16 15 15 15 14 14 13 12 10 9 10 10 8 8 8 7 8 8 7 7 7 9 10 10 10 
96 110 106 85 90 100 47 27 30 23 18 26 37 23 11 9 10 10 12 14 41 86 105 90 25 2 5 14 10 15 36 33 28 28 32 33 33 35 35 36 38 38 40 40 19 15 17 3 2 3 3 2 3 3 3 2 4 11 61 147 163 195 82 17 15 13 15 18 17 15 14 24 40 38 42 43 34 43 38 15 10 13 42 67 41 21 30 27 27 42 53 47 46 47 51 48 51 50 66 61 67 44 47 54 35 31 17 22 42 31 23 24 17 14 14 17 20 23 16 12 16 37 65 58 66 25 11 9 13 21 24 9 28 87 100 118 55 12 12 20 23 23 33 37 61 67 60 57 54 59 39 19 23 23 22 23 19 15 21 26 23 27 25 21 20 21 33 47 52 50 53 59 48 41 52 54 59 58 47 36 49 57 54 56 56 53 55 51 42 48 55 56 53 51 54 53 50 51 47 34 16 18 18 17 11 16 17 15 18 21 23 20 19 24 21 21 20 15 16 17 17 16 15 15 16 16 15 15 15 14 14 14 14 12 11 11 10 10 10 10 10 10 10 10 11 11 12 13 13 13 
83 98 98 90 97 100 43 33 30 16 20 33 32 19 12 12 13 14 15 13 34 66 75 54 9 2 9 18 13 24 36 21 14 15 26 33 32 33 38 42 37 42 38 43 30 13 20 6 3 3 3 2 3 4 3 3 4 28 115 171 191 125 28 12 14 11 14 15 14 12 11 21 39 40 52 47 31 36 32 13 11 13 20 54 69 32 18 41 33 43 51 44 41 41 45 45 47 47 59 54 57 41 41 41 27 25 21 29 39 23 18 19 13 11 14 18 22 22 10 7 13 24 50 41 65 15 7 9 14 20 23 12 29 79 85 93 46 14 12 22 22 27 43 46 63 61 55 54 53 55 40 19 23 23 22 22 20 15 20 26 23 28 24 20 21 22 34 51 57 55 56 59 48 42 54 55 57 57 48 38 51 59 57 56 57 56 57 55 46 51 57 58 55 55 57 56 55 56 51 39 22 24 25 22 14 18 14 14 16 17 16 19 18 25 22 21 19 13 16 18 17 16 15 16 16 16 15 15 15 14 15 15 15 13 14 13 13 13 13 12 11 11 11 11 11 11 12 13 13 13 
42 65 71 67 53 52 37 35 25 20 32 33 16 14 16 13 10 12 12 11 32 41 32 20 3 2 9 14 15 25 30 18 15 17 17 17 20 30 39 41 38 39 35 44 30 13 21 12 2 2 3 2 2 3 4 5 14 70 148 181 162 63 11 12 15 22 18 13 14 13 9 16 38 49 46 61 43 31 25 12 8 10 11 21 73 67 24 26 26 29 32 28 29 34 42 43 36 35 48 48 44 29 27 32 22 11 35 47 24 23 17 14 10 11 16 22 26 21 7 7 15 28 54 44 64 16 8 10 15 22 24 12 21 53 64 68 43 20 14 25 25 36 56 56 63 58 55 57 55 57 40 19 23 24 22 22 20 16 19 25 23 28 24 20 21 21 32 50 57 55 56 59 48 43 56 56 56 55 49 41 53 60 57 56 58 57 56 56 48 51 57 57 57 58 58 56 56 57 56 50 35 39 39 34 22 23 18 19 17 17 18 26 34 35 31 28 20 13 16 17 17 16 16 16 17 17 15 15 15 15 15 15 14 14 15 14 14 14 12 12 12 11 11 11 11 11 10 11 11 11 
19 43 40 36 17 19 32 26 20 32 36 26 13 13 17 12 9 12 9 10 29 29 15 7 2 2 9 9 15 21 27 24 28 33 21 10 8 15 26 33 40 36 38 44 28 20 22 17 2 1 4 3 2 2 4 9 50 134 173 165 99 35 8 10 13 12 11 12 13 12 9 17 34 38 34 56 45 34 27 11 5 8 18 11 34 68 37 13 19 20 23 22 25 31 40 39 35 34 40 37 37 27 25 30 22 16 40 39 17 20 15 9 9 12 16 21 25 20 8 9 12 28 48 47 44 31 11 10 15 25 24 11 11 27 44 48 49 29 14 25 27 43 64 60 61 57 59 60 55 62 40 18 23 24 22 22 20 16 20 25 23 29 25 20 20 19 30 47 55 54 56 61 49 43 57 58 58 55 49 43 53 56 54 55 57 54 53 55 47 49 55 55 56 59 57 55 55 57 59 60 47 52 52 47 32 37 36 34 19 20 25 33 60 47 46 41 26 17 18 16 16 16 16 17 17 17 15 15 16 16 15 14 14 14 15 14 13 13 12 12 13 13 13 13 14 13 11 11 12 12 
19 39 24 24 13 14 34 16 20 39 25 16 18 14 13 10 13 16 8 11 26 27 18 5 1 3 11 10 22 24 28 23 27 37 41 24 6 3 10 28 43 40 47 45 34 26 23 17 3 2 3 2 4 4 5 16 111 174 192 135 41 28 17 9 9 15 13 13 12 12 17 33 44 31 38 40 27 31 29 11 6 12 12 13 16 48 81 44 28 31 36 34 33 34 37 37 43 43 37 28 36 37 35 32 26 53 36 18 21 17 12 7 10 14 14 18 22 21 13 14 8 22 34 42 22 49 14 9 14 23 23 15 11 20 36 32 51 30 10 21 24 41 59 55 56 56 61 58 52 62 41 18 23 24 22 22 20 18 21 25 23 29 26 22 23 21 31 48 58 58 59 63 49 42 57 59 60 58 52 45 53 54 53 56 59 55 53 55 48 49 55 55 57 59 56 54 55 56 58 62 52 57 57 53 38 50 59 49 17 19 28 33 68 45 50 49 31 25 26 15 15 16 16 17 17 16 15 16 16 16 15 14 13 13 14 13 13 14 14 13 12 12 12 13 14 13 12 12 13 13 
32 35 28 35 32 34 28 19 30 32 15 15 17 14 13 13 14 13 10 15 33 32 18 3 1 3 9 11 19 25 26 22 22 18 14 6 3 8 10 10 18 35 48 33 49 25 25 21 4 5 2 2 4 4 13 53 134 182 148 61 27 24 17 14 14 16 15 11 12 15 16 34 51 28 33 26 24 28 25 16 11 13 11 17 12 16 59 76 35 37 30 26 31 33 27 29 29 32 29 29 31 37 31 29 40 54 21 19 16 14 10 10 12 12 14 20 24 20 14 14 12 14 28 42 46 30 10 9 15 23 25 19 12 18 33 37 40 17 12 21 26 44 61 56 56 56 58 59 60 61 42 22 24 25 23 19 21 18 19 24 24 30 27 22 20 21 30 53 59 62 58 61 52 44 52 62 63 53 55 44 56 56 57 57 60 58 54 53 50 52 59 59 57 56 55 56 58 60 57 54 50 55 61 54 38 50 57 42 21 26 28 29 58 38 39 47 47 48 49 38 21 14 15 17 17 16 16 14 15 16 16 15 15 15 14 14 13 14 14 14 13 13 13 13 13 13 13 13 12 12 
37 38 31 35 34 34 26 35 35 23 20 15 15 13 12 13 13 12 11 28 49 35 9 2 2 4 9 9 22 26 13 9 11 7 4 3 10 26 34 26 15 22 28 33 44 26 19 21 4 2 2 3 3 7 35 119 155 175 94 29 28 26 20 15 14 13 13 13 13 12 13 22 36 37 24 24 28 28 19 13 14 13 12 14 13 13 31 63 60 32 27 31 27 25 32 32 34 32 25 29 30 31 24 29 40 27 27 13 17 12 10 10 11 11 14 18 24 21 15 14 13 13 22 41 51 27 11 10 16 27 26 16 12 14 27 46 37 14 13 22 26 44 60 55 55 55 56 57 58 59 46 25 26 26 24 21 24 18 19 24 24 30 26 23 25 25 32 54 60 65 60 59 44 43 55 58 57 50 52 42 55 58 62 62 60 56 53 51 47 48 56 59 57 55 55 56 58 60 58 56 53 51 53 48 39 57 62 37 16 22 26 34 59 42 47 58 58 56 54 53 35 22 17 15 15 18 16 14 15 16 16 16 17 16 15 15 15 15 15 15 14 14 14 14 14 14 13 13 13 12 
34 33 31 31 30 26 31 45 32 18 21 16 14 12 12 12 14 14 13 18 33 28 4 2 2 4 10 9 25 23 9 7 10 8 3 7 23 37 38 39 36 20 9 17 31 36 22 20 4 2 2 5 4 25 107 153 186 136 39 27 23 19 17 14 12 13 15 18 15 12 14 16 23 48 30 28 30 25 15 11 14 13 15 12 16 14 12 40 75 42 31 32 26 26 37 51 56 44 29 33 30 27 26 40 35 21 21 15 15 11 11 9 10 12 14 17 24 24 16 15 15 13 18 42 52 25 13 11 17 28 26 15 13 13 18 48 32 13 15 23 25 44 60 57 56 56 56 56 57 58 41 22 22 22 20 18 22 18 19 25 25 30 25 23 23 21 25 43 50 57 45 26 19 28 50 57 64 60 56 43 55 56 58 57 56 56 57 55 50 50 60 61 57 56 55 56 58 59 59 60 56 48 44 43 42 55 68 42 20 24 24 32 52 41 47 59 59 58 56 62 54 40 25 16 14 16 16 15 16 16 15 16 17 16 16 15 15 15 15 15 14 14 14 14 14 14 14 13 13 13 
28 27 30 28 29 24 44 35 23 20 16 17 15 14 12 13 14 15 14 8 11 11 3 2 1 2 7 8 14 11 7 8 7 5 4 14 34 41 35 36 41 33 19 26 33 26 22 18 4 2 6 4 11 75 160 164 178 83 29 31 19 15 14 13 14 15 17 17 16 15 18 16 15 39 46 34 24 19 14 12 12 14 17 12 16 15 9 21 51 67 50 28 30 37 38 79 80 62 39 35 27 27 39 44 30 25 13 21 11 11 11 9 9 13 15 17 26 26 15 15 17 14 16 40 45 19 13 11 16 24 26 17 16 16 14 34 24 11 16 24 26 44 59 61 60 59 58 58 58 59 44 24 25 25 23 20 25 18 20 27 25 30 26 22 19 17 21 39 46 54 47 37 32 40 57 58 62 59 59 44 54 54 54 52 54 57 60 59 52 51 62 62 57 56 56 56 58 58 58 60 58 49 46 48 49 54 66 40 19 22 19 28 53 43 48 56 55 57 56 59 61 57 42 26 16 13 16 17 18 17 14 14 16 15 15 15 15 14 15 14 14 14 14 14 13 14 14 14 14 13 
34 30 32 31 30 37 41 24 20 23 17 17 16 15 13 13 14 14 14 14 9 3 1 1 2 2 10 10 14 12 11 14 10 8 13 23 35 38 34 32 35 47 45 45 47 14 23 19 4 2 11 4 38 125 161 206 98 47 39 20 21 20 17 16 17 17 16 12 15 16 17 15 11 20 42 30 19 16 16 14 13 15 16 15 14 14 13 12 25 61 66 37 29 36 45 82 75 64 43 31 21 29 46 34 27 19 18 14 10 10 11 8 8 12 15 17 25 24 14 13 16 14 15 32 32 14 13 12 16 22 27 18 15 17 14 24 17 11 18 25 26 45 58 62 61 59 58 57 59 59 41 22 23 24 23 19 22 18 21 28 26 29 26 23 23 22 28 49 55 62 57 63 63 60 59 57 58 52 55 40 52 57 61 60 57 56 58 56 45 43 50 57 57 57 57 56 57 57 57 58 58 55 56 58 55 60 58 30 11 14 16 28 46 42 52 60 59 58 55 57 59 60 58 45 27 15 15 16 18 17 14 14 16 15 15 15 15 15 15 14 14 14 14 14 14 14 14 15 14 14 
47 34 29 30 30 46 23 18 19 18 21 14 14 14 13 13 13 14 14 17 12 2 1 1 3 2 12 11 19 27 27 26 25 25 34 36 32 33 34 36 39 40 36 38 45 14 34 19 3 7 3 24 96 143 195 163 28 25 30 15 20 20 16 15 17 16 14 13 16 16 15 15 13 14 19 19 18 17 16 16 16 16 15 17 14 14 19 11 13 28 58 58 30 25 51 64 57 52 39 31 26 36 38 25 21 20 24 12 12 11 12 11 10 12 14 17 23 22 14 13 14 13 15 24 22 13 13 14 19 25 30 19 15 20 22 27 16 11 18 24 26 47 59 61 59 56 55 56 57 59 42 19 20 22 22 19 20 18 21 26 24 27 25 24 25 25 32 54 58 62 51 51 59 55 52 54 60 56 60 43 54 59 63 60 59 59 60 56 45 40 43 54 58 57 57 57 57 56 56 57 58 60 64 64 58 57 49 34 18 19 22 27 20 25 43 57 60 60 55 61 58 56 61 60 46 28 16 16 17 17 16 16 17 16 16 17 16 16 15 15 16 15 15 15 15 15 15 15 15 15 
50 36 23 30 34 31 18 19 19 17 20 14 12 13 13 14 14 14 14 11 6 2 1 2 2 1 6 9 12 23 31 27 28 29 35 35 34 38 44 44 36 39 37 47 30 15 28 11 3 10 6 68 155 170 189 70 13 17 17 17 15 14 13 14 15 16 15 16 16 16 15 15 17 15 13 15 17 16 14 15 17 17 16 18 15 14 16 14 13 13 36 61 46 30 38 46 44 39 30 34 36 41 29 26 20 24 21 17 16 15 17 18 16 13 13 18 24 23 17 16 15 14 17 20 22 17 13 14 19 28 28 23 22 26 34 41 19 11 18 23 26 50 59 61 59 56 55 56 58 60 53 22 20 23 27 24 25 17 19 24 21 24 23 23 22 22 29 50 55 59 54 61 63 62 60 53 58 59 62 44 54 57 59 56 58 60 61 60 52 48 50 56 58 58 58 57 57 56 55 57 60 60 62 61 55 54 43 48 38 38 39 31 20 25 41 54 56 59 55 60 59 56 58 62 57 43 23 18 16 16 16 17 18 16 16 17 17 16 16 16 16 16 16 16 16 16 16 16 16 15 
48 36 22 33 43 19 26 23 20 23 17 18 13 13 14 15 15 16 17 12 2 2 2 2 0 3 7 16 9 15 32 28 24 31 32 34 35 35 37 38 41 45 38 49 16 21 24 6 4 3 24 108 156 215 123 26 20 22 15 14 14 14 15 15 14 15 16 16 12 15 15 14 17 14 16 15 14 13 14 15 14 17 17 17 17 14 12 17 14 12 21 49 72 49 21 35 37 29 21 34 42 38 25 25 23 18 18 19 17 20 23 26 22 15 13 19 26 24 22 21 17 16 20 22 25 23 13 12 18 26 25 27 32 35 44 54 22 12 17 22 26 50 59 62 60 58 57 58 61 63 46 17 12 16 20 18 19 16 18 22 19 22 21 22 23 23 30 52 60 68 61 55 51 59 63 53 60 60 53 37 47 54 60 59 56 54 55 59 58 56 58 59 58 58 58 57 56 55 55 60 62 59 57 56 52 60 43 51 44 45 53 43 50 50 59 58 55 57 55 54 60 60 57 58 57 49 32 23 17 15 14 16 17 15 16 16 16 16 15 15 15 15 15 15 15 15 15 16 16 16 
37 27 34 32 35 22 22 23 23 21 19 19 14 14 12 15 16 13 20 8 2 2 2 2 1 3 3 7 7 10 23 29 23 28 34 36 33 33 35 36 39 36 39 32 15 30 9 4 4 8 74 139 169 152 55 13 22 22 18 15 14 13 18 14 13 13 17 19 15 14 14 14 17 14 17 18 16 15 13 14 15 16 16 16 15 15 14 13 14 19 18 24 62 69 27 29 37 28 26 44 41 24 24 24 21 18 18 19 22 23 23 24 21 15 14 19 26 22 19 20 20 21 22 24 27 23 15 11 16 23 19 28 28 35 42 42 18 14 16 21 23 41 56 56 55 56 59 61 58 54 44 26 19 23 26 22 16 14 17 20 20 20 20 23 31 36 43 51 57 61 59 54 54 55 55 54 54 57 54 40 33 38 47 51 44 34 32 40 56 64 61 60 60 59 58 57 56 55 55 56 57 58 59 59 58 59 60 59 58 58 57 57 63 60 58 57 58 59 58 59 58 56 55 57 56 48 31 37 34 21 13 16 21 16 16 17 16 16 16 15 14 14 14 15 15 15 15 16 17 17 
29 26 37 39 25 24 24 23 22 20 16 14 17 16 14 16 16 14 14 5 1 2 2 2 1 2 1 6 9 7 10 22 32 31 23 29 38 35 35 37 36 45 43 14 19 39 5 4 4 33 112 170 173 75 19 12 17 13 16 18 18 16 18 14 13 14 16 19 15 15 17 17 19 18 15 15 15 14 14 15 16 15 15 15 15 14 14 13 16 16 15 16 36 62 53 27 24 28 40 45 32 23 24 23 21 19 18 20 22 23 23 24 20 14 13 17 25 21 18 19 19 20 20 21 22 19 14 12 18 22 18 24 21 31 42 36 15 13 16 22 23 36 48 53 53 53 55 56 53 49 59 47 44 49 46 36 28 19 19 19 19 22 28 36 48 51 54 57 57 56 55 56 57 58 58 57 56 57 57 52 50 55 58 56 49 43 41 47 59 63 61 60 60 60 59 58 57 57 55 55 56 57 57 57 56 56 55 55 55 55 55 55 58 57 55 56 57 56 55 57 57 55 54 57 56 50 46 50 46 33 22 17 17 17 17 17 17 17 16 16 16 15 15 16 16 16 16 15 16 16 
22 30 33 32 17 25 25 22 21 19 16 12 15 14 15 15 17 18 12 2 1 1 1 1 1 2 1 2 8 10 6 11 28 26 26 33 37 32 34 39 39 39 13 18 39 6 5 4 16 85 160 197 125 28 8 11 10 7 12 14 14 14 15 11 11 11 10 14 11 12 14 14 15 15 16 17 18 17 17 18 19 18 18 18 18 18 18 18 18 15 15 13 16 43 71 34 20 28 44 36 22 22 23 23 21 20 20 21 23 24 24 25 20 13 12 15 21 19 18 21 21 23 25 26 24 21 14 13 20 21 20 25 24 40 56 46 17 12 14 19 21 36 50 54 54 54 55 54 52 49 51 50 51 52 47 39 35 26 25 24 25 28 35 43 51 53 56 58 57 56 54 52 53 54 54 53 52 52 53 53 55 57 55 53 53 54 53 55 60 62 60 57 56 56 56 56 57 57 57 57 58 59 59 59 58 57 56 57 57 57 57 58 57 56 56 58 59 58 56 56 58 56 55 58 58 54 57 57 54 48 35 21 16 16 15 15 15 16 17 17 16 16 16 16 16 16 16 16 18 19 
28 43 32 25 21 24 24 23 21 19 16 14 14 13 16 14 16 18 8 2 1 1 1 2 2 3 2 1 3 9 10 9 15 33 34 28 25 33 42 42 28 11 14 38 15 3 5 7 67 145 191 170 49 17 13 14 11 11 17 17 14 13 17 13 13 12 10 16 12 13 16 14 15 17 15 16 16 16 15 15 15 15 16 16 16 16 15 15 18 16 20 17 12 27 55 54 37 34 36 27 22 26 24 23 23 22 23 24 25 25 26 27 22 14 13 16 22 20 20 23 22 23 26 26 23 22 15 13 19 23 23 31 39 52 63 54 21 12 13 19 23 44 65 59 59 59 58 57 55 53 55 53 53 53 52 51 51 47 48 49 49 51 53 53 50 52 55 57 58 57 55 50 51 51 51 51 50 50 50 50 49 48 49 51 53 55 54 54 54 54 53 52 51 51 52 53 53 53 56 57 57 58 58 57 57 56 56 57 57 58 58 59 57 56 58 60 61 60 58 56 58 57 56 58 59 56 57 56 56 57 50 36 30 35 34 33 33 34 36 37 36 36 36 36 35 35 34 33 34 36 
35 35 23 20 25 22 23 24 20 16 14 15 15 14 16 14 14 12 3 1 1 2 2 2 1 2 2 2 2 3 11 11 7 12 17 23 29 31 19 11 14 21 24 18 5 3 7 30 127 186 183 82 15 14 10 8 9 10 11 12 12 12 14 10 10 10 9 15 12 13 14 13 16 17 17 18 19 18 18 18 18 18 18 18 18 17 16 16 15 15 19 17 13 17 29 62 59 43 27 23 27 28 23 22 22 22 23 24 24 24 25 27 21 13 12 16 24 22 21 23 21 22 22 22 22 22 14 11 16 21 22 34 52 54 53 48 20 11 12 19 22 41 60 62 62 62 61 59 58 58 63 60 57 58 62 63 60 60 60 62 63 62 61 59 60 60 60 60 58 56 56 56 56 57 57 56 56 55 55 56 53 52 53 56 54 51 51 51 50 50 50 50 50 51 51 52 53 53 53 53 53 54 53 52 52 51 51 52 52 53 53 53 53 53 54 56 57 56 53 53 56 55 53 54 56 54 56 55 56 59 59 55 52 58 57 55 55 58 60 60 58 57 57 57 58 58 58 57 59 59 
37 23 19 22 27 22 24 24 19 14 12 14 14 14 15 15 14 9 2 1 3 5 7 5 1 2 2 2 2 2 3 7 12 7 8 9 9 9 14 19 21 27 13 2 7 5 16 79 145 183 129 24 12 17 13 12 16 14 11 17 19 16 17 12 13 13 10 13 12 13 14 16 23 25 23 23 24 24 24 25 27 27 27 27 26 26 25 25 28 27 30 28 29 30 29 47 51 37 23 23 26 24 23 22 22 23 24 24 23 23 25 26 19 11 10 14 22 22 25 31 32 34 34 33 33 31 18 10 15 20 23 33 58 57 54 51 26 18 21 32 33 46 59 61 62 62 60 59 58 60 60 59 58 59 63 60 53 57 55 54 56 58 58 58 59 59 59 60 59 58 58 59 59 60 60 60 59 58 59 61 62 61 60 59 58 56 55 56 57 58 57 55 54 55 55 56 56 57 56 56 56 56 56 55 54 52 53 53 53 53 53 53 51 50 50 51 52 51 49 49 53 52 49 50 51 51 53 54 54 55 56 58 59 56 55 54 54 54 56 55 52 53 53 54 54 55 56 56 60 61 
34 24 25 27 29 25 25 24 20 15 14 14 14 16 14 17 17 7 2 3 6 11 15 9 2 2 2 1 2 2 1 3 10 13 19 24 22 19 25 32 21 4 8 3 3 12 47 127 168 160 70 24 20 14 11 9 12 11 9 20 35 36 39 34 38 30 15 13 15 18 19 27 44 49 52 52 52 51 51 54 57 57 57 58 58 58 57 57 57 53 55 54 57 61 52 47 36 31 33 35 32 31 35 34 34 36 37 35 35 36 38 39 28 16 15 19 28 31 37 49 52 56 56 53 55 50 29 18 26 32 35 38 58 61 63 56 35 28 32 46 44 55 67 59 61 61 59 57 58 61 60 62 61 60 63 63 58 61 59 59 61 63 63 60 55 56 57 58 60 61 60 59 59 60 60 59 59 59 60 59 60 61 60 60 60 60 58 60 63 64 63 60 58 58 58 58 59 59 61 61 61 61 61 60 59 59 59 59 58 58 58 58 57 54 53 53 54 54 53 50 54 53 49 49 50 50 53 53 53 53 53 52 53 52 52 52 52 51 50 50 50 51 51 53 55 55 52 48 50 53 
21 23 25 23 24 28 26 24 22 22 20 17 20 23 20 25 18 5 1 2 3 7 10 5 1 1 1 2 1 1 3 2 1 3 7 8 8 11 8 4 3 4 2 5 6 20 97 165 196 131 50 47 38 22 17 14 18 23 19 35 51 53 61 60 64 45 16 11 13 17 18 31 55 62 60 59 57 55 54 56 58 56 57 57 58 58 59 59 61 57 59 58 58 62 60 62 41 41 54 56 48 49 55 53 53 55 56 54 54 55 58 59 42 25 23 30 42 45 50 63 65 67 64 60 64 60 36 26 37 45 50 41 54 59 63 49 27 20 21 30 29 39 55 57 60 61 59 58 59 62 55 58 56 54 57 61 61 58 58 60 62 62 58 56 59 59 59 59 59 60 60 60 60 61 61 61 60 61 61 58 56 57 59 61 60 58 56 58 61 62 60 59 59 59 59 59 59 59 61 62 62 61 61 60 59 61 61 60 60 59 59 59 62 60 58 58 59 59 58 54 57 56 53 52 53 53 56 56 56 57 55 53 51 51 51 51 51 50 48 49 50 51 51 53 54 55 54 50 51 53 
26 29 28 34 34 36 26 26 32 43 40 33 38 41 41 48 24 5 2 2 2 2 3 2 1 1 1 2 2 2 1 2 2 2 2 2 2 2 2 3 4 4 2 7 10 59 140 189 157 64 63 58 57 52 46 44 52 64 43 55 61 60 66 59 60 44 17 13 13 16 19 30 53 62 58 57 57 57 57 57 57 58 57 56 56 57 59 60 58 56 54 53 54 57 57 55 61 64 61 58 59 61 59 59 60 60 60 59 59 58 59 64 43 19 19 29 35 40 45 55 64 61 60 53 56 48 22 16 18 24 31 23 48 60 56 39 18 12 14 18 19 27 53 58 59 60 60 61 60 60 59 59 59 59 59 59 59 61 61 61 60 59 59 60 61 61 60 60 59 59 59 58 60 62 62 62 61 60 60 60 60 60 60 60 61 62 62 61 61 60 60 59 58 58 59 59 60 60 60 60 60 59 59 58 58 58 58 58 58 58 58 58 58 57 58 60 62 61 59 59 59 59 59 59 59 59 57 57 57 57 57 57 57 58 57 57 56 56 55 54 53 52 51 51 52 53 52 47 48 51 
44 46 40 47 53 38 24 30 42 58 55 52 58 58 55 53 20 5 4 2 2 3 4 4 3 2 2 2 2 2 2 2 2 2 2 2 2 2 2 3 3 2 2 5 29 116 177 157 95 63 47 61 59 57 57 55 56 68 55 64 59 54 60 53 55 41 16 12 15 21 25 35 54 58 58 58 58 58 58 58 58 56 56 56 57 58 60 61 60 59 57 56 57 59 59 53 59 61 59 56 57 59 58 58 58 58 58 58 60 60 58 57 34 12 11 15 18 23 31 47 61 62 63 60 62 48 20 13 15 14 19 20 47 61 59 43 23 18 19 23 24 33 51 59 61 62 62 63 62 62 61 61 61 61 61 61 61 61 61 60 60 59 59 59 61 61 60 60 59 59 59 59 60 61 62 61 61 60 60 60 60 60 60 60 61 61 61 61 60 60 59 58 58 59 59 59 60 60 60 60 60 59 59 58 58 58 58 58 58 58 58 58 57 56 57 59 60 59 57 59 59 59 59 59 59 59 57 57 57 57 57 57 58 59 59 59 59 59 58 58 58 57 56 56 57 57 60 60 57 52 
56 60 56 58 60 33 15 16 24 32 29 32 54 57 54 38 8 2 2 2 3 3 4 4 3 2 1 1 1 2 2 2 2 2 2 2 2 2 2 2 2 4 4 16 71 168 189 122 64 60 48 58 63 56 56 55 55 68 61 69 57 51 59 56 62 49 24 22 27 36 39 45 58 58 59 59 59 59 59 59 59 56 56 56 58 60 61 62 60 59 58 57 58 59 60 56 60 62 61 59 60 60 57 57 57 57 57 57 58 58 56 55 36 18 16 25 32 34 41 55 63 60 60 60 63 49 25 18 21 20 25 26 49 61 62 52 38 36 35 35 38 45 55 57 58 59 60 60 60 59 62 62 62 62 62 62 62 61 60 60 60 60 59 59 61 61 60 60 59 59 59 59 60 60 61 61 61 60 60 60 60 60 60 60 60 60 60 60 59 59 58 58 59 59 59 60 60 60 60 60 60 59 59 58 58 58 58 58 58 58 58 58 59 58 58 60 61 60 58 59 59 59 59 59 59 59 58 58 58 58 57 57 58 59 60 60 60 61 62 61 60 59 59 59 59 60 61 62 63 57 
50 55 58 55 50 31 13 11 15 20 20 28 50 56 53 24 4 2 1 1 1 1 2 2 1 1 1 2 2 2 2 2 2 3 3 3 2 2 2 3 4 5 4 41 147 198 151 82 62 58 60 53 67 62 55 54 61 71 60 66 58 54 63 61 64 49 24 25 31 40 41 47 60 61 60 60 60 60 60 60 60 58 58 59 59 60 61 61 59 58 57 57 57 58 59 57 60 62 60 59 61 60 58 58 58 58 58 58 57 56 57 58 45 32 32 39 41 41 48 61 67 63 59 59 61 55 42 37 40 44 48 43 55 60 64 62 56 57 54 51 54 59 60 58 58 60 60 60 60 59 61 61 61 61 62 62 61 60 60 60 60 60 60 60 61 61 60 60 59 59 59 60 60 60 60 60 60 60 60 60 60 60 60 60 60 60 59 59 59 58 58 59 59 59 60 60 60 61 60 60 60 59 59 58 58 59 59 59 59 59 59 59 61 60 60 62 63 61 59 59 59 59 59 59 59 59 58 58 58 58 58 58 58 59 59 60 61 62 62 61 59 59 59 59 59 59 57 58 63 59 
50 54 57 54 54 40 21 21 27 34 35 47 55 59 49 12 2 2 2 2 1 1 2 2 2 1 1 2 2 2 2 2 3 2 1 2 2 2 3 4 3 4 4 47 169 167 73 48 60 59 65 56 66 66 47 44 62 68 51 55 58 58 64 58 54 36 15 12 14 19 21 27 44 50 59 60 60 60 60 60 60 61 61 61 61 61 60 59 59 59 59 59 59 59 59 56 57 58 58 58 59 59 59 60 60 60 60 59 59 58 60 61 54 47 48 53 53 51 55 62 62 59 59 61 60 59 59 55 57 62 64 58 60 60 62 63 60 62 60 58 61 64 62 60 60 62 62 63 62 62 60 60 60 60 60 60 60 60 60 60 60 60 60 60 61 61 60 60 59 59 59 60 60 60 59 59 60 60 60 60 60 60 60 60 60 60 59 59 59 58 58 59 59 60 60 60 61 61 60 60 60 59 59 58 58 59 59 59 59 59 59 59 61 60 60 61 62 61 58 59 59 59 59 59 59 59 59 59 59 58 58 58 58 58 58 59 60 60 60 60 59 60 60 60 60 60 58 58 61 58 
52 52 53 48 56 49 34 36 39 43 41 47 53 51 37 7 2 2 3 2 2 2 2 3 3 3 3 4 5 6 7 10 12 12 13 16 19 21 23 28 27 18 9 15 69 83 28 37 54 61 59 62 61 62 39 38 61 70 57 61 60 57 62 56 52 35 16 16 19 24 24 30 49 58 60 60 60 60 60 60 60 61 62 62 62 61 59 58 60 60 60 60 60 60 60 59 59 59 60 60 60 61 60 61 61 60 60 60 59 59 61 62 60 60 63 66 64 61 63 62 57 55 57 62 57 55 63 58 57 61 61 60 60 60 60 59 56 57 57 57 58 60 61 58 58 60 60 60 60 60 59 59 59 59 59 59 59 59 59 60 60 60 61 61 61 61 60 60 59 59 60 61 60 59 58 59 59 59 60 60 60 60 60 60 61 61 60 60 59 59 59 59 60 60 60 61 61 62 61 60 60 59 59 58 58 60 60 60 60 60 60 60 61 60 59 60 61 59 57 59 59 59 59 59 59 59 59 59 59 59 59 59 59 59 59 59 59 59 59 60 60 61 62 62 61 60 59 58 58 57 
52 52 54 43 46 47 38 38 36 39 38 40 29 28 24 16 18 14 20 22 23 25 28 32 34 36 36 37 39 41 45 50 52 53 53 56 58 54 54 59 53 30 9 6 17 34 27 41 58 59 61 62 56 53 39 39 56 65 62 63 60 58 63 60 60 46 27 25 27 33 31 34 50 57 59 59 59 59 59 59 59 58 59 60 60 60 59 58 58 58 59 59 59 58 58 60 59 59 60 61 61 61 61 61 61 61 61 61 60 59 61 59 58 61 63 62 58 58 61 59 56 58 57 63 59 55 64 59 59 63 59 60 57 59 59 59 60 59 61 61 58 57 62 58 58 59 60 60 60 59 59 59 59 59 59 60 59 59 59 59 60 61 61 61 61 61 60 60 59 59 60 61 60 58 58 58 59 59 60 60 60 60 60 60 61 61 61 61 60 60 60 60 60 60 61 61 61 62 61 60 60 59 59 58 58 60 60 60 60 60 60 60 62 61 60 61 62 60 58 59 59 59 59 59 59 59 59 59 59 59 59 59 60 61 60 60 59 59 59 58 59 60 61 61 60 59 59 58 55 57 
31 34 38 33 33 38 36 37 36 39 41 42 46 44 46 52 58 49 60 62 61 63 68 71 74 74 71 70 69 70 72 73 70 64 59 54 44 31 23 21 20 12 6 16 23 28 35 46 59 55 60 52 44 35 31 30 34 40 40 43 55 61 62 57 60 54 40 36 39 44 42 44 54 57 57 57 57 57 57 57 57 55 56 57 57 56 56 56 56 56 57 58 58 57 56 57 57 57 58 59 58 58 58 59 60 60 59 59 59 60 60 57 55 56 56 58 61 61 63 60 58 60 59 62 61 58 64 61 63 64 61 61 58 60 59 59 64 63 65 65 60 58 63 61 61 62 62 61 61 61 61 61 61 60 60 60 60 58 59 60 61 62 62 61 61 61 60 60 59 59 60 62 61 60 59 59 60 60 60 61 61 61 61 61 61 61 62 61 60 60 60 60 60 60 60 61 61 61 60 60 60 59 59 59 59 59 59 60 60 60 61 61 63 62 61 61 62 60 59 59 59 59 59 59 59 59 59 60 60 59 59 59 60 61 60 60 60 59 59 58 58 59 59 59 59 58 59 59 56 58 
34 39 41 47 56 60 62 64 65 65 65 64 63 48 44 49 49 46 48 44 41 39 38 36 33 31 28 28 27 24 21 18 15 11 9 8 7 7 6 5 6 10 19 31 40 40 43 47 51 56 51 45 31 18 18 18 18 19 18 32 51 59 55 48 52 56 48 48 49 50 51 52 53 53 52 52 52 52 52 52 52 54 54 54 53 53 53 54 56 54 54 57 59 57 54 55 56 58 58 57 55 54 54 56 57 57 56 55 55 56 56 56 56 57 57 57 58 58 59 60 60 61 58 57 57 57 57 57 57 56 57 60 62 62 60 57 61 62 62 62 62 62 62 61 60 61 60 61 61 60 63 62 62 61 61 60 60 58 59 61 63 63 63 62 60 60 61 61 61 61 61 62 62 62 62 62 62 62 61 61 62 62 63 63 62 60 62 61 59 58 59 60 60 60 60 60 60 60 60 60 60 60 60 60 60 58 58 59 60 61 62 62 62 61 61 60 60 59 59 59 59 59 59 59 59 59 60 60 60 60 59 59 59 59 59 59 59 59 59 59 59 59 59 59 59 59 60 61 60 60 
49 52 51 51 55 50 50 52 53 53 52 52 50 33 22 16 12 11 14 8 8 7 7 6 6 5 4 5 5 5 5 5 5 5 4 4 5 6 7 10 18 33 48 53 52 53 56 55 55 58 54 53 42 23 11 12 18 14 18 37 53 57 54 49 54 57 51 49 50 50 51 52 53 53 52 52 52 52 52 52 52 55 55 56 56 57 58 58 56 55 56 57 59 57 55 55 56 57 57 56 53 53 53 53 53 53 53 53 54 55 55 55 55 55 55 56 56 56 56 55 55 54 53 52 53 53 54 54 54 53 54 57 59 59 59 57 59 60 60 60 60 60 60 54 55 56 58 60 61 62 61 61 61 60 59 59 59 58 59 60 61 61 60 60 60 60 61 61 62 62 62 62 62 62 62 62 62 61 60 60 61 61 62 62 61 61 62 61 59 59 60 61 61 60 59 60 60 61 61 60 60 60 60 60 60 59 58 59 60 61 62 63 62 61 61 61 60 60 60 60 60 60 60 60 60 59 59 59 59 59 59 59 59 59 59 59 59 59 59 59 59 59 59 59 59 59 59 59 59 58 
56 59 56 53 54 55 56 57 57 57 57 57 60 52 48 45 39 37 40 36 33 31 29 26 23 21 19 19 18 17 16 16 15 14 16 17 19 24 30 37 47 56 61 59 56 58 62 59 58 58 56 59 53 35 18 15 21 19 27 49 57 57 55 52 56 59 55 57 59 59 60 60 61 62 58 58 58 58 58 58 58 59 59 59 59 59 60 59 59 58 59 60 61 60 58 58 59 59 59 57 55 56 58 57 56 56 56 58 58 57 57 57 57 57 57 58 58 57 56 55 54 53 53 54 54 54 54 54 55 54 54 54 54 54 53 53 55 55 55 55 55 55 55 54 54 55 56 57 58 59 58 58 58 58 57 57 57 57 57 57 58 57 56 56 56 57 58 58 59 59 60 60 60 60 60 60 60 60 60 60 60 61 61 61 61 62 63 62 60 60 61 62 61 59 58 59 60 61 61 61 61 61 61 61 61 59 59 60 60 61 62 62 61 61 61 61 60 60 60 60 60 60 60 60 60 60 59 59 59 59 59 59 59 60 60 60 60 60 60 60 59 59 59 59 59 59 59 58 58 58 
58 60 57 55 56 56 57 57 57 57 57 57 56 57 60 61 57 56 61 63 61 58 56 54 50 47 47 47 45 44 44 44 44 44 47 49 49 51 58 61 60 58 58 59 59 56 58 58 57 58 56 62 59 48 40 24 20 35 44 57 60 58 57 55 59 62 59 58 59 59 60 60 61 61 60 60 60 60 60 60 60 62 62 61 61 59 59 58 62 62 63 63 63 62 62 62 62 62 62 61 59 60 64 62 61 60 62 64 63 61 61 61 61 61 61 61 61 60 60 59 58 57 59 60 60 59 58 58 58 60 60 58 56 55 54 54 57 57 57 57 57 57 57 58 58 58 57 56 56 55 57 57 57 57 57 57 57 57 57 56 56 55 55 54 54 54 54 55 56 56 57 58 58 58 58 58 58 58 58 58 58 59 59 58 59 61 62 61 59 58 60 61 60 59 57 58 59 60 61 61 61 61 61 61 61 59 59 60 60 60 61 61 60 60 61 61 60 60 60 60 60 60 60 60 60 60 60 60 60 60 60 60 60 60 60 60 60 60 60 60 59 59 59 59 59 59 59 59 58 58 
58 59 56 55 58 58 58 58 57 57 57 58 63 63 61 57 54 56 61 57 56 57 58 59 57 56 57 57 57 57 58 59 60 62 64 63 59 56 56 56 54 56 59 62 61 57 57 57 58 60 58 64 62 55 60 30 18 52 60 58 61 59 59 59 61 63 63 61 60 61 61 61 62 62 60 59 59 59 59 59 59 60 60 60 60 60 60 60 61 62 63 62 61 61 61 62 62 62 62 62 61 62 64 63 61 61 62 63 63 62 62 62 62 62 62 61 60 61 61 61 61 61 64 65 64 62 61 60 59 62 63 62 61 61 61 61 62 62 62 62 62 62 62 61 61 60 59 58 57 57 59 59 60 60 60 60 61 61 60 59 58 57 58 57 56 56 56 56 56 56 57 57 57 57 57 57 57 57 56 56 55 55 55 55 56 57 58 57 55 55 56 58 59 58 58 58 58 59 60 60 60 60 60 60 60 59 58 59 59 59 59 59 58 59 59 59 60 60 60 60 60 60 60 60 60 60 60 60 60 60 60 60 60 59 59 59 59 59 59 59 59 59 59 59 59 59 59 60 59 59 
57 58 55 53 56 59 59 58 57 57 57 58 58 60 59 57 55 56 58 57 56 57 58 59 58 56 56 57 57 57 57 57 57 59 59 59 58 56 55 55 58 60 60 58 57 60 61 58 59 61 58 64 63 57 64 35 22 61 67 58 61 59 59 60 60 62 64 61 60 60 60 60 60 60 60 60 60 60 60 60 60 58 58 59 60 61 61 61 59 61 62 60 58 58 59 60 60 60 60 61 62 62 61 61 61 61 61 61 61 61 61 61 61 61 61 60 60 60 61 61 62 62 63 63 62 62 61 60 60 60 61 61 62 62 63 64 62 61 61 61 61 61 61 61 61 61 61 60 60 60 62 62 63 63 63 63 64 63 62 61 60 60 61 61 61 61 60 60 59 59 59 59 59 59 59 59 59 58 57 56 56 55 55 55 55 56 57 56 54 54 54 57 58 59 60 60 59 58 59 60 60 60 60 60 60 58 58 58 58 58 58 58 57 58 58 58 58 59 59 59 59 59 59 59 59 59 59 59 59 59 59 59 59 59 59 59 59 59 59 59 59 59 59 59 59 59 59 59 59 59 
57 59 57 55 57 60 60 58 57 57 57 58 56 56 54 53 54 56 57 60 59 59 60 60 59 57 55 56 58 59 59 57 57 58 56 55 58 60 61 60 59 58 57 58 58 58 59 59 60 60 56 63 63 58 57 38 34 61 64 59 59 58 58 59 59 60 62 60 58 58 58 58 58 58 60 60 60 60 60 60 60 60 60 60 60 60 60 59 59 61 62 60 57 58 59 59 59 59 60 61 63 63 61 62 63 63 62 61 61 61 61 61 61 61 61 61 61 61 61 61 61 62 60 58 59 59 60 61 61 61 61 62 63 63 63 63 61 61 61 61 61 61 61 62 62 62 61 61 61 61 61 61 62 62 63 63 63 62 61 60 59 60 61 62 64 64 63 62 61 60 60 61 61 61 61 61 61 61 61 61 60 60 59 59 58 59 60 59 57 57 58 59 60 62 64 63 62 59 59 59 59 59 59 59 59 57 57 57 57 57 56 56 56 56 56 57 57 58 58 58 58 58 58 58 58 58 57 57 57 57 57 57 57 58 58 58 58 58 58 58 59 59 59 59 59 59 59 58 58 57 
58 60 60 58 58 61 60 59 59 59 58 58 58 58 55 53 53 56 58 59 58 58 59 60 58 57 55 56 58 59 59 58 58 58 56 56 58 59 58 58 60 58 59 61 61 58 58 60 60 60 58 60 61 59 56 46 44 57 63 61 57 57 59 61 59 58 58 59 59 60 60 61 60 58 59 60 61 60 60 61 61 62 62 61 60 60 59 59 60 61 62 61 59 59 59 59 60 59 59 62 63 62 62 63 63 63 62 61 61 62 62 61 61 61 61 61 61 61 61 61 60 60 60 60 60 60 61 61 62 62 62 62 62 62 61 60 60 61 61 61 61 61 62 62 62 62 62 61 61 61 61 61 61 62 62 62 63 62 61 60 60 60 60 61 63 63 62 62 61 61 61 62 62 62 62 63 63 63 64 64 64 63 63 63 62 62 63 62 61 61 62 62 62 65 65 63 62 62 61 60 60 60 60 60 60 59 59 58 58 58 58 57 58 58 58 58 59 59 59 58 57 57 57 57 57 58 58 58 56 55 55 55 56 56 56 57 57 57 57 58 59 59 59 59 58 58 57 57 58 57 
58 60 60 59 58 59 58 58 59 60 58 56 57 58 58 56 55 57 60 60 58 57 58 59 58 56 58 58 59 59 58 57 57 57 58 59 60 59 57 57 59 59 59 59 59 59 60 62 62 61 61 60 60 59 56 49 46 53 63 61 56 56 61 62 60 58 57 59 59 60 62 62 61 58 58 60 62 62 61 61 63 62 62 62 61 60 60 60 60 61 61 61 60 59 58 59 62 60 58 62 63 60 62 62 61 61 61 60 61 62 62 61 61 60 60 60 60 60 61 61 61 60 62 63 63 62 62 61 61 61 61 61 61 60 59 59 60 60 60 60 61 61 62 62 62 62 62 62 62 62 62 62 62 62 62 62 62 62 62 61 61 61 61 60 61 61 61 61 61 61 61 61 61 62 62 63 63 63 64 64 64 64 64 64 64 63 63 63 63 63 63 63 64 65 64 62 62 63 63 62 62 62 62 62 62 62 62 62 61 61 61 60 62 62 62 62 62 62 62 59 57 57 57 57 58 59 61 59 58 56 56 56 56 55 55 56 56 56 57 57 57 57 57 57 56 55 54 55 57 57 
58 59 59 59 58 58 58 57 59 60 59 57 57 58 58 57 56 57 59 60 58 58 58 59 58 56 58 59 59 59 58 57 56 56 57 59 60 60 59 58 56 57 57 58 59 60 61 63 62 62 62 61 61 59 55 49 47 54 62 60 57 59 61 62 60 58 59 61 61 60 62 63 62 59 58 60 62 62 61 61 62 62 62 62 61 60 60 60 61 61 61 61 60 59 59 60 62 60 60 63 63 61 62 62 62 61 61 61 61 63 62 62 61 60 59 59 60 61 62 62 62 62 63 63 63 62 62 61 61 61 61 62 62 61 61 62 61 61 61 61 62 62 63 62 62 62 62 62 62 62 62 62 62 62 62 62 62 62 61 61 61 62 62 61 61 61 61 61 61 61 61 62 62 62 63 63 63 63 64 64 64 64 64 64 64 63 63 63 63 63 63 63 64 65 64 62 62 63 63 62 62 62 62 62 62 64 63 63 63 62 62 61 63 64 64 64 64 64 64 60 59 58 58 58 59 60 61 60 60 60 60 59 58 56 56 56 57 57 57 57 55 56 56 56 55 54 53 53 55 56 
58 58 59 59 59 58 57 58 59 61 60 58 57 58 58 57 56 58 59 61 59 58 58 59 58 57 59 60 60 59 58 57 56 57 58 59 59 60 59 60 60 60 60 60 60 60 60 61 61 60 60 59 59 59 57 53 52 58 63 62 60 60 62 61 60 60 61 62 62 61 62 64 63 61 59 61 63 62 61 61 62 62 62 62 61 60 60 60 61 61 62 61 61 60 59 61 62 61 61 63 63 62 63 62 62 62 61 61 62 64 63 62 60 59 59 59 60 61 62 63 64 65 64 63 63 62 62 61 61 61 62 62 63 63 63 64 62 62 62 63 63 64 64 62 62 62 62 62 62 62 62 62 62 62 62 62 62 61 61 61 62 63 63 62 62 62 62 62 62 62 62 63 63 63 63 63 63 63 63 63 63 63 63 63 63 63 63 63 63 63 63 63 64 65 64 62 62 63 63 63 63 63 63 63 63 63 63 62 62 61 61 61 63 63 63 63 63 63 63 61 60 60 59 60 61 61 59 61 62 63 63 62 60 59 59 59 60 60 60 60 57 58 58 58 57 56 56 56 58 58 
57 58 58 59 59 59 58 58 60 61 60 58 57 59 60 58 57 58 59 61 59 58 59 60 59 57 60 60 60 60 59 57 58 61 60 60 59 59 58 59 62 61 61 60 59 58 59 60 59 59 58 58 58 59 57 54 56 60 62 62 61 61 62 61 59 60 63 64 62 61 62 63 63 62 59 61 63 62 61 60 61 62 62 62 61 60 60 60 61 62 62 62 61 60 60 62 61 62 62 62 63 64 63 63 62 62 62 61 62 63 63 62 61 60 59 60 61 62 63 64 65 66 64 63 63 62 62 61 61 62 62 62 63 64 64 65 63 62 63 63 64 64 64 62 62 62 62 62 62 62 62 62 62 62 62 62 62 61 61 62 63 63 64 64 62 62 62 62 62 62 63 63 63 63 63 63 63 63 63 63 63 63 63 63 63 63 63 63 63 63 63 63 64 65 64 62 62 63 63 63 63 63 63 63 63 62 62 62 61 61 60 60 61 61 61 61 61 61 61 62 62 61 61 61 62 61 58 60 62 63 63 62 61 61 61 61 62 62 63 62 61 61 61 61 60 59 59 60 62 60 
57 57 58 59 59 60 60 59 61 61 60 57 58 59 60 60 58 58 59 61 59 59 59 60 59 57 59 59 60 60 60 59 60 64 62 60 58 58 57 58 60 60 61 61 61 61 61 61 60 60 59 59 59 59 58 57 61 64 63 62 61 62 62 60 59 60 63 64 63 60 61 62 62 62 60 62 63 62 60 60 61 62 62 62 61 60 60 60 62 62 63 62 61 60 60 61 60 62 63 62 62 64 63 63 63 62 62 62 62 62 62 61 61 61 60 60 61 62 63 64 65 65 64 63 63 62 62 61 61 62 63 63 63 63 64 64 63 62 63 63 64 64 64 62 62 62 62 62 62 62 62 62 62 62 62 62 62 62 62 62 63 63 64 64 63 63 63 63 63 63 63 64 64 64 63 63 63 63 63 63 63 63 63 63 63 63 63 63 63 63 63 63 64 65 64 62 62 63 64 64 64 64 64 64 64 64 64 63 63 62 62 62 62 62 62 62 62 62 62 62 62 61 61 61 62 62 58 60 61 62 62 61 61 60 60 61 61 61 62 62 61 62 62 62 61 60 59 60 62 62 
57 56 58 59 59 62 62 60 61 61 59 56 57 59 61 60 59 58 59 62 60 59 59 60 59 58 58 59 60 60 60 60 61 64 62 60 58 58 58 59 61 61 62 63 64 64 63 61 61 60 60 60 59 61 60 61 66 68 65 64 61 61 62 61 60 60 61 63 62 59 59 61 61 61 60 62 63 62 60 59 60 62 62 62 61 60 60 60 62 62 63 62 62 61 60 61 59 61 63 60 60 64 64 63 63 63 62 62 62 61 61 61 61 61 61 62 62 62 62 63 64 64 63 63 63 62 62 61 61 62 63 63 63 62 63 63 62 62 62 63 63 63 63 62 62 62 62 62 62 62 62 62 62 62 62 62 62 64 63 63 63 63 63 63 63 63 63 63 63 63 64 65 65 65 64 63 63 63 62 62 62 62 62 62 63 63 63 63 63 63 63 63 64 65 64 62 62 63 64 64 64 64 64 64 64 65 65 65 64 64 63 63 63 63 63 63 63 63 63 62 62 61 61 61 62 62 60 60 60 60 61 62 61 59 59 60 60 61 61 61 61 62 62 61 61 60 59 59 62 62 
57 56 57 59 60 63 63 61 61 60 58 55 57 60 61 61 59 58 59 62 60 59 60 61 59 58 57 58 59 61 61 61 62 62 61 60 58 59 60 61 61 61 61 60 60 60 60 60 59 59 58 58 58 59 58 59 66 67 62 62 60 60 62 61 60 59 60 63 61 58 58 60 61 61 60 62 64 62 60 59 60 62 62 62 61 61 60 60 62 63 63 63 62 61 60 60 58 60 62 59 59 63 64 64 63 63 62 62 61 59 60 61 61 62 63 62 62 62 62 62 62 62 63 63 63 62 62 61 61 62 63 63 62 62 61 61 61 61 62 62 62 63 63 62 62 62 62 62 62 62 62 62 62 62 62 62 62 65 64 64 63 63 62 62 63 63 63 63 63 63 64 65 65 65 64 63 63 63 62 62 62 62 62 62 63 63 63 63 63 63 63 63 64 65 64 62 62 63 64 64 64 64 64 64 64 64 64 64 63 62 62 62 63 63 63 63 63 63 63 62 62 61 60 61 62 62 63 62 60 60 61 63 63 60 61 61 61 62 62 62 62 63 63 62 62 60 60 61 63 62 
59 59 60 60 59 60 60 61 61 61 60 59 58 60 62 63 63 61 60 61 60 60 60 59 59 59 60 61 62 63 63 62 61 60 60 59 58 58 58 59 60 60 59 58 58 57 57 58 58 59 59 59 58 59 58 58 58 58 57 58 60 61 61 61 61 61 61 62 62 60 60 60 60 60 61 62 62 62 61 61 61 61 61 61 61 60 60 60 62 62 62 62 62 61 61 59 58 60 62 62 63 63 63 64 65 64 62 61 61 63 63 63 63 64 64 62 61 62 62 61 61 62 63 63 61 61 62 62 61 62 63 63 62 62 62 61 62 62 61 62 62 62 63 62 62 62 63 63 63 63 62 63 64 64 63 62 60 64 63 63 63 63 63 63 64 64 65 65 65 65 65 64 64 64 64 63 63 63 62 62 63 63 64 64 64 64 64 64 64 64 64 63 63 63 63 63 63 64 64 64 64 64 63 63 63 63 63 63 62 62 62 62 64 64 63 63 62 62 62 61 61 61 62 62 63 63 63 62 62 61 62 62 62 60 61 61 61 62 62 62 62 62 62 62 61 60 61 61 62 61 
