UP
9 10 9 7 6 5 5 5 5 6 7 8 9 13 9 10 16 22 22 22 24 21 26 30 40 19 10 13 22 20 22 24 26 51 33 7 4 4 4 6 5 4 4 5 5 4 4 5 6 5 5 6 6 7 9 12 12 11 9 8 7 8 7 9 8 6 5 5 5 5 6 7 6 5 5 5 5 6 8 7 6 6 6 6 7 9 14 17 15 12 14 14 9 8 12 11 7 6 7 8 8 8 6 5 5 5 5 5 5 5 7 5 4 4 5 5 5 5 6 7 8 9 9 10 10 10 10 10 8 6 5 4 4 6 8 8 6 5 5 6 6 5 6 7 8 8 8 8 9 10 10 8 7 6 9 10 11 11 12 11 5 5 8 12 13 12 14 13 11 9 10 12 14 15 13 13 12 11 11 11 11 9 8 7 6 6 6 7 5 4 5 7 7 7 6 6 5 5 6 5 5 6 6 6 6 6 7 6 6 6 6 7 6 6 7 8 10 11 9 6 5 6 7 6 5 6 6 6 6 6 7 7 7 5 4 4 5 5 5 5 6 6 8 10 11 12 12 10 8 7 
9 11 10 8 6 5 5 5 4 5 7 8 9 12 7 10 19 21 19 21 24 21 22 26 41 22 9 11 18 19 24 29 31 51 45 11 5 5 4 5 5 4 4 5 5 5 4 5 7 6 6 6 6 8 11 12 12 12 13 13 11 10 10 11 9 7 6 5 4 5 6 7 7 6 6 6 5 6 7 7 6 5 5 5 6 8 11 13 12 10 12 13 8 7 11 10 8 5 5 5 5 5 5 5 5 5 5 5 4 5 5 5 4 5 6 5 4 4 6 7 8 9 10 11 11 11 11 10 8 7 6 5 5 6 7 7 6 5 5 7 7 6 6 8 9 9 11 8 6 7 8 9 9 8 10 11 12 13 14 13 8 7 10 13 12 10 10 11 10 9 9 10 11 12 12 11 11 10 10 10 10 10 10 8 7 8 8 8 7 6 7 9 10 10 10 8 7 6 6 5 5 7 7 6 5 6 8 8 7 7 7 7 7 7 7 8 10 10 9 7 7 6 6 5 4 5 6 6 6 7 8 7 6 5 4 4 4 6 5 5 6 7 11 15 18 17 16 14 12 9 
10 12 11 10 9 8 9 9 9 10 10 9 8 11 8 11 16 15 13 14 15 17 16 17 27 16 7 9 14 15 20 25 26 36 36 12 9 11 8 7 7 7 7 8 7 6 6 7 8 7 6 6 6 7 8 11 12 17 25 28 22 14 12 16 15 10 6 6 7 6 6 7 8 8 8 8 7 8 8 8 6 6 6 5 6 8 11 12 12 11 11 12 9 8 11 12 11 11 10 8 7 6 6 6 6 6 6 6 6 5 5 6 6 6 7 6 5 5 6 7 7 8 8 8 9 9 8 7 6 5 5 5 6 6 7 6 5 5 6 7 7 6 5 7 8 8 9 10 10 11 11 11 11 10 11 11 11 11 11 11 11 13 16 13 8 6 7 8 7 8 8 8 8 8 9 9 9 9 8 8 8 11 13 10 7 9 11 9 8 7 8 10 11 11 11 9 9 8 7 6 6 7 9 8 7 8 9 9 9 9 8 8 8 8 9 9 10 8 8 7 6 6 5 6 5 6 6 6 5 6 6 6 5 5 5 4 4 5 5 6 7 8 8 11 11 11 11 11 10 9 
11 12 12 11 12 12 14 14 14 15 14 12 10 15 17 17 15 13 14 14 10 18 19 15 18 13 9 7 9 10 13 15 16 18 17 10 13 18 16 14 17 15 15 14 13 13 14 15 13 14 14 13 13 13 13 11 12 18 29 34 28 19 11 15 15 10 7 7 8 6 7 8 9 9 9 9 9 9 10 10 9 8 8 8 10 11 12 12 12 12 13 15 10 8 9 8 7 9 9 8 8 8 8 8 6 6 7 8 8 7 7 7 6 7 7 6 6 6 6 6 5 5 5 5 6 7 7 6 5 5 5 5 5 5 5 5 4 4 5 5 5 5 5 7 9 10 6 8 10 9 7 8 10 12 12 11 11 10 10 10 8 10 11 11 8 7 9 8 9 9 9 9 9 9 8 8 9 9 9 9 8 11 14 11 8 10 12 10 9 7 7 8 8 8 9 8 8 8 8 7 7 7 7 8 9 8 8 8 8 8 8 7 7 7 6 6 7 6 6 6 5 4 6 6 5 5 5 5 4 5 5 5 5 5 5 5 5 5 5 7 7 6 5 5 5 6 6 6 6 7 
12 12 11 11 11 13 14 13 12 13 14 16 17 18 23 21 15 15 18 17 9 21 24 19 18 17 17 13 13 14 14 15 17 16 13 12 14 16 16 16 20 19 17 15 16 20 22 21 25 25 23 19 17 16 15 12 12 13 18 22 21 18 15 14 12 12 13 11 7 7 7 8 9 10 10 9 9 10 11 12 12 12 12 11 13 14 13 11 11 11 12 12 8 7 7 5 5 4 5 5 6 6 6 6 6 6 7 8 8 8 8 8 8 8 8 7 7 8 7 7 7 7 7 8 9 7 8 7 7 6 7 8 8 8 7 7 8 8 8 11 11 10 10 12 14 14 12 14 13 11 12 19 28 30 25 23 21 17 14 13 12 9 7 8 10 9 7 7 8 8 8 7 8 8 7 8 8 9 9 8 7 11 12 10 8 10 11 11 8 6 5 6 6 6 6 5 6 7 6 7 7 6 6 6 7 7 7 6 6 7 6 6 6 6 5 4 6 4 5 6 5 5 7 7 6 6 7 6 6 6 7 7 7 7 6 6 7 10 9 9 8 6 5 6 5 7 7 6 6 7 
10 11 11 11 11 12 12 12 11 12 14 15 15 18 18 17 16 17 17 17 10 18 22 24 22 21 22 20 19 18 15 14 17 15 13 15 12 12 13 13 14 17 15 13 15 21 22 18 18 18 15 11 11 12 12 14 13 13 14 16 17 17 18 17 15 16 18 15 9 8 8 9 10 11 10 9 10 11 11 12 13 13 12 11 13 14 13 12 12 13 11 11 8 8 9 7 6 5 5 6 6 5 5 4 5 5 5 6 7 7 7 9 9 11 11 9 8 9 10 11 12 12 11 11 12 10 10 11 10 10 11 12 15 14 14 15 16 16 16 17 17 16 15 17 18 17 21 21 21 21 23 28 34 35 30 28 27 23 19 18 18 15 11 9 8 9 9 7 7 7 6 6 7 8 8 8 9 9 8 7 6 8 8 7 7 7 8 9 8 5 4 5 5 5 5 4 5 5 5 6 8 8 7 6 5 7 9 9 7 6 7 8 10 11 9 8 7 5 6 10 10 9 9 10 9 9 10 9 9 10 10 11 11 9 9 9 11 14 13 12 11 8 7 7 6 7 8 9 8 8 
8 10 10 10 11 12 11 12 12 12 13 11 11 16 13 14 16 15 14 14 10 13 17 23 24 24 23 20 19 16 11 10 11 9 10 12 10 10 13 14 14 17 16 13 16 21 20 15 16 16 15 13 14 18 22 17 17 16 16 17 17 18 18 18 17 16 15 14 13 9 9 9 10 11 11 10 10 11 11 11 11 11 10 9 11 12 12 12 13 15 13 13 10 10 11 8 7 6 6 6 6 6 5 5 5 4 4 5 5 5 5 7 8 10 11 9 8 8 10 10 12 13 12 12 11 12 11 12 12 12 12 13 12 12 12 12 13 13 13 14 15 15 15 17 18 17 19 19 20 20 19 17 14 13 11 11 13 13 11 11 12 14 12 9 8 12 19 10 8 8 8 7 10 12 11 11 12 10 9 8 6 7 5 4 5 4 5 8 8 5 5 6 5 5 6 5 6 6 5 8 12 12 11 7 5 9 15 14 9 6 8 11 17 19 18 13 7 6 11 16 15 11 11 12 11 11 11 10 10 10 11 12 12 11 10 11 13 14 14 14 12 9 6 6 6 6 8 10 11 9 
5 6 6 6 8 8 7 9 7 7 7 7 8 9 9 9 8 9 10 9 9 8 11 14 17 21 21 20 20 16 12 9 9 8 8 10 10 9 11 14 16 16 17 14 14 17 15 13 16 17 16 14 13 17 23 20 17 14 12 12 13 14 14 14 14 12 11 12 13 10 9 9 9 9 9 10 8 10 11 10 9 9 8 8 8 8 9 10 11 12 12 12 8 8 9 7 6 6 6 6 7 7 5 4 4 4 4 4 4 5 5 5 6 8 9 8 7 7 9 7 8 9 9 10 11 11 8 9 10 10 9 11 9 9 9 9 9 9 9 9 10 10 11 11 10 10 10 10 9 9 9 9 9 6 5 6 7 7 6 6 6 7 7 7 9 14 20 14 6 8 10 8 11 14 13 11 13 9 10 10 5 5 4 4 5 4 5 7 8 6 7 8 6 5 7 6 7 6 6 11 16 15 13 8 6 12 20 18 8 6 8 10 21 20 20 9 5 8 16 20 13 9 11 11 10 11 11 10 9 9 10 10 9 9 9 10 10 11 13 14 12 9 7 7 7 7 9 10 14 10 
4 7 7 6 6 6 6 8 6 5 5 5 6 7 7 6 5 6 6 6 7 6 8 8 9 16 22 18 20 15 9 6 6 8 8 9 10 10 11 11 10 11 12 10 9 10 10 10 11 11 11 9 7 7 8 13 12 9 7 6 6 7 9 9 9 9 10 9 9 10 9 9 9 8 7 8 8 9 9 8 7 8 8 7 7 7 8 8 9 10 10 10 6 6 7 5 4 5 5 5 6 6 5 4 4 4 4 4 4 5 5 5 5 6 7 7 6 6 8 6 7 8 7 7 10 8 5 6 7 6 6 7 6 6 6 6 6 6 6 6 6 6 6 5 5 5 5 5 5 6 6 6 7 5 5 6 7 7 7 8 7 8 9 9 10 14 18 12 6 7 8 8 12 14 13 9 11 9 11 9 5 4 5 5 7 6 7 7 7 6 6 6 6 6 7 6 8 7 6 10 16 16 12 8 7 12 19 17 9 7 10 10 18 17 18 10 8 9 15 17 12 9 12 11 10 11 12 11 10 10 10 9 9 10 11 12 12 12 12 12 10 8 7 7 6 6 9 10 14 11 
5 7 9 7 7 6 6 9 7 6 6 6 7 9 9 7 6 7 7 7 14 8 7 7 8 14 21 16 17 13 7 4 5 7 9 11 11 10 11 11 10 11 11 12 11 11 12 12 12 13 12 11 11 11 11 12 11 10 9 7 6 7 6 7 7 7 7 7 6 7 6 6 7 6 5 6 6 7 7 6 6 7 7 6 6 7 7 9 10 11 12 12 7 7 7 5 4 5 5 5 6 7 6 4 4 4 4 4 4 4 4 4 5 5 6 6 6 5 6 5 7 10 10 9 12 9 6 5 5 5 4 5 5 5 5 5 5 5 5 6 5 5 4 4 5 5 5 5 5 5 5 5 5 5 5 7 8 7 7 8 9 9 9 9 10 12 15 13 11 11 11 13 16 17 18 12 13 12 12 9 7 11 14 10 10 12 18 17 16 17 17 16 19 21 20 18 22 18 12 13 18 18 13 11 11 14 17 15 12 12 15 14 19 17 19 14 14 13 15 17 14 12 14 12 11 12 13 12 12 13 10 9 9 11 13 13 11 12 12 11 8 7 7 9 8 8 10 11 14 11 
7 8 9 7 7 6 7 10 9 8 7 6 7 9 9 8 6 7 7 7 13 7 6 7 9 13 14 11 12 10 7 7 8 8 14 16 15 11 12 15 19 14 13 16 18 17 17 13 13 15 15 14 15 16 14 16 13 12 13 10 6 4 6 7 7 6 5 5 7 6 5 5 6 6 6 6 6 7 8 7 7 7 5 4 5 6 8 10 11 12 12 12 8 7 8 6 5 5 5 5 6 6 5 4 4 4 4 4 4 4 5 4 5 6 8 8 7 6 6 6 10 22 27 20 21 16 9 6 6 5 5 6 5 5 5 5 5 5 5 6 6 5 5 5 5 6 6 6 6 6 6 6 6 4 4 6 6 5 5 6 8 8 8 7 8 9 11 11 12 11 12 15 18 17 14 12 13 11 11 8 11 27 38 37 37 39 45 36 29 33 31 31 38 42 38 34 39 31 19 16 17 16 13 15 16 15 13 12 13 15 17 15 17 15 17 16 21 16 14 14 11 9 10 10 9 10 11 11 11 13 10 8 8 9 10 10 8 10 11 10 8 7 11 18 19 18 20 19 21 18 
11 10 10 8 7 7 7 11 10 8 7 5 6 9 9 8 8 8 10 9 12 9 9 8 11 14 11 7 8 8 9 12 14 13 17 18 15 10 10 17 26 16 13 19 22 19 17 10 7 10 13 14 15 15 12 15 10 10 13 11 6 3 5 6 6 5 4 5 9 10 8 7 8 8 8 8 10 12 13 12 11 8 5 4 5 6 8 9 10 11 10 10 7 7 9 8 7 7 7 8 9 9 7 6 5 5 5 5 5 5 5 5 6 7 8 9 8 6 6 6 13 35 45 31 29 23 13 7 7 6 5 6 5 6 6 6 6 6 6 6 6 5 5 5 6 6 6 7 7 7 7 6 6 3 3 4 5 5 5 7 7 6 6 6 7 7 8 6 7 7 8 11 11 12 8 10 11 8 8 6 10 22 33 33 35 34 36 27 25 27 26 26 30 32 28 30 36 29 17 14 14 12 12 15 15 12 8 9 12 12 12 12 11 11 11 12 15 11 9 9 8 7 7 7 6 7 7 7 8 9 8 7 6 6 7 7 6 9 10 10 8 8 13 21 20 18 20 19 20 19 
15 12 12 10 9 9 19 33 41 48 54 57 65 71 75 76 76 81 86 85 88 71 38 11 7 12 12 7 7 8 10 15 18 16 15 16 13 9 9 15 22 14 11 20 22 17 15 8 6 11 14 14 16 18 16 11 7 8 11 11 7 5 6 7 6 4 4 6 9 10 8 7 8 9 9 9 13 15 16 16 14 10 6 5 6 6 7 8 8 9 9 9 7 7 10 9 8 10 10 10 12 12 11 9 7 7 7 7 8 7 7 9 9 8 8 8 7 5 5 6 12 35 44 28 28 23 13 8 8 7 6 6 6 7 7 7 7 7 7 6 6 6 5 5 5 6 6 7 7 7 7 6 6 4 4 4 5 6 6 7 5 6 8 10 10 10 10 12 12 9 10 11 10 13 8 14 15 11 11 7 8 23 27 23 22 21 26 24 18 18 18 19 21 20 17 21 27 25 18 17 18 15 12 11 11 9 6 7 10 10 9 9 9 9 9 10 8 7 7 8 9 9 9 8 7 7 7 7 8 10 10 9 8 7 7 8 8 11 11 11 9 9 10 13 12 10 12 10 11 11 
14 11 12 11 10 10 26 44 54 60 64 64 71 82 87 90 93 101 108 108 124 149 119 51 20 14 10 9 10 9 11 14 16 15 16 15 12 10 11 15 18 12 12 22 22 16 16 10 9 11 10 7 7 10 12 12 8 8 10 9 7 7 9 8 7 5 5 5 7 7 5 4 5 7 8 8 11 13 14 14 14 11 7 5 6 7 8 9 8 9 8 9 6 6 8 6 6 6 6 7 8 9 8 7 6 7 10 13 16 19 21 17 15 11 9 9 8 6 5 6 11 31 36 21 24 20 12 8 9 8 6 5 6 6 6 6 6 6 6 6 6 6 5 5 5 5 4 5 6 8 9 10 10 6 5 5 6 6 6 6 5 8 11 15 17 16 14 20 17 11 10 9 7 11 9 19 22 20 23 16 14 17 17 14 14 12 15 15 11 10 11 14 15 13 12 11 16 16 14 16 17 14 12 9 8 8 7 8 9 11 10 11 10 11 10 11 12 11 11 12 11 10 10 13 11 11 11 12 13 15 15 14 12 11 11 12 14 13 13 13 14 14 14 12 11 9 10 9 9 9 
14 13 14 12 13 10 23 47 48 55 49 49 50 54 53 55 58 61 69 81 80 119 137 104 43 12 12 12 14 12 14 14 12 14 15 14 13 14 15 16 16 12 18 20 16 17 18 14 12 11 13 11 9 11 11 13 13 13 15 13 10 12 12 12 12 10 7 6 8 9 9 9 8 8 10 12 13 15 14 13 14 12 9 7 9 9 8 10 7 7 8 8 7 6 5 4 4 4 3 4 6 8 8 6 5 6 8 14 20 22 21 20 13 8 6 6 5 5 7 7 9 12 13 12 12 10 8 7 6 7 6 5 6 7 7 7 6 7 8 8 8 9 8 8 7 6 7 8 9 10 12 14 16 13 14 16 17 18 16 14 8 10 12 13 12 11 9 12 13 12 9 8 10 15 11 15 23 16 18 15 12 14 13 12 12 13 14 12 11 11 11 11 12 12 12 11 11 12 12 13 14 15 14 13 12 13 15 16 15 16 13 13 13 10 10 14 15 13 13 13 12 11 11 13 11 12 13 13 12 12 13 11 10 10 10 11 12 13 11 10 11 13 12 10 9 8 8 9 8 9 
15 13 13 11 11 9 15 33 50 59 58 55 53 55 54 56 59 60 66 75 84 90 114 130 96 40 12 11 16 13 12 17 18 14 13 15 16 17 18 18 18 18 19 19 18 20 20 17 16 17 22 21 16 13 11 15 15 14 16 16 13 15 15 15 15 13 9 8 9 14 15 16 14 12 13 15 13 15 15 14 14 13 10 9 10 10 8 10 7 7 9 8 8 7 6 5 4 4 3 4 6 9 9 8 5 4 6 11 18 20 18 19 13 8 6 6 6 7 8 6 6 7 7 7 7 7 6 6 5 5 6 7 7 7 8 8 8 8 9 10 10 10 10 9 9 8 9 10 10 11 13 16 19 17 17 18 19 19 18 16 10 11 10 9 10 12 11 11 12 13 11 10 11 14 8 9 15 14 18 14 8 9 10 11 13 16 17 18 17 17 16 16 16 15 15 16 16 16 16 16 17 18 18 16 15 15 17 18 18 18 15 14 13 10 10 13 12 9 9 11 11 9 8 9 8 8 10 11 12 15 14 10 8 8 9 9 10 11 10 9 11 11 10 8 10 10 10 9 8 9 
20 21 26 28 28 26 21 31 55 57 58 55 53 54 53 56 60 60 64 70 77 80 98 123 138 96 32 7 13 11 10 16 18 16 14 14 14 14 15 15 16 20 17 16 17 19 20 19 20 19 23 22 16 12 10 11 12 10 12 13 11 12 12 12 13 12 9 7 8 10 13 15 13 11 10 12 12 13 13 13 13 11 9 9 9 8 7 10 8 9 9 8 8 7 7 6 5 5 5 5 6 8 8 8 7 6 6 10 15 17 14 15 12 8 6 7 9 11 11 8 6 7 7 7 7 7 6 5 5 5 6 8 7 7 8 8 7 7 7 7 7 7 7 7 6 6 5 5 5 5 6 8 10 13 12 12 13 13 13 13 13 14 13 12 13 14 14 13 14 15 15 15 14 13 15 14 18 20 23 17 9 7 8 9 10 10 11 12 16 16 16 16 16 17 17 17 16 16 17 18 19 20 20 18 16 15 16 18 19 18 15 14 14 12 12 14 15 11 11 14 15 11 7 8 7 8 9 11 15 20 18 12 9 10 11 11 12 13 12 11 12 12 10 8 11 11 11 10 9 10 
30 32 40 44 44 42 24 27 48 46 51 52 53 52 51 54 59 61 63 67 69 80 91 96 130 138 82 21 12 8 10 12 12 15 13 11 10 10 12 14 15 16 13 14 16 17 18 20 17 14 17 19 17 17 16 15 16 12 12 14 12 12 9 8 10 11 10 9 9 9 11 13 11 9 9 11 13 12 13 13 13 12 10 10 10 10 8 10 7 9 6 6 6 6 6 5 5 6 5 6 7 8 8 8 7 6 5 6 8 8 8 7 7 6 5 6 8 10 10 8 6 7 8 7 7 7 6 6 6 7 7 7 6 6 6 6 7 7 7 7 7 7 6 5 5 5 4 4 4 4 5 6 7 5 6 8 12 17 23 25 23 26 27 26 26 25 22 27 27 27 28 28 26 24 25 23 25 25 24 21 14 8 8 9 8 7 7 8 10 10 11 12 13 14 14 17 17 16 16 16 17 17 16 15 14 13 13 13 13 14 13 14 15 15 14 15 16 13 14 17 16 11 8 8 8 8 9 11 16 22 19 13 10 10 11 11 10 14 12 11 11 12 11 10 12 13 12 11 10 12 
26 21 23 26 25 26 21 23 40 45 50 50 52 50 48 52 58 61 63 66 73 71 83 94 108 132 135 80 28 10 16 18 14 20 13 11 10 10 12 12 11 11 11 12 13 14 15 16 14 10 15 21 21 21 21 22 21 14 12 15 14 13 9 7 7 9 9 9 10 9 11 11 10 8 8 9 10 10 10 11 11 10 9 9 9 10 8 8 6 10 11 12 13 12 11 11 12 9 9 9 8 8 8 9 7 7 7 6 6 6 7 6 7 7 6 6 7 8 8 7 7 7 7 6 5 7 6 6 8 9 9 7 8 7 7 7 9 11 12 11 10 10 9 8 8 7 3 3 4 4 4 5 5 4 4 5 8 12 15 18 18 19 19 18 18 17 15 16 15 14 14 15 14 14 15 15 15 14 12 14 13 10 8 8 7 6 5 7 6 7 8 9 10 10 11 13 13 14 14 14 14 14 16 16 17 16 15 14 14 13 13 14 16 15 14 13 16 16 17 19 17 14 13 13 12 12 13 13 16 22 19 14 12 12 12 10 9 12 10 9 9 10 11 12 11 13 12 11 11 12 
28 19 20 24 24 27 21 28 39 52 53 50 50 51 48 50 56 60 61 64 72 64 75 95 98 105 137 151 83 42 39 43 40 43 36 35 32 28 24 22 22 19 20 20 19 22 23 20 13 9 14 20 18 16 15 20 18 9 7 13 18 18 14 9 6 5 5 5 6 6 6 6 6 5 5 5 5 4 5 6 5 5 5 4 5 6 5 5 6 13 21 26 28 24 20 20 24 24 25 24 21 17 16 15 14 15 14 13 11 12 13 12 12 12 11 10 11 11 10 12 12 11 10 9 8 9 8 8 10 11 11 10 11 10 9 10 12 14 14 12 12 12 11 10 10 10 3 4 4 4 4 5 6 5 4 4 5 6 7 8 11 11 10 8 8 8 7 5 5 4 4 4 5 5 5 6 6 6 4 11 13 13 8 6 5 4 3 5 6 7 7 8 9 8 8 6 7 9 11 12 13 13 16 17 18 18 17 18 19 20 19 19 20 20 19 17 16 16 18 19 17 16 17 16 14 14 15 14 14 16 12 10 10 11 11 9 8 11 9 8 8 9 10 11 10 12 11 9 9 10 
24 18 22 27 25 27 21 31 34 53 54 53 55 54 49 49 55 58 59 62 60 70 71 80 88 90 109 134 131 84 48 42 41 40 35 36 32 25 21 23 29 32 32 27 26 32 33 24 11 6 9 14 14 13 13 19 16 7 7 18 32 39 29 17 8 5 4 3 4 4 4 4 5 5 4 3 4 3 3 4 4 3 4 2 3 4 3 3 5 14 19 24 26 20 15 15 19 22 25 26 23 20 19 20 16 16 15 14 13 12 12 14 13 12 11 12 12 13 12 16 17 14 13 13 12 13 13 13 12 12 12 13 15 13 12 12 13 12 11 10 10 10 10 10 10 10 4 4 4 3 4 5 6 4 4 4 5 6 8 8 10 12 11 9 8 7 5 4 4 4 4 4 5 6 5 7 6 6 4 12 16 17 10 6 6 5 5 7 5 6 7 7 8 8 7 5 7 9 10 11 10 10 8 9 10 11 11 13 15 14 13 12 12 13 13 12 10 9 9 10 9 9 9 9 8 8 9 8 6 6 6 7 10 13 13 12 12 9 8 8 7 8 9 9 11 13 12 10 9 10 
10 10 10 12 12 11 14 15 23 51 53 57 59 55 56 51 50 57 61 55 60 64 67 72 82 92 104 115 149 135 113 54 26 28 25 20 13 6 8 13 16 23 26 25 23 21 17 10 5 5 6 8 12 14 11 11 12 7 7 22 40 38 25 14 7 4 4 3 2 3 4 5 5 4 3 3 5 5 5 5 3 2 5 3 4 4 3 4 10 18 18 18 19 17 15 15 20 26 25 27 27 22 18 18 19 15 12 12 13 13 11 15 14 13 13 14 14 13 12 12 12 12 11 11 12 12 12 12 11 11 11 11 13 11 11 12 13 11 9 8 8 8 8 7 8 10 3 3 3 3 4 4 6 4 3 4 5 6 6 6 8 8 8 8 7 6 5 4 4 4 4 5 5 4 4 5 5 5 4 9 17 18 10 7 7 7 8 8 7 7 8 8 9 9 10 9 10 12 13 14 13 12 7 7 8 8 8 8 8 8 7 7 8 8 7 6 6 4 5 8 8 7 8 9 8 8 8 6 5 5 7 8 10 12 14 16 17 12 12 11 10 10 10 11 13 15 14 13 11 11 
4 4 4 4 5 4 8 5 10 32 53 58 48 55 57 53 50 56 60 55 60 63 66 71 78 88 98 102 116 135 121 62 22 27 41 31 8 7 5 4 4 13 18 18 12 7 6 5 5 5 4 5 10 14 14 14 15 10 9 14 18 13 8 6 4 4 4 5 4 2 4 7 7 6 4 3 4 4 3 4 4 2 4 4 6 7 6 8 12 15 13 14 14 13 12 14 20 29 29 31 32 26 20 17 19 16 12 10 10 10 10 10 9 9 10 11 10 8 8 7 7 7 6 6 7 9 9 8 7 7 7 7 8 7 7 9 11 9 7 6 6 6 5 5 6 8 3 4 4 4 4 4 4 5 4 5 6 6 6 6 5 5 6 6 7 6 6 8 6 4 4 5 6 6 4 5 6 5 5 7 13 13 8 8 8 7 8 7 9 8 8 8 7 7 8 8 8 9 9 9 9 9 8 8 8 8 8 8 8 10 10 10 10 11 10 9 7 5 6 9 9 8 10 10 9 9 8 6 4 5 9 10 11 12 13 15 15 13 13 13 11 10 9 10 12 13 11 9 8 8 
3 3 3 4 4 4 5 6 10 25 58 65 54 54 58 56 51 54 58 57 59 62 66 69 74 81 88 95 105 133 127 103 46 25 32 39 10 13 12 9 9 7 10 10 8 7 7 8 9 9 7 6 8 11 11 11 12 11 10 10 9 7 7 7 6 6 6 6 5 4 5 8 8 7 5 4 6 4 3 6 6 4 5 6 9 12 12 13 13 12 11 11 11 10 8 11 17 22 22 24 26 24 18 15 15 13 10 7 5 6 6 7 7 8 10 11 9 6 5 5 5 5 5 5 6 10 9 7 6 5 6 6 6 5 6 9 11 9 5 4 4 4 4 4 5 7 4 5 5 5 5 5 5 6 6 7 8 7 5 5 4 4 5 5 5 6 6 9 7 6 6 6 7 8 7 8 9 8 8 9 12 11 9 11 10 8 8 7 8 8 7 7 6 6 6 6 7 7 7 8 8 8 9 9 9 9 9 9 9 6 6 7 7 8 8 7 8 5 6 7 8 8 9 11 11 11 10 8 7 7 9 9 8 8 8 9 9 10 10 10 9 8 7 7 9 9 8 6 7 9 
3 3 3 4 4 4 4 14 24 22 45 55 56 54 59 58 53 54 57 58 58 62 65 66 70 75 79 88 109 119 128 149 100 37 20 32 14 8 8 10 8 8 8 8 9 11 12 11 9 11 10 9 9 10 9 8 8 9 10 9 9 11 11 10 10 10 9 8 6 7 7 7 7 7 7 8 8 6 5 7 7 5 6 6 8 10 10 11 10 7 10 9 8 7 7 8 11 16 16 17 21 22 20 17 16 16 13 9 6 6 7 6 5 7 10 12 9 5 5 5 5 5 4 4 6 11 9 7 5 5 5 6 6 5 5 9 11 8 5 4 4 4 4 4 5 7 5 5 6 6 6 6 7 7 7 8 9 7 5 4 5 5 5 4 5 5 6 6 6 7 8 8 7 6 7 8 8 8 8 8 9 9 7 9 8 6 6 5 5 5 5 5 5 5 6 5 5 5 6 7 8 9 8 8 9 9 10 10 10 7 7 7 8 9 9 9 8 6 6 7 7 7 8 7 8 9 9 8 8 9 10 9 8 8 8 8 8 9 10 11 11 11 11 11 12 12 9 6 7 10 
5 4 4 4 5 4 11 28 40 30 43 54 58 56 58 58 55 55 57 58 59 61 63 64 66 69 73 81 100 100 118 136 140 87 29 21 19 13 14 17 15 14 14 14 13 12 11 12 10 10 10 10 10 10 10 9 8 10 11 9 8 9 11 9 8 10 11 10 8 8 8 7 7 7 8 9 7 7 5 6 5 4 5 4 5 5 5 6 6 5 6 6 5 5 5 6 6 6 6 6 8 12 14 14 13 14 13 9 6 5 5 4 4 5 8 10 8 5 4 4 5 5 4 4 6 10 8 6 5 4 5 6 5 4 5 8 10 8 5 5 5 5 5 5 6 6 5 5 5 5 6 8 10 8 9 10 10 7 5 4 5 5 5 4 4 5 7 4 5 6 7 7 7 7 5 6 6 6 6 6 7 7 6 7 7 5 6 6 6 6 6 6 7 7 7 7 7 6 7 7 8 9 10 10 10 11 12 13 14 10 9 9 10 11 11 11 13 11 10 11 12 12 12 12 13 14 13 14 15 15 16 15 14 13 13 14 14 15 16 17 18 18 18 19 19 18 12 6 6 8 
11 10 9 10 10 10 16 28 31 28 38 52 56 57 58 57 57 56 56 56 60 61 61 61 62 67 71 81 85 94 107 107 141 145 78 31 19 20 20 20 20 18 20 21 18 14 16 22 16 13 9 8 8 9 9 9 9 10 11 9 7 7 10 9 8 9 10 10 9 9 8 8 9 9 9 8 8 8 6 6 5 4 5 5 5 4 4 5 5 4 4 5 5 5 5 5 4 6 6 5 7 11 15 17 13 13 11 9 6 6 6 5 5 7 9 10 8 6 5 5 6 6 5 6 8 11 9 7 6 6 7 8 7 6 7 8 10 9 8 6 7 7 7 7 6 6 4 4 4 5 6 7 10 8 9 11 10 7 5 4 4 5 5 4 5 6 9 6 6 6 6 6 7 8 6 9 10 9 10 10 10 12 9 11 12 12 14 14 13 13 13 12 12 13 13 15 14 14 14 14 14 15 15 15 15 16 17 19 20 18 17 17 17 18 19 18 20 18 17 18 20 20 19 18 20 20 18 18 19 19 19 19 18 18 18 19 19 19 19 20 19 19 19 20 19 19 12 7 7 9 
13 12 11 12 14 14 13 17 14 17 24 47 57 60 57 56 58 59 56 54 61 61 60 59 61 66 71 80 76 95 94 102 123 134 147 74 17 15 12 11 14 18 16 16 17 17 20 27 20 14 10 9 9 9 9 9 9 9 10 10 9 8 9 9 9 9 9 10 10 11 10 9 9 10 10 9 10 10 8 7 7 6 6 4 5 5 5 5 5 4 5 9 10 8 6 5 5 5 6 5 5 8 12 14 16 14 12 9 8 8 9 9 9 10 11 11 10 8 7 8 9 9 8 8 12 13 12 10 9 9 10 11 10 10 9 9 10 10 10 9 9 9 9 9 7 6 3 4 4 4 4 5 7 7 8 10 9 6 4 4 4 5 6 5 6 7 10 7 8 8 7 7 7 8 7 12 15 15 15 16 15 19 14 16 18 18 21 19 18 18 18 18 18 18 18 19 19 19 19 19 19 20 19 19 18 18 19 20 21 20 18 17 17 18 18 17 17 17 16 17 19 19 17 18 20 19 17 17 18 17 17 17 18 17 17 17 17 16 16 16 15 15 16 17 18 18 13 7 8 9 
17 15 13 13 13 12 13 14 12 18 22 47 58 62 56 56 60 60 56 55 61 62 62 61 62 67 73 75 74 87 90 100 111 118 157 125 45 15 14 18 20 20 16 15 19 22 22 27 21 17 8 9 9 8 9 9 9 8 8 8 8 8 8 8 9 8 8 8 8 10 9 8 9 9 9 9 9 10 8 7 8 7 6 5 5 6 6 6 6 5 7 12 14 11 8 7 6 6 6 6 5 7 10 11 19 14 12 11 10 10 11 11 12 11 11 10 10 11 11 10 10 10 9 9 12 14 12 11 10 11 11 11 11 11 10 10 11 10 9 10 9 9 10 9 7 6 3 4 4 4 3 4 5 6 7 7 6 5 5 4 5 5 6 6 6 7 11 9 9 9 8 8 9 10 9 14 19 19 17 18 16 20 20 17 18 20 21 19 18 19 17 17 18 17 18 18 18 19 19 18 18 19 19 18 17 18 18 18 18 16 16 15 15 15 15 15 15 15 14 14 17 17 14 14 17 18 16 14 14 14 14 14 13 13 13 13 13 12 11 10 10 10 10 11 14 18 12 8 7 8 
21 16 15 17 17 17 15 15 14 20 24 45 56 63 57 58 61 58 53 52 58 61 64 64 64 66 69 72 73 81 90 96 106 118 135 144 114 46 20 27 22 20 18 18 25 31 30 32 26 21 8 9 8 5 7 8 7 6 6 6 6 6 6 6 6 6 5 6 6 7 6 6 6 6 7 8 6 7 7 6 6 7 6 7 6 7 7 7 7 7 8 10 11 11 10 9 7 5 5 5 5 6 8 10 20 15 13 12 11 10 11 10 11 11 11 11 12 13 16 13 11 10 9 9 11 12 11 10 10 11 11 10 11 10 10 9 9 9 9 9 9 9 9 9 7 5 3 4 4 4 3 3 4 5 5 4 5 5 5 4 5 5 5 6 5 7 11 7 7 7 7 8 8 9 8 12 17 16 14 16 14 14 16 13 14 18 17 14 13 16 13 13 14 11 11 11 10 11 11 11 10 11 10 9 11 15 16 14 11 10 10 10 9 9 9 9 8 9 8 9 12 12 8 8 11 14 12 9 7 8 7 7 7 7 7 7 7 7 6 6 7 8 7 6 9 14 11 11 9 10 
27 20 19 22 24 23 18 16 18 24 26 40 53 62 59 59 61 58 53 51 53 58 63 65 64 63 63 70 71 78 86 92 100 111 110 131 161 98 33 23 15 16 18 20 27 34 33 29 29 21 8 10 8 4 6 6 6 5 5 5 5 5 5 5 4 4 4 5 6 6 4 3 4 4 5 6 4 5 5 4 4 6 7 7 7 6 6 5 6 6 7 7 6 7 9 8 6 5 5 5 5 6 8 9 16 13 12 12 11 10 11 9 10 10 11 11 12 13 17 13 10 9 8 9 11 11 11 10 10 10 10 9 11 10 10 9 9 9 10 9 8 8 9 9 7 6 3 3 4 4 3 3 3 3 4 4 4 5 5 5 5 5 5 5 6 7 10 5 5 6 6 7 7 7 6 9 13 11 9 13 14 9 10 8 11 15 13 9 8 11 10 9 9 6 4 4 4 4 5 4 4 4 3 3 7 13 16 11 6 5 5 5 4 4 4 4 4 5 5 5 8 8 5 4 10 14 11 7 5 6 5 5 5 5 5 5 5 5 5 6 9 13 12 8 8 13 16 24 24 24 
25 22 22 25 24 20 22 24 30 35 30 34 47 59 58 59 60 59 58 58 52 56 60 63 63 62 61 68 69 74 81 86 93 103 118 126 145 150 90 31 19 14 20 28 33 36 35 27 28 19 8 10 8 4 6 8 7 5 4 5 5 5 5 5 4 4 5 7 9 8 5 4 4 5 5 6 5 5 4 4 5 6 8 6 7 6 5 5 5 5 6 6 6 6 8 8 6 7 8 9 9 10 11 12 11 11 12 13 13 13 14 13 13 13 13 12 12 13 15 12 11 11 11 12 14 15 15 15 14 13 12 12 8 8 8 9 9 8 8 7 6 6 6 6 6 5 3 3 3 3 3 3 3 4 4 4 4 5 5 4 4 4 5 5 6 7 9 5 5 6 6 6 6 6 5 10 15 12 9 14 18 11 11 9 11 16 13 8 8 12 11 11 9 6 5 5 4 4 4 4 3 3 3 3 7 16 18 12 6 6 5 5 5 5 5 6 4 5 5 6 8 8 6 6 12 17 13 7 5 6 5 5 5 5 6 6 6 6 7 8 12 20 19 10 10 15 22 40 43 41 
21 23 26 30 30 26 26 28 34 33 27 29 46 59 59 58 57 59 62 65 56 56 57 59 61 62 63 67 67 72 77 80 85 95 113 113 117 149 148 80 29 12 19 33 34 31 32 27 26 20 9 11 8 4 5 10 7 5 4 4 5 5 5 5 4 4 4 6 9 7 5 5 7 7 6 7 10 7 5 5 6 7 7 6 7 7 6 7 7 6 6 7 8 8 9 10 11 12 13 14 15 15 16 17 12 12 13 15 17 19 19 19 18 18 17 17 16 15 16 15 15 17 17 16 18 18 19 19 19 19 19 19 10 6 5 7 7 6 5 6 5 4 4 4 5 5 5 4 3 3 3 3 3 4 5 5 5 5 5 4 3 4 4 4 5 6 6 4 4 5 5 5 4 4 5 11 18 15 12 16 20 14 16 12 12 15 13 10 11 15 14 13 12 9 9 9 7 6 6 5 4 4 4 4 8 14 14 9 7 5 4 4 4 5 5 6 4 4 4 5 6 6 5 8 14 17 13 7 5 5 6 6 6 6 6 6 7 7 8 7 10 17 17 10 11 15 22 39 42 41 
16 18 19 21 23 20 19 18 18 15 17 20 32 57 60 59 57 59 62 63 59 57 56 57 61 64 65 67 66 70 75 76 81 88 92 98 120 123 150 145 59 18 16 23 19 10 10 9 14 15 7 9 7 4 5 9 7 5 4 4 5 5 5 5 4 4 4 6 7 5 4 7 9 8 6 8 12 7 5 5 6 6 6 5 6 5 5 7 7 5 4 6 7 6 7 10 13 11 12 12 12 12 12 13 12 11 10 12 16 18 17 17 16 16 17 18 17 16 17 16 17 18 17 16 17 14 15 16 17 18 19 21 21 12 9 8 8 6 7 8 7 6 6 6 7 8 7 6 5 4 3 3 3 3 4 4 4 4 4 3 3 4 4 4 5 5 5 4 4 5 5 4 4 3 4 10 16 13 10 13 15 12 13 10 10 14 12 9 8 12 10 9 9 9 10 10 7 6 6 5 4 4 5 4 7 14 14 10 8 6 5 5 6 7 7 7 8 7 7 7 8 8 7 7 14 19 16 11 9 11 12 12 12 12 12 12 12 11 11 10 11 15 16 12 15 21 26 39 43 41 
10 15 15 14 13 10 12 10 9 7 14 13 14 47 55 58 58 60 63 61 61 58 57 60 64 66 66 67 66 69 73 73 77 85 97 97 115 122 139 159 132 51 27 25 16 5 4 3 10 16 10 10 8 6 7 8 7 6 7 7 7 7 7 7 7 7 7 7 8 6 6 9 11 8 6 9 12 8 6 6 6 6 7 10 10 7 7 8 8 5 3 4 4 4 5 8 11 9 9 9 8 8 9 9 10 8 6 8 13 17 15 15 15 15 17 18 17 16 17 16 16 17 16 15 16 13 14 14 15 15 18 20 27 21 19 17 11 8 9 9 9 9 8 8 9 10 7 8 8 6 4 4 4 4 5 5 5 4 4 4 4 5 5 5 6 6 5 4 4 5 5 4 4 4 4 8 12 9 6 8 9 7 8 6 9 14 12 7 7 10 9 8 8 8 9 9 6 5 5 5 5 4 4 3 8 18 21 14 10 12 10 9 10 11 11 10 12 11 11 11 11 12 12 7 17 26 21 12 10 13 13 12 12 12 12 12 12 11 10 10 10 10 10 11 18 29 32 42 45 45 
10 17 18 17 15 11 9 8 7 6 13 12 8 38 57 60 60 61 64 61 61 59 59 61 64 66 66 67 66 67 69 71 76 83 92 89 93 112 119 125 162 134 60 34 24 16 15 14 21 22 13 11 10 8 9 8 8 9 9 9 9 8 9 9 9 10 10 9 9 7 8 11 12 9 7 10 13 10 8 8 7 8 10 17 17 12 9 12 12 8 4 4 4 3 4 6 9 8 7 7 7 7 7 7 7 5 4 6 12 16 17 17 17 17 19 19 19 18 18 17 17 17 17 17 18 17 17 17 17 17 19 20 23 23 25 23 15 9 8 8 9 9 8 7 7 8 7 9 10 9 7 7 8 8 9 9 8 6 5 5 6 6 6 6 7 7 6 4 4 4 4 4 4 4 4 7 10 7 5 6 6 5 6 5 9 16 12 7 8 10 9 8 8 8 10 8 6 5 5 5 4 4 3 3 8 22 26 16 9 9 8 7 8 8 8 7 8 7 7 7 8 8 8 9 20 28 19 8 6 7 7 7 7 7 8 7 7 7 8 9 8 7 8 9 19 27 31 40 44 44 
9 15 12 11 8 7 6 6 6 5 10 13 7 28 61 60 60 58 63 59 61 60 59 59 60 62 64 65 64 63 65 69 75 79 83 88 95 102 110 120 128 180 126 68 35 31 34 31 33 20 9 7 9 9 10 7 7 7 8 8 7 7 7 8 7 9 10 7 7 7 9 9 10 9 7 10 11 10 8 7 7 8 9 13 15 12 9 12 14 10 6 5 4 4 4 5 6 5 4 4 4 4 4 3 4 3 3 4 7 10 12 15 15 16 17 17 17 16 14 14 14 14 14 14 14 13 13 13 13 14 14 14 13 14 15 15 13 10 8 8 9 10 8 7 8 10 10 11 12 12 11 11 13 12 11 11 10 7 5 5 6 6 5 6 8 9 8 5 4 5 5 5 5 5 5 9 10 8 5 5 6 5 7 6 9 15 13 7 8 8 8 8 8 8 9 7 6 5 5 6 5 4 4 5 10 22 25 15 10 10 9 9 9 9 10 10 12 12 13 13 13 13 13 12 19 26 20 15 17 16 16 15 15 16 17 17 16 16 19 20 19 20 21 20 26 25 27 32 36 40 
9 17 13 9 6 5 6 6 5 5 10 13 6 16 49 58 59 60 62 59 62 60 58 57 59 62 64 62 62 63 65 68 72 74 80 84 91 97 105 115 122 126 162 131 61 32 33 36 31 18 8 7 8 8 9 8 7 6 7 8 8 9 8 8 7 8 10 8 9 8 10 10 10 10 8 9 11 11 11 11 11 11 10 11 13 12 11 13 15 14 10 6 4 5 5 5 5 5 4 4 4 4 4 4 3 3 4 4 4 5 5 7 7 8 9 9 8 7 7 7 7 7 7 7 7 6 6 6 6 6 6 6 6 5 5 6 8 9 10 7 7 7 7 8 9 10 11 11 11 11 11 12 12 10 9 9 9 7 6 7 7 7 8 10 12 12 11 7 6 5 6 5 5 5 5 9 11 9 6 6 7 6 9 7 9 13 13 10 9 9 9 9 9 9 9 9 8 7 8 8 8 8 9 10 15 25 28 21 21 21 21 21 21 22 23 24 25 25 26 26 26 25 25 20 22 26 26 26 30 27 27 26 25 24 24 26 27 27 28 26 25 27 28 26 30 27 21 19 22 26 
9 16 13 10 6 5 6 5 4 5 10 13 6 10 40 60 61 62 64 61 64 62 58 57 59 62 64 62 63 65 67 70 71 73 75 80 86 91 98 107 114 124 146 156 117 57 32 36 32 19 13 12 12 11 11 13 13 12 11 12 14 15 12 14 12 12 14 14 15 13 16 14 14 15 13 13 13 14 15 15 16 16 14 14 14 14 14 15 18 21 15 8 6 7 8 8 8 9 8 7 7 8 8 8 7 7 7 6 6 7 8 12 8 6 6 7 6 5 7 7 7 7 7 7 7 7 7 7 7 7 7 7 9 8 7 8 8 9 9 8 6 5 5 5 6 6 8 7 7 7 8 10 12 11 9 9 10 10 10 11 11 11 13 15 15 14 13 8 6 5 5 5 5 5 5 9 11 8 6 7 8 7 9 8 9 15 15 12 13 13 12 12 12 12 11 12 12 11 10 10 11 11 12 13 17 26 29 23 23 23 22 21 21 21 22 22 23 23 23 22 21 21 20 17 23 30 24 18 17 16 17 17 16 14 13 14 16 18 16 14 13 13 14 13 23 25 19 13 14 16 
8 13 11 9 5 4 6 5 5 5 11 13 5 8 31 56 58 58 62 58 66 63 60 59 59 62 63 62 64 66 68 70 70 70 71 76 81 86 92 99 106 130 140 151 152 125 76 40 31 17 14 13 12 14 15 14 15 15 14 12 13 15 12 16 14 14 15 13 13 12 15 13 13 14 13 14 14 15 14 12 12 12 11 11 11 10 10 11 15 21 23 15 10 9 8 8 8 8 8 9 9 9 9 8 10 9 8 7 8 10 12 17 12 9 8 9 10 9 10 10 10 10 10 10 10 9 10 10 10 10 9 9 10 10 10 11 11 10 10 9 8 6 5 4 5 5 5 6 7 6 7 11 16 15 10 9 13 17 17 15 15 15 16 15 15 15 14 10 8 7 7 7 7 7 7 10 11 8 6 7 8 6 7 6 10 16 14 11 10 10 10 10 10 10 8 7 8 7 6 7 7 7 8 8 11 21 22 14 11 10 10 9 9 9 9 9 10 9 9 9 8 8 8 7 16 26 19 8 6 6 6 7 7 6 5 5 6 10 9 8 6 5 5 6 17 23 20 14 15 15 
10 14 12 11 8 7 6 5 5 5 11 13 6 9 22 51 58 59 61 59 65 64 61 60 59 60 61 61 62 64 65 66 66 66 68 72 77 81 87 94 100 111 123 131 150 170 132 69 24 11 13 15 13 13 9 6 8 9 7 6 6 6 9 14 14 13 12 8 6 6 6 5 6 6 6 10 15 16 11 6 4 5 4 5 5 4 4 7 13 18 23 17 13 10 8 7 8 7 9 10 10 9 8 8 9 10 10 9 9 10 10 10 8 8 10 11 11 9 9 9 9 9 9 9 9 11 11 11 11 11 10 10 10 9 9 9 11 12 12 11 11 9 6 3 3 4 3 5 6 6 6 11 18 16 10 8 13 18 17 14 15 15 15 14 13 14 15 13 11 11 12 12 12 13 12 13 11 8 6 6 7 6 6 6 9 14 11 7 5 6 5 5 6 6 4 3 3 3 3 4 4 3 6 6 9 20 21 10 4 4 4 4 4 4 5 5 4 4 4 5 5 5 6 5 12 20 15 7 6 7 9 10 10 10 9 9 9 12 12 12 10 8 8 11 15 20 17 12 13 15 
8 12 11 9 7 7 5 5 5 5 9 11 5 8 14 42 60 64 61 62 62 62 61 60 58 57 55 62 62 63 63 64 65 65 67 71 75 78 83 89 95 109 111 128 153 166 158 147 43 15 15 19 17 13 5 3 3 3 3 3 3 2 8 16 19 17 14 7 3 3 3 2 3 2 3 10 19 21 14 5 2 2 3 2 3 2 3 8 16 18 17 14 12 12 12 12 14 11 12 13 13 12 12 13 12 12 13 13 13 12 11 11 12 14 16 16 15 13 13 13 13 13 13 13 13 13 13 14 14 13 12 12 10 10 10 11 12 13 13 13 13 11 7 4 4 4 5 6 7 6 7 10 16 14 10 9 13 16 15 14 15 15 15 14 14 14 16 15 14 14 16 16 15 16 16 14 10 7 6 6 6 6 7 6 9 12 9 7 5 6 6 6 8 7 5 5 6 6 6 8 8 5 7 7 12 25 26 12 5 5 5 5 6 6 6 6 5 5 5 5 5 6 6 7 12 19 14 6 8 13 14 13 13 14 14 14 14 11 11 13 14 13 13 16 16 17 13 8 9 11 
11 15 12 8 5 6 5 5 5 5 8 10 5 6 7 32 56 64 57 60 60 60 60 59 57 54 52 64 64 65 65 65 67 68 68 70 74 78 82 88 93 96 108 116 123 137 154 165 111 37 16 16 17 17 8 4 3 3 3 4 4 3 9 19 24 22 16 7 3 4 3 3 4 3 4 14 21 24 17 6 3 3 3 2 3 3 3 10 19 18 16 13 13 14 15 15 16 13 14 14 14 14 14 15 17 15 15 15 16 16 15 16 16 15 15 14 14 14 15 15 16 16 16 15 15 15 16 16 16 16 15 14 8 9 11 14 16 16 15 14 14 14 12 11 11 11 12 12 12 11 12 15 18 16 14 15 17 18 17 18 17 18 18 17 16 16 17 16 13 14 16 15 15 15 15 12 8 6 6 7 6 6 8 8 10 12 11 10 8 9 9 9 11 11 8 13 14 12 12 15 14 8 6 7 11 22 24 11 6 6 6 6 6 5 5 5 5 4 4 4 4 4 4 5 12 19 13 5 9 17 11 9 8 9 11 11 11 8 8 10 14 15 14 16 18 17 13 9 8 10 
12 14 13 10 7 5 6 5 5 5 7 10 8 8 8 23 57 62 65 63 64 63 63 63 62 57 52 59 64 68 67 65 67 71 71 72 73 76 80 86 89 99 105 113 121 129 138 145 176 94 31 21 18 15 7 4 4 5 4 4 4 5 9 17 22 21 14 6 4 4 4 4 4 4 5 12 22 20 14 6 3 4 2 2 4 3 2 8 18 18 18 18 18 16 14 12 12 14 13 13 14 15 15 15 15 16 15 15 15 16 17 16 16 15 15 15 15 15 15 16 17 17 17 16 15 17 16 16 16 16 16 15 9 9 11 14 17 17 17 15 14 16 19 19 19 21 21 21 20 20 19 19 20 20 20 22 23 21 19 20 20 20 19 18 18 19 20 20 16 15 14 14 17 15 12 11 10 9 10 9 7 7 7 9 11 12 12 11 9 10 11 11 11 11 12 16 14 11 11 12 10 6 5 9 9 19 26 13 7 9 12 13 10 7 6 7 8 7 8 8 7 7 8 6 10 12 10 8 14 16 10 8 7 8 9 9 7 6 8 8 10 10 10 14 15 12 11 11 10 10 
13 15 15 14 11 9 6 7 8 7 10 15 14 14 15 24 56 66 67 70 64 65 66 68 67 64 60 59 65 69 68 66 67 70 70 70 71 74 78 83 86 94 100 107 114 122 130 137 160 148 93 37 18 14 7 5 4 3 3 4 4 4 8 15 20 20 14 6 4 3 3 3 4 3 4 10 18 19 15 7 3 4 3 3 4 3 3 8 15 17 16 17 16 14 12 12 12 13 13 13 13 14 14 14 14 14 14 13 13 15 16 16 16 15 15 15 15 15 16 16 16 16 16 16 16 16 16 16 17 17 16 14 10 10 11 13 15 16 16 16 15 17 20 21 20 20 19 20 21 21 20 19 19 21 19 20 21 19 14 11 12 13 13 11 11 12 14 15 17 18 15 14 16 14 11 12 11 10 11 12 11 7 7 8 10 11 10 8 7 8 9 10 10 11 10 12 11 9 8 9 8 5 5 8 8 18 21 10 6 7 10 13 12 10 8 8 10 9 9 10 9 9 10 9 10 9 7 6 13 14 7 6 5 5 7 7 6 7 6 6 8 10 9 11 10 11 12 12 13 12 
12 14 15 15 13 10 7 8 9 8 11 17 16 15 16 18 44 64 63 70 67 66 67 68 67 65 61 53 59 66 68 67 68 69 70 70 70 73 76 80 83 89 94 101 107 114 122 128 142 138 160 79 26 18 8 6 5 4 4 5 5 4 9 15 18 18 14 7 5 5 6 6 6 6 6 12 16 17 16 10 6 7 6 7 8 7 8 12 16 18 16 16 15 14 13 13 13 12 13 13 13 13 13 14 13 13 13 12 13 15 17 17 17 17 17 17 17 16 17 17 16 15 16 17 17 16 16 16 17 17 16 14 9 10 12 14 16 16 15 16 14 14 17 19 20 21 20 20 20 19 19 20 22 19 19 21 20 16 11 9 7 7 8 8 9 12 15 17 16 16 14 13 16 15 12 12 11 10 12 13 13 12 10 9 11 11 9 6 6 7 8 9 10 9 8 10 9 8 8 8 7 5 6 6 7 15 16 8 6 5 8 12 15 15 13 10 9 8 8 9 9 9 9 10 10 8 7 6 11 11 4 4 5 5 5 5 5 5 5 4 7 10 9 10 9 12 11 11 13 14 
10 12 14 14 11 8 7 7 7 6 8 12 9 9 9 8 29 58 61 66 67 65 65 65 64 61 58 51 56 63 67 68 68 68 71 71 71 73 76 79 82 85 91 97 102 108 115 121 135 139 170 134 74 24 12 11 12 12 12 12 12 12 15 18 19 20 19 13 12 14 15 14 14 14 13 19 17 17 18 15 14 15 13 14 13 13 14 15 17 19 17 17 15 14 13 13 13 11 13 14 14 13 14 15 12 12 12 11 12 13 15 16 17 17 17 17 17 17 18 18 17 17 17 18 18 19 18 17 17 18 17 17 10 10 11 12 15 16 14 17 15 15 16 17 18 20 19 21 23 21 20 19 20 19 20 21 22 18 14 13 15 14 13 16 20 25 28 26 15 14 16 16 17 16 14 12 10 10 13 15 13 14 12 11 11 10 8 7 6 6 6 7 8 7 6 8 7 7 7 6 6 5 7 5 7 14 13 6 6 9 11 14 18 19 15 11 9 8 8 9 9 9 9 7 9 9 7 5 9 9 4 5 5 5 4 4 4 4 5 5 7 10 9 9 10 13 11 9 11 13 
8 11 13 13 10 7 6 7 6 5 8 10 6 4 4 4 19 54 64 65 65 63 63 64 64 62 60 54 58 63 66 67 66 65 72 72 72 73 75 79 81 83 88 93 98 103 109 115 134 150 155 166 143 59 24 17 20 22 21 20 19 20 20 21 18 20 21 19 20 21 22 20 21 21 19 22 19 18 20 20 20 22 19 19 19 19 19 18 18 17 20 19 17 15 13 12 12 12 14 15 15 15 15 16 12 12 12 11 11 12 14 15 16 17 17 17 16 16 18 18 18 18 18 18 18 18 17 16 16 17 17 16 10 10 9 12 20 26 24 21 23 26 27 22 19 19 18 20 20 19 20 25 31 39 29 28 35 40 34 26 23 20 20 24 31 38 41 29 15 15 19 17 15 13 12 9 7 9 13 15 12 10 9 9 8 8 8 8 7 7 7 7 6 6 5 6 6 6 6 6 5 6 7 5 8 13 12 7 7 9 9 11 14 15 13 10 9 10 9 8 8 8 8 9 10 9 7 5 10 11 6 6 5 4 4 4 5 5 7 6 7 8 7 7 9 12 11 9 10 9 
9 12 13 13 10 9 8 10 9 7 10 12 6 4 4 5 12 44 63 66 64 62 62 62 63 62 59 54 56 59 63 65 65 64 71 71 70 71 73 76 78 81 85 91 94 98 104 109 123 128 146 157 164 138 57 21 22 22 21 20 20 21 22 20 16 17 20 19 20 18 20 18 20 21 18 19 19 17 19 19 18 20 18 18 21 20 18 19 18 16 17 17 16 15 13 12 12 12 12 13 14 14 13 12 12 12 12 12 11 11 12 12 13 14 14 14 14 13 14 14 13 13 13 14 14 14 14 14 15 15 13 12 10 10 11 19 33 40 33 24 29 35 33 25 20 20 19 18 16 15 19 32 48 37 25 22 30 35 29 20 20 19 17 16 16 16 17 20 16 18 18 15 16 15 13 10 9 11 15 16 13 9 8 6 6 7 7 8 9 9 8 7 6 6 6 6 6 7 7 6 6 7 6 5 9 14 13 10 9 7 7 9 12 15 14 12 12 14 14 10 9 9 10 11 12 10 7 6 12 12 7 6 5 4 4 5 6 5 7 6 5 6 5 6 6 8 9 9 7 6 
11 14 14 12 10 9 8 12 12 8 9 11 6 5 6 7 8 33 57 62 66 64 61 60 58 56 53 46 47 51 57 62 65 66 70 70 69 70 72 74 76 79 83 88 91 95 100 104 113 131 134 144 155 173 109 30 25 21 21 21 22 21 24 22 16 18 21 19 20 15 18 16 18 21 18 18 18 17 18 16 13 14 13 13 17 16 14 15 15 12 9 10 11 11 11 11 12 11 10 10 11 11 9 8 8 9 9 9 8 8 8 8 8 9 9 9 9 8 10 9 8 7 8 9 10 12 14 15 17 16 13 11 12 14 17 27 39 35 20 18 22 26 22 16 15 20 19 22 23 21 21 26 32 25 21 20 21 19 15 13 13 17 19 17 13 13 14 13 22 23 15 15 25 27 23 21 19 20 23 24 21 16 10 7 6 6 6 5 8 8 7 6 5 5 6 5 6 7 7 6 5 7 6 6 11 15 14 12 10 7 7 9 10 11 9 8 11 14 13 9 7 7 8 9 10 9 8 7 9 7 5 5 5 6 6 5 4 4 5 4 4 5 5 6 5 5 6 6 5 5 
19 20 20 19 18 18 19 24 24 22 20 20 17 14 16 19 19 35 50 47 47 47 44 40 38 36 33 36 47 57 61 65 68 68 66 68 71 72 71 72 75 80 82 85 90 94 99 101 110 118 126 135 147 162 168 121 59 39 28 18 22 24 22 19 16 14 15 16 18 18 16 15 14 14 13 12 13 14 15 16 15 14 12 12 12 13 12 12 12 9 7 11 12 10 10 11 10 8 10 10 8 10 11 10 12 12 12 12 13 12 11 10 12 12 12 14 14 10 11 11 15 15 13 12 9 16 22 33 26 22 24 24 23 24 19 17 15 13 16 22 21 17 11 8 9 13 26 29 31 29 22 14 10 13 20 23 19 14 10 9 13 22 28 30 29 25 28 20 16 13 14 23 32 33 30 29 27 26 26 29 31 23 13 8 9 12 11 7 8 9 8 5 4 4 5 4 5 5 4 4 6 5 5 5 10 15 13 8 5 6 7 8 8 9 9 9 12 12 11 8 7 8 7 8 10 12 10 8 8 8 5 5 6 6 7 7 4 8 7 6 6 8 8 5 5 4 4 4 4 5 
63 63 63 63 62 61 56 62 63 60 58 57 54 62 63 66 52 53 53 51 44 45 43 38 37 35 32 40 51 60 62 63 65 65 69 69 70 72 72 73 75 78 80 83 88 93 96 98 102 107 115 124 135 148 159 178 155 89 67 67 57 63 58 55 50 44 39 38 38 32 32 30 25 20 17 16 14 15 15 16 16 16 17 23 23 24 22 20 18 13 13 17 17 14 12 12 9 11 13 12 10 13 16 15 10 9 9 10 10 10 9 10 10 9 10 14 14 9 8 11 18 20 20 19 14 12 16 30 29 26 24 25 28 27 21 19 16 13 13 17 17 14 12 12 16 21 21 24 25 21 17 16 17 13 15 16 17 18 20 19 17 22 23 24 24 20 22 24 22 19 18 22 24 21 24 23 21 19 19 19 20 16 12 11 13 14 11 7 6 8 8 6 5 6 6 6 6 6 6 6 6 8 11 9 11 14 12 8 7 8 9 9 9 9 9 10 12 14 13 12 12 12 12 10 12 14 13 12 10 10 12 11 13 12 11 15 17 15 13 12 12 14 14 11 9 10 10 9 8 7 
80 78 77 77 77 77 77 81 80 76 74 72 70 76 71 79 77 75 62 61 60 61 58 53 52 50 46 44 56 65 64 64 67 69 70 69 68 69 71 73 72 76 78 81 85 89 92 94 100 106 113 120 130 141 152 156 171 124 80 67 62 66 62 64 63 58 52 50 51 51 52 49 41 33 28 27 15 14 12 11 10 11 11 8 11 12 14 17 18 16 15 15 11 7 6 6 6 5 7 6 6 9 13 14 10 9 8 7 7 6 6 7 7 7 10 13 11 6 4 8 15 18 18 16 10 8 8 24 33 34 32 37 30 32 28 28 26 21 19 17 18 20 20 19 18 17 19 20 20 20 21 21 22 25 23 20 20 22 23 21 22 24 23 24 25 24 28 23 25 27 27 28 27 24 27 27 26 25 25 24 23 22 21 20 19 16 13 11 9 9 7 5 5 5 5 12 12 12 19 17 9 13 17 16 17 19 19 20 23 23 26 30 34 38 43 46 54 59 61 59 61 63 62 64 64 63 60 54 47 41 36 27 29 30 26 22 17 24 23 20 18 18 17 15 12 11 9 8 7 7 
75 71 69 68 68 68 73 73 71 68 65 63 62 76 62 64 69 69 52 57 61 62 60 56 54 53 49 47 59 67 67 67 69 70 69 69 67 67 71 72 69 74 75 78 82 86 89 90 97 102 108 114 123 133 142 156 155 157 91 31 20 17 17 18 19 17 16 16 17 18 17 16 14 13 12 12 13 11 10 9 9 9 9 10 11 9 9 11 11 13 11 13 12 10 10 10 10 10 11 11 11 12 15 16 14 12 11 10 10 10 10 11 12 14 18 21 18 12 6 10 16 18 17 15 9 6 6 25 43 46 40 45 34 43 42 39 36 28 26 28 27 26 26 25 24 24 28 27 27 30 31 29 27 33 31 26 22 22 20 17 25 28 28 28 27 27 36 29 31 34 34 34 33 32 32 32 33 34 34 33 31 31 31 29 25 22 21 22 15 16 14 12 10 9 7 8 9 14 33 32 15 18 25 29 38 47 54 64 77 94 101 111 121 131 141 149 147 157 162 161 164 167 165 168 164 160 159 152 137 125 95 66 42 19 7 7 9 6 6 6 6 5 4 4 4 4 4 5 5 5 
31 28 26 25 25 25 26 24 24 24 23 21 21 19 17 17 19 22 22 47 60 62 60 56 56 54 50 51 59 65 65 65 63 59 66 72 71 69 73 75 72 72 74 76 80 83 86 87 93 97 102 107 114 124 132 147 148 167 138 62 18 9 8 8 7 7 7 8 9 8 6 5 7 9 10 10 9 9 9 9 9 10 10 7 8 4 6 10 11 14 13 15 17 18 18 18 17 16 17 16 14 14 14 14 15 14 13 13 14 14 14 12 13 14 15 16 17 18 7 9 15 19 17 16 12 7 7 31 53 48 32 29 32 47 50 45 39 32 31 32 26 20 19 22 26 30 33 34 32 27 25 26 31 29 29 26 21 21 23 24 28 32 30 25 19 17 26 38 37 37 36 34 34 36 34 34 35 36 36 33 30 23 24 24 22 21 22 25 22 21 16 12 12 13 15 15 16 27 61 75 62 70 84 95 112 127 137 149 162 171 177 183 186 188 192 196 179 190 194 192 195 198 195 203 199 201 208 212 205 196 193 176 147 87 37 16 9 7 8 10 11 10 9 10 10 10 10 13 15 16 
11 10 9 9 9 9 10 9 9 10 9 7 7 9 11 11 8 8 11 41 59 61 59 56 56 55 51 54 59 63 64 65 58 48 61 73 75 71 73 77 74 72 73 76 79 81 84 86 94 98 102 106 112 121 128 134 148 151 168 126 48 19 10 9 9 10 12 14 15 10 8 7 8 11 13 13 12 12 12 12 11 11 11 9 11 8 16 27 26 28 31 29 27 25 25 26 27 23 23 22 20 18 18 19 20 19 18 18 18 17 16 17 16 16 15 16 21 27 10 9 16 22 20 18 19 8 8 33 53 44 24 17 25 42 48 45 43 38 36 33 30 27 26 27 29 30 29 30 24 15 11 17 29 31 33 30 25 25 28 31 30 32 28 21 13 10 18 38 36 36 38 36 36 38 39 38 37 39 39 35 30 28 26 24 23 23 25 26 25 24 21 22 35 59 81 100 98 103 129 149 147 155 167 176 183 185 183 183 184 176 181 184 182 180 180 183 182 191 192 188 192 197 196 203 200 201 206 211 211 208 208 212 216 182 127 71 30 27 26 27 28 26 25 26 26 20 15 16 21 28 
12 12 12 13 13 14 14 11 11 12 9 7 6 9 14 14 14 14 10 27 59 61 60 56 57 56 53 55 59 62 68 70 60 46 53 69 75 69 69 74 72 71 73 75 78 80 83 85 91 94 98 101 106 115 122 130 140 145 155 167 124 48 10 8 7 8 10 11 11 11 9 8 8 8 9 9 9 8 8 7 7 7 8 6 10 9 23 38 32 32 34 35 39 42 40 34 31 28 26 22 18 15 14 16 16 16 17 18 19 19 18 16 16 16 16 17 21 26 11 8 16 24 18 15 18 10 9 32 51 49 36 31 31 46 50 48 46 38 33 34 34 32 31 32 35 38 37 29 20 15 16 22 29 33 36 36 33 31 30 28 31 30 25 22 17 16 26 37 35 38 42 39 36 36 39 37 37 40 41 37 33 32 24 18 17 21 26 30 55 71 88 100 118 144 164 183 183 179 167 170 183 178 187 188 183 179 178 179 177 173 178 183 183 182 183 186 182 190 190 186 191 200 201 210 207 206 207 210 215 218 224 214 212 210 204 156 85 43 37 36 37 36 35 37 34 23 15 14 20 29 
16 15 14 15 15 14 12 12 12 11 12 9 9 11 13 13 13 10 9 11 52 65 59 61 57 58 56 56 61 68 73 69 61 54 52 64 73 71 64 67 76 74 73 73 75 77 79 80 87 89 92 96 101 107 112 118 131 138 139 158 162 129 27 5 4 6 5 4 3 8 12 9 8 4 5 4 3 3 3 3 3 4 4 6 11 10 14 18 16 15 15 18 21 22 23 24 25 23 21 19 17 15 14 14 15 17 18 19 21 22 24 16 15 16 19 18 18 29 11 9 15 20 16 15 16 11 9 33 51 48 48 41 36 45 50 50 46 40 36 40 37 35 35 35 35 35 35 28 26 27 27 30 37 33 36 36 34 32 28 23 27 31 31 27 26 29 35 37 37 38 40 41 41 42 37 28 26 31 36 35 33 36 32 33 45 68 96 117 153 158 168 166 166 175 179 169 174 177 173 174 180 176 181 171 177 180 179 179 170 175 173 173 172 174 180 180 181 187 195 197 197 201 209 223 213 204 207 220 223 212 210 209 199 193 200 186 146 65 37 30 38 38 31 30 33 27 23 23 27 33 
8 7 6 7 7 6 6 7 7 8 12 9 9 6 6 6 6 4 6 5 43 64 58 64 57 55 57 59 63 70 75 72 66 61 54 59 64 68 69 71 71 73 71 71 72 75 76 77 85 87 90 94 99 103 107 115 135 142 142 154 169 168 103 23 6 7 6 4 4 6 15 13 12 6 6 4 4 4 4 4 4 4 4 5 10 11 11 13 13 14 13 13 11 11 14 18 19 18 19 20 22 24 26 28 23 24 24 24 24 26 28 22 18 17 20 19 19 30 18 15 19 22 18 17 16 9 9 34 53 48 52 43 43 47 52 51 45 39 36 36 34 34 35 36 35 34 40 36 38 40 35 33 39 37 39 38 36 35 31 26 28 34 34 30 29 33 35 38 38 37 37 37 37 38 37 21 16 24 38 52 60 101 109 125 147 164 172 172 175 184 190 187 180 177 175 178 175 170 167 167 170 172 179 163 169 171 169 175 171 181 176 178 174 172 179 172 182 180 187 191 189 189 195 191 190 184 184 193 193 182 193 212 218 212 202 171 131 126 67 35 32 33 32 34 37 35 32 32 35 37 
5 5 5 6 6 4 4 4 5 8 15 11 9 7 5 4 5 4 6 6 30 60 59 63 59 52 59 60 62 66 71 74 71 65 55 59 61 67 74 73 66 68 69 71 72 74 75 75 83 84 87 91 96 100 103 98 119 130 128 136 152 159 169 87 20 3 3 5 5 5 13 10 8 5 7 5 4 4 4 4 3 3 3 5 10 10 10 12 11 12 13 11 10 12 17 21 20 19 19 19 19 19 19 19 23 23 23 23 24 26 29 22 17 14 18 19 20 30 20 14 16 17 14 13 12 6 9 35 54 49 53 46 50 51 52 50 45 38 33 39 39 39 38 37 37 37 34 33 38 41 35 30 32 32 33 33 33 34 33 29 30 33 33 31 31 33 34 36 37 39 41 43 45 45 52 42 46 71 109 139 156 159 162 170 177 181 178 171 150 163 166 169 166 158 160 168 165 161 161 164 168 171 178 168 176 176 170 178 179 176 168 176 171 163 166 154 153 146 147 151 149 148 151 156 166 169 167 169 173 172 190 207 212 211 206 182 149 188 152 74 29 29 40 33 36 37 35 33 37 40 
5 5 5 6 6 5 5 5 7 10 17 13 11 7 4 4 5 4 6 6 17 54 60 58 64 56 57 59 65 68 70 73 73 70 58 56 62 70 69 66 69 64 68 71 73 73 74 75 80 81 84 88 92 96 98 103 119 128 131 140 152 157 161 181 97 29 11 5 4 13 22 16 9 5 6 5 5 5 5 4 4 4 4 6 12 13 12 13 12 12 11 10 9 11 17 21 20 20 20 20 20 21 21 21 21 21 21 20 21 23 26 22 19 16 19 19 19 27 12 8 9 10 10 11 11 8 12 34 48 45 49 46 45 44 44 45 44 39 34 36 38 39 37 36 37 39 46 50 58 65 63 60 62 62 64 65 67 73 75 71 91 91 92 96 101 104 103 120 126 134 143 151 156 159 152 154 166 181 190 187 179 176 165 154 149 151 156 160 166 166 160 159 162 164 171 152 158 166 171 170 167 162 158 155 167 158 136 126 119 119 107 115 111 102 108 100 106 104 106 110 110 112 122 150 159 163 162 169 179 183 194 199 199 199 207 207 195 199 206 147 76 45 36 28 32 37 34 29 33 38 
5 5 6 6 6 4 4 5 6 9 15 12 12 6 4 4 6 4 5 5 9 45 61 54 66 63 54 58 68 72 70 70 71 68 56 41 49 70 72 64 68 65 70 74 73 72 73 75 79 80 82 85 88 92 95 105 109 114 124 136 142 139 141 174 170 127 62 19 8 6 14 14 9 5 5 4 5 5 5 5 4 4 4 5 10 11 10 11 11 11 11 11 11 11 14 17 18 18 19 19 20 20 21 21 23 23 23 22 22 24 25 28 30 28 28 25 23 30 23 19 21 23 25 30 31 31 36 54 62 62 67 67 76 75 77 82 86 84 80 90 95 100 102 105 111 117 120 126 136 143 144 145 149 165 168 166 168 176 180 175 180 176 179 187 191 191 190 180 184 187 190 190 188 188 188 196 195 183 175 177 181 188 188 186 179 170 162 156 172 164 162 160 160 166 164 170 172 173 172 167 162 159 165 158 165 152 128 119 111 118 103 109 106 100 108 107 113 115 122 124 122 128 144 157 160 158 157 167 177 178 186 201 215 220 215 198 179 201 186 186 163 101 51 34 30 35 36 32 33 35 
5 5 5 6 5 4 4 4 5 8 15 13 13 6 4 5 6 4 5 5 6 31 59 56 65 64 56 55 65 68 66 66 62 52 45 30 37 63 77 71 67 70 74 77 74 72 74 78 78 79 81 83 87 90 93 100 99 104 116 127 131 129 142 151 166 176 150 97 57 26 21 15 8 5 5 5 5 5 5 5 5 5 5 8 13 12 10 10 9 10 10 13 15 15 17 21 24 26 28 30 32 36 38 40 42 44 48 51 54 58 61 71 80 83 86 83 78 89 96 93 100 99 101 113 115 123 128 142 146 147 156 156 161 162 166 171 176 179 180 177 180 183 186 188 192 195 184 186 188 187 185 187 190 183 185 182 179 183 182 173 190 184 188 193 189 185 186 186 186 186 185 184 182 182 164 182 188 182 181 192 199 185 188 189 185 179 177 178 169 166 170 172 170 170 161 176 169 162 158 161 168 174 166 154 159 156 148 152 152 154 135 141 142 135 142 146 147 146 148 150 146 147 155 153 161 160 156 160 166 167 176 187 200 206 202 191 183 188 198 193 187 173 120 60 33 30 30 32 34 34 
4 4 4 5 5 4 5 4 5 8 17 14 13 5 3 4 6 3 5 7 5 19 56 64 62 60 61 60 65 66 68 71 60 40 31 35 42 55 71 78 74 75 79 79 75 72 75 80 78 78 80 83 86 90 92 96 99 107 118 127 133 138 148 145 159 171 187 198 176 104 66 44 34 30 25 26 26 26 27 28 29 29 30 36 48 47 46 51 53 57 59 67 71 73 78 85 88 95 98 103 108 115 121 125 127 134 142 147 150 153 157 153 162 162 170 171 161 170 174 178 189 182 178 192 195 182 183 182 180 183 188 185 179 180 180 178 176 179 184 186 182 180 183 185 183 180 183 186 187 181 180 181 182 185 189 187 185 188 187 176 182 178 183 187 179 175 180 178 177 174 174 175 177 179 179 188 188 181 182 184 179 180 183 183 180 179 185 193 184 180 178 182 188 188 185 183 178 171 168 171 178 184 172 155 160 160 154 155 149 160 145 152 157 147 146 152 154 139 132 135 130 117 110 126 147 157 150 146 153 158 166 170 175 180 181 183 187 183 196 190 186 199 178 134 75 41 26 27 29 28 
5 5 5 5 5 4 6 5 4 8 17 15 14 5 4 5 6 4 5 8 4 12 43 59 55 54 57 58 59 61 61 58 47 37 35 39 46 55 67 74 75 77 75 73 72 73 76 79 75 77 80 85 89 93 94 94 99 109 120 130 138 145 158 147 162 173 173 193 214 188 148 126 119 115 113 122 123 122 123 124 125 125 123 127 149 151 146 154 159 155 154 160 161 162 166 171 173 176 177 178 179 180 182 182 178 182 186 186 186 186 187 188 188 182 185 186 180 184 179 183 188 182 178 184 185 188 187 185 183 185 186 182 185 187 186 183 181 184 187 188 183 180 182 184 186 184 179 184 183 180 183 186 184 181 183 183 183 186 186 180 181 181 184 184 178 178 186 188 182 179 178 177 200 176 185 176 181 183 192 182 179 183 192 190 179 181 180 175 188 181 187 193 181 188 219 195 170 176 175 164 152 141 176 151 150 169 136 128 115 107 104 111 143 146 135 152 142 119 105 104 99 76 55 73 119 154 146 141 150 152 163 162 165 171 171 170 172 182 178 186 195 192 187 193 153 93 42 26 28 31 
4 4 4 5 5 5 5 4 4 7 16 14 13 4 5 4 4 5 8 10 10 13 25 33 33 35 36 33 32 34 33 27 24 28 40 33 39 55 64 65 68 77 76 78 86 94 97 96 101 105 112 118 122 126 127 136 137 141 151 161 167 169 184 176 179 187 186 185 190 189 179 176 179 175 176 186 186 180 179 182 187 184 179 183 194 186 172 179 188 183 184 182 180 179 180 181 183 182 182 182 181 181 182 181 179 178 178 179 180 182 184 189 186 181 179 179 181 184 180 180 180 180 181 180 181 177 178 180 181 181 180 179 176 177 179 180 182 184 185 187 183 180 178 178 180 182 179 183 180 177 182 186 181 184 184 184 184 184 184 184 183 186 184 179 175 178 184 185 185 176 181 177 196 185 170 182 191 182 171 166 164 190 148 148 157 172 151 145 130 147 157 143 132 134 181 127 104 120 114 121 125 102 96 115 98 138 113 73 95 78 68 63 110 147 136 144 141 120 101 96 89 63 38 43 104 149 142 141 153 151 161 156 157 162 167 166 166 172 176 181 185 188 188 189 200 161 100 54 36 33 
4 4 4 4 5 5 6 4 4 7 15 12 10 6 5 4 8 25 43 43 41 34 32 27 23 26 29 39 41 43 45 50 54 54 67 62 70 88 97 100 107 112 118 128 138 146 151 154 153 160 165 166 165 169 172 173 167 164 168 172 174 172 174 177 178 177 178 179 178 167 169 180 189 186 180 180 182 172 168 174 182 182 176 182 184 180 172 172 178 180 177 178 178 178 178 177 177 178 178 178 178 178 178 178 177 177 176 177 178 179 181 184 181 177 175 175 176 177 173 173 174 175 178 178 180 179 180 181 181 181 180 178 174 175 177 178 179 182 182 181 180 178 177 176 176 177 178 182 179 176 179 182 177 181 181 181 181 181 181 181 183 185 185 181 176 176 178 176 192 173 183 173 139 187 160 134 121 127 110 120 108 158 88 96 114 123 83 87 93 99 125 115 126 104 113 79 84 108 84 101 124 93 51 90 94 102 96 56 145 87 60 52 78 141 149 129 139 126 110 101 95 80 63 70 111 140 136 135 143 147 149 148 150 156 161 161 160 165 168 172 176 178 179 180 202 199 180 123 58 29 
4 3 3 4 4 5 4 3 3 6 14 12 11 7 3 7 19 39 51 54 49 45 48 49 52 64 68 67 87 101 107 118 122 111 120 116 123 136 141 145 154 148 153 157 154 153 158 166 163 170 172 167 162 163 167 167 162 160 164 168 168 164 161 176 176 168 173 177 171 171 171 174 178 177 175 176 178 174 173 174 177 177 174 172 178 190 196 188 180 181 177 179 182 183 182 179 177 175 175 176 176 176 176 176 177 176 175 175 176 177 179 169 169 168 169 172 176 178 176 176 175 174 173 173 171 179 179 181 181 180 178 176 170 171 172 173 174 175 175 176 176 177 177 177 176 174 176 181 179 175 178 179 173 179 178 178 178 177 177 177 180 182 183 181 177 173 172 170 182 169 172 161 99 131 131 52 64 125 122 92 61 118 105 78 66 82 76 82 117 56 85 84 93 114 92 82 65 73 61 57 94 87 86 61 103 82 44 42 141 114 66 60 60 124 152 139 132 127 114 100 94 91 86 94 111 129 133 131 131 135 135 140 143 148 155 157 154 158 160 164 169 172 176 177 193 191 204 183 111 51 
20 14 10 6 5 4 7 4 4 7 13 11 12 5 7 22 38 39 38 44 52 51 55 53 48 46 38 44 72 92 96 104 107 97 111 109 112 116 117 120 127 128 137 139 132 125 126 133 144 148 150 146 144 146 152 147 148 150 153 155 157 156 147 161 162 157 165 172 164 173 171 167 164 166 169 171 167 176 180 178 174 174 177 177 174 176 178 174 176 188 176 178 182 183 182 178 176 175 175 175 175 175 175 175 177 175 175 174 174 175 176 168 168 170 172 175 178 180 177 176 175 174 172 171 170 171 171 173 172 170 168 166 168 168 168 169 170 170 170 170 172 174 175 174 173 172 170 177 176 173 175 175 170 173 171 171 170 169 168 168 171 172 173 173 170 166 163 170 163 170 165 163 105 76 80 42 68 87 90 63 41 62 110 67 44 53 72 40 44 35 62 62 63 111 66 70 52 53 68 45 82 77 62 45 99 109 45 36 121 117 51 44 38 81 119 132 129 129 115 96 87 88 89 90 95 113 130 130 124 126 126 135 138 138 146 152 149 150 154 158 165 173 179 182 187 177 189 206 183 118 
138 120 100 83 70 64 45 34 27 23 24 17 18 6 13 24 24 19 21 24 23 24 30 34 37 39 31 26 46 60 60 65 73 75 76 76 77 81 85 89 93 88 99 109 110 106 105 107 116 116 118 121 125 130 132 128 131 132 128 127 134 143 128 129 128 131 140 146 142 148 156 159 161 164 166 160 160 167 174 172 168 170 176 168 172 171 170 170 174 176 167 168 169 170 170 169 168 171 171 172 172 172 172 172 171 171 169 168 168 168 169 168 167 167 166 165 164 164 164 165 166 168 169 170 171 169 169 169 168 166 164 162 163 163 163 163 163 163 163 160 160 160 162 162 163 163 153 160 161 160 163 163 157 159 158 157 155 154 153 152 155 153 152 154 155 153 149 152 135 155 149 156 129 58 21 69 108 52 88 102 79 34 97 80 56 42 71 29 85 84 47 45 31 35 28 49 63 75 107 72 75 48 31 42 81 119 82 73 110 115 59 63 76 113 136 135 118 122 116 104 101 105 108 106 107 120 131 126 117 115 121 131 131 127 136 146 143 146 148 152 159 167 175 180 175 179 183 195 205 179 
139 144 148 150 150 149 157 143 133 122 117 97 104 69 37 20 16 19 22 20 25 23 25 26 29 32 25 27 39 48 48 50 56 59 56 55 55 59 66 71 71 66 67 67 64 63 65 69 67 62 60 64 68 68 66 71 75 75 71 74 91 113 127 114 111 121 129 130 130 125 134 139 140 146 148 143 149 141 133 132 135 135 133 130 143 144 141 151 162 160 162 161 160 159 159 161 163 164 164 164 164 164 164 164 163 162 160 158 158 158 160 158 157 157 157 154 152 150 153 155 155 157 157 158 159 160 162 161 159 157 155 153 150 149 148 148 148 148 148 145 144 143 142 144 148 150 131 138 141 142 146 146 140 143 143 141 140 139 137 136 137 134 132 135 139 139 136 130 125 130 129 131 134 70 29 98 118 59 69 50 34 41 74 57 46 46 94 68 105 91 77 105 91 69 72 86 96 95 113 103 103 104 96 100 110 124 113 117 111 121 100 108 117 118 115 101 103 110 111 110 113 116 115 124 124 124 122 117 115 117 116 127 123 116 125 138 137 144 145 147 151 156 161 166 163 177 183 182 184 179 
134 134 133 132 130 130 132 131 140 148 154 141 151 139 29 5 9 23 29 28 25 22 22 24 27 29 23 29 36 43 46 48 49 49 54 51 47 49 56 62 63 68 60 50 45 44 46 48 34 29 27 28 30 28 26 22 26 26 26 31 47 68 106 89 86 96 104 102 103 112 117 117 117 124 129 127 133 108 90 91 92 91 86 103 98 91 85 104 140 153 158 154 155 153 154 158 158 158 158 159 159 158 158 158 156 155 153 151 151 151 152 152 152 153 153 152 152 151 148 148 146 146 145 143 142 142 140 142 139 137 138 137 133 135 133 134 135 132 135 133 130 128 130 131 132 136 119 123 126 128 132 133 127 129 131 129 129 127 126 123 123 120 116 121 125 127 126 122 125 121 117 113 126 94 85 120 111 98 93 84 101 104 126 101 101 112 127 92 123 109 110 104 104 116 112 116 108 107 114 107 91 112 103 106 88 99 109 95 104 95 101 101 96 88 100 106 97 100 101 100 102 101 95 112 113 109 105 105 111 123 108 118 115 109 116 124 121 131 130 129 129 131 137 142 158 163 168 169 165 165 
138 143 141 137 135 137 146 142 143 150 154 148 139 106 6 3 6 22 31 36 29 24 23 27 28 25 22 24 27 30 36 44 50 51 51 45 36 30 32 41 52 55 47 41 40 40 36 30 22 21 22 25 26 26 27 26 31 32 34 39 48 62 72 74 73 75 82 85 82 85 90 96 101 103 107 110 112 82 61 69 59 62 65 94 66 74 72 78 122 137 144 137 143 141 140 150 145 145 145 146 146 145 145 144 141 141 141 140 139 139 138 138 140 139 137 135 135 136 134 134 130 132 134 129 128 125 117 123 117 114 125 123 118 124 119 120 124 110 122 119 115 113 120 118 110 116 114 110 113 113 114 117 113 113 117 113 116 115 117 111 107 109 102 109 110 112 115 115 111 116 104 105 115 114 112 105 106 121 109 116 104 110 108 106 106 102 101 115 99 96 97 94 99 106 91 94 89 82 92 89 93 89 81 86 86 88 89 86 90 81 83 86 84 78 78 85 78 78 79 81 82 84 85 91 90 83 82 78 77 94 79 85 92 96 93 84 75 84 81 80 77 76 83 98 130 126 124 127 136 149 
82 103 112 111 115 122 148 148 147 145 145 152 161 83 8 3 8 18 27 39 30 25 25 29 29 25 21 22 23 21 20 24 30 33 33 34 32 26 25 30 39 48 37 27 23 23 23 22 23 21 23 26 27 27 29 28 30 35 34 33 43 50 54 64 68 64 63 68 72 69 73 78 82 84 87 91 91 74 63 68 59 64 70 103 81 86 88 94 117 120 126 120 126 124 124 132 127 130 130 131 131 130 130 130 126 125 125 124 123 123 122 121 121 120 120 120 122 123 117 118 117 116 115 114 114 110 106 103 102 102 106 108 112 118 109 109 110 100 108 109 106 102 104 103 101 109 106 103 110 105 99 107 104 106 104 100 100 102 107 109 97 103 104 104 101 99 103 108 98 99 101 108 108 91 101 96 97 105 93 97 86 101 95 94 94 90 88 93 90 79 83 81 80 84 73 74 75 73 75 66 73 75 65 72 70 70 70 67 75 59 59 60 58 52 51 56 49 48 48 48 48 48 47 43 49 48 48 47 51 68 56 58 72 84 74 60 59 65 66 71 77 80 86 96 113 119 119 116 124 139 
81 84 79 76 86 100 135 146 151 147 141 144 153 116 30 6 14 24 31 37 29 25 26 29 28 22 18 20 21 18 14 15 19 23 24 29 31 27 22 23 27 22 18 15 16 19 22 23 23 22 23 27 28 28 30 27 25 33 31 35 61 72 49 54 56 57 60 61 58 57 60 63 65 66 68 71 73 70 70 74 68 75 88 101 94 95 102 106 108 107 110 105 111 110 109 117 113 117 117 117 117 117 117 118 115 114 114 114 113 113 112 111 107 105 104 106 107 108 103 105 105 101 98 97 99 94 95 88 92 95 92 95 97 106 97 98 97 91 92 92 90 90 89 88 93 99 96 96 100 97 94 97 98 92 90 93 92 93 91 95 86 94 100 97 96 89 90 94 90 87 87 89 95 84 83 96 98 88 83 92 79 84 77 76 75 72 68 65 73 57 62 60 53 54 47 46 47 47 47 41 52 56 40 57 64 65 55 41 40 31 31 32 32 29 29 32 31 32 35 37 40 42 44 42 50 50 50 50 53 69 65 64 74 85 80 74 79 85 84 89 97 99 100 103 108 119 118 114 124 137 
125 127 122 117 118 124 127 139 151 154 149 143 139 153 70 14 17 25 33 30 29 25 26 27 24 18 14 11 13 14 12 14 18 21 20 20 19 15 12 10 11 15 15 16 17 19 19 19 22 21 22 26 27 27 28 31 22 24 19 22 44 52 50 50 50 54 61 59 51 53 54 55 54 53 54 56 57 62 68 68 67 74 87 78 85 86 90 93 88 93 97 93 98 98 98 105 102 105 105 104 104 105 107 108 104 103 103 102 102 102 101 101 96 93 94 96 97 96 92 96 93 92 92 88 92 86 89 85 87 89 83 83 81 96 86 91 88 87 82 86 83 89 86 83 90 87 92 86 87 88 88 88 84 82 78 86 83 82 75 83 85 80 83 78 89 87 86 82 78 65 61 61 79 80 49 78 81 57 61 77 62 48 44 44 44 43 41 36 51 36 40 39 33 33 28 38 31 29 33 32 46 47 36 51 56 57 51 40 43 37 37 39 41 41 41 45 44 46 48 50 52 55 56 60 67 63 63 65 64 72 67 70 72 74 79 87 91 89 85 88 95 98 99 103 104 111 112 118 133 137 
85 86 86 88 91 94 93 95 101 107 109 107 103 120 88 29 16 17 29 28 24 21 21 22 18 13 10 9 12 12 12 12 15 15 16 13 10 8 9 12 16 13 14 15 16 18 20 21 22 21 22 25 26 26 27 22 16 18 17 19 32 34 44 50 52 51 52 53 53 50 51 50 47 46 46 48 49 54 61 56 58 58 66 59 70 68 69 73 71 79 83 79 84 84 85 92 89 91 91 89 90 91 94 96 94 94 93 93 92 92 92 92 89 88 90 94 94 90 79 81 78 81 85 82 83 85 83 86 83 79 79 76 76 92 79 83 78 82 72 77 69 77 70 66 73 59 76 61 65 64 63 67 53 66 55 59 52 54 51 68 80 62 58 50 71 78 82 68 59 38 40 45 64 63 34 64 71 43 52 68 55 42 43 45 46 48 49 45 59 47 52 52 49 52 45 55 47 43 48 48 58 56 47 56 52 51 50 48 57 50 49 51 53 52 52 56 52 52 53 54 54 55 55 63 67 61 62 65 61 61 62 74 74 68 77 88 84 88 84 86 91 93 97 103 111 105 104 112 115 99 
72 74 71 66 63 63 70 67 66 68 71 72 71 69 73 45 21 15 22 24 18 16 16 17 14 11 8 7 9 10 11 16 21 24 23 20 15 10 9 11 14 19 20 20 19 19 20 22 20 19 19 22 22 22 23 24 22 25 29 34 39 38 41 49 51 47 46 49 53 48 49 48 46 45 46 48 48 50 55 49 56 52 52 56 62 58 58 63 63 66 70 67 72 72 72 80 77 81 79 78 79 81 84 86 85 84 84 83 83 83 82 81 77 76 79 80 76 70 77 70 69 71 72 71 64 65 58 69 62 57 73 71 59 70 49 49 43 50 41 46 34 41 35 32 41 26 45 32 39 38 35 41 28 53 40 44 36 40 40 62 70 54 53 43 65 70 76 70 67 46 54 57 77 69 51 67 79 58 66 73 67 62 68 67 66 69 71 69 69 62 66 65 67 72 61 52 59 64 66 53 54 53 55 60 56 54 52 48 52 59 55 56 58 56 55 57 55 55 56 57 59 59 60 64 71 65 63 66 61 60 63 74 75 69 70 75 72 74 73 74 73 70 72 78 79 73 81 96 92 72 
63 41 26 25 37 57 66 66 64 62 58 56 54 45 53 50 30 18 17 15 18 17 17 18 16 13 11 11 11 9 10 15 22 26 25 28 28 22 16 14 15 22 26 31 33 33 34 36 30 28 29 31 31 31 32 27 28 28 36 44 43 43 47 45 43 45 51 51 46 49 50 49 48 48 49 52 46 45 50 45 58 53 50 56 56 51 51 57 57 52 64 61 66 66 67 74 72 76 75 74 74 76 79 81 71 71 70 70 69 69 69 64 60 57 57 54 47 41 54 41 42 39 36 35 25 36 29 41 37 34 61 61 58 63 37 32 26 34 27 42 27 34 29 29 42 25 46 39 48 46 44 53 44 63 50 60 52 58 54 80 66 63 77 64 82 77 76 59 75 66 71 61 79 76 69 62 76 70 72 67 69 72 81 76 70 70 69 69 68 66 65 61 65 69 56 45 73 92 89 60 52 55 59 57 52 51 52 54 59 56 53 54 56 55 53 54 54 54 53 53 52 51 51 47 56 51 46 45 42 42 53 53 52 49 44 44 50 50 52 55 55 51 51 58 64 59 71 84 70 49 
42 18 11 12 19 54 62 62 60 58 54 51 48 43 40 37 36 30 19 11 11 12 14 17 18 16 14 14 16 16 13 12 16 20 27 33 34 30 26 20 14 15 14 14 17 19 22 26 24 23 27 34 38 41 43 36 37 38 41 44 46 45 46 48 47 46 48 49 47 54 50 47 47 49 50 50 50 47 39 48 52 47 62 51 62 48 55 46 52 43 53 41 50 44 52 43 55 43 51 46 46 49 44 44 32 35 33 34 33 28 29 27 30 28 26 29 30 25 38 29 36 37 32 32 25 38 32 40 41 44 56 53 56 53 48 46 47 50 54 55 58 62 62 60 61 64 69 72 73 72 72 73 75 83 79 75 72 71 73 75 58 64 72 74 75 74 66 69 63 72 70 65 67 59 74 73 73 73 73 70 67 74 75 74 74 81 86 84 82 87 88 84 79 72 64 63 66 63 54 49 45 43 48 47 46 45 45 45 45 40 43 46 46 44 41 39 40 36 38 36 34 36 33 37 37 36 34 32 30 28 29 32 34 34 34 34 35 39 42 45 47 47 47 49 52 70 77 58 36 31 
36 18 14 15 19 44 54 53 50 47 44 41 40 37 35 37 39 39 34 29 23 22 20 18 17 16 15 16 16 15 13 12 15 19 25 27 28 28 32 34 33 27 25 25 27 27 27 30 27 26 28 34 36 37 38 41 41 42 45 48 49 48 49 50 47 44 45 46 44 43 42 42 45 44 40 35 46 54 47 52 46 29 38 26 35 30 32 25 32 26 33 26 31 26 31 25 32 22 30 26 29 34 29 32 26 29 30 34 37 34 37 39 42 39 37 40 41 36 52 47 52 53 50 50 48 47 41 53 51 49 59 50 55 57 60 62 62 60 58 58 62 67 68 66 64 65 61 64 66 67 68 70 73 71 70 68 68 70 74 76 61 61 65 69 70 71 72 65 65 69 70 71 74 72 71 72 72 70 69 73 79 84 89 94 102 117 128 127 134 143 153 159 152 123 92 41 41 39 35 32 33 38 34 33 33 32 32 33 33 35 34 31 30 29 30 31 30 28 30 30 30 33 32 30 31 32 32 33 33 33 33 34 35 35 35 37 39 41 43 44 43 43 46 52 55 58 54 42 32 29 
33 26 28 29 29 44 43 42 41 40 39 40 40 38 38 38 38 38 36 36 36 36 34 30 26 23 23 16 14 13 11 12 13 15 22 25 26 27 27 26 24 26 26 29 33 33 33 36 35 33 36 39 40 39 41 43 42 43 45 47 48 47 53 51 46 41 42 43 42 46 43 41 42 38 28 20 41 54 45 48 43 26 37 21 28 28 29 24 30 25 34 30 35 33 40 37 43 33 43 38 42 48 41 46 45 48 48 51 53 50 51 52 54 51 49 52 53 47 50 50 52 53 52 52 56 46 42 57 56 51 58 45 49 50 52 53 53 50 49 53 57 61 62 61 59 58 63 66 68 68 69 71 73 76 74 71 70 69 68 69 68 62 62 66 64 63 73 63 65 59 59 60 56 61 55 62 68 71 76 88 100 114 120 125 132 145 151 147 141 152 175 205 221 198 158 70 46 32 29 27 26 28 28 28 27 27 27 28 28 27 27 26 27 29 31 33 35 32 34 32 30 32 29 33 33 32 32 32 33 34 33 33 33 34 34 36 38 34 37 39 40 43 48 55 59 52 45 41 41 43 
29 30 34 33 27 29 34 34 34 35 36 38 40 39 39 38 36 34 34 35 34 38 41 40 36 33 33 32 29 26 23 22 20 19 16 17 17 19 20 21 21 21 22 26 31 32 32 34 34 33 36 39 38 38 40 42 41 41 43 45 45 44 50 48 42 37 39 41 41 46 41 38 40 40 34 27 40 50 37 43 47 36 51 35 43 43 47 45 49 42 47 44 48 45 51 49 53 48 54 50 54 56 49 53 49 51 50 52 52 49 50 49 49 47 46 48 48 44 44 46 46 44 43 45 49 39 38 49 50 48 52 44 59 56 51 48 47 49 50 52 53 54 55 56 56 56 60 62 62 62 61 63 64 63 62 60 58 56 54 54 50 44 44 49 47 44 55 46 50 43 47 53 51 61 73 81 91 99 104 111 116 122 126 129 132 140 141 135 140 145 157 180 203 202 183 111 67 45 44 42 36 36 34 33 31 29 28 27 27 30 29 30 31 31 30 29 29 28 32 31 30 33 30 33 33 32 33 34 36 36 33 34 35 35 34 35 36 32 36 40 47 51 52 53 45 40 38 40 44 46 
37 37 39 37 33 30 30 30 29 28 28 28 29 33 35 36 36 35 35 36 35 38 40 41 40 41 43 45 42 40 38 37 34 32 30 26 21 19 17 17 18 18 18 21 24 25 25 27 29 29 31 33 33 33 36 39 39 39 40 42 42 41 42 41 36 33 35 38 39 40 34 32 36 44 47 45 45 48 38 44 49 42 51 41 46 44 50 54 52 45 50 50 49 46 48 47 46 46 48 47 50 49 44 46 47 48 48 49 50 50 51 51 50 48 48 48 47 45 42 43 42 38 37 40 40 32 33 36 38 39 39 38 48 46 43 41 40 41 42 38 37 36 37 40 42 44 45 47 48 48 48 50 51 47 47 47 46 44 42 41 43 38 38 42 39 37 44 37 44 47 60 75 84 99 102 106 112 118 119 113 107 115 119 120 123 129 131 125 131 135 136 138 143 144 138 106 88 83 83 74 68 72 62 59 54 49 44 41 39 34 31 29 29 30 29 28 29 28 32 31 30 32 29 31 31 31 32 34 35 37 34 35 36 36 36 36 38 42 43 48 53 54 47 40 37 37 39 40 40 40 
40 40 40 42 44 41 42 41 39 37 35 34 33 34 34 34 34 35 35 36 35 34 33 33 34 36 38 34 34 34 35 36 37 38 34 32 31 30 25 20 19 17 16 17 18 19 19 21 24 25 27 29 28 29 32 33 32 32 34 36 36 35 34 33 30 28 30 33 33 36 31 28 30 37 43 45 44 44 43 45 45 43 41 43 45 44 47 52 49 44 44 47 46 45 47 49 46 46 47 47 50 48 44 47 46 45 45 44 43 43 43 42 40 39 39 39 37 36 33 33 32 28 28 29 27 23 26 24 25 27 25 27 29 29 30 31 31 31 31 31 28 27 29 33 36 38 36 38 40 40 41 43 45 49 49 49 47 43 40 38 41 38 39 40 40 41 44 59 63 72 84 95 107 113 103 102 103 104 105 104 102 100 102 101 101 105 106 101 104 113 116 114 117 118 115 98 109 120 118 106 102 108 107 104 98 92 86 83 81 75 64 54 47 43 39 35 32 28 29 28 29 33 32 32 32 32 32 32 32 32 34 34 34 34 36 40 43 53 54 55 52 46 39 34 37 40 42 41 40 39 
35 39 40 40 42 37 37 38 38 39 38 37 36 41 38 36 37 39 41 41 40 39 38 39 39 36 34 34 33 30 28 28 30 33 30 28 29 31 29 27 29 29 25 21 19 16 15 17 16 17 19 20 19 19 22 23 23 23 25 27 27 27 27 27 25 24 26 28 28 30 27 25 26 29 33 35 34 34 41 40 39 45 41 41 42 45 42 45 45 42 39 43 41 40 40 43 38 37 38 36 39 38 31 36 33 31 31 30 30 31 31 29 27 26 26 26 24 24 24 24 22 20 22 21 17 18 21 19 21 22 21 23 22 22 22 23 25 25 26 26 25 25 28 32 34 35 36 38 39 38 38 40 41 44 45 46 47 45 43 41 34 36 41 46 58 73 77 79 75 86 85 83 89 81 70 68 64 59 60 68 77 104 106 104 105 114 118 115 107 111 111 110 113 115 111 110 114 116 118 123 125 119 125 124 123 122 123 124 125 111 106 104 106 105 97 87 88 69 54 39 31 32 30 30 31 33 34 35 36 35 36 35 33 34 38 47 55 61 65 62 52 44 43 47 50 51 53 55 58 62 
38 39 39 38 38 36 34 36 37 36 35 36 38 39 37 36 36 37 39 40 41 40 39 39 40 40 40 42 41 39 38 37 36 37 30 29 29 29 28 28 28 31 28 26 21 14 11 13 15 14 14 14 13 13 12 15 14 14 14 15 16 16 17 17 18 19 20 20 19 21 19 18 18 19 20 22 22 23 27 28 30 34 35 32 32 33 32 32 32 31 31 32 31 30 29 29 27 26 26 25 26 25 23 24 23 24 26 27 26 25 24 23 23 22 22 22 21 21 23 22 21 20 20 18 17 17 21 23 22 20 19 21 18 19 21 22 23 24 24 23 23 24 26 30 32 34 36 39 41 39 39 44 51 46 47 46 41 37 38 40 39 49 66 74 79 84 76 87 68 70 60 49 35 30 22 22 22 21 22 28 36 48 48 51 54 54 55 58 70 74 76 78 79 79 78 87 92 96 98 98 100 100 107 103 96 93 95 98 98 84 73 78 88 93 91 82 75 61 56 31 34 39 27 32 37 35 40 42 36 38 41 42 46 54 62 65 65 68 66 65 64 60 59 62 63 64 65 65 65 64 
44 43 43 41 40 39 35 37 38 37 36 37 38 40 39 39 38 39 40 41 39 38 38 38 38 39 39 43 43 43 42 41 40 40 41 41 40 39 38 36 35 32 32 29 21 12 9 10 17 16 13 11 10 12 15 14 13 11 10 9 8 8 10 10 10 10 11 12 12 13 12 12 12 12 13 13 13 16 19 22 22 22 22 22 22 23 24 23 22 22 22 23 23 23 23 23 23 23 23 23 23 22 22 22 22 23 23 23 23 23 23 23 23 23 22 22 22 21 20 20 19 19 19 18 19 16 18 19 18 16 16 17 18 19 21 22 23 22 22 23 23 24 25 28 32 34 39 37 38 42 45 46 44 42 41 39 40 45 51 54 91 82 85 79 66 67 69 34 18 19 25 29 16 8 10 24 48 71 82 85 88 70 55 52 63 69 64 57 41 31 21 17 17 19 21 30 32 34 33 31 30 30 27 26 25 26 29 34 37 42 43 48 46 39 30 19 15 10 11 14 49 83 57 56 65 37 24 38 45 39 49 50 52 52 51 53 55 49 47 48 50 49 49 51 49 50 52 53 54 53 
49 48 46 45 44 44 39 40 40 39 38 38 39 38 38 39 39 40 40 40 39 40 39 39 39 39 38 41 41 41 41 41 41 41 44 43 43 41 39 37 36 34 39 37 29 24 23 24 23 15 8 5 4 6 7 11 11 12 12 11 11 11 10 10 11 11 10 11 11 11 12 12 12 12 12 12 12 14 16 17 16 15 15 16 17 19 20 19 19 18 19 19 20 21 22 23 23 22 22 22 23 23 23 23 23 22 20 19 20 21 22 22 22 22 22 22 22 22 18 18 17 17 17 16 16 17 16 16 15 15 16 16 21 21 23 23 23 23 23 23 22 23 24 27 31 34 32 32 34 37 40 38 36 40 37 39 49 60 64 60 53 40 43 43 35 35 42 46 52 61 43 20 9 10 33 57 91 113 116 113 113 128 116 112 110 87 51 27 9 6 5 7 11 15 16 13 13 14 15 15 14 12 14 14 13 13 14 17 20 32 41 51 50 49 48 36 33 28 19 18 47 132 153 162 167 140 97 56 37 44 32 42 51 52 50 53 60 59 57 59 61 59 59 62 62 64 66 68 70 71 
47 46 45 45 45 45 43 43 42 41 41 40 40 39 39 40 41 41 41 40 42 42 43 43 42 40 38 40 40 41 41 42 43 43 40 41 41 40 39 37 35 34 39 39 35 37 39 36 13 6 2 2 3 3 3 4 5 6 8 10 11 11 9 11 13 14 13 11 11 10 10 10 10 10 10 10 14 14 13 12 12 13 15 15 16 16 16 17 17 18 18 18 18 19 20 21 22 22 22 22 23 23 24 24 23 22 20 19 19 20 20 20 20 20 20 20 20 20 18 17 16 15 14 13 13 16 14 13 13 15 17 17 19 20 21 22 22 22 22 23 22 22 23 26 29 32 31 36 38 34 29 32 38 42 44 52 66 77 77 70 58 52 62 76 85 98 99 89 47 18 9 14 27 47 59 76 93 97 94 96 103 101 112 107 73 32 10 4 2 4 7 11 14 15 13 15 15 15 17 18 17 15 15 16 17 17 18 22 29 30 32 38 35 30 26 20 27 61 98 112 101 135 139 178 177 202 188 103 40 24 24 38 57 67 68 70 73 80 77 78 79 75 74 77 79 80 80 80 80 79 
42 41 41 42 43 44 45 43 43 42 42 42 41 42 42 42 42 42 41 41 40 40 41 41 40 39 38 40 40 41 41 42 42 42 41 43 44 45 44 42 41 45 46 43 42 46 45 38 28 21 15 9 5 3 2 3 4 5 6 7 8 8 8 9 10 11 12 13 13 12 11 10 9 9 9 9 10 10 11 11 11 12 13 14 13 13 13 13 14 15 15 15 15 15 16 17 18 19 19 19 20 20 21 22 21 21 20 20 19 19 18 17 17 17 17 16 16 16 15 15 14 13 12 11 11 13 11 11 12 15 16 16 16 17 18 19 19 20 20 20 20 20 21 22 24 26 28 34 37 36 37 42 50 80 81 84 88 88 85 82 85 79 77 76 80 75 50 20 8 3 9 22 35 36 46 54 60 57 50 48 51 40 44 34 14 4 3 5 7 10 13 14 13 13 13 13 13 14 16 18 17 16 15 15 17 17 16 18 23 38 34 39 37 24 12 4 12 27 62 105 107 121 128 157 176 196 208 196 120 41 37 48 61 69 69 66 64 65 63 64 65 63 61 64 62 62 61 60 59 59 
42 40 39 40 41 42 43 41 40 41 42 42 40 39 39 37 36 36 35 35 36 36 36 36 36 35 36 35 36 36 36 37 37 37 38 39 41 42 41 39 38 40 39 39 39 40 39 36 40 38 34 22 10 6 7 5 6 6 8 9 10 11 6 5 4 5 8 11 13 13 13 12 11 9 8 7 7 9 11 12 12 12 12 12 12 12 12 12 13 13 14 13 13 13 13 14 15 15 16 16 16 17 17 17 18 19 19 18 18 17 16 15 15 15 14 14 13 13 12 12 12 11 10 10 10 11 11 11 13 14 15 15 15 16 16 17 18 18 19 16 16 16 16 17 17 18 16 21 30 43 54 61 63 71 70 70 69 69 72 74 70 71 71 63 55 37 15 4 3 1 3 6 10 10 12 11 9 6 5 7 9 14 13 8 4 4 7 11 12 15 17 15 13 12 12 13 14 15 16 17 16 16 14 14 17 20 20 20 25 30 32 40 41 36 23 8 3 5 22 57 81 90 101 111 141 171 186 200 156 70 48 51 53 54 54 53 52 54 52 54 57 55 55 58 56 56 55 55 56 57 
45 42 40 40 40 41 39 37 37 39 40 40 38 37 36 33 31 31 31 31 33 33 32 32 33 34 35 35 35 35 35 35 35 35 35 36 38 38 37 35 33 34 35 37 37 32 31 36 32 31 35 35 28 23 25 23 22 22 22 23 24 25 17 12 10 11 15 17 18 20 21 21 19 16 12 9 8 10 11 11 11 10 10 11 11 12 13 12 11 11 12 11 11 11 12 13 14 14 14 14 14 15 15 15 16 16 16 16 15 15 15 14 14 13 12 12 11 11 11 10 10 9 8 8 8 9 10 11 12 12 12 11 13 13 13 13 14 14 14 11 12 12 12 12 11 11 11 22 41 54 59 59 59 55 55 54 52 48 46 45 41 37 34 25 16 7 2 3 3 3 5 6 8 6 9 7 5 5 7 10 13 12 11 8 7 9 13 15 16 16 15 15 18 24 29 31 30 27 21 16 12 11 14 12 14 18 16 15 17 28 55 82 92 105 85 35 11 5 6 21 54 67 77 80 100 140 159 167 155 104 51 54 55 54 52 52 53 57 55 56 58 56 55 58 59 58 57 58 59 61 
38 37 36 36 36 36 34 32 30 30 33 35 37 36 35 35 34 34 34 34 36 37 37 37 38 39 40 40 40 40 40 40 40 40 39 40 41 41 40 38 36 42 44 46 43 39 39 43 41 39 41 44 42 40 41 40 40 40 39 38 37 37 32 29 27 28 30 32 33 32 34 35 34 30 25 22 19 17 14 12 10 10 10 10 10 10 10 11 11 11 11 10 10 11 12 13 13 13 13 13 12 13 13 13 14 12 12 12 12 12 12 12 11 10 10 10 9 9 9 9 8 7 6 6 5 7 8 9 10 9 9 9 10 10 10 10 9 10 10 8 9 9 9 9 10 11 19 29 39 40 37 32 29 29 26 21 18 14 10 7 5 3 4 5 4 4 4 3 3 7 7 7 9 10 10 10 8 8 12 14 14 14 12 11 10 14 20 24 26 26 24 25 34 46 51 48 48 50 36 16 9 12 30 29 21 12 7 7 11 37 77 116 145 172 174 77 27 12 5 7 29 42 48 57 69 89 120 138 146 125 53 57 57 57 56 55 56 60 59 58 57 55 54 54 57 57 57 57 57 57 
36 36 37 38 39 40 37 35 32 31 32 35 36 39 39 40 41 41 40 40 39 40 42 41 41 42 44 43 43 43 43 43 42 42 42 43 44 44 43 42 40 42 43 43 41 39 39 41 39 40 40 38 36 36 36 36 37 37 36 35 34 33 34 34 33 33 33 32 33 32 34 37 37 35 33 32 32 29 23 19 16 14 13 12 11 10 9 9 9 10 9 9 10 11 12 12 12 10 10 10 10 10 10 10 11 10 10 10 10 10 9 8 8 7 7 8 7 6 7 6 5 5 4 4 5 5 6 8 8 8 8 8 8 7 8 7 7 7 7 5 6 7 6 6 7 9 13 13 11 9 8 7 5 6 6 4 3 3 3 2 2 3 4 4 3 3 4 5 7 11 8 9 10 12 8 8 9 12 17 20 19 14 13 16 21 27 37 39 41 45 43 41 49 57 55 54 53 47 28 10 5 9 33 33 21 8 4 9 19 34 74 123 151 141 160 94 43 22 8 3 14 28 38 45 48 58 93 106 117 115 56 57 57 60 60 59 64 60 61 60 60 61 61 61 63 64 65 65 66 67 
49 49 49 50 52 52 50 49 48 46 44 42 42 41 41 41 41 41 40 40 37 38 39 39 38 38 40 40 40 39 39 39 38 37 37 38 39 39 38 37 36 38 38 39 37 36 37 38 38 39 38 37 35 35 36 36 35 34 33 33 32 32 30 31 33 33 33 32 31 27 29 31 31 31 31 31 35 34 32 30 28 26 25 22 20 17 15 13 11 11 8 8 8 8 9 9 8 8 8 8 8 8 8 8 8 9 8 7 7 6 4 7 6 5 4 4 3 3 3 3 4 4 3 3 4 4 4 4 5 6 6 6 5 5 5 5 5 5 4 4 4 4 4 3 3 4 3 2 3 4 4 3 3 2 3 4 3 3 3 3 4 6 6 4 3 4 7 7 10 12 8 9 11 21 10 11 15 25 33 37 41 24 23 31 40 47 52 46 53 58 56 52 55 57 52 62 60 37 12 3 2 4 16 15 9 3 3 10 21 25 32 53 69 58 80 76 58 35 13 4 12 25 33 40 35 49 75 81 94 88 59 63 64 67 67 66 74 76 77 79 82 84 86 87 88 88 89 90 93 96 
45 43 42 42 42 42 43 43 44 43 42 40 39 38 39 39 39 38 37 36 35 36 36 35 34 35 36 37 37 36 35 35 35 35 36 36 37 38 37 37 36 34 34 35 36 36 37 38 31 32 33 33 33 34 35 34 33 31 30 30 30 30 31 32 34 35 36 36 36 35 35 35 34 33 34 35 28 29 29 30 31 31 31 29 29 26 24 21 19 18 13 12 11 10 10 9 8 7 6 6 6 5 5 5 4 4 4 6 5 5 5 5 4 3 3 4 5 6 6 7 8 8 8 7 7 7 4 3 3 4 4 3 3 4 4 4 3 3 3 3 3 3 3 2 2 2 1 1 3 5 5 6 11 14 13 8 4 4 5 4 5 5 5 4 6 7 7 9 9 11 12 9 12 51 30 32 38 46 53 57 58 42 41 49 53 53 52 44 50 55 54 51 52 51 46 49 38 18 6 4 5 4 6 5 3 2 3 6 11 14 6 12 29 32 38 36 38 26 11 3 10 23 31 40 36 55 69 71 78 56 64 92 99 92 92 92 97 103 104 105 107 108 109 109 113 110 108 108 110 113 
39 38 37 36 35 35 40 40 39 39 39 40 41 41 41 41 41 40 39 39 34 35 36 35 34 34 35 35 34 34 34 34 34 35 32 32 32 33 33 32 32 31 31 31 32 32 32 32 29 30 32 32 32 33 34 34 33 32 31 31 31 31 34 33 31 30 29 28 28 33 32 31 29 28 29 31 27 26 25 25 26 27 28 28 29 30 30 30 30 29 35 34 32 32 31 30 29 26 25 23 21 20 20 19 15 10 14 17 9 3 4 3 5 8 14 21 29 35 37 43 41 39 46 47 35 19 10 4 2 2 2 2 3 6 6 5 3 2 3 3 2 3 3 2 2 3 3 4 14 31 38 38 42 54 31 12 5 5 6 4 6 6 5 6 9 10 9 10 7 11 21 18 16 46 51 60 60 53 51 52 48 49 49 55 54 51 56 56 52 54 55 56 58 61 60 36 14 4 4 7 7 4 5 4 4 5 5 5 4 4 3 11 28 31 29 25 27 19 9 3 12 26 35 38 35 51 61 75 64 24 49 107 123 104 109 113 106 110 110 110 109 109 109 109 110 108 106 105 107 110 
40 40 40 40 41 41 41 40 38 37 37 38 39 34 34 35 35 34 34 34 30 31 32 31 30 31 32 31 30 28 28 28 28 29 29 29 29 29 29 30 30 33 32 31 31 31 30 28 32 33 34 33 32 32 33 32 31 31 31 32 32 32 29 28 27 26 27 28 29 29 29 29 28 28 30 32 36 35 35 35 37 39 40 41 43 45 47 49 50 51 54 53 53 56 59 60 59 61 59 57 55 53 52 52 42 33 39 39 20 8 8 12 17 26 34 39 41 41 36 38 33 31 36 33 22 14 8 4 2 2 2 3 5 7 8 5 3 2 3 3 3 3 2 1 2 4 3 5 18 48 65 54 40 59 26 8 5 6 6 6 9 8 8 8 8 9 11 7 6 12 33 39 29 20 40 47 54 56 56 55 55 59 60 65 61 59 68 72 66 67 68 72 76 81 84 59 37 23 13 5 2 3 4 4 5 6 6 4 3 4 4 7 15 22 26 29 26 15 7 4 15 27 35 38 33 44 57 75 48 11 46 104 119 102 113 118 109 116 116 116 117 118 119 120 115 115 115 116 119 122 
31 31 31 31 31 32 30 30 29 29 28 29 29 29 30 30 31 31 31 31 30 31 32 32 31 32 33 31 29 27 25 24 24 24 30 30 30 30 31 31 32 30 29 28 29 30 30 29 28 29 29 29 28 28 29 30 31 32 33 33 33 33 33 34 36 38 40 41 42 45 46 46 45 45 48 51 49 50 51 53 53 54 54 54 54 54 54 54 54 55 50 48 48 49 49 49 48 45 44 44 44 43 44 44 34 34 37 38 30 25 26 28 31 34 34 33 33 34 36 35 38 37 27 14 8 4 4 3 3 2 2 3 4 4 4 4 3 3 3 3 3 3 2 1 2 7 19 21 29 45 56 54 48 45 18 6 5 5 7 14 20 10 7 9 8 6 7 3 4 21 57 64 57 38 31 30 48 76 77 71 80 80 79 85 82 80 87 85 85 85 87 90 92 93 96 90 91 83 55 24 10 7 8 7 6 5 3 3 3 4 5 9 20 26 21 19 12 5 3 6 18 24 28 37 40 54 55 51 27 14 80 121 123 116 125 124 124 120 121 121 122 123 123 123 121 121 122 122 122 122 
31 31 31 31 31 31 32 32 32 33 33 33 33 32 32 33 33 33 32 32 33 33 34 33 33 33 34 33 31 28 26 25 25 25 24 24 24 25 26 27 28 28 28 29 31 33 34 34 37 38 39 40 40 40 40 45 47 49 51 52 51 51 50 52 53 54 53 53 52 53 52 51 50 50 51 53 54 54 54 52 50 47 45 46 45 43 42 40 39 39 39 38 36 35 33 32 30 31 31 31 32 33 35 36 34 36 34 31 32 35 36 35 36 37 37 38 41 44 37 39 44 38 17 4 2 2 3 3 3 2 2 2 2 2 2 2 3 3 4 3 2 2 3 3 4 9 41 57 61 60 63 72 68 29 9 7 13 20 33 51 52 25 20 24 16 10 9 2 5 33 86 85 80 79 51 44 63 97 96 83 93 95 93 99 100 99 101 94 97 96 97 97 95 94 93 94 96 98 88 65 44 33 30 24 16 9 5 4 5 5 7 14 21 20 12 12 5 3 5 14 27 30 32 37 50 69 60 39 25 33 98 111 108 107 110 107 113 111 111 111 111 110 110 110 111 111 111 110 107 105 
34 36 36 36 36 35 35 35 34 34 34 33 33 30 31 30 30 29 28 28 29 29 29 29 28 28 28 29 29 30 31 32 34 35 35 35 37 39 40 42 43 46 47 48 49 50 51 51 52 53 54 58 59 58 55 54 55 56 57 56 55 55 53 53 51 50 48 47 46 45 44 42 41 40 40 40 40 39 36 34 33 33 33 34 34 34 35 34 33 33 31 32 33 34 34 34 34 35 36 36 38 39 41 42 42 42 44 45 46 47 47 49 50 53 54 53 52 51 52 56 48 25 7 2 2 2 2 3 2 2 2 2 2 2 2 2 3 4 4 3 2 2 5 6 4 5 26 45 36 25 36 74 91 51 28 39 60 70 87 92 87 58 39 30 13 9 10 2 5 31 76 71 56 61 88 88 91 94 92 88 87 86 87 86 85 83 81 79 76 74 70 66 63 61 59 63 55 48 48 49 48 45 39 32 22 15 12 11 12 11 11 17 22 17 10 7 10 11 18 31 39 42 46 56 66 79 78 62 59 74 94 95 95 96 97 99 100 98 99 100 100 100 99 98 98 99 100 100 98 96 
32 32 32 31 30 29 29 28 28 27 26 26 26 25 25 26 28 29 30 30 34 35 36 38 39 41 41 43 44 46 49 52 56 58 51 53 56 58 58 57 56 57 57 56 55 54 53 53 49 49 49 50 50 48 45 42 42 41 39 38 37 36 39 38 36 34 32 31 30 32 32 32 32 32 32 32 33 33 33 32 33 33 34 36 37 38 38 39 38 38 39 40 42 43 44 45 45 45 46 48 49 50 49 49 47 46 47 46 46 46 46 45 45 43 42 40 40 39 41 41 32 15 4 2 3 2 3 3 2 2 2 2 3 3 2 2 3 3 2 2 3 2 4 5 3 2 6 7 5 4 8 43 98 88 71 87 101 98 98 90 97 62 24 7 2 6 7 2 3 11 23 17 12 14 57 72 70 56 52 52 46 44 42 40 38 36 35 36 31 30 27 24 21 19 18 16 16 17 16 15 15 15 13 14 14 13 13 13 13 17 16 20 26 28 28 32 39 41 54 69 72 70 73 80 79 83 85 79 81 95 97 95 93 91 91 92 94 92 92 93 93 93 92 92 92 92 91 90 90 89 
26 26 27 27 26 26 29 29 30 31 32 33 33 31 33 35 38 42 45 47 52 53 53 54 55 55 56 55 55 55 56 57 58 59 53 54 54 53 50 47 45 49 49 46 44 42 40 40 37 36 34 33 31 28 26 27 27 27 27 28 30 31 33 33 32 31 31 30 30 30 31 32 33 33 33 32 35 35 36 37 39 40 42 42 43 43 44 44 44 44 46 47 48 49 49 49 49 44 45 46 46 44 42 41 35 35 34 33 32 32 31 26 25 25 25 26 27 27 26 28 24 13 4 2 3 3 2 2 2 2 2 2 2 2 2 2 3 3 2 2 2 2 2 2 2 2 2 2 2 3 3 26 85 93 83 85 80 75 78 71 73 26 4 1 2 4 2 2 2 3 4 2 1 2 17 35 39 28 25 24 17 17 16 14 13 12 12 13 11 12 12 12 12 12 12 12 12 12 11 11 13 15 15 17 19 21 24 28 31 37 37 45 56 62 66 73 67 70 80 87 83 78 80 79 74 77 82 81 81 87 95 92 88 85 85 87 89 88 88 88 87 88 88 88 90 89 87 86 86 87 
39 40 42 43 44 45 47 48 49 51 52 53 53 53 53 52 52 52 52 53 50 50 51 51 51 51 52 48 47 45 44 43 43 43 41 40 38 35 32 30 29 26 25 24 22 21 20 20 19 18 18 19 19 19 18 20 21 21 23 25 28 30 36 36 35 35 35 35 35 36 37 38 39 38 37 36 38 39 40 42 43 44 44 44 44 44 43 43 42 41 45 44 42 39 36 33 32 29 28 27 26 25 24 25 22 22 21 21 20 20 19 23 24 26 28 30 31 32 35 37 35 23 9 3 2 3 2 2 2 3 2 2 2 2 2 2 3 3 2 1 2 2 2 2 3 2 2 2 2 2 2 13 46 44 44 43 41 44 46 41 42 8 1 2 2 2 2 2 2 2 3 2 2 2 9 15 17 12 10 11 10 8 9 9 10 11 12 12 13 14 16 18 21 23 24 24 27 34 42 47 49 48 49 51 51 53 58 64 71 65 67 75 80 79 76 77 81 81 83 82 77 74 76 76 77 82 85 82 79 81 90 87 83 81 82 85 88 86 85 84 83 84 85 86 90 88 86 84 85 86 
58 57 58 58 59 60 58 58 56 54 52 50 49 49 47 45 43 42 42 42 42 42 41 39 38 37 36 32 30 28 25 23 22 21 20 19 18 17 16 16 17 16 16 16 16 16 15 15 17 17 18 20 22 23 22 25 25 25 25 26 27 28 25 25 25 25 24 24 23 24 24 25 24 23 23 22 21 22 23 24 24 24 24 27 27 27 26 25 24 23 22 21 19 17 15 14 13 12 11 11 11 11 12 12 13 12 12 12 12 12 12 10 11 12 12 12 12 12 11 12 13 10 5 2 2 3 2 2 2 3 2 2 2 2 2 2 3 4 3 2 1 2 2 2 3 2 2 2 2 2 2 14 39 56 59 54 55 61 58 51 24 7 2 2 1 2 2 1 2 1 2 2 2 1 3 5 9 12 12 14 18 23 25 30 35 39 42 43 50 53 56 60 62 63 64 69 68 68 71 73 71 66 76 78 78 75 72 71 72 78 79 80 78 75 72 74 87 84 81 79 77 78 79 82 83 84 82 79 81 87 86 83 81 81 83 85 88 84 82 80 80 80 82 84 88 87 86 85 84 84 
38 36 35 34 35 35 33 33 31 29 27 26 25 23 23 22 23 24 25 27 27 25 24 22 20 18 17 16 15 13 11 10 9 8 10 10 10 10 11 11 11 13 13 13 13 13 13 13 12 11 11 12 13 13 13 12 12 11 11 11 10 10 11 11 11 11 10 10 10 10 10 9 9 9 9 9 8 8 9 9 10 9 9 12 12 12 12 11 11 10 10 10 10 10 10 10 10 9 9 9 9 9 9 10 9 9 9 8 8 7 7 7 7 6 6 6 6 6 5 5 6 6 4 4 4 3 3 3 3 3 3 2 3 3 2 3 4 7 8 4 1 2 2 2 3 3 2 3 2 2 3 16 34 30 29 22 20 21 18 18 11 4 1 1 1 3 2 2 3 2 3 2 3 2 2 10 29 49 54 53 58 59 61 65 69 73 76 77 62 63 65 67 66 65 63 65 63 61 60 66 76 84 65 70 77 81 83 85 86 76 77 76 74 76 81 87 85 80 77 77 81 82 80 80 79 77 75 77 81 85 84 84 83 83 85 86 88 85 83 81 81 81 83 85 86 87 87 87 87 85 
17 16 15 15 15 15 14 14 14 14 15 15 16 15 15 15 15 16 17 18 18 18 18 18 18 18 18 18 18 18 19 19 20 20 17 18 20 21 21 21 21 20 20 20 21 21 21 21 21 21 21 23 25 27 27 29 30 31 31 31 31 30 23 23 23 24 24 25 25 28 27 26 26 26 26 26 27 27 28 29 30 30 30 28 28 28 28 28 27 27 26 26 25 24 23 22 21 21 21 20 19 17 16 15 13 12 12 12 11 10 10 10 10 9 8 9 10 10 9 9 9 8 6 5 5 4 4 4 4 3 4 4 3 3 3 3 6 10 14 5 2 5 6 4 3 2 3 3 3 3 2 4 7 3 4 4 4 3 2 2 3 2 2 3 1 2 2 2 2 2 2 1 2 2 4 13 31 43 45 45 49 68 66 63 61 59 59 59 61 63 65 66 65 64 63 62 69 73 69 65 66 72 71 73 73 72 73 75 78 74 77 77 74 73 76 79 80 76 75 78 85 85 79 79 79 79 82 87 88 85 86 86 86 86 86 86 86 89 87 86 86 86 88 91 88 90 92 92 91 89 
35 34 34 35 36 38 36 36 37 38 39 42 43 44 44 46 47 49 51 51 53 51 50 51 52 51 50 52 53 54 54 54 52 51 50 51 51 50 51 55 61 62 63 65 65 64 62 60 62 64 66 68 71 73 74 74 74 74 74 76 78 80 74 74 75 75 75 74 73 81 79 77 79 80 77 72 75 72 71 72 73 73 73 73 71 68 65 64 63 64 58 57 54 52 49 47 46 40 37 33 30 27 25 25 23 24 25 26 25 21 17 18 16 14 12 11 11 10 11 10 8 7 6 6 6 6 7 7 6 5 5 6 5 5 4 4 4 6 8 4 3 5 6 4 3 4 4 4 4 3 3 4 4 3 3 3 3 3 3 3 3 3 3 3 3 3 3 3 3 2 2 3 3 3 5 8 8 7 6 8 23 60 62 63 64 64 63 62 60 64 62 58 53 55 57 53 50 52 52 45 43 48 45 45 46 47 48 49 49 48 58 67 71 72 73 77 81 75 71 76 83 86 83 81 83 86 89 91 92 92 90 91 91 92 93 93 94 87 90 94 97 98 97 96 87 91 97 100 100 96 
62 63 63 65 67 69 66 66 66 67 68 70 71 74 73 72 70 69 69 68 67 67 68 72 76 77 76 74 74 74 74 73 71 69 71 73 76 75 74 75 77 77 77 79 81 81 82 81 85 86 88 89 89 89 88 91 90 89 89 88 88 88 89 89 90 90 90 89 89 83 80 78 78 78 76 72 78 75 71 65 59 57 56 61 58 53 48 45 43 42 41 40 38 36 34 32 31 31 30 29 29 28 29 29 28 27 26 24 22 18 16 12 11 10 10 10 10 10 13 13 14 15 17 18 18 21 23 24 21 16 12 9 7 7 8 8 8 7 7 8 8 8 7 6 6 6 7 6 6 5 5 6 6 5 5 5 4 4 4 4 4 4 3 4 4 4 4 4 4 4 4 4 4 4 3 5 7 12 17 24 48 87 73 60 54 55 59 61 57 53 50 50 44 36 32 29 22 21 22 20 18 18 20 20 22 24 27 30 32 42 50 59 63 65 69 74 80 77 75 78 82 83 82 85 85 86 87 89 91 93 89 88 86 85 87 90 92 88 89 92 93 94 94 94 86 89 93 97 99 97 
65 66 66 66 66 66 65 65 64 64 65 65 66 68 67 66 66 67 68 70 67 67 69 72 74 73 70 69 70 71 72 72 72 71 74 78 82 83 81 79 78 83 82 83 84 85 87 87 85 87 90 93 93 93 92 90 89 88 86 83 80 78 79 77 73 68 63 58 55 57 54 50 47 45 43 41 42 44 43 40 37 37 40 34 34 33 33 34 34 35 34 32 30 28 26 24 24 21 20 18 17 16 15 15 15 17 17 17 18 20 22 25 26 28 30 33 36 38 39 41 45 48 51 54 54 61 62 61 58 50 42 35 26 20 15 12 11 11 11 9 11 11 10 10 11 10 10 9 9 8 8 9 9 9 8 7 6 6 6 6 6 5 5 5 5 5 5 5 5 5 5 5 5 5 5 10 19 30 37 42 57 72 57 42 35 34 37 40 38 40 56 73 73 56 45 54 59 58 51 46 44 43 49 49 51 53 56 59 61 70 75 79 78 76 76 78 82 84 85 84 84 84 85 90 89 87 87 89 92 94 94 92 88 86 86 88 90 89 89 89 89 89 90 90 90 91 92 92 93 93 
66 66 65 64 62 61 62 62 63 63 64 64 64 68 67 66 66 68 70 71 68 69 72 76 78 77 74 75 76 77 78 80 81 82 81 82 83 84 83 81 79 81 80 78 76 76 76 76 73 72 70 67 62 57 54 53 53 53 51 48 45 43 35 35 34 32 31 29 28 26 24 24 23 24 24 25 33 34 32 27 23 22 24 24 24 22 20 19 18 18 18 18 19 20 22 23 24 27 28 30 33 36 39 40 41 45 48 49 50 54 58 58 59 61 64 67 69 71 67 69 72 74 75 75 74 74 71 71 74 75 73 69 68 58 47 38 30 23 18 14 13 14 13 12 11 13 11 11 11 12 13 13 12 11 10 10 10 9 9 9 9 8 7 7 7 6 6 7 7 6 6 6 6 7 10 15 24 31 33 39 48 56 54 52 47 47 51 57 54 57 78 92 92 69 58 81 106 101 75 70 73 68 67 69 72 75 76 76 76 68 73 77 80 82 83 86 84 90 93 90 86 86 88 91 89 86 85 87 90 92 97 96 95 93 92 91 90 91 89 89 88 88 89 89 94 93 92 90 90 90 
63 63 64 64 64 64 65 66 67 68 69 69 68 75 75 75 75 77 78 79 77 77 79 82 83 81 78 83 82 80 79 79 79 78 71 68 65 63 62 60 59 51 50 48 46 44 43 42 37 36 35 33 31 30 29 28 28 28 27 26 25 24 23 22 21 20 18 16 15 18 17 17 17 17 17 18 21 22 23 23 22 24 27 30 32 34 36 38 40 41 46 47 49 52 56 59 60 64 65 66 67 68 69 69 69 73 77 76 75 74 75 75 76 77 78 77 78 77 79 80 80 80 79 78 78 81 78 77 79 79 75 70 75 75 76 75 69 58 50 39 27 22 19 13 12 17 16 15 13 13 13 12 11 12 12 13 13 13 12 12 11 11 10 10 10 10 10 10 10 9 9 9 9 9 12 14 19 21 26 41 55 50 57 60 54 51 58 69 41 41 49 47 56 52 56 57 73 67 54 65 78 69 71 73 77 79 78 76 73 76 78 82 83 83 82 81 83 88 91 89 85 84 87 86 86 84 83 84 86 88 89 92 96 99 99 98 96 94 94 93 93 93 93 93 94 94 93 94 95 97 
67 67 68 70 73 74 72 73 74 74 74 73 72 74 76 77 79 79 79 78 79 76 72 70 67 63 59 55 53 50 47 45 44 44 36 33 30 29 28 27 26 23 23 23 22 21 19 19 20 19 18 17 17 17 18 16 16 16 17 17 18 18 18 18 19 20 21 21 22 23 26 30 34 37 42 46 48 49 50 51 52 54 57 55 57 59 62 64 65 66 68 68 67 67 68 68 68 74 75 77 78 78 77 76 72 73 74 76 76 74 72 73 75 77 79 80 81 79 79 78 77 77 77 77 78 75 76 78 80 80 77 73 75 77 79 78 76 74 73 71 56 45 37 28 27 33 21 17 14 14 15 16 16 15 15 15 16 15 15 15 14 13 13 13 14 14 14 13 12 12 12 12 12 12 9 10 17 21 27 43 49 51 56 55 46 40 45 54 28 29 32 23 37 38 41 36 37 40 49 62 69 68 63 63 63 62 61 59 58 58 63 70 77 82 83 83 82 85 86 86 84 84 85 86 86 86 86 87 88 89 87 91 96 100 102 102 102 101 102 104 104 104 103 101 97 99 101 103 105 108 
74 73 72 74 76 79 75 76 76 75 73 70 69 60 61 61 59 55 50 47 42 40 36 34 32 29 27 27 25 23 21 20 19 19 19 18 17 18 18 18 16 14 15 16 17 17 16 16 16 16 17 19 22 26 28 29 29 30 32 35 39 40 46 47 49 52 53 54 54 59 63 65 64 61 61 63 64 62 61 62 64 64 63 69 69 71 71 70 69 68 71 71 72 73 73 74 74 72 74 76 78 78 77 77 78 74 73 76 78 77 74 77 78 80 81 81 79 77 78 76 75 75 75 77 78 80 78 76 75 74 73 73 76 78 79 76 74 76 81 77 78 73 66 63 63 60 53 39 26 19 17 17 16 18 17 16 16 16 16 17 16 15 15 15 15 15 15 15 15 15 14 14 14 14 14 13 21 26 34 47 43 46 49 49 44 40 43 49 27 38 49 36 50 38 26 38 33 44 51 36 25 28 24 23 23 23 24 26 28 31 37 48 60 71 77 78 84 84 85 85 86 87 86 90 91 93 95 95 95 95 98 98 99 100 100 101 102 107 110 113 115 115 112 110 106 107 109 111 112 113 
63 61 58 55 54 53 51 49 45 39 35 34 35 30 27 23 22 22 22 20 20 19 18 18 17 17 16 16 16 16 16 16 15 15 16 17 18 21 23 25 26 29 30 32 35 37 40 41 46 48 51 54 56 58 60 61 61 62 62 63 64 64 68 68 67 68 69 71 72 72 72 70 67 66 69 71 70 72 74 76 75 72 70 68 69 70 70 70 70 71 73 72 73 73 74 76 77 73 75 77 78 78 77 77 82 81 80 79 79 78 77 76 79 81 83 83 83 82 77 77 78 78 78 77 77 78 78 78 77 77 77 77 75 76 77 78 79 80 81 77 77 78 78 80 81 82 92 80 57 37 26 20 18 21 19 20 22 20 17 16 18 18 17 17 17 15 14 16 15 15 14 14 14 13 14 12 22 27 29 42 45 51 42 47 42 34 29 38 20 26 38 35 46 35 40 43 47 47 54 33 25 29 32 35 39 44 48 50 51 63 69 78 86 90 89 88 90 90 91 92 94 97 98 98 99 102 105 107 108 108 107 107 108 108 108 107 107 111 109 109 112 114 112 108 108 109 109 110 110 110 
36 31 28 26 24 22 21 19 17 16 16 16 16 18 18 18 18 19 21 23 24 25 27 29 30 30 30 33 35 38 41 44 47 48 54 56 58 61 63 66 67 66 66 67 68 68 69 69 60 61 63 64 65 65 65 65 65 66 66 66 67 67 68 67 67 67 68 70 71 69 70 71 70 70 73 76 75 74 75 75 75 75 75 74 74 74 75 75 76 76 75 74 72 71 71 73 73 72 74 78 80 81 79 78 76 76 76 76 77 77 77 81 82 83 84 85 85 85 82 83 83 84 83 83 82 83 83 83 83 83 83 83 83 84 85 86 86 87 88 84 84 84 84 84 84 83 73 84 87 76 59 41 29 22 19 18 19 20 21 25 19 18 18 18 18 17 16 17 16 15 15 15 15 14 13 14 29 32 25 30 31 37 45 55 47 48 43 40 34 28 26 29 52 45 53 68 70 73 77 70 77 82 77 80 85 89 93 94 95 92 93 95 95 93 90 87 96 97 98 100 100 101 101 105 106 108 109 110 110 109 114 115 116 116 116 115 114 112 109 109 112 114 111 107 108 109 111 112 114 115 
24 23 23 23 22 20 20 20 22 28 34 37 37 41 45 48 49 50 55 60 56 58 61 64 65 66 66 64 65 67 69 70 71 70 69 69 69 69 70 70 70 70 69 68 66 65 64 63 66 67 67 68 68 67 67 66 66 66 67 68 68 68 70 69 69 68 69 70 71 68 71 73 74 75 77 80 78 77 75 75 75 77 78 79 79 80 80 81 81 82 81 79 75 74 73 75 77 77 78 80 81 80 78 77 73 74 75 77 79 81 81 88 86 86 85 85 87 87 87 88 89 89 89 88 87 87 87 87 87 87 87 87 86 86 86 86 86 86 86 88 89 89 89 87 84 81 77 87 92 88 81 71 62 38 30 23 20 20 21 24 20 19 19 19 19 19 18 18 18 18 17 17 17 17 15 19 32 32 22 23 24 31 48 74 82 84 69 64 49 24 8 17 53 47 41 53 57 82 85 92 99 92 96 96 96 97 98 99 99 97 99 99 100 102 103 103 102 105 107 109 109 108 108 109 109 110 110 109 109 108 111 112 112 113 112 112 111 114 112 112 114 115 113 110 111 112 114 116 118 120 
18 21 22 21 20 20 25 31 41 52 62 68 72 68 71 74 75 76 78 79 76 75 73 73 72 73 73 76 76 75 74 73 70 69 69 69 68 67 66 66 65 65 65 65 65 64 64 64 64 66 67 68 68 68 68 69 69 69 69 70 70 71 73 73 73 73 73 73 73 71 74 77 77 78 79 81 77 78 78 78 78 78 77 81 81 81 82 82 83 83 87 84 81 80 81 83 85 87 85 83 80 78 77 76 80 81 82 84 85 87 88 90 88 86 84 84 85 86 88 89 90 90 90 89 88 88 88 88 88 88 88 87 86 85 85 85 85 85 84 85 86 88 88 86 82 79 86 89 86 82 82 85 85 70 60 47 36 28 22 19 21 19 19 19 20 20 20 20 21 21 20 20 20 21 19 19 25 26 21 22 26 32 42 77 98 87 62 70 77 39 12 27 77 70 52 13 23 67 87 98 100 94 101 99 98 97 96 97 97 95 97 100 103 105 106 106 96 100 104 108 109 108 107 108 108 110 110 110 109 109 111 112 113 113 113 112 111 117 118 118 119 119 118 116 118 118 119 120 121 122 
21 22 20 19 22 26 39 51 64 71 72 75 80 76 74 74 78 80 78 74 75 73 71 70 72 75 77 74 74 75 75 74 73 73 73 73 72 72 71 70 70 68 68 69 69 69 69 69 68 69 69 69 69 67 67 71 71 72 72 73 73 73 75 75 75 75 75 74 74 76 79 80 79 78 78 79 76 79 81 82 81 78 76 80 80 80 81 81 82 82 85 85 84 84 85 87 89 90 87 81 78 79 81 83 87 87 87 87 88 88 89 88 87 85 83 83 84 84 86 87 88 88 88 87 86 85 85 85 85 85 85 85 87 86 87 87 87 87 86 81 83 85 86 86 83 82 85 91 92 89 89 90 88 92 89 82 70 57 43 32 24 21 20 20 22 23 23 22 23 24 23 22 23 25 25 24 28 33 33 33 38 30 35 54 63 59 48 60 83 60 36 41 67 64 55 31 35 80 100 95 92 100 100 100 99 98 98 98 99 99 101 104 105 102 98 95 93 96 101 106 108 108 108 110 112 114 115 116 116 116 119 120 121 122 121 120 119 121 123 124 123 122 121 121 124 124 123 123 122 122 
