DOWN
8 7 7 7 7 7 6 6 6 6 6 6 6 5 5 6 6 10 13 9 8 8 7 9 10 10 18 49 44 11 6 11 8 7 6 6 7 8 8 7 7 7 7 7 8 8 8 8 6 9 6 8 13 10 6 5 6 6 7 7 6 6 6 7 7 8 6 7 7 7 7 8 8 7 7 7 7 7 7 7 9 8 8 8 9 9 9 8 8 9 15 8 8 8 8 9 9 8 7 7 7 8 9 8 8 8 10 10 10 9 9 9 9 9 9 9 9 9 9 9 9 9 8 10 16 12 8 9 9 9 10 10 9 8 9 9 9 9 9 9 9 9 9 8 8 10 11 9 9 9 9 10 10 10 10 10 11 10 9 11 17 9 9 10 10 10 9 9 9 9 10 9 9 9 10 9 9 10 9 9 9 10 10 10 9 9 10 10 10 9 9 9 8 8 8 9 9 12 16 10 9 8 7 8 8 9 9 9 9 8 8 9 9 8 8 9 9 8 8 8 9 9 9 8 8 8 8 8 7 7 6 7 7 7 10 11 9 8 9 8 8 8 8 8 7 7 7 8 7 6 
8 7 7 7 7 7 7 7 6 7 7 6 7 7 6 6 6 9 11 8 7 6 5 7 8 9 22 59 47 10 6 10 8 11 12 10 8 7 7 6 6 6 6 6 7 6 6 7 8 12 5 5 11 10 7 6 6 6 6 6 6 6 6 6 6 7 5 6 6 6 6 6 7 6 6 7 7 8 8 9 9 8 8 8 9 10 10 9 9 8 14 8 8 7 7 8 9 9 8 7 7 8 9 8 7 8 10 9 9 9 8 8 8 8 8 8 8 9 9 9 8 8 8 11 16 11 8 9 8 9 10 10 9 9 9 10 10 10 10 10 9 9 9 8 8 11 12 10 10 10 11 11 10 9 9 11 12 10 9 11 17 10 10 11 11 10 10 9 9 9 9 8 8 8 10 10 9 9 9 9 10 10 11 11 10 10 11 10 9 10 10 10 9 8 9 10 9 12 16 10 10 9 8 9 9 9 9 9 8 8 8 9 9 8 9 11 11 9 9 9 9 9 8 8 8 8 8 7 7 6 6 7 7 7 10 12 9 8 9 8 8 8 9 8 8 7 7 8 8 7 
6 6 6 6 7 7 7 7 7 7 7 6 7 7 6 7 6 9 11 7 6 5 5 6 6 9 13 26 21 8 7 11 25 40 39 20 9 6 7 6 6 6 6 6 7 7 5 6 11 17 6 5 10 9 6 7 5 5 7 6 6 6 6 6 6 6 6 7 8 7 7 7 8 6 7 7 8 8 9 9 8 8 8 8 9 10 10 9 8 10 13 7 8 7 7 8 9 9 8 7 7 7 8 8 8 8 9 8 8 8 8 8 7 7 8 8 8 8 8 8 7 8 8 12 15 10 8 8 8 8 9 9 9 9 9 9 9 10 10 9 9 10 10 10 9 11 12 10 9 10 10 10 10 9 9 11 11 9 8 13 16 9 10 10 10 10 9 8 8 8 7 7 8 8 9 10 9 9 8 9 9 9 10 9 9 10 10 9 7 9 9 9 9 8 9 9 8 12 15 9 9 8 8 8 8 8 7 7 7 6 6 7 7 7 8 9 9 8 8 8 7 7 7 7 7 7 7 7 6 6 6 7 7 6 9 11 7 6 7 7 7 7 8 7 7 7 7 7 7 7 
7 6 6 7 7 7 7 7 7 7 6 6 6 6 7 7 6 10 10 6 5 5 5 6 5 8 6 7 8 7 7 12 29 48 44 19 7 6 7 6 7 7 6 6 8 9 5 5 12 20 8 7 13 9 6 8 7 7 7 7 7 7 7 7 7 7 6 7 8 8 7 7 8 7 7 8 8 8 8 7 7 7 7 8 8 9 9 9 8 12 12 8 8 7 8 9 9 8 8 7 7 7 8 8 8 8 8 8 8 8 9 8 8 8 8 8 8 8 8 7 7 7 7 12 14 8 8 7 8 8 8 8 8 8 8 9 9 9 9 9 8 8 9 9 9 9 10 9 7 8 9 9 9 9 9 10 9 8 8 15 16 8 8 8 8 7 7 7 7 7 6 6 8 9 9 9 9 8 8 8 8 8 9 9 9 10 10 9 7 8 8 8 8 8 8 8 7 13 14 8 8 7 7 7 7 7 7 6 6 5 5 5 5 5 6 7 7 7 7 7 6 6 6 6 6 6 6 6 6 6 6 7 6 5 8 10 6 5 5 5 5 6 6 6 6 6 6 6 6 5 
8 8 7 7 7 7 6 6 7 7 6 6 7 7 7 7 6 11 10 6 6 7 7 8 7 7 6 6 6 6 7 9 14 21 19 11 7 7 7 7 7 7 6 6 7 8 6 5 12 21 9 10 16 10 6 7 8 8 8 8 8 7 7 7 7 7 6 7 8 7 6 6 7 6 7 7 7 7 7 7 7 7 7 8 8 8 8 8 8 12 12 7 6 6 7 8 8 8 7 7 7 7 7 8 8 8 8 9 9 9 9 9 9 8 7 7 8 8 8 8 7 7 7 11 13 7 7 7 8 8 8 8 8 8 8 8 8 8 7 7 6 6 7 7 7 8 8 7 7 7 8 8 8 8 7 7 8 8 8 13 14 8 7 7 6 6 7 7 7 7 7 7 8 9 9 8 8 8 8 8 8 8 8 9 10 10 10 10 9 8 8 8 7 7 7 6 7 12 13 8 8 7 7 7 7 7 7 6 6 6 5 6 6 6 6 7 7 7 6 7 7 7 6 7 7 7 6 6 6 6 6 7 7 6 8 11 6 5 5 5 5 6 6 6 5 5 5 5 5 4 
8 8 7 7 6 6 6 6 6 6 6 6 7 7 7 6 6 12 11 8 8 8 7 8 7 6 6 6 5 6 7 7 7 8 8 7 8 8 7 6 6 6 6 6 6 6 7 5 13 21 8 10 15 9 5 6 7 8 7 7 7 6 6 6 6 6 6 6 7 6 5 6 6 6 6 6 6 6 6 6 6 6 7 7 6 6 6 7 7 10 11 7 6 5 6 6 6 6 6 7 7 6 7 7 7 8 8 8 8 7 7 7 7 8 7 7 8 8 7 7 7 7 7 9 11 7 7 7 8 7 7 7 7 7 7 7 7 7 6 6 5 6 7 7 7 7 8 7 7 7 8 8 7 7 7 7 7 8 7 10 10 7 8 7 7 7 8 9 9 9 8 8 8 9 8 7 7 8 8 8 8 8 7 8 9 9 9 9 9 9 8 8 7 7 6 6 6 9 11 7 7 6 6 6 6 7 7 6 6 6 6 7 6 6 6 7 6 6 5 6 7 7 6 7 7 6 6 6 6 6 7 7 8 6 9 11 6 6 6 6 5 5 6 6 6 6 5 5 5 5 
8 8 7 7 8 8 8 8 8 8 7 7 8 8 7 7 7 12 11 8 8 8 7 7 5 5 6 6 5 6 7 6 6 6 5 5 7 6 5 5 5 5 6 6 5 5 6 4 13 20 6 7 11 8 5 6 7 8 7 7 6 6 5 5 6 6 5 5 5 5 5 5 5 5 5 4 4 4 4 4 4 4 5 5 4 4 4 6 5 7 7 5 6 5 5 5 5 4 5 5 6 6 6 6 6 7 7 7 7 6 6 6 6 7 8 7 7 7 7 7 6 7 6 7 8 6 7 7 7 7 6 6 7 7 7 7 7 7 6 6 5 6 7 7 6 7 7 6 7 7 8 8 7 7 7 7 8 9 7 7 8 6 8 7 7 8 8 9 9 9 9 8 7 7 7 6 6 7 7 7 7 7 5 6 8 7 6 6 7 7 7 7 6 6 6 6 5 7 8 5 6 5 5 5 5 6 6 6 6 6 7 7 6 6 6 6 6 6 6 6 7 7 7 7 7 7 7 7 7 7 6 7 7 6 8 9 6 7 6 6 6 6 6 6 7 6 6 6 5 5 
8 8 8 9 10 10 10 10 10 10 9 8 9 9 7 8 8 11 10 7 8 8 6 7 6 6 7 6 6 7 8 7 6 6 6 7 7 6 6 6 5 5 6 7 6 6 7 5 16 23 6 5 8 7 6 6 6 7 7 6 6 6 6 6 6 6 5 5 5 5 5 6 6 5 4 4 3 4 4 5 4 4 4 4 4 3 4 5 4 5 5 5 6 4 4 4 4 4 4 5 5 5 5 5 5 5 5 6 5 5 5 5 6 6 6 6 6 6 6 6 6 7 6 5 6 5 7 7 7 6 6 6 7 7 7 7 7 7 7 7 6 6 7 7 6 6 6 5 7 7 7 8 7 7 7 7 7 9 8 7 7 6 6 7 7 8 8 8 7 7 8 7 7 7 7 6 7 7 7 7 7 7 6 7 8 7 6 6 7 7 7 6 6 6 6 6 6 6 7 5 6 5 6 6 6 6 6 6 6 6 7 7 7 6 6 6 6 6 7 7 6 7 8 7 6 7 7 7 8 8 6 6 7 6 7 9 6 7 6 6 6 6 6 6 7 7 6 6 6 7 
8 7 7 8 9 9 9 9 9 9 8 8 9 9 7 8 8 9 9 7 8 8 7 8 8 8 8 8 8 9 9 8 7 8 8 8 8 8 8 7 6 6 7 7 7 7 9 7 20 28 7 6 7 5 6 6 5 6 6 5 6 6 6 6 6 6 6 6 6 6 7 7 7 6 6 5 5 5 6 6 6 6 5 5 5 5 5 6 5 5 6 5 6 5 5 5 5 5 5 5 5 5 5 5 5 5 4 5 5 5 5 5 5 5 5 5 5 5 6 6 7 7 6 5 5 5 7 6 6 6 6 6 7 7 7 7 7 7 7 7 6 6 7 7 6 6 6 6 6 6 7 7 7 7 7 7 6 8 8 7 8 6 6 7 8 8 8 7 6 6 7 7 7 7 7 7 7 7 7 7 7 7 7 8 9 8 7 7 8 7 7 7 7 6 6 7 7 7 8 6 8 7 7 7 7 7 7 7 7 7 8 8 7 7 6 7 6 5 6 6 6 6 6 5 5 5 6 6 6 6 7 6 7 7 7 8 6 6 6 6 6 6 6 6 8 7 7 7 7 8 
7 6 6 6 7 7 7 7 7 7 6 7 8 7 6 7 7 7 7 6 7 7 6 8 7 8 7 7 7 8 8 7 7 7 8 8 7 8 9 8 7 7 6 7 7 7 9 7 20 28 6 6 7 6 6 7 6 8 7 5 6 7 7 7 7 7 7 6 6 6 6 7 7 6 6 6 7 7 7 7 7 6 6 6 6 6 6 7 6 6 6 6 6 4 5 6 6 6 6 7 6 6 6 6 6 5 5 5 5 6 7 7 7 7 6 6 6 5 6 6 6 7 6 6 6 5 7 5 5 6 6 7 7 7 7 7 7 7 6 6 6 6 7 7 6 7 7 6 6 6 7 7 7 7 7 7 5 7 8 7 7 6 6 6 7 7 7 7 6 5 6 7 6 6 6 7 6 6 6 6 6 6 6 6 6 6 6 6 6 6 6 6 5 5 5 5 6 5 6 5 7 6 6 5 5 6 6 5 5 6 6 6 6 6 5 6 6 5 5 5 6 6 5 5 5 5 5 5 5 5 6 5 6 6 6 7 5 6 5 5 5 5 5 6 6 6 5 6 6 7 
7 6 7 7 7 7 7 7 8 7 6 6 7 7 7 7 7 7 6 6 7 7 7 7 7 6 6 6 7 8 7 6 7 7 6 6 7 7 7 7 7 6 6 6 6 7 7 5 20 24 6 6 7 7 7 7 7 7 7 6 7 7 7 7 7 7 8 7 6 6 6 6 6 6 6 6 6 7 6 7 7 7 7 6 6 6 6 6 6 7 7 6 6 5 5 6 6 6 6 7 7 7 7 6 6 6 6 6 6 7 7 7 7 7 6 6 6 7 6 6 6 6 6 7 6 6 6 5 5 5 6 7 7 7 7 7 7 6 6 6 6 6 6 6 6 6 6 6 6 6 6 7 6 6 7 7 6 7 7 7 7 7 6 6 6 6 6 6 5 5 6 7 6 6 6 6 6 5 6 6 6 6 6 5 5 5 6 6 6 5 5 5 5 5 5 5 5 5 5 5 6 5 6 5 5 5 5 5 5 5 5 5 4 4 4 4 5 4 6 5 6 5 5 5 5 5 5 4 4 4 5 5 5 5 5 5 5 5 5 5 5 5 5 5 5 5 4 5 5 5 
6 7 7 8 7 7 7 7 8 8 7 7 7 7 7 7 7 7 7 7 8 8 8 8 8 7 7 7 8 9 8 7 8 8 8 7 7 7 7 8 7 7 7 7 7 8 8 6 20 22 7 8 8 7 7 8 8 8 8 7 7 7 7 7 7 7 8 7 7 6 7 7 8 8 8 8 8 8 8 8 7 7 8 7 7 7 7 7 8 8 8 8 8 7 7 8 8 7 7 8 7 7 7 7 7 7 7 7 7 7 8 8 8 7 7 6 7 7 6 6 7 7 7 8 6 7 6 5 6 6 6 6 7 7 7 7 7 7 6 6 7 7 6 6 6 6 6 7 7 6 7 7 7 7 7 7 7 7 7 7 7 7 7 7 6 6 6 6 6 6 7 7 7 6 7 7 6 5 6 6 6 6 6 6 6 6 6 6 6 5 5 5 6 5 5 5 5 5 5 6 6 6 6 6 6 6 5 5 5 5 6 5 5 5 5 5 6 6 5 5 5 5 4 4 5 5 5 4 4 4 5 5 5 5 5 5 5 5 5 5 5 5 5 5 5 5 4 4 4 4 
6 6 7 7 7 7 6 6 7 8 8 8 7 7 7 6 6 6 7 7 8 7 7 8 8 7 6 7 8 8 8 7 8 8 8 8 8 7 7 8 8 7 7 7 8 7 7 7 18 20 8 9 7 8 8 8 8 8 8 7 7 7 7 7 7 7 8 8 7 7 7 7 7 8 8 8 8 8 8 8 8 8 8 8 8 8 8 8 8 9 9 9 9 8 8 9 9 7 7 8 8 8 8 8 8 9 9 8 8 7 8 8 9 8 8 9 8 7 7 8 8 8 9 9 7 8 9 8 8 8 7 7 8 8 8 8 8 8 8 8 8 8 8 7 7 7 8 8 8 7 8 9 8 8 9 9 8 8 8 8 8 8 9 8 8 8 8 8 8 8 9 9 8 8 8 8 7 7 7 8 8 8 8 7 7 7 7 7 7 7 7 8 8 8 7 7 7 7 7 7 7 7 7 7 7 7 7 7 7 7 8 7 7 8 8 8 6 7 5 6 6 7 6 6 7 7 6 5 6 6 7 7 6 6 6 6 6 5 6 6 6 6 6 6 6 6 6 5 5 5 
5 5 5 5 5 6 6 6 7 7 7 7 7 6 6 6 6 6 6 7 7 6 6 6 7 6 6 6 7 7 7 6 7 7 7 7 7 6 5 6 6 6 6 6 6 6 5 5 16 18 6 6 6 6 6 6 6 6 6 6 6 6 6 6 6 6 7 7 6 6 5 5 5 6 6 6 6 6 6 6 7 7 7 7 7 7 7 6 7 7 7 7 7 7 7 8 7 6 6 6 7 8 8 8 8 8 8 8 7 6 7 7 7 7 7 7 6 7 8 9 8 8 8 7 5 7 8 7 8 8 8 8 8 8 7 8 9 9 8 8 8 8 8 7 7 7 8 9 8 7 8 9 8 7 8 9 9 8 7 8 8 8 8 8 8 8 8 8 8 8 8 8 8 8 8 8 9 8 9 9 9 9 9 8 7 8 8 8 8 9 9 9 9 9 9 9 8 8 8 8 8 8 8 8 8 8 8 8 8 8 7 8 10 10 8 7 7 10 8 7 8 10 10 9 9 9 8 8 8 9 8 8 8 7 7 7 7 7 7 8 8 8 8 8 7 7 7 7 7 7 
5 5 5 4 4 6 6 6 6 6 5 6 6 5 5 5 5 6 6 6 6 6 5 6 6 6 6 6 6 6 6 5 5 6 6 6 6 5 5 5 5 5 5 5 5 4 3 3 16 17 3 4 4 4 4 4 4 4 4 4 4 4 4 4 4 4 4 4 4 4 4 5 5 5 5 5 5 5 5 5 5 5 5 5 5 4 4 5 5 5 5 5 4 4 5 5 5 4 4 5 5 5 5 5 5 5 5 5 4 4 4 5 5 5 4 4 4 6 9 9 6 5 4 4 3 4 5 4 4 5 5 5 4 4 4 5 6 6 6 6 6 6 5 5 5 5 7 7 6 5 6 6 6 5 6 6 6 5 5 5 5 5 5 5 5 5 5 5 5 5 5 5 5 5 5 5 6 6 6 6 6 6 6 6 5 5 6 6 6 5 6 6 6 6 6 5 6 6 6 6 6 6 6 6 6 6 6 6 6 5 5 6 7 7 6 6 17 20 21 6 6 7 7 7 7 7 6 6 7 7 6 6 6 6 6 7 7 7 7 7 8 8 8 7 6 6 6 6 6 6 
6 6 6 5 5 6 7 7 7 6 5 5 5 4 4 5 5 6 6 6 6 6 5 6 6 6 5 5 5 5 5 4 4 4 4 4 4 4 4 3 3 3 3 3 3 3 3 2 18 18 2 3 4 3 3 3 3 3 3 3 3 3 3 3 3 3 3 3 3 3 3 3 3 3 3 3 3 3 3 3 3 3 3 3 3 3 3 3 3 3 3 3 3 3 3 3 3 3 3 3 3 2 2 2 3 3 3 2 2 2 2 3 4 4 3 2 3 7 12 13 10 4 2 2 2 2 2 2 2 3 3 2 2 2 2 2 3 3 3 3 4 3 3 3 3 3 4 5 4 4 4 4 4 3 4 3 3 3 3 3 3 3 3 3 3 3 3 3 3 3 3 3 3 3 3 3 3 3 3 3 3 4 3 3 3 3 3 3 3 3 3 3 3 3 3 3 3 3 3 3 3 3 3 3 3 3 3 3 3 3 3 3 4 3 4 7 40 47 47 7 4 3 3 4 3 3 3 3 3 3 3 3 3 3 4 4 4 4 4 4 4 4 4 4 3 4 4 4 4 4 
6 7 8 8 7 7 8 8 7 6 7 6 6 6 6 6 6 6 6 6 7 7 7 7 7 6 6 5 5 5 4 4 3 3 3 3 3 3 3 3 3 2 2 2 3 3 3 3 17 16 2 3 3 3 3 3 3 3 3 3 3 3 3 3 3 3 3 3 3 3 3 2 2 3 3 3 3 3 3 3 2 3 3 3 3 3 4 4 4 3 3 3 3 3 3 3 3 3 3 3 3 3 3 3 3 2 2 2 2 2 3 3 3 3 4 2 5 10 15 20 21 6 2 3 3 2 2 2 2 2 2 2 2 3 2 2 2 2 2 2 3 2 2 2 2 2 3 3 3 3 3 3 2 2 2 2 2 3 3 3 3 3 3 3 3 3 3 3 3 3 3 3 3 4 3 3 3 3 3 3 3 4 4 3 3 3 3 3 3 3 3 3 3 3 3 3 3 3 3 3 3 3 3 3 3 3 3 3 3 4 3 3 4 3 4 7 42 59 56 9 4 3 4 4 3 3 3 4 4 3 3 3 3 4 4 4 4 3 3 3 3 3 3 3 4 4 4 4 5 5 
7 7 8 8 8 9 9 9 8 8 9 9 9 9 9 9 8 8 8 8 9 10 10 10 10 10 8 7 7 7 6 5 4 4 3 3 3 3 3 3 3 3 3 3 3 3 3 3 13 12 2 3 3 3 3 3 3 3 3 3 3 3 3 3 3 3 3 3 3 3 3 4 3 4 4 4 4 4 4 4 3 4 4 5 6 6 7 7 7 7 7 7 7 7 7 6 6 6 5 5 5 5 5 5 4 4 4 4 4 4 4 4 3 3 4 3 5 11 14 24 31 8 2 4 5 3 2 2 2 2 2 3 4 5 5 5 4 3 3 3 3 3 3 2 2 2 2 2 3 2 3 3 2 2 2 2 2 3 3 3 3 3 2 2 2 2 3 3 3 3 3 3 3 4 4 4 5 5 5 4 5 6 7 6 6 6 6 6 6 5 5 5 6 5 5 5 6 6 5 5 5 5 5 5 5 6 6 6 6 6 5 5 7 6 5 6 24 45 40 8 4 7 8 8 7 8 8 9 8 7 7 7 7 7 7 7 7 7 7 7 7 6 6 6 6 6 7 7 8 8 
8 8 8 8 8 8 8 8 8 9 9 9 9 9 9 9 9 8 8 8 8 8 8 9 9 9 7 9 10 10 10 7 5 5 3 3 3 4 3 4 4 4 3 3 4 4 3 2 4 5 4 4 3 3 3 3 4 3 3 3 3 4 4 4 4 3 4 4 4 4 4 5 5 6 6 6 6 6 6 6 7 7 7 7 8 8 9 9 9 8 9 10 11 11 10 10 10 10 9 9 8 8 9 8 7 7 8 7 7 6 6 6 7 7 7 3 3 6 11 14 12 4 2 3 6 7 5 2 2 2 2 2 4 7 8 7 6 6 5 5 5 5 6 6 5 5 5 4 5 3 4 4 3 3 3 2 2 3 3 3 4 2 2 2 2 2 3 3 3 3 3 2 3 3 4 3 8 10 5 7 7 8 9 8 8 8 9 8 8 7 7 8 8 7 6 6 7 7 7 7 7 7 7 7 8 8 8 8 7 7 7 8 8 7 8 11 11 8 10 11 15 7 7 6 6 8 8 8 9 8 10 10 9 7 8 8 7 7 7 7 7 7 7 7 7 8 9 9 9 9 
8 8 8 8 8 7 7 7 8 8 8 8 8 9 9 9 9 8 9 9 8 7 7 8 8 10 8 9 8 9 10 7 6 5 4 3 3 3 3 3 4 4 3 3 4 4 3 3 3 4 3 3 3 3 3 3 3 3 3 3 3 4 4 4 4 4 4 4 4 5 6 6 7 7 8 8 8 8 7 7 7 7 6 6 6 6 7 7 7 7 7 8 8 8 8 8 8 8 8 7 8 9 9 8 8 8 9 9 8 8 7 8 8 9 9 6 3 3 4 3 3 2 3 3 5 5 5 4 3 2 2 2 4 6 9 10 10 10 10 10 9 10 10 9 9 9 9 9 7 8 8 7 7 7 5 5 4 6 4 2 3 2 2 2 2 2 2 2 2 2 2 3 4 2 19 26 6 3 8 6 9 7 7 7 7 7 7 7 7 6 7 7 7 7 6 6 6 6 6 6 6 6 6 6 7 7 7 7 6 6 7 8 7 6 7 8 11 6 7 9 9 6 7 7 7 7 7 6 8 6 7 7 7 6 7 7 6 6 6 6 7 6 6 6 6 7 7 7 7 6 
7 7 7 7 7 7 7 7 7 7 7 8 8 8 8 8 8 8 8 8 7 6 7 8 9 10 9 8 7 8 10 7 7 6 5 4 4 4 3 3 3 3 3 4 3 4 4 3 4 4 3 3 4 4 3 3 3 3 3 3 3 3 3 4 4 4 4 5 6 7 7 8 8 8 8 8 8 8 8 8 8 8 8 7 7 7 7 6 7 7 7 7 6 6 7 7 7 8 8 7 8 8 8 7 7 7 8 8 8 7 7 8 8 9 8 7 6 4 3 2 2 2 3 4 7 8 7 5 2 2 2 5 10 12 12 12 12 12 13 13 13 14 14 14 14 14 15 16 13 15 14 11 11 12 5 5 5 12 12 3 2 2 2 2 2 2 2 2 3 3 2 4 3 2 23 90 33 3 7 5 10 8 8 8 8 8 9 9 8 8 8 9 9 8 8 7 8 8 7 7 7 7 7 7 7 7 7 7 7 7 7 7 7 6 6 7 13 14 18 22 10 8 7 6 5 6 5 5 6 5 5 5 6 6 6 7 6 5 5 5 5 5 5 5 5 6 6 5 5 5 
7 7 7 7 7 8 8 8 8 7 7 7 7 7 7 7 7 7 7 6 6 6 7 8 9 8 8 8 7 7 9 7 8 7 6 6 6 6 5 3 3 3 3 3 3 3 4 3 4 4 3 3 4 4 4 3 3 3 3 3 3 3 3 3 4 4 5 6 7 7 7 7 7 6 7 7 7 6 6 6 6 6 6 6 6 6 7 7 7 7 7 7 7 7 7 7 8 9 9 8 7 7 7 6 6 6 7 7 6 6 6 7 7 7 5 7 8 8 6 6 6 5 3 5 9 11 7 4 4 3 3 7 13 14 13 14 14 14 14 15 15 16 16 15 16 17 19 20 17 18 18 15 16 17 10 5 4 14 22 6 2 2 3 3 3 3 3 3 3 3 4 3 3 3 8 87 71 13 3 6 8 10 10 10 9 10 10 10 10 10 10 10 10 10 10 9 10 10 9 9 9 9 9 9 9 9 9 9 9 9 9 9 9 8 8 9 11 13 29 29 12 15 17 15 14 14 10 8 9 7 7 8 7 7 7 8 7 7 7 6 6 6 5 5 6 6 6 5 5 4 
7 7 7 7 7 7 8 8 7 7 6 6 6 7 7 7 7 6 6 5 6 7 7 7 7 6 6 8 8 6 6 5 6 6 5 6 7 7 6 3 3 3 3 3 2 2 3 3 3 3 3 3 3 3 3 3 3 3 3 3 3 3 3 4 4 5 5 6 7 7 6 6 5 6 6 6 6 6 5 5 6 6 6 6 6 6 6 6 6 5 5 5 6 6 6 5 6 6 6 5 6 6 5 5 5 5 5 5 5 5 5 5 5 5 4 5 6 7 6 5 5 6 4 5 7 7 4 3 4 5 6 11 16 18 17 17 17 17 17 17 17 17 16 16 17 18 20 22 19 17 19 20 21 26 26 13 3 12 30 8 1 2 3 3 3 3 3 3 2 2 4 3 4 5 4 23 42 14 2 7 7 6 6 6 5 6 6 6 6 6 7 7 7 7 6 7 7 7 6 6 7 7 7 6 7 7 7 7 6 7 8 8 8 8 8 9 12 14 38 24 16 34 54 53 53 49 32 18 15 12 13 13 10 8 8 8 8 9 9 9 8 8 7 7 7 7 7 6 6 5 
6 6 6 5 5 6 6 6 6 6 5 6 7 7 7 7 7 7 6 6 6 7 7 6 5 5 5 10 12 6 4 4 3 3 3 3 4 5 4 4 4 3 3 2 2 2 2 2 3 3 2 3 2 2 3 3 3 3 3 4 4 4 4 4 5 5 5 6 6 6 6 6 6 6 6 6 6 6 5 6 7 6 6 5 5 5 5 4 3 3 3 3 4 4 3 3 3 3 3 3 4 3 3 3 3 3 3 3 3 3 3 3 3 3 3 3 3 4 4 3 2 3 4 5 5 5 6 7 8 10 15 20 19 20 20 19 19 19 19 19 19 18 18 18 19 20 21 22 25 20 21 21 23 38 49 23 4 21 65 19 2 2 3 3 3 3 3 3 3 2 4 4 3 3 4 7 9 4 2 4 5 4 3 3 3 3 3 3 3 3 3 3 3 3 3 3 3 3 3 3 3 4 4 4 4 4 4 4 3 4 4 4 4 4 5 5 11 14 43 21 20 31 48 57 61 59 41 24 17 12 14 14 12 9 9 9 9 8 8 8 8 8 8 8 8 8 8 7 7 7 
5 5 5 5 5 5 5 6 6 5 5 5 6 6 6 6 6 6 6 6 6 6 6 5 5 6 4 12 18 9 5 7 5 5 5 5 5 5 5 6 5 4 3 2 3 3 2 3 3 3 3 3 3 3 4 4 3 4 5 5 5 5 6 6 6 6 7 6 6 6 6 5 5 5 6 5 5 5 5 4 4 4 3 3 3 3 3 3 3 3 3 4 4 4 4 4 4 4 4 4 4 3 3 3 3 3 3 2 2 2 2 2 2 2 2 2 2 2 3 3 3 3 4 5 4 5 9 15 16 17 27 28 16 14 17 19 20 20 21 21 21 21 21 22 22 23 23 23 27 26 26 25 37 75 97 36 6 27 94 30 3 5 4 4 4 4 4 4 5 4 5 6 4 3 4 6 5 3 3 4 4 5 5 5 4 5 5 5 4 4 4 4 4 4 4 4 4 4 3 3 3 4 4 4 4 4 4 4 4 4 4 4 4 4 5 5 7 7 22 11 13 11 14 21 24 29 25 18 14 8 9 11 11 11 11 11 9 9 9 9 9 9 9 9 9 9 9 9 9 10 
6 6 6 6 5 5 6 6 6 5 5 5 5 5 5 5 5 5 5 5 5 5 5 6 6 6 4 14 24 13 8 14 12 12 11 10 11 10 8 7 6 4 3 2 3 3 4 4 4 4 3 4 4 4 5 5 4 5 7 6 6 6 7 7 6 6 8 8 7 6 5 4 4 4 4 4 4 4 3 4 5 5 5 5 5 5 5 5 5 5 6 6 6 6 6 6 7 7 8 7 6 6 5 5 6 5 5 4 4 3 3 3 3 2 2 2 2 2 3 4 5 5 4 4 4 5 6 7 7 9 25 33 22 20 21 20 21 22 23 24 24 23 22 23 24 24 23 23 23 28 30 31 62 138 177 60 7 19 72 22 5 8 8 7 7 7 7 7 7 5 6 6 6 7 5 4 6 6 7 9 5 7 8 8 7 7 8 8 7 7 7 7 7 7 7 8 8 7 7 6 6 7 7 7 7 7 7 7 7 7 7 7 8 8 8 8 8 6 10 6 10 9 12 9 9 13 15 14 11 5 6 8 9 11 12 12 11 11 11 12 12 12 12 11 11 11 11 11 11 12 
6 6 7 7 6 7 6 6 5 4 5 6 6 6 6 6 6 6 5 6 7 5 5 6 7 5 5 15 26 11 8 19 18 19 15 15 16 15 14 9 7 3 4 2 2 4 5 7 6 5 5 5 6 8 7 6 7 6 7 8 5 6 6 5 6 3 4 4 4 3 3 3 4 4 5 5 5 5 5 6 6 5 5 6 7 8 9 9 9 8 8 9 9 10 11 10 7 7 7 7 6 6 8 8 7 5 6 5 4 4 4 4 4 4 4 4 3 3 3 3 3 3 3 4 3 2 2 5 8 10 14 21 19 18 20 20 20 21 22 24 24 22 22 23 24 25 24 24 22 24 23 23 44 101 160 73 7 15 33 13 12 7 9 10 9 8 8 9 10 9 8 7 8 9 8 8 8 9 8 8 8 10 10 9 8 8 9 9 9 8 8 8 8 8 8 8 8 8 9 6 6 9 8 8 8 8 9 9 9 10 10 8 8 9 10 10 11 10 9 9 10 10 10 9 9 9 9 7 6 5 5 5 4 4 5 7 8 9 8 9 9 8 9 10 9 9 9 9 9 8 
7 6 6 6 6 7 7 8 7 6 8 8 7 7 8 7 7 7 7 8 8 7 6 7 7 8 7 13 22 10 9 19 18 18 15 15 17 16 14 8 6 3 6 4 2 4 6 7 7 6 6 8 7 7 8 8 7 6 6 6 4 5 6 4 6 5 4 5 6 6 6 7 8 9 9 9 10 11 11 11 13 15 16 14 13 12 12 12 14 15 15 14 12 8 8 11 9 8 10 12 12 9 7 7 6 6 7 6 5 5 6 7 7 7 9 8 8 7 6 6 6 6 6 6 6 5 8 12 15 10 8 16 21 23 24 23 22 21 22 22 21 24 24 23 23 22 22 22 26 25 24 20 18 40 88 53 8 10 22 13 15 13 11 11 11 9 9 10 11 11 11 11 11 11 11 10 10 11 11 10 11 12 11 10 10 10 10 11 12 9 10 10 10 10 10 11 8 15 19 16 12 9 10 11 11 11 11 11 11 12 12 11 11 11 10 10 12 13 11 11 11 11 10 13 13 12 11 10 11 11 8 7 7 6 6 6 7 8 8 8 9 7 7 7 7 6 6 6 6 7 
6 7 7 7 6 5 6 7 6 6 6 7 7 7 7 7 7 7 7 7 7 6 7 7 6 8 7 13 22 12 10 16 19 18 14 16 19 17 15 10 6 3 5 5 4 6 6 4 5 8 8 6 5 4 7 8 5 5 4 3 1 3 7 11 15 16 19 21 24 27 29 31 33 35 35 36 41 46 46 44 44 44 44 46 49 52 54 55 55 55 53 52 50 32 16 12 17 27 31 27 20 12 7 6 6 6 7 8 8 8 8 8 7 7 11 11 11 11 10 10 9 8 9 10 13 18 26 40 48 32 19 16 16 18 19 18 18 19 21 22 22 21 21 20 20 21 21 22 28 19 20 25 21 28 55 36 10 7 14 15 10 11 13 12 12 11 11 12 11 11 12 12 12 11 12 11 11 10 11 12 12 11 11 11 11 11 10 9 9 10 12 13 12 12 13 13 10 26 38 21 10 14 14 13 13 12 12 12 12 12 13 14 14 13 12 12 14 14 13 12 13 13 12 12 12 11 11 11 11 11 12 12 11 9 7 6 5 4 4 5 6 6 6 7 6 6 6 5 5 6 
5 5 4 5 5 6 5 6 6 5 5 5 6 5 5 5 6 6 5 5 5 5 6 6 6 6 5 12 22 12 9 11 15 14 10 12 14 12 10 7 5 3 4 3 2 4 5 6 14 41 50 26 9 6 7 7 2 3 2 1 1 5 16 30 37 36 42 45 49 53 55 57 58 61 63 68 74 80 83 82 77 75 75 79 82 82 84 87 89 91 90 88 86 78 50 20 10 14 19 16 14 10 7 6 5 5 6 6 7 7 7 7 7 6 6 7 8 8 8 7 8 10 9 9 10 12 15 20 31 40 47 41 22 15 18 19 19 19 20 19 19 19 20 20 20 21 21 21 26 18 20 24 20 19 28 24 11 5 15 38 33 34 30 28 27 27 28 27 26 26 29 30 28 27 27 33 33 31 32 34 33 30 33 33 30 28 29 32 36 30 32 33 32 30 32 33 32 36 35 41 30 37 29 31 31 30 30 30 30 29 30 32 32 31 32 34 34 33 32 33 34 34 35 32 33 35 35 34 31 29 33 32 30 27 24 22 20 17 14 12 10 7 6 6 6 6 6 5 5 6 
8 6 5 7 9 10 8 9 10 9 8 8 8 7 6 6 9 10 9 9 9 8 8 8 8 8 7 12 19 11 8 8 10 10 6 7 9 7 7 10 6 3 2 2 4 8 9 11 27 92 121 61 19 8 7 5 2 2 2 1 4 19 38 51 51 50 54 56 60 64 66 68 67 70 75 80 82 82 87 86 70 61 46 38 48 71 84 85 89 94 98 95 91 100 93 64 34 15 8 8 7 7 8 7 6 4 5 5 5 6 6 6 6 6 7 7 8 8 7 6 6 7 7 7 6 7 7 8 9 13 29 41 25 19 18 17 17 18 19 20 19 19 20 21 22 21 20 20 19 21 24 23 18 18 23 24 13 6 23 76 80 89 84 81 79 79 80 79 79 81 87 88 85 82 82 92 92 87 88 91 87 79 76 80 86 87 85 86 88 89 91 92 90 88 89 90 86 86 86 96 76 110 85 90 89 88 88 87 87 87 89 89 88 86 89 96 96 95 94 94 95 96 98 96 96 98 97 95 91 88 91 88 85 81 78 75 73 64 53 44 33 20 11 8 5 5 4 4 4 4 
14 11 11 15 21 20 18 19 17 14 11 12 14 14 12 14 18 20 19 21 20 15 13 14 15 15 12 14 17 11 11 12 15 14 10 11 12 10 11 12 11 11 10 9 12 15 13 9 12 42 60 31 10 5 3 2 1 2 2 1 13 46 61 62 57 60 68 68 70 75 79 80 79 85 91 93 92 90 93 99 104 91 62 32 14 12 19 31 53 85 105 100 92 93 99 98 68 30 11 6 5 6 8 8 7 5 6 6 7 6 6 5 5 5 5 6 7 7 7 7 6 5 7 7 9 11 12 12 12 13 33 60 45 29 25 23 21 20 19 17 15 16 17 18 19 19 20 20 20 21 20 19 19 19 17 15 14 17 44 101 101 106 101 100 98 95 95 97 98 100 103 105 103 102 99 104 103 99 100 101 96 88 101 105 102 96 93 96 103 101 100 100 101 103 103 99 97 105 86 95 88 104 113 104 103 103 103 103 102 106 109 106 104 103 106 110 110 111 111 108 105 106 109 112 110 107 104 104 106 108 106 103 100 98 97 97 98 93 86 81 72 52 34 23 12 8 6 5 6 6 
21 24 26 31 39 41 41 38 25 13 9 12 16 18 16 19 24 24 24 27 26 19 15 17 20 18 14 14 16 11 14 17 22 22 18 18 19 18 17 13 14 20 19 13 10 8 7 3 2 4 5 3 2 2 1 1 2 2 2 7 36 73 73 74 71 74 80 78 78 81 86 87 86 90 91 93 95 96 96 95 92 100 103 87 50 20 10 10 10 12 23 45 70 65 47 35 21 10 5 4 5 5 5 6 6 5 6 6 7 6 6 5 5 6 5 6 6 7 8 8 8 9 10 10 11 14 14 17 21 18 21 45 58 55 55 53 47 39 33 26 22 21 20 17 16 16 17 18 20 17 15 14 16 15 14 17 33 56 88 121 114 114 110 111 108 102 101 106 108 105 104 106 109 107 104 108 111 110 111 112 108 102 116 103 76 60 64 87 114 102 97 97 103 110 110 104 94 62 28 55 105 90 115 105 106 107 107 107 109 109 108 106 107 110 112 111 109 111 113 110 108 110 113 111 110 109 110 111 112 112 107 106 105 104 103 102 100 93 89 93 96 86 73 60 40 26 16 13 14 13 
36 44 42 52 62 65 68 59 33 14 8 9 13 15 15 18 22 23 21 25 23 17 13 15 19 15 12 13 14 10 14 17 22 26 24 24 25 22 20 17 10 7 5 3 3 2 1 1 3 2 1 2 2 2 2 1 3 2 2 16 75 84 82 86 89 85 93 90 89 92 94 93 93 91 92 95 98 99 98 98 104 101 106 113 91 46 19 10 9 8 8 8 8 9 7 5 4 4 4 5 5 4 3 4 4 5 6 6 7 7 7 8 9 10 11 11 12 12 13 13 13 14 16 17 19 22 23 28 41 44 43 58 73 72 71 73 69 64 60 54 52 43 37 31 28 26 24 22 22 21 25 29 33 41 53 61 85 115 124 123 119 120 117 119 119 114 109 114 117 112 111 113 115 114 114 106 101 117 103 107 103 101 86 101 78 78 79 91 101 99 99 109 116 101 90 97 84 15 23 11 88 128 106 111 113 118 116 116 117 112 110 108 114 120 119 118 115 118 121 121 121 123 124 100 99 107 112 112 110 110 113 113 112 111 109 106 105 106 99 98 102 101 98 93 78 60 40 25 22 21 
39 42 36 58 76 78 82 73 47 24 13 13 16 18 17 18 22 26 25 30 23 19 15 16 16 17 15 15 12 11 14 15 21 27 29 29 29 22 13 8 3 2 2 2 1 2 2 2 4 1 2 3 2 2 5 1 3 2 2 10 95 78 91 92 98 87 94 94 97 102 102 100 102 99 103 106 107 105 100 100 106 97 76 56 50 33 14 6 6 7 6 6 5 5 6 6 6 6 5 5 6 7 7 8 8 8 10 10 11 12 13 14 15 15 15 17 20 22 23 27 30 37 43 48 50 51 55 64 78 81 81 82 83 82 80 86 83 80 84 82 87 83 78 76 77 77 70 63 63 63 71 83 93 105 120 123 123 137 125 115 123 121 120 117 124 126 116 116 118 113 114 117 115 114 122 99 80 129 76 93 79 78 76 93 74 79 75 75 61 83 79 117 103 39 28 40 87 42 23 17 104 111 117 114 117 126 117 116 118 114 124 118 127 126 120 121 119 126 127 125 127 126 117 97 97 108 118 116 117 122 119 119 117 116 115 114 114 112 109 106 104 105 108 101 91 95 78 43 22 20 
47 40 43 61 81 82 87 81 63 44 34 30 29 25 19 17 18 19 18 21 16 16 14 12 9 14 14 15 13 12 17 24 26 24 21 21 20 20 17 7 2 2 3 3 2 2 3 2 2 2 6 7 6 5 9 2 1 1 2 5 76 93 94 96 100 99 100 101 101 105 112 112 106 104 99 103 114 121 111 89 47 26 15 9 6 4 3 3 4 6 6 7 7 7 8 8 8 9 10 10 11 12 13 14 14 16 18 17 20 24 28 32 34 36 48 53 60 66 72 80 87 97 107 114 115 115 121 125 122 120 128 129 122 125 124 128 124 124 133 133 141 136 129 129 134 136 132 123 114 126 131 133 141 142 135 138 130 126 126 129 121 114 124 123 124 123 118 117 118 117 115 119 122 121 126 96 78 129 67 93 64 62 119 57 91 78 71 69 65 96 68 110 61 25 86 14 74 63 21 25 114 122 135 125 113 114 106 109 117 117 127 125 137 134 125 123 124 130 128 124 126 126 119 113 113 122 131 129 125 126 123 123 122 122 122 122 120 114 115 115 114 113 112 111 109 107 110 75 31 20 
54 42 55 72 86 83 87 86 77 68 64 58 50 40 28 22 17 13 12 14 11 11 10 12 13 11 10 13 17 17 18 22 22 18 19 22 25 30 35 26 10 3 2 2 2 1 3 2 1 4 8 7 6 4 12 4 1 2 2 2 60 116 102 106 102 104 109 113 108 108 119 118 100 108 111 109 99 86 75 58 16 5 4 4 4 5 6 6 7 9 7 9 11 13 14 14 15 16 18 19 23 25 27 30 35 42 47 58 63 72 83 90 95 100 111 117 123 129 133 139 140 136 143 147 145 143 146 151 146 145 158 157 146 148 150 153 146 144 151 146 149 151 147 145 147 148 144 137 132 145 141 133 139 138 125 135 139 121 121 127 112 109 122 126 122 120 124 121 117 115 113 118 121 120 124 89 76 123 69 94 64 64 76 87 74 90 78 60 66 86 92 133 67 31 105 15 47 24 30 22 102 136 109 101 88 91 91 95 98 101 112 117 134 139 135 135 133 135 134 132 135 137 131 124 123 130 137 132 123 121 126 126 125 124 123 122 120 114 116 119 119 117 114 120 123 110 117 85 35 23 
51 45 61 82 86 81 83 83 83 83 84 82 76 66 52 42 31 20 18 20 15 15 13 15 16 26 26 21 16 9 7 16 24 27 31 35 43 50 53 56 39 21 8 2 1 2 2 2 1 9 5 2 2 2 12 5 2 3 3 2 53 128 105 117 109 109 117 120 106 96 100 91 69 77 73 60 41 27 22 19 11 7 8 9 9 10 12 14 16 17 15 20 27 34 39 42 46 50 54 56 72 76 77 81 88 97 103 116 116 122 130 133 135 141 128 130 132 133 134 133 133 135 137 136 132 130 131 135 135 144 146 146 142 133 137 143 138 137 144 135 133 138 136 134 135 136 135 132 136 133 127 124 128 133 132 118 138 120 116 119 105 109 119 125 120 118 129 126 118 115 118 123 120 118 125 95 73 89 76 94 80 70 68 111 62 92 90 76 68 78 101 133 88 36 40 41 52 18 31 38 114 118 128 102 93 107 115 115 112 110 112 117 131 138 137 140 138 139 139 135 136 133 124 109 112 125 132 127 122 126 126 125 124 123 122 121 120 115 117 120 121 120 117 119 119 111 107 71 31 23 
47 52 65 88 82 80 81 81 83 85 88 85 82 80 74 66 53 37 28 23 14 21 27 31 28 30 28 18 8 2 4 33 38 48 50 50 62 67 62 71 74 63 41 22 14 9 3 3 2 13 4 2 2 2 13 5 2 3 3 2 52 110 85 97 95 95 103 100 79 60 51 38 23 17 12 8 7 8 11 14 14 19 24 24 31 35 40 47 47 47 45 57 72 85 93 98 104 108 111 113 125 126 122 121 124 128 130 135 125 122 123 118 116 124 128 129 131 134 136 135 134 134 133 131 130 132 134 129 121 141 129 129 136 115 114 118 116 120 131 125 121 129 129 127 127 129 131 131 131 119 121 128 125 128 139 115 129 117 120 126 111 110 122 126 121 119 127 126 120 120 125 129 123 118 127 114 99 92 105 100 107 95 113 82 73 93 100 111 95 103 118 116 107 95 61 103 65 48 70 95 145 124 129 114 103 121 131 129 127 126 122 125 131 133 130 134 133 133 134 130 131 126 116 100 105 120 127 123 122 132 124 125 126 127 128 128 128 124 124 125 125 123 121 117 112 109 88 51 26 21 
55 62 75 89 80 80 80 82 84 84 84 81 81 85 86 85 77 63 44 33 24 38 44 37 24 11 8 4 3 2 7 51 53 64 64 63 74 80 76 80 85 91 91 78 59 48 39 31 25 28 11 2 2 3 13 4 2 2 2 2 50 77 56 60 63 60 53 47 36 27 23 19 17 28 34 39 38 37 41 48 57 65 72 70 83 91 95 105 104 106 101 112 124 125 126 126 126 124 122 122 127 125 119 119 120 121 119 133 122 122 126 122 122 134 129 128 128 131 131 128 128 133 131 129 130 134 138 133 121 142 126 125 134 113 121 127 118 118 130 126 125 138 140 135 131 129 131 132 126 120 125 131 126 123 131 125 122 119 126 134 125 119 128 127 125 124 125 126 126 124 124 128 126 121 122 119 127 121 131 97 114 124 138 112 110 127 114 125 126 123 124 99 82 129 120 123 105 122 128 134 120 131 132 119 105 121 127 123 125 127 118 123 127 130 128 131 128 125 128 128 134 136 131 121 119 124 129 126 122 125 128 129 130 132 133 135 135 129 130 129 125 119 113 108 99 81 52 30 23 23 
68 69 85 83 77 78 80 83 85 84 80 80 83 85 84 87 87 81 65 49 28 30 25 14 5 2 2 1 2 2 9 66 68 74 81 84 86 89 92 92 96 100 104 104 99 100 104 94 92 69 40 4 2 2 12 3 2 2 2 3 76 100 91 91 99 92 95 84 75 69 67 68 75 96 91 91 96 104 108 110 117 120 126 122 128 132 127 126 130 137 129 130 126 128 133 129 125 125 127 129 129 124 121 122 125 123 120 129 120 124 133 129 128 140 137 132 131 132 132 126 127 137 132 128 129 132 135 137 123 135 125 123 127 115 135 138 120 115 128 130 134 141 140 135 132 131 135 139 130 133 130 126 127 127 124 132 126 132 124 124 138 135 130 124 128 131 127 132 139 133 123 130 137 130 121 123 136 122 126 116 121 134 117 133 128 130 127 132 138 124 123 85 60 100 131 125 131 142 128 126 123 126 139 121 111 131 135 126 127 127 114 124 131 135 131 131 137 134 130 126 133 140 139 142 129 126 136 139 133 126 138 137 135 133 131 130 128 124 126 125 118 106 93 83 63 41 25 22 23 23 
50 49 64 55 49 51 54 57 58 57 53 55 55 48 54 53 51 52 51 48 14 5 3 2 2 2 2 2 2 3 13 83 85 81 94 92 92 95 90 94 106 101 93 98 100 98 107 102 104 87 59 7 3 3 10 3 2 2 2 7 93 133 130 130 138 117 128 127 119 112 120 126 118 125 127 120 123 128 135 138 127 122 140 133 126 133 131 122 122 134 137 129 116 134 135 123 131 136 135 133 138 136 132 123 130 139 121 136 133 133 130 130 138 141 133 139 136 132 132 134 139 141 133 138 140 129 129 146 139 127 127 127 122 129 138 132 125 111 125 134 145 134 124 136 141 129 132 149 140 134 131 130 131 130 129 137 131 137 128 127 137 141 132 128 128 127 131 145 141 141 137 130 136 139 131 135 137 122 130 139 132 137 126 138 143 129 140 135 132 135 130 113 97 107 138 145 125 132 137 128 140 136 134 121 117 136 137 133 129 132 119 133 141 140 143 146 159 160 149 150 160 162 160 148 143 139 134 136 129 128 142 137 137 122 133 116 129 121 114 107 97 80 63 51 33 24 20 22 23 21 
23 25 34 29 21 22 24 25 25 24 22 26 25 16 27 26 28 36 43 60 16 2 2 2 2 2 2 2 2 3 15 95 89 92 105 99 100 104 106 106 101 79 58 52 46 38 40 40 39 56 39 11 8 6 10 3 2 3 2 25 103 134 122 128 121 74 70 112 110 71 95 136 93 72 111 128 85 67 120 119 74 82 128 104 72 101 129 94 73 111 132 91 84 130 119 77 94 131 109 77 115 129 93 77 113 129 81 90 128 115 76 95 135 109 79 112 136 100 79 114 138 98 85 123 140 87 81 124 144 107 92 108 122 132 109 95 128 107 92 100 137 114 81 110 139 101 88 136 124 86 101 134 114 95 122 143 133 138 138 133 99 103 129 122 94 96 134 130 99 121 144 106 90 130 135 105 100 132 137 100 105 139 122 97 114 135 125 96 119 135 120 98 123 141 116 118 119 129 108 113 139 139 141 130 125 140 139 144 136 141 125 139 149 148 160 164 198 205 179 166 168 167 161 139 146 162 137 134 116 115 136 128 144 112 130 120 121 104 88 75 63 47 33 28 25 23 23 23 22 21 
24 24 30 28 22 20 21 23 22 19 20 24 21 15 27 38 50 58 62 79 26 3 3 2 1 2 2 2 2 2 17 115 96 113 115 108 114 121 108 72 49 29 13 4 4 5 3 5 5 27 13 12 9 5 11 5 4 3 7 61 124 134 119 140 117 43 29 109 109 25 52 137 69 25 88 132 45 20 123 113 25 48 123 77 23 73 134 69 24 97 134 48 47 118 106 33 50 132 86 25 94 134 49 30 101 114 40 35 124 103 28 61 130 81 26 80 150 76 24 93 142 56 33 107 143 40 33 95 138 86 41 75 129 126 68 42 117 102 42 47 119 86 31 65 123 65 35 111 96 29 63 131 83 44 101 141 129 140 142 114 48 52 117 99 43 56 131 90 43 83 137 70 34 105 123 53 45 128 127 42 64 132 107 41 68 133 93 40 89 128 77 40 108 140 66 62 123 128 60 67 121 128 144 127 120 136 139 145 144 149 129 138 149 153 163 160 187 189 169 144 139 153 143 128 102 108 88 97 79 76 96 93 121 104 96 94 80 65 52 43 36 28 22 22 24 23 23 23 22 21 
52 52 58 55 50 47 47 52 50 45 50 54 31 15 39 62 69 76 77 90 36 3 2 2 2 2 2 2 2 2 15 122 113 117 114 104 125 118 51 18 5 3 4 2 3 4 2 3 2 27 6 15 10 3 11 6 3 2 24 94 131 133 125 140 120 47 27 101 100 24 47 125 64 18 87 119 42 21 101 108 25 42 123 77 17 62 125 66 20 87 125 44 37 100 97 27 42 123 77 19 83 134 47 22 89 105 35 27 112 96 23 49 119 82 18 67 141 69 16 81 129 51 20 95 135 29 25 89 140 79 23 64 128 121 55 27 112 101 34 33 116 79 19 53 118 57 23 104 91 15 54 130 73 28 91 139 124 135 140 105 30 36 115 91 22 38 125 75 22 65 144 60 14 83 116 37 23 116 114 20 44 123 94 19 52 139 86 19 67 132 61 20 95 126 39 28 114 128 36 32 111 134 140 132 120 130 122 117 124 139 128 134 141 142 146 140 144 138 144 131 126 146 120 79 41 31 32 50 33 30 36 49 57 56 40 34 39 35 28 26 26 25 24 25 24 23 23 23 22 21 
82 84 89 84 78 76 75 81 80 76 84 78 35 12 31 50 54 64 71 85 45 4 2 2 2 2 2 2 3 2 10 100 114 111 110 119 123 70 10 4 2 3 4 2 2 4 4 3 3 27 4 9 6 4 16 3 3 13 65 124 135 126 133 129 130 88 70 121 110 69 90 125 100 60 117 120 88 74 103 126 79 78 143 113 64 96 132 98 65 104 132 86 72 113 114 70 80 128 100 63 103 138 92 60 103 128 73 67 120 114 66 79 129 118 55 88 132 91 56 97 129 87 52 102 135 63 60 105 139 91 45 85 118 113 73 60 117 104 69 50 119 93 44 76 124 74 50 114 106 40 69 129 86 50 102 146 128 135 141 120 55 57 126 110 43 59 128 93 45 84 158 84 37 92 123 60 46 114 114 45 58 129 95 31 61 132 91 31 67 128 69 37 93 121 55 37 105 124 50 36 116 147 129 126 115 121 101 86 103 127 125 135 139 131 133 130 136 130 143 136 125 130 87 25 9 6 29 40 14 9 15 42 20 13 8 13 29 25 22 23 25 24 25 26 24 23 23 23 22 21 
82 87 88 82 78 80 79 81 82 83 87 61 21 13 18 23 27 33 37 47 36 5 2 2 3 2 2 2 3 2 6 71 122 124 107 120 79 20 3 3 3 3 2 2 2 4 4 2 3 26 6 3 2 4 20 3 4 22 92 133 133 110 127 117 133 128 113 149 127 114 127 129 142 119 131 131 130 121 130 135 121 113 141 128 117 129 137 127 114 126 138 125 119 138 130 118 123 131 129 116 127 131 128 115 125 144 115 115 129 132 114 119 142 134 107 124 130 123 115 122 138 127 107 122 138 118 111 124 142 124 109 136 121 114 106 111 121 114 128 100 135 125 103 124 139 115 111 135 132 100 110 136 122 110 132 146 131 134 139 138 103 101 130 133 96 108 132 121 96 121 152 117 104 125 132 108 103 122 128 106 101 140 132 96 111 141 129 94 116 138 110 98 119 136 112 88 113 123 103 90 126 147 129 128 121 136 115 96 129 136 116 132 138 127 130 132 134 124 134 134 132 133 92 17 11 10 35 36 14 16 33 32 13 7 6 19 24 25 24 25 26 23 22 23 24 23 22 23 23 22 
86 91 88 85 86 88 88 83 85 91 86 47 15 22 21 20 21 19 18 20 23 4 3 2 2 2 3 3 3 2 4 49 118 124 108 82 29 3 4 3 3 2 2 3 2 2 2 2 2 22 7 2 2 3 18 5 2 9 43 98 137 129 134 120 125 129 123 144 129 124 128 125 145 139 120 129 131 124 141 125 130 132 129 129 139 139 135 129 128 128 129 128 132 138 127 131 131 123 130 130 127 123 127 131 130 131 129 126 123 128 127 130 136 124 129 137 127 132 136 130 135 136 136 132 133 141 137 128 133 136 139 147 121 112 113 120 106 114 142 129 135 137 130 139 135 127 134 132 134 132 128 127 133 136 137 137 128 132 133 139 126 129 126 135 132 135 129 132 129 138 134 131 147 141 133 136 137 127 133 142 131 137 139 132 131 126 135 125 135 137 136 134 132 134 131 121 126 124 142 140 131 136 137 136 121 133 112 86 114 120 105 121 130 126 131 132 131 125 125 125 129 130 110 66 77 94 99 77 82 77 64 34 36 37 24 29 24 25 24 26 26 24 23 24 23 22 22 23 23 22 
88 91 85 88 91 89 88 77 80 88 77 45 17 19 19 17 17 14 16 13 15 4 3 3 2 2 3 2 3 2 3 32 75 91 118 56 8 4 2 2 2 2 3 2 2 2 2 4 1 17 6 2 3 2 16 6 3 3 7 31 83 125 130 127 126 129 126 123 130 130 125 128 130 126 123 127 130 123 131 120 127 133 122 131 132 124 131 130 132 127 124 125 123 126 127 129 125 123 123 125 121 139 124 122 129 117 135 124 117 126 126 123 130 125 128 126 127 126 123 124 127 129 133 132 128 130 136 136 136 136 127 128 129 126 123 126 115 132 127 130 129 138 128 133 133 125 127 126 131 133 128 123 125 128 128 132 130 138 133 133 120 131 132 127 130 129 126 134 128 131 127 131 132 130 132 135 131 127 129 133 133 127 126 132 132 120 129 122 128 126 134 131 134 131 121 132 126 122 128 134 128 129 138 131 111 128 119 94 121 123 105 115 127 129 135 129 126 129 127 125 128 125 125 132 112 124 81 48 63 45 40 62 68 41 24 24 25 23 22 24 24 22 23 25 23 22 22 23 23 22 
85 85 84 83 82 80 81 82 87 90 89 68 32 15 13 11 12 14 14 22 14 4 3 2 3 2 3 2 4 6 8 18 27 51 77 25 8 2 3 2 2 3 2 2 2 2 2 4 1 12 7 2 2 1 15 6 2 3 2 4 27 80 125 130 142 124 126 122 129 126 123 131 125 121 122 123 128 126 122 117 123 130 129 130 124 119 123 126 128 128 127 127 124 123 124 126 125 124 122 121 122 131 125 123 126 122 129 123 123 128 127 122 123 123 124 125 127 126 123 123 124 127 127 126 126 126 131 134 132 126 122 123 127 133 132 130 128 136 133 135 133 136 131 131 130 125 124 124 127 127 124 122 121 121 122 129 133 136 130 126 122 128 128 123 124 124 122 127 128 128 127 127 126 127 131 129 125 126 125 125 127 125 123 128 131 125 124 121 125 125 127 126 128 127 124 128 122 122 126 129 124 124 130 128 108 118 122 123 133 134 116 114 123 131 130 123 121 123 124 126 126 120 116 129 112 106 66 53 67 38 39 54 46 31 29 26 23 23 23 23 23 23 23 24 23 23 23 23 23 22 
83 81 84 83 82 83 85 89 83 69 60 50 27 11 12 14 14 13 15 18 9 3 5 3 3 4 6 7 9 7 8 17 38 63 53 8 7 3 3 2 2 2 2 2 1 2 1 3 1 6 6 4 4 3 14 7 3 3 2 2 5 32 102 125 112 125 124 120 126 122 120 128 123 119 119 121 124 124 119 116 120 126 128 124 119 119 121 123 123 124 122 121 120 119 120 122 124 125 124 122 122 122 122 121 121 121 121 119 123 124 122 119 118 119 123 124 126 126 125 123 122 124 123 122 122 124 127 127 123 123 127 128 123 125 126 124 124 126 128 129 128 129 128 127 126 125 126 126 126 126 125 124 124 123 123 126 128 128 126 124 127 127 120 119 123 124 119 119 125 128 126 124 125 126 128 126 123 123 123 124 125 125 122 126 128 125 122 121 124 121 122 122 122 121 120 119 119 117 122 126 122 121 121 120 111 119 129 122 119 121 114 109 118 128 127 124 124 120 115 111 107 103 98 104 93 99 83 68 67 39 31 33 25 23 26 23 20 24 24 24 24 24 24 23 23 23 23 23 22 22 
90 90 95 95 87 71 57 47 36 24 17 14 8 4 5 8 8 7 5 5 6 3 6 8 6 5 6 7 8 6 8 31 104 95 44 6 3 3 2 2 3 2 2 2 1 6 16 27 27 24 28 18 15 14 13 4 3 2 2 2 1 8 56 109 103 117 119 113 121 120 118 123 117 113 117 119 119 117 116 116 120 123 123 120 117 118 121 123 121 119 117 116 116 113 112 115 118 120 121 120 119 119 118 117 116 115 115 118 120 120 118 115 116 119 116 117 119 119 118 117 118 121 120 120 120 122 124 124 122 123 129 129 122 121 122 122 120 119 120 122 123 121 120 120 120 122 124 126 123 122 122 123 123 123 123 120 117 115 117 122 127 126 117 119 125 127 119 117 121 123 121 120 120 121 122 123 122 121 120 119 119 119 118 121 123 121 118 117 119 117 119 120 119 117 115 113 118 112 115 122 121 119 120 123 116 111 122 106 113 113 107 102 110 118 116 116 116 111 104 99 96 92 88 93 69 72 66 47 40 29 25 26 23 25 27 24 24 24 24 24 24 24 24 23 23 23 23 23 22 22 
93 81 72 62 49 30 18 10 6 4 3 4 4 4 3 4 5 7 12 18 30 10 5 6 5 4 3 3 3 3 11 72 128 102 37 6 3 2 2 2 3 2 2 2 3 29 77 117 125 101 81 25 6 6 5 2 2 1 2 2 3 4 21 77 120 109 114 108 115 117 115 118 112 107 113 116 113 110 112 114 116 115 113 113 112 115 117 117 114 111 111 111 112 108 106 108 110 111 112 113 113 112 111 109 108 107 106 113 114 113 110 109 112 114 107 108 109 110 110 110 111 115 115 115 115 116 118 121 121 116 117 117 115 120 120 118 116 113 113 115 119 114 112 112 113 115 118 119 111 111 112 113 114 115 115 114 108 107 112 118 121 119 116 116 122 124 117 115 117 117 115 115 114 114 114 119 120 119 117 113 111 109 113 115 116 115 114 112 112 111 111 111 110 110 109 110 111 108 111 115 113 114 115 111 105 89 101 85 102 100 96 96 103 107 104 104 101 98 97 94 88 78 69 72 44 39 35 24 23 23 24 23 22 26 26 22 25 23 23 23 23 23 23 23 23 23 23 23 22 22 
51 34 22 14 10 6 4 3 4 4 5 5 6 10 14 27 41 66 81 85 74 22 3 3 2 2 3 3 2 2 10 96 91 98 41 5 6 3 2 2 2 1 2 1 7 56 105 102 90 103 120 97 36 4 1 3 3 2 3 2 3 3 6 38 103 109 112 101 108 112 108 110 105 103 109 111 109 106 109 111 107 105 102 102 104 106 107 105 104 103 103 106 108 107 105 106 105 105 105 106 104 103 102 101 99 98 97 104 104 103 101 101 103 107 104 104 105 106 106 107 107 106 107 108 108 108 108 112 112 106 105 105 105 111 112 110 108 105 103 105 111 110 109 108 108 108 109 111 102 102 103 105 107 108 109 108 105 106 110 114 111 109 109 107 110 111 106 108 111 111 111 111 109 109 108 111 112 113 112 110 107 106 109 109 110 110 110 108 107 104 101 99 98 101 104 106 101 102 106 105 100 103 106 103 110 101 117 93 102 94 91 93 100 99 94 93 87 81 77 70 60 49 39 34 26 26 27 24 23 22 24 22 22 26 24 20 25 23 23 23 23 23 23 23 23 23 23 23 22 22 
10 6 4 3 3 5 6 10 13 13 14 20 20 21 22 36 38 50 86 119 106 34 4 4 3 4 3 2 3 3 4 51 100 106 64 17 7 3 3 2 2 2 2 1 7 53 99 94 92 100 86 87 79 31 2 3 3 2 3 2 2 3 3 15 68 103 109 92 96 100 96 97 95 95 98 99 98 98 100 101 99 96 95 96 98 99 97 96 96 96 98 101 102 102 100 98 97 97 97 97 97 97 96 95 94 93 92 96 98 98 97 96 98 101 99 98 98 99 100 102 103 100 102 103 103 104 103 102 100 100 106 106 101 102 100 99 101 99 96 97 103 103 101 100 99 98 98 99 95 96 96 98 100 101 101 101 100 101 103 104 100 99 102 99 100 101 98 101 105 105 105 105 103 102 100 97 98 101 104 106 105 105 103 101 101 102 103 101 98 100 97 94 93 95 99 101 94 95 99 99 92 92 92 88 90 83 94 81 85 83 86 85 82 72 62 62 55 47 40 34 30 25 23 19 22 24 25 27 26 24 26 25 24 28 27 24 29 23 23 23 23 23 23 23 23 23 23 23 22 22 
4 5 10 14 16 17 18 20 19 18 21 26 21 18 16 25 20 27 98 150 128 33 5 4 4 5 2 1 3 4 2 30 147 117 117 62 8 2 4 3 3 3 2 2 4 28 78 92 102 94 81 89 94 51 11 3 3 2 2 1 2 3 2 6 32 75 100 81 82 86 81 82 82 78 77 78 79 81 81 82 81 78 78 81 83 82 80 79 80 81 82 83 83 80 79 77 77 78 79 80 81 82 82 81 81 81 81 80 83 85 84 83 83 85 80 79 79 79 81 84 85 85 87 89 90 89 88 86 84 85 93 94 90 90 85 83 87 86 83 84 89 87 85 83 82 82 82 83 82 82 83 84 85 86 86 86 87 88 87 86 87 89 90 89 91 92 89 90 91 91 91 92 90 87 85 82 82 86 90 91 91 91 89 86 84 86 87 85 82 87 85 85 83 82 82 82 79 75 79 83 79 71 72 84 75 64 66 67 67 59 52 48 41 32 27 30 28 23 20 18 19 19 20 22 24 23 22 23 23 25 22 23 21 23 23 21 26 23 23 23 23 23 23 23 23 23 23 23 22 22 
26 27 29 27 25 25 29 31 28 23 25 33 28 26 22 28 23 46 151 157 80 9 2 3 2 2 3 3 3 3 3 56 144 123 155 96 11 6 3 4 4 4 3 4 3 15 86 123 136 119 142 122 123 133 64 3 3 3 2 3 2 1 3 3 8 53 93 72 72 75 70 72 71 63 60 59 62 65 65 62 58 56 57 60 62 60 58 57 58 59 59 58 57 57 57 56 57 58 60 62 61 61 61 61 61 61 61 58 61 64 64 63 63 63 60 59 59 60 62 64 65 64 66 67 68 67 66 67 66 63 66 67 69 74 66 63 69 68 65 65 70 70 69 68 68 68 69 70 68 68 69 69 70 70 70 73 74 72 69 69 75 78 73 73 78 79 73 72 74 76 77 78 76 74 71 71 72 74 76 75 73 70 73 71 70 71 73 72 67 65 66 68 67 63 57 55 58 50 52 61 60 47 37 34 30 27 25 25 19 17 16 14 12 10 11 17 19 18 18 19 20 20 20 21 23 23 27 26 22 26 24 26 22 21 22 21 24 23 23 23 23 23 23 23 23 23 23 23 22 22 
81 78 80 78 72 72 73 75 75 75 74 81 78 66 67 81 68 108 140 89 19 6 4 3 1 2 5 2 4 3 5 108 124 120 130 85 12 8 3 5 5 4 4 5 4 10 85 147 138 126 140 129 128 164 82 7 2 3 3 3 3 3 2 2 4 59 108 110 116 112 126 117 106 82 50 30 22 20 20 21 22 22 23 24 24 24 23 21 21 22 22 21 21 21 21 22 23 23 22 22 22 22 23 23 24 24 24 26 25 24 23 22 22 23 24 24 24 24 24 25 25 26 26 26 26 25 25 26 26 25 26 27 26 24 29 28 34 27 84 113 47 29 28 27 27 27 27 26 26 30 31 30 27 27 28 28 29 29 29 31 31 29 29 29 30 30 29 29 30 30 29 29 31 33 33 33 33 33 33 32 32 31 30 29 28 28 29 28 26 22 24 24 24 22 19 18 18 16 19 27 27 17 11 9 9 8 8 9 9 9 8 8 7 7 9 17 23 21 20 20 20 20 22 22 22 24 25 25 24 25 26 26 24 23 23 22 23 24 25 26 26 25 24 23 23 23 24 24 23 23 
100 95 94 91 88 89 90 91 92 93 92 89 92 106 88 91 93 68 39 18 4 2 3 2 2 3 3 2 3 2 14 130 98 149 131 84 15 3 6 3 3 4 6 7 5 5 43 121 146 150 137 137 153 143 47 4 2 3 3 3 3 5 3 2 7 91 144 135 129 111 102 67 39 26 18 14 14 13 12 11 10 10 11 11 11 11 11 11 11 12 11 11 11 10 10 10 11 11 10 10 10 10 10 11 11 12 12 12 11 10 10 10 10 10 11 11 11 11 11 11 11 11 11 11 11 10 10 11 12 11 11 12 11 10 8 7 12 20 116 125 24 10 9 9 9 9 9 9 9 11 12 11 9 9 10 10 10 10 10 11 11 10 10 10 10 10 10 10 10 9 9 9 10 11 11 11 10 10 10 10 10 10 10 9 9 10 10 10 9 9 9 9 9 8 8 8 8 7 7 9 10 8 7 8 8 8 8 8 9 8 8 8 7 8 10 19 22 19 17 17 17 17 19 21 23 25 25 24 24 25 25 24 24 23 23 23 23 23 24 25 25 25 24 23 23 23 23 23 23 23 
90 86 81 79 83 89 90 91 92 91 91 84 81 112 88 81 89 32 4 2 2 2 3 2 3 5 1 3 2 5 49 124 132 142 148 106 27 5 4 4 4 5 4 3 3 3 7 44 80 140 142 139 112 59 13 3 3 3 2 2 2 2 1 1 6 79 115 91 73 58 53 28 11 10 10 11 13 12 10 10 12 12 13 13 13 13 12 12 12 13 12 12 12 12 12 12 12 12 12 12 12 12 12 13 13 13 13 14 14 14 14 14 14 14 13 13 13 13 13 13 12 12 12 12 12 11 11 12 13 12 12 12 11 9 9 17 8 54 114 45 10 9 9 8 9 9 9 9 8 9 10 9 8 8 9 8 9 8 8 9 9 8 8 8 8 8 8 8 8 8 7 8 9 9 9 9 8 8 8 8 8 8 9 8 8 9 10 10 9 9 9 8 8 9 10 11 9 9 8 8 8 10 10 8 8 9 9 9 9 9 8 9 8 8 10 19 23 19 18 19 18 18 20 22 23 25 25 24 24 24 23 23 23 23 23 22 22 22 23 24 24 24 24 23 22 22 22 23 22 22 
92 93 87 86 86 80 81 81 81 81 80 82 74 84 77 78 67 16 3 4 3 3 3 2 3 3 2 4 2 22 102 112 146 106 132 120 45 7 3 4 4 4 3 4 5 5 3 7 13 28 38 32 18 6 2 5 5 3 3 3 3 2 5 9 19 63 68 53 46 42 47 31 15 14 14 14 14 12 11 11 12 12 13 13 13 13 12 11 11 11 11 11 10 11 12 12 12 12 12 12 12 12 12 12 13 13 13 9 9 9 9 9 9 9 12 12 12 12 12 12 12 12 12 12 12 12 12 12 12 11 11 11 11 9 8 14 6 56 64 7 11 11 9 9 10 10 11 10 8 9 10 9 8 8 9 8 9 8 8 10 9 8 9 9 9 9 9 9 9 9 8 8 9 9 9 9 9 9 9 9 9 9 9 8 8 9 10 9 9 9 9 8 8 9 10 11 8 9 10 9 9 9 9 8 8 9 9 9 8 9 10 10 8 8 9 17 23 20 19 20 20 20 22 23 24 25 25 24 23 23 22 23 23 23 23 23 23 22 23 24 24 23 22 22 21 21 22 22 21 21 
93 95 92 93 90 84 84 85 85 84 83 90 92 83 79 98 60 11 3 4 2 2 2 2 3 2 3 3 5 44 126 125 115 130 127 142 87 13 6 6 5 3 3 7 5 4 5 4 4 1 5 3 4 4 4 5 3 2 2 2 6 7 13 24 35 46 45 45 52 53 54 32 14 12 13 12 11 11 13 13 11 11 11 12 11 11 11 11 11 11 11 11 10 11 11 11 11 11 11 11 11 11 11 11 11 11 11 14 14 14 13 13 13 12 10 10 10 10 10 10 11 11 11 10 10 10 11 10 10 9 10 11 10 8 8 6 9 13 15 8 9 8 7 7 8 8 8 8 8 8 8 8 8 8 8 7 8 8 8 9 8 7 8 8 8 8 8 8 8 7 7 7 8 8 7 7 8 8 8 8 8 8 8 7 7 7 7 7 7 8 8 8 8 8 8 8 7 7 8 9 9 7 7 7 8 8 8 8 8 9 9 10 8 8 9 16 21 18 17 19 19 18 20 22 24 25 25 24 23 23 23 24 24 24 24 24 23 24 25 25 24 23 21 21 21 21 22 22 21 21 
82 80 84 84 85 90 91 91 91 89 88 88 102 95 81 103 50 7 2 3 1 3 3 2 3 4 1 3 26 87 131 128 123 147 140 140 129 41 4 3 6 5 3 3 3 4 5 4 6 3 8 4 4 4 4 2 3 5 9 15 32 38 45 52 58 55 47 47 52 47 45 26 12 10 12 12 11 12 12 12 13 13 13 14 13 13 13 13 14 14 14 13 13 13 13 13 13 13 13 13 13 13 13 13 13 13 13 12 12 11 11 11 11 10 13 13 13 13 13 13 13 13 12 12 11 12 12 13 12 11 12 13 12 11 9 9 13 8 7 10 8 8 8 8 9 9 10 9 9 9 9 9 9 9 9 9 9 9 9 10 10 8 9 9 9 9 9 9 9 9 9 9 10 9 9 8 8 8 8 8 8 9 10 10 9 9 9 9 9 9 9 9 10 9 9 9 10 8 7 8 9 9 8 7 8 8 8 8 8 8 7 9 7 8 10 17 20 17 17 19 19 18 20 22 23 25 25 24 23 24 23 24 25 25 25 23 23 24 24 24 24 23 21 21 21 22 22 22 22 21 
79 71 85 90 86 89 89 89 89 88 86 83 90 92 87 85 30 3 3 3 2 3 3 2 3 4 3 18 73 129 130 117 132 123 128 120 130 91 17 5 3 4 4 3 5 6 4 3 5 5 5 3 2 4 7 8 19 28 42 42 49 47 54 49 49 45 52 51 54 48 48 30 16 12 14 13 13 14 13 11 12 12 12 12 12 11 11 12 12 12 12 12 11 12 12 11 11 11 12 12 12 12 12 12 12 12 12 13 12 12 12 12 12 13 11 11 11 11 11 11 11 12 11 10 10 10 11 11 11 10 11 12 11 9 6 8 5 10 7 9 11 8 8 7 8 9 8 8 7 7 7 7 8 8 8 8 8 8 8 9 9 7 8 8 8 8 8 8 8 9 8 8 9 8 7 7 7 7 7 8 8 8 9 9 8 9 9 9 8 7 8 8 8 8 8 8 9 7 6 7 8 9 8 8 8 8 8 8 9 8 7 8 7 8 10 17 21 18 18 20 20 19 21 21 23 24 25 24 24 24 23 24 24 24 23 22 21 22 22 23 23 23 22 22 22 22 22 22 22 22 
72 63 80 89 84 87 88 88 87 86 85 89 84 87 100 79 18 3 4 3 3 2 3 2 4 3 17 66 119 129 121 117 132 139 131 139 139 132 97 32 6 4 7 4 2 3 3 4 4 4 3 7 11 20 35 38 50 46 53 56 51 41 53 51 49 49 43 44 53 53 53 29 11 12 13 11 11 13 14 12 12 12 13 13 12 12 12 13 13 13 13 13 13 12 12 12 11 11 12 12 12 12 12 12 12 12 12 12 12 11 11 12 13 14 12 12 12 12 12 12 12 13 12 11 11 11 12 12 12 11 11 12 11 9 9 8 7 8 9 8 7 8 8 8 8 9 9 8 8 8 8 8 9 9 9 9 9 9 9 10 10 8 8 8 8 8 8 8 8 8 8 8 9 8 7 7 8 8 8 8 8 8 8 8 8 8 9 9 8 8 8 8 8 9 9 9 8 9 9 9 9 9 9 9 8 8 8 9 9 9 8 9 8 9 9 17 20 17 17 19 19 19 20 21 23 25 25 25 24 25 23 23 24 24 23 21 20 19 20 22 22 23 22 22 22 22 22 22 22 22 
90 90 84 83 85 86 90 90 87 89 93 93 88 90 80 74 10 3 3 3 2 4 4 4 7 23 74 126 130 128 128 120 132 120 110 114 126 103 129 50 7 6 5 4 6 7 4 4 4 7 17 27 37 45 50 54 53 52 51 48 48 50 51 50 49 48 49 47 51 50 50 28 12 12 12 12 12 12 12 13 13 13 13 13 12 12 12 11 11 11 11 11 11 12 12 12 11 11 12 12 12 12 12 12 12 12 12 11 11 11 11 11 11 12 12 12 12 12 12 12 12 13 12 12 11 11 12 12 11 11 11 12 11 9 9 9 8 8 8 8 8 7 8 9 9 9 9 8 8 8 8 8 8 8 8 8 9 8 8 9 9 8 8 8 8 8 8 8 8 8 8 8 8 8 8 8 8 8 8 8 8 7 8 8 8 8 8 8 8 8 8 8 8 8 8 8 8 9 8 7 8 9 8 8 8 8 8 8 8 8 7 8 7 8 9 16 20 17 17 18 19 19 19 22 24 25 25 25 24 24 22 23 25 25 24 23 21 22 22 23 23 23 22 21 21 21 21 21 21 21 
53 53 53 52 50 49 54 54 51 51 55 63 61 63 47 47 10 5 4 4 4 5 7 18 44 93 130 129 115 116 123 136 67 24 19 19 27 23 20 13 6 5 4 5 7 4 4 7 16 25 38 49 47 45 48 48 47 47 48 50 51 50 50 50 51 51 49 46 49 46 47 28 13 12 12 12 12 12 12 12 13 13 12 12 12 12 12 11 11 11 11 11 11 11 12 11 11 11 11 12 11 11 11 11 11 11 11 11 11 11 11 11 11 11 12 12 12 12 12 12 12 13 12 12 11 12 12 12 11 11 11 12 11 9 8 8 8 8 8 8 8 7 8 8 8 9 9 8 8 8 8 8 8 8 8 8 9 8 8 9 9 8 9 9 9 9 9 9 8 8 8 8 8 8 8 8 8 8 8 8 8 7 8 8 8 8 8 8 8 8 8 8 8 8 8 8 8 9 8 8 9 8 8 8 8 8 8 8 8 8 7 8 7 8 9 16 19 17 17 18 19 19 19 21 22 23 24 24 23 23 25 25 25 25 24 24 24 26 26 26 26 26 25 24 22 22 22 22 22 22 
22 20 24 25 21 19 23 24 21 20 23 26 19 23 23 52 44 37 31 26 29 39 54 80 119 127 134 120 124 128 123 148 38 6 9 6 6 7 4 6 6 6 7 29 32 23 17 22 41 52 50 45 45 48 49 48 47 47 49 52 51 49 49 49 50 52 49 46 48 45 46 28 13 12 12 12 12 12 12 12 12 12 12 12 12 11 11 11 11 11 11 11 11 11 11 11 11 11 11 11 11 11 11 11 11 11 11 11 11 11 11 11 11 11 11 11 12 12 12 13 13 12 12 11 11 12 12 12 11 11 11 12 11 9 8 8 8 7 7 8 8 8 8 8 8 9 9 8 8 8 8 8 8 8 8 8 9 8 8 9 9 8 9 9 9 9 9 9 9 9 8 8 8 8 9 9 8 9 9 8 8 8 8 8 8 8 8 8 8 8 8 8 8 8 8 8 7 8 8 8 9 8 7 8 8 8 8 8 8 8 7 8 7 8 9 16 20 17 17 18 19 19 19 21 22 23 24 25 25 24 26 25 24 23 24 24 24 22 23 23 22 22 21 22 23 23 23 23 23 23 
22 20 26 27 22 20 25 26 22 21 23 29 20 24 33 99 124 112 109 99 98 111 119 115 110 106 115 116 134 134 121 151 29 5 7 6 5 7 5 6 4 3 6 84 109 95 57 45 50 49 47 50 49 48 50 50 48 49 50 50 49 49 48 48 48 49 47 46 50 47 47 28 14 12 12 12 12 12 12 12 12 12 11 11 11 11 11 11 11 11 11 11 11 11 11 11 11 11 11 11 11 11 11 11 11 11 11 12 12 12 12 12 12 12 11 11 12 12 13 13 13 12 12 11 11 12 12 12 11 11 11 12 11 9 8 8 8 8 8 8 8 8 8 8 8 9 9 8 8 8 8 8 8 8 8 8 9 8 8 9 9 8 8 8 8 8 8 8 8 9 8 8 8 8 9 9 9 9 9 8 8 8 8 8 8 8 9 8 8 8 8 8 8 8 8 8 8 8 8 8 8 8 7 8 8 8 8 8 8 8 8 9 8 8 9 17 21 18 18 18 18 18 17 20 22 23 25 25 25 25 25 24 24 23 23 23 24 24 24 24 23 23 22 22 22 22 22 22 22 22 
40 39 46 48 42 41 45 47 43 41 43 49 40 46 49 96 121 112 113 114 119 116 110 113 125 123 125 124 127 120 122 152 26 5 4 4 6 6 6 5 6 5 21 129 139 103 61 47 51 48 45 48 46 45 49 50 49 49 49 49 49 51 51 50 48 47 46 48 54 50 48 28 13 13 13 13 13 13 13 13 12 11 11 11 11 11 11 11 11 11 11 11 11 11 11 11 11 11 11 11 11 11 11 11 11 11 11 12 12 12 12 12 12 12 11 12 12 12 13 13 13 12 12 11 11 12 12 12 11 11 11 12 11 9 9 9 8 8 8 8 9 8 8 8 8 9 9 8 8 8 8 8 8 8 8 8 9 8 8 9 9 8 8 8 8 8 8 8 8 9 8 8 8 9 9 9 9 9 8 8 8 8 8 8 8 8 9 8 8 8 8 8 8 8 8 8 8 8 7 7 8 8 8 8 8 8 8 8 9 9 8 9 8 9 10 18 22 19 18 18 17 16 15 16 17 19 20 20 20 20 20 21 21 21 20 20 19 19 19 19 19 18 18 18 17 17 17 17 17 17 
82 81 88 90 86 85 88 89 86 85 86 88 80 90 88 102 115 117 117 118 118 109 103 109 121 121 121 130 125 123 137 135 15 8 7 6 5 4 6 6 6 10 61 150 116 58 43 45 55 54 51 48 46 47 50 52 51 50 51 51 52 52 53 51 49 48 47 49 55 50 47 27 13 13 13 13 13 13 13 13 12 12 11 11 11 11 11 11 11 11 11 11 11 11 11 11 11 11 11 11 11 11 11 11 11 11 11 12 12 12 12 12 12 12 12 12 12 12 13 13 13 12 12 11 11 12 12 12 12 11 11 12 11 9 9 9 8 8 8 8 9 8 8 8 8 9 9 8 8 8 8 8 8 8 8 8 9 8 8 9 9 8 8 8 8 8 8 8 8 8 8 8 8 9 9 9 9 8 8 8 8 8 9 8 8 8 9 9 8 8 8 8 8 8 8 8 8 8 7 7 8 8 8 8 8 8 8 9 9 9 8 9 8 9 10 17 22 20 18 18 17 16 15 13 13 14 15 15 15 15 16 16 16 16 15 15 14 13 13 13 13 13 14 14 14 14 14 14 14 14 
91 92 93 94 95 94 93 92 93 94 93 95 92 93 106 109 117 119 120 119 115 114 119 124 125 118 113 132 127 132 143 93 8 7 9 6 5 5 5 7 8 35 109 124 86 62 50 50 52 49 54 57 52 50 51 49 48 48 50 52 52 51 50 49 49 48 48 50 54 47 44 25 13 12 13 13 13 12 12 12 12 12 12 11 11 11 11 11 11 11 11 11 11 12 12 11 11 11 12 12 12 12 11 12 12 12 12 12 12 12 12 12 12 12 12 13 13 13 13 13 12 12 12 11 11 12 13 13 12 11 11 12 11 9 8 8 8 8 8 8 8 8 9 8 8 9 9 8 8 8 8 8 8 8 8 8 9 8 8 9 9 8 8 8 8 8 8 8 8 8 8 9 9 9 9 9 8 8 7 7 8 8 9 8 8 8 9 9 8 8 8 8 8 8 8 8 7 8 8 7 8 8 7 7 7 8 8 8 8 8 8 9 8 8 9 17 21 18 17 17 17 17 16 14 15 16 16 16 16 15 17 16 15 15 15 15 16 15 15 15 15 16 17 16 14 14 14 14 14 14 
87 89 87 87 88 87 86 87 90 90 87 88 88 83 107 116 113 111 117 119 113 108 111 118 123 132 122 131 130 130 139 59 9 5 6 5 6 7 5 9 30 99 138 70 43 51 47 50 50 47 50 50 49 50 48 46 46 47 49 51 52 50 49 49 49 49 50 50 53 47 44 26 13 12 12 12 12 12 12 12 12 12 11 11 11 11 11 11 12 11 11 12 12 12 12 12 11 11 12 12 12 12 12 12 12 12 12 12 12 12 12 12 12 12 13 13 13 13 13 13 12 12 12 11 11 12 13 13 12 12 11 12 11 9 8 8 8 8 8 8 8 8 9 8 8 9 9 8 8 8 8 8 8 9 9 9 9 8 8 9 9 8 7 7 8 8 7 7 8 8 8 9 9 10 10 9 9 8 8 8 8 8 8 8 8 8 9 9 8 8 8 8 8 8 8 8 7 8 8 8 8 8 7 7 7 8 8 8 8 8 7 8 7 8 9 16 20 18 18 18 18 18 17 18 18 18 19 19 18 18 19 18 17 17 18 19 19 17 17 17 16 18 19 18 16 16 16 16 15 16 
75 74 74 73 71 70 73 78 79 77 74 73 79 88 113 127 109 114 116 115 114 113 115 119 121 127 123 128 139 129 144 57 17 13 11 9 14 17 34 50 96 139 98 37 42 44 45 44 41 41 44 44 44 43 41 41 43 44 42 42 43 44 44 43 42 41 44 43 47 44 43 25 13 12 13 12 12 12 12 12 11 11 11 11 11 11 11 12 12 12 12 12 12 12 11 11 11 11 12 12 12 12 12 12 12 12 12 12 12 12 12 12 12 12 14 13 13 13 13 13 12 12 12 11 11 12 13 13 13 13 11 12 12 9 7 8 8 8 8 8 8 8 8 8 8 9 9 8 8 7 7 7 8 9 9 9 9 8 8 9 9 8 8 8 8 8 8 8 8 8 8 9 9 10 9 9 9 9 8 8 8 8 7 8 8 8 9 9 9 8 8 8 8 7 7 7 7 7 7 8 9 9 7 7 8 8 8 8 7 7 7 8 7 8 9 16 21 20 19 18 18 18 19 19 18 18 18 18 18 18 17 18 18 18 18 18 18 17 18 17 16 18 19 18 15 15 16 15 14 14 
60 58 56 54 52 51 54 57 59 59 58 54 58 77 101 114 115 116 113 113 115 116 119 121 122 124 119 136 130 132 140 95 67 68 68 67 71 72 112 124 144 116 53 32 35 33 32 32 30 31 33 33 33 32 30 31 33 34 33 31 31 32 32 32 31 30 34 31 34 33 36 23 13 13 13 13 13 12 12 12 11 12 12 12 12 12 12 12 12 12 12 12 12 11 11 11 11 11 11 12 12 11 11 11 11 11 11 12 12 12 12 12 12 12 13 13 13 13 13 13 13 12 12 12 12 12 13 13 13 13 11 12 12 9 8 8 8 8 8 8 9 8 8 8 8 9 9 8 8 8 7 7 8 8 9 8 8 8 8 9 9 8 8 9 9 9 8 8 8 8 8 9 9 9 9 9 8 8 8 8 8 8 8 9 9 8 9 10 9 8 8 8 8 7 7 7 7 7 7 8 9 9 7 7 7 8 8 8 7 7 7 8 7 8 9 16 23 22 19 18 17 18 19 18 18 18 18 18 18 18 18 17 17 17 17 17 16 16 17 17 17 18 18 17 15 16 16 15 14 15 
56 55 53 52 49 46 48 49 52 53 53 47 49 81 115 114 120 119 111 108 108 110 115 124 136 124 122 139 128 134 131 126 120 139 139 143 142 120 141 140 115 61 31 39 33 28 30 31 29 30 33 33 33 33 32 32 33 34 34 34 34 34 34 33 32 31 35 28 29 30 33 22 14 14 13 13 12 12 12 12 12 12 12 12 12 12 12 12 12 12 12 12 12 11 11 11 11 11 11 12 12 12 12 12 12 12 11 12 12 12 12 13 13 13 12 12 12 13 13 13 13 13 12 12 12 12 13 13 13 13 12 12 12 9 8 8 8 8 9 9 9 8 8 8 7 9 9 8 8 8 8 7 7 8 8 8 8 8 8 9 9 8 9 9 9 8 8 8 8 8 8 9 9 8 8 8 8 8 8 8 8 9 8 9 9 8 9 10 9 8 8 8 8 7 7 7 7 7 7 8 9 9 7 7 7 8 8 7 7 8 7 8 7 8 9 16 22 21 20 19 18 18 18 18 18 18 18 18 18 18 17 17 17 16 16 16 15 15 17 17 16 17 18 17 16 16 16 15 15 15 
24 25 25 25 24 22 22 22 23 24 24 22 28 72 122 107 107 114 112 112 116 116 113 118 132 123 126 124 127 131 128 136 134 143 128 133 137 124 133 124 75 30 15 20 17 17 15 16 15 16 17 17 18 19 18 18 18 18 18 19 19 19 18 17 17 16 20 15 17 18 23 17 13 13 13 13 12 12 11 12 13 13 13 13 13 13 12 12 12 12 12 12 12 12 12 11 11 12 12 12 12 12 12 12 12 12 12 13 13 13 13 13 13 13 12 12 12 13 13 13 13 13 13 12 12 12 13 13 13 13 12 12 11 9 7 7 8 8 8 9 9 8 8 8 8 9 9 8 8 8 8 8 8 7 8 8 8 8 8 9 9 8 8 8 8 8 8 7 7 7 8 8 8 9 8 8 8 8 8 8 8 8 8 9 8 8 8 9 9 8 8 8 8 7 7 7 7 7 7 8 9 9 7 7 7 7 7 7 7 8 7 8 7 8 9 16 20 18 17 17 18 17 17 18 18 18 17 17 16 16 16 16 16 16 16 16 16 15 16 16 15 17 18 17 16 16 15 14 14 15 
9 10 10 10 10 10 10 10 10 10 10 9 19 73 131 113 108 121 118 109 105 102 97 101 118 126 137 119 128 129 132 136 141 132 130 139 128 142 158 99 35 12 10 11 9 10 9 10 10 10 11 10 11 11 11 11 10 10 10 10 10 10 10 10 10 10 11 8 11 13 17 14 13 13 13 13 13 13 12 12 13 13 13 13 13 13 13 12 12 12 12 12 12 12 12 12 12 12 13 13 13 13 13 13 13 13 13 13 13 13 13 13 13 13 12 12 12 13 13 13 13 13 13 13 13 13 13 13 13 12 12 12 11 9 7 7 8 8 8 8 8 8 9 8 8 9 10 8 8 8 8 8 8 8 7 8 8 7 8 9 9 8 7 8 8 8 7 7 7 7 7 8 9 9 9 9 8 8 8 7 8 8 8 8 8 8 8 9 8 8 8 8 8 7 7 7 7 7 7 8 9 9 7 8 7 7 7 7 7 8 7 8 7 8 9 16 20 16 13 12 14 16 17 19 18 18 17 16 16 15 16 16 16 17 17 17 17 16 16 15 14 16 19 18 15 15 15 14 14 15 
10 11 11 10 10 11 11 11 11 11 11 9 30 92 129 119 115 120 111 82 55 46 43 47 59 98 124 131 133 132 131 133 144 126 137 143 121 141 124 46 14 10 12 10 10 10 10 11 10 10 11 11 10 11 11 10 9 9 10 10 10 10 10 11 11 12 12 10 13 14 16 13 13 14 13 14 14 13 14 13 13 13 13 13 13 13 13 13 13 13 13 13 13 13 12 12 12 12 13 13 13 13 13 13 13 13 13 13 13 13 13 13 13 13 12 12 12 12 12 12 13 13 13 13 13 13 13 13 13 12 12 13 11 9 8 8 8 8 8 8 8 8 9 8 8 9 10 9 8 8 8 8 8 8 7 8 8 7 8 9 9 8 7 7 7 8 8 8 7 7 8 8 9 9 9 9 8 8 8 8 8 8 7 8 9 8 9 9 7 8 8 8 8 7 7 7 7 8 7 8 9 9 8 8 8 7 7 7 8 8 7 8 7 8 9 16 21 17 11 10 12 16 18 18 18 17 17 16 16 16 16 16 17 17 17 17 17 16 16 15 14 17 20 19 16 16 15 14 14 15 
10 10 10 10 10 11 11 12 12 12 12 12 47 107 111 114 120 113 79 42 19 16 16 15 15 40 74 133 131 139 128 134 139 130 136 136 136 132 55 17 11 12 11 9 13 9 10 10 10 10 10 10 9 9 10 10 9 10 11 12 11 10 10 10 10 10 11 10 14 15 15 11 13 13 13 13 13 13 14 14 13 13 13 13 13 13 13 13 13 13 13 13 13 12 12 12 12 12 12 13 13 13 13 13 13 13 13 13 13 13 13 13 13 13 13 13 12 12 12 12 12 13 13 13 13 13 12 13 13 12 12 13 11 9 8 8 8 8 8 8 8 8 9 8 8 9 10 9 8 8 8 8 8 8 7 8 8 7 8 9 9 8 7 7 8 8 8 8 8 8 8 9 9 9 9 8 8 8 8 8 9 9 8 9 9 9 9 9 7 8 8 8 8 7 7 7 7 8 7 8 9 9 8 8 8 7 7 7 8 8 7 8 7 8 9 16 22 18 14 14 16 18 18 17 16 16 16 17 17 17 17 17 17 17 17 17 16 15 17 16 15 18 20 19 16 16 15 14 14 16 
10 10 10 10 10 10 10 12 13 12 12 13 70 114 113 111 122 86 37 17 14 16 13 24 27 30 30 92 135 129 138 132 132 144 125 154 155 89 18 14 10 10 12 13 13 9 10 10 10 10 10 10 10 10 10 10 10 11 12 13 12 11 11 10 10 10 9 12 16 15 13 12 13 12 12 13 13 13 14 13 12 12 12 13 13 13 13 12 12 12 12 12 12 13 12 12 12 12 13 13 13 13 13 13 13 13 13 13 13 13 13 13 13 13 13 13 13 13 12 12 12 13 13 14 14 13 13 13 13 12 12 13 11 9 9 9 8 8 8 8 8 8 9 8 8 9 9 8 7 7 8 8 8 8 7 8 8 8 8 9 9 8 7 7 8 8 8 8 8 8 8 8 8 9 9 8 8 8 8 9 9 9 7 9 10 9 9 9 7 8 8 8 8 7 7 7 8 8 7 8 9 9 8 8 8 8 7 7 8 8 7 8 7 8 9 19 23 19 18 19 19 19 19 17 17 17 18 18 18 19 19 18 18 18 17 17 16 16 17 17 16 18 21 19 17 16 15 15 15 15 
10 10 10 10 11 10 9 11 11 11 12 15 87 117 119 114 110 51 22 15 14 17 26 72 96 118 61 48 108 123 145 135 125 142 139 145 116 35 13 12 11 11 12 12 11 10 10 10 10 10 10 10 11 11 10 9 10 10 11 11 11 11 11 11 11 10 9 15 18 15 13 13 14 12 13 13 13 13 13 13 12 12 12 13 13 13 13 12 13 13 13 13 13 13 13 13 13 13 13 13 13 13 13 13 13 13 13 13 13 13 14 13 13 13 13 13 13 13 13 13 13 13 13 14 14 13 13 13 13 12 12 13 11 9 9 9 8 8 8 8 8 9 9 8 8 9 9 8 8 7 8 8 8 8 7 8 8 8 9 9 9 9 8 8 8 8 8 8 8 8 7 8 9 9 9 8 9 9 9 9 9 9 7 9 9 8 9 10 7 8 8 8 8 8 7 7 8 7 7 8 9 9 8 8 8 8 7 7 8 8 8 9 8 8 9 21 23 19 19 20 20 19 19 19 19 19 19 19 19 18 18 18 18 18 18 18 18 17 19 17 16 18 20 19 17 16 16 16 15 15 
10 10 10 10 10 10 11 11 10 10 11 24 93 119 115 119 91 31 16 19 15 15 50 111 98 116 118 33 67 134 140 128 146 129 154 120 52 14 13 10 12 13 10 8 10 12 10 10 10 10 10 10 10 10 10 10 10 10 10 10 10 10 11 11 11 11 12 15 17 15 13 13 14 14 14 14 14 13 13 12 12 12 13 13 13 13 13 13 13 13 13 13 13 13 13 13 13 13 13 13 13 13 13 13 13 13 13 13 13 13 14 13 13 13 13 13 13 13 13 13 13 13 13 13 13 13 13 14 13 12 12 12 11 9 9 9 8 8 8 8 8 9 9 8 8 9 10 8 8 8 8 8 8 7 7 8 8 8 8 9 9 9 8 8 8 8 8 8 8 8 8 8 9 9 8 8 9 9 9 9 9 9 7 9 9 8 9 9 8 8 8 8 8 8 8 8 8 7 7 8 9 9 8 8 8 8 7 7 8 8 7 9 8 8 9 19 22 18 19 19 19 18 18 19 19 19 19 18 17 17 16 16 16 17 17 17 17 17 18 17 16 17 18 17 15 16 16 16 15 14 
10 10 10 10 10 10 12 11 10 10 10 39 99 119 112 116 69 23 39 68 68 34 54 114 76 73 133 33 49 127 134 135 160 134 125 83 19 11 12 10 11 11 10 9 10 11 11 11 10 10 10 10 10 10 10 11 11 10 10 10 11 11 10 10 10 11 14 15 15 14 14 14 13 14 14 14 14 13 13 12 12 12 13 13 13 13 13 13 13 13 13 13 13 13 13 13 13 13 13 13 13 13 13 13 13 13 13 13 13 14 14 13 13 13 14 14 14 14 14 14 14 14 14 13 13 13 14 14 14 13 13 12 11 10 9 9 8 8 8 8 8 8 9 8 8 8 9 8 8 8 8 8 8 7 7 8 8 8 8 8 9 8 8 8 8 8 8 8 8 8 8 8 8 8 8 8 8 8 8 8 8 8 7 9 9 8 9 9 8 8 8 8 9 9 9 8 8 8 8 8 9 9 8 8 8 8 7 7 8 8 7 9 8 8 9 19 21 18 17 17 17 18 18 17 17 17 17 17 17 17 15 15 15 16 16 16 16 16 17 16 15 17 18 17 14 15 16 15 14 13 
10 10 10 10 10 10 12 11 12 11 10 58 106 116 114 107 49 35 98 82 104 89 33 73 92 121 109 29 47 114 136 150 126 140 94 34 14 10 11 12 11 10 11 11 10 10 11 11 11 10 10 10 10 10 11 12 12 11 11 11 11 10 10 9 10 11 15 15 13 13 14 14 12 14 14 14 14 14 13 13 13 12 13 13 13 13 13 13 13 13 13 13 13 13 13 13 13 13 13 13 13 13 13 13 13 13 13 13 13 13 14 13 13 13 14 14 14 14 14 14 14 14 14 13 13 13 14 14 14 13 13 12 12 10 10 10 9 9 9 9 9 9 10 9 8 9 9 8 9 9 8 9 9 8 8 9 9 9 9 9 9 9 9 9 9 9 9 9 9 9 8 8 8 8 8 7 8 8 8 8 8 8 8 9 9 9 9 10 9 8 8 9 9 9 9 9 8 8 8 8 8 8 8 8 8 8 7 7 8 8 7 9 7 7 9 19 20 17 17 16 16 17 17 16 16 17 17 18 18 18 16 16 16 16 16 16 16 16 17 17 16 18 19 17 15 15 15 15 15 14 
10 10 10 10 10 10 11 11 13 11 14 77 111 111 118 100 39 54 116 43 79 139 43 60 96 125 84 25 38 107 142 129 145 121 53 12 12 10 11 12 12 12 11 11 11 11 11 11 11 10 10 10 10 11 11 13 13 12 11 10 10 10 10 9 11 13 15 14 13 12 14 14 12 13 13 14 14 14 14 13 13 13 13 13 13 13 13 13 13 13 13 13 13 13 13 13 13 13 13 13 14 13 14 13 13 13 13 13 13 13 14 13 13 13 13 13 13 13 13 13 14 14 14 14 14 14 14 14 14 13 13 13 12 11 12 12 11 11 11 11 11 11 12 11 10 11 11 10 12 11 10 11 11 11 11 11 11 11 11 11 11 11 11 11 10 10 10 10 10 10 10 10 10 10 9 9 9 9 9 9 10 10 9 10 10 10 10 10 10 9 9 9 10 10 10 9 9 9 9 9 8 9 9 9 9 9 8 8 9 9 8 9 7 8 10 18 21 19 18 18 18 18 19 18 18 18 18 18 17 17 18 18 17 17 17 16 16 18 19 18 17 18 18 17 16 16 15 15 15 16 
10 10 10 10 10 10 10 10 12 11 27 97 115 109 121 99 39 55 111 36 59 122 72 105 90 103 120 35 27 104 140 129 184 73 19 13 9 13 12 11 12 12 11 10 11 12 11 11 11 10 10 10 10 10 11 12 12 12 11 9 10 10 10 10 12 14 14 14 13 12 14 14 13 13 13 13 14 14 14 13 13 13 13 13 13 13 13 13 13 13 13 13 13 13 13 13 13 13 13 13 14 14 14 13 13 13 13 13 13 13 14 14 13 13 13 13 13 13 13 13 14 14 14 14 14 14 14 14 13 13 13 13 13 13 13 13 13 12 12 12 12 14 14 13 12 13 13 12 13 12 12 12 13 13 13 13 13 13 13 13 12 12 13 13 12 12 12 12 12 13 12 12 12 12 12 11 11 11 12 12 12 12 11 11 11 11 11 11 12 11 11 11 11 11 11 11 11 12 12 11 11 11 11 11 11 11 10 10 10 11 10 11 8 10 11 15 19 19 18 17 18 18 19 17 17 17 17 16 16 15 16 16 16 16 16 15 15 16 18 17 15 16 16 15 15 15 15 15 15 15 
10 10 10 10 11 9 9 8 10 10 43 115 118 109 124 103 44 43 102 73 101 112 80 119 74 80 133 37 45 132 133 171 119 25 11 11 12 13 11 12 11 10 11 11 10 10 12 11 11 11 10 10 9 9 10 10 11 11 11 10 11 11 10 9 11 14 14 14 13 13 14 15 14 13 13 13 13 13 13 13 13 13 13 13 13 13 13 13 13 13 13 13 13 13 13 13 13 13 13 13 14 14 14 13 13 13 13 13 13 13 14 14 13 13 13 13 13 13 13 13 13 14 14 15 15 14 14 13 13 13 13 13 13 14 14 13 13 12 12 12 12 15 15 14 13 14 14 13 13 12 12 12 13 14 14 13 13 13 12 13 12 13 13 13 13 13 13 12 13 14 13 13 14 14 13 13 13 13 13 13 13 13 12 12 12 12 12 12 13 13 13 13 13 12 12 12 12 13 13 12 12 12 13 13 13 13 12 11 12 13 12 13 10 12 12 12 15 14 14 13 13 14 15 14 14 14 14 14 14 14 13 13 13 13 13 13 13 12 14 14 13 13 14 13 12 13 14 14 13 12 
10 10 10 10 10 10 8 9 8 12 55 114 119 109 131 108 51 23 66 108 108 63 69 124 119 114 80 32 53 113 129 172 31 11 12 10 15 10 12 11 10 10 11 11 10 10 10 10 10 10 10 10 10 10 11 11 10 9 10 10 11 11 10 11 13 14 13 13 13 13 13 13 13 14 14 13 13 13 13 13 13 13 13 13 12 12 13 13 13 13 13 13 13 13 13 13 13 13 13 13 13 13 13 13 13 13 14 13 13 13 13 14 14 14 13 13 13 13 13 13 13 14 14 14 14 14 14 14 13 13 13 13 13 13 14 14 14 13 13 13 12 13 13 13 13 13 14 14 13 13 13 14 14 15 15 15 14 14 13 12 12 12 13 13 13 13 13 13 14 15 15 14 14 15 15 13 13 13 13 13 13 13 13 12 12 12 12 13 13 12 12 12 12 12 12 12 12 12 13 12 11 12 13 13 12 12 12 12 12 13 13 13 11 12 13 13 14 13 13 13 13 13 13 13 13 13 13 13 13 13 13 12 12 12 12 12 12 12 13 13 13 13 13 13 13 13 13 13 12 12 
11 11 10 10 11 12 11 11 9 15 65 115 126 114 108 111 80 26 27 41 36 39 83 95 54 55 28 24 70 137 194 71 13 12 14 10 15 9 12 12 11 11 11 10 10 10 10 10 10 10 10 10 10 11 12 12 10 10 10 10 11 11 10 12 14 14 13 13 13 13 13 13 13 14 14 13 13 13 12 12 13 13 14 13 12 12 13 13 13 13 13 13 13 13 13 13 13 13 13 13 13 13 13 13 13 14 14 13 13 13 13 14 14 14 13 13 13 13 13 13 13 14 14 13 13 14 14 14 13 13 13 13 13 13 14 14 14 13 13 13 13 13 13 13 13 13 14 14 13 13 13 14 14 14 14 14 14 14 13 13 13 13 13 13 13 13 14 14 14 14 14 14 14 14 14 14 13 13 14 13 13 13 13 13 13 12 13 13 13 13 13 13 12 12 12 12 12 13 13 12 12 12 13 13 13 12 12 13 13 13 13 12 12 12 13 14 13 13 13 13 14 13 13 13 13 13 13 12 13 13 13 12 12 12 12 12 12 12 13 13 13 13 13 13 13 12 12 12 11 11 
11 11 11 11 11 12 12 12 9 19 76 115 124 119 92 116 117 54 18 15 18 27 40 38 24 21 15 43 133 165 100 17 13 12 13 9 13 9 12 12 12 11 11 10 10 10 10 10 10 10 10 10 11 12 12 12 11 10 11 10 10 10 11 13 15 13 13 13 13 13 13 13 13 14 14 13 13 13 12 12 13 14 14 13 12 13 13 13 13 13 13 13 13 13 13 13 13 13 13 13 13 13 13 13 13 13 13 13 13 13 13 14 14 14 13 13 13 13 14 14 14 14 14 14 14 14 14 14 14 14 13 13 13 13 13 13 13 13 13 13 13 13 13 13 14 14 13 13 13 13 13 13 13 13 13 13 13 13 13 13 14 14 13 13 13 13 14 14 14 14 13 13 13 13 14 14 14 14 14 14 14 14 14 14 13 13 13 13 14 13 13 13 13 13 12 12 12 13 13 13 12 13 13 13 13 13 13 13 13 13 13 12 12 12 13 13 12 12 13 13 13 13 13 13 13 13 13 12 12 12 13 13 12 12 12 12 12 12 12 12 12 12 12 12 12 11 11 11 11 10 
10 10 10 10 10 11 10 11 8 25 89 113 111 119 101 117 127 100 38 18 17 17 15 15 21 14 48 97 159 130 36 14 11 11 11 9 12 10 12 11 11 10 10 10 9 9 10 10 10 10 10 10 10 10 11 10 10 10 9 10 10 10 12 15 15 13 13 13 13 13 13 13 13 14 14 13 13 13 13 13 13 14 14 13 12 13 13 13 13 13 13 13 13 13 13 13 13 13 13 13 14 14 14 13 13 13 13 13 13 13 13 14 14 14 12 13 13 13 14 14 14 13 13 14 14 13 13 14 14 14 13 13 13 13 13 13 13 13 13 13 13 12 13 14 14 14 13 13 14 14 14 14 14 14 13 12 13 13 13 14 14 14 13 13 13 13 14 14 13 13 13 13 13 13 13 14 14 13 13 13 13 14 14 13 13 13 13 13 14 13 12 12 12 12 12 12 12 12 12 12 12 12 13 13 12 12 12 12 13 13 12 12 12 12 12 13 12 12 13 13 14 14 13 14 14 13 13 12 12 12 13 13 12 12 12 12 12 12 12 11 11 11 12 12 11 11 11 11 11 10 
10 10 11 11 11 11 11 11 11 38 110 117 105 114 109 114 123 131 96 53 21 16 18 20 21 47 101 144 156 50 17 12 11 11 11 9 12 11 12 10 10 10 10 10 10 11 11 11 11 11 11 11 10 10 10 10 10 9 9 10 10 10 13 15 15 13 13 13 13 13 13 13 13 14 14 13 13 13 13 13 13 14 14 13 13 13 13 13 13 13 13 13 13 13 13 13 13 13 13 13 14 14 14 13 13 13 13 13 13 13 13 14 14 14 12 13 13 14 14 14 14 13 13 14 14 13 13 13 14 14 13 13 13 13 13 13 13 13 13 13 14 13 13 14 14 14 13 12 14 14 14 13 13 14 14 13 13 13 13 13 14 13 13 13 13 13 14 14 14 14 13 13 13 13 14 13 13 13 13 13 13 13 13 13 13 12 13 13 13 13 13 12 12 12 12 12 12 12 13 12 12 12 13 13 13 12 12 13 13 13 13 13 12 12 12 13 13 13 13 14 14 14 14 13 14 14 13 13 12 11 12 12 13 12 12 12 12 12 11 11 11 11 11 12 11 11 11 11 11 11 
12 12 12 13 12 11 12 12 15 57 123 121 112 109 102 112 126 128 139 129 90 59 50 61 78 129 133 152 98 16 11 14 13 14 13 11 12 12 12 11 11 12 12 12 13 12 12 12 12 12 12 12 11 11 10 11 11 11 10 11 11 11 14 15 14 13 13 13 13 13 13 13 13 13 13 13 13 13 13 13 13 14 14 13 13 13 13 13 13 13 13 13 13 13 13 13 13 13 13 13 14 14 13 13 13 13 13 13 13 13 13 14 14 14 13 13 13 13 14 14 14 13 13 14 14 13 13 13 13 13 13 13 13 13 13 13 13 13 13 13 13 13 13 14 14 13 13 13 13 13 12 12 12 13 13 14 13 13 13 13 13 13 13 13 13 13 14 14 14 14 14 13 13 14 14 14 13 13 12 12 13 13 13 13 12 12 12 13 13 14 14 13 13 13 13 13 13 14 14 13 13 13 14 14 14 13 13 13 14 14 13 13 13 13 13 12 13 14 14 14 14 14 13 13 13 14 13 13 12 12 12 12 13 13 12 12 11 11 11 11 11 11 11 11 11 11 11 11 11 11 
13 12 13 14 13 12 12 12 20 78 122 117 119 106 106 117 126 124 109 117 138 139 134 133 136 118 169 109 24 18 17 19 14 15 14 13 13 13 12 13 13 13 13 13 13 13 13 13 13 13 13 13 13 13 12 13 14 13 12 12 12 13 14 14 13 13 13 13 13 13 13 13 13 13 13 13 13 13 13 13 14 14 14 14 13 13 13 13 13 13 13 13 13 13 13 13 13 13 13 13 13 13 13 13 13 13 14 13 13 13 13 14 14 14 13 13 13 13 13 13 13 12 13 14 14 13 13 12 13 13 13 13 14 14 14 14 14 13 13 13 13 13 14 14 13 13 13 13 13 12 12 12 12 13 14 13 13 13 13 13 13 13 13 13 13 13 14 14 14 14 13 13 13 13 14 14 14 13 12 13 13 14 14 13 13 13 13 13 13 14 14 14 13 13 13 13 13 14 14 13 13 14 14 14 14 14 13 14 14 14 14 14 14 13 13 13 13 14 14 14 14 13 13 12 13 13 14 13 13 12 12 12 13 13 12 11 11 11 11 11 11 11 11 11 11 11 11 11 11 11 
12 12 13 14 13 13 14 13 25 97 122 115 119 107 127 126 119 135 136 132 135 130 123 126 138 149 189 32 13 19 13 12 12 14 13 14 13 15 13 14 13 13 13 13 13 13 13 13 13 13 13 13 14 14 13 14 15 15 13 13 12 13 14 13 12 13 13 13 13 13 13 13 13 13 13 13 13 13 13 13 14 14 14 14 13 13 13 13 13 13 13 13 13 13 13 13 13 13 13 13 13 13 13 13 13 14 14 13 13 13 13 14 14 14 14 13 13 13 13 13 13 12 13 14 14 13 12 12 12 12 13 14 14 14 14 14 14 13 13 13 12 14 14 13 13 13 13 13 13 13 12 12 13 14 15 13 13 13 13 14 14 14 13 13 13 13 14 14 14 13 13 13 13 13 13 14 14 13 13 13 14 14 14 13 13 13 13 13 14 13 13 13 13 12 12 12 12 13 13 13 12 13 13 13 13 13 13 13 13 14 14 14 14 14 13 13 13 14 14 13 13 12 12 12 13 13 14 14 13 12 12 13 13 13 12 11 11 11 11 12 12 12 11 11 11 11 11 11 11 11 
13 13 14 14 14 14 14 10 39 123 110 117 107 108 117 126 126 121 128 141 125 128 131 136 136 177 52 16 21 16 10 13 13 14 14 14 14 14 13 14 14 14 14 14 14 14 14 14 14 14 14 14 13 13 13 14 14 14 14 13 13 13 13 13 13 13 14 14 14 14 14 14 14 13 13 13 13 13 13 13 13 13 13 13 13 13 13 13 13 13 13 14 14 14 13 13 13 13 13 13 13 13 13 13 13 13 13 13 13 13 13 13 13 13 13 13 13 13 13 14 14 12 13 14 14 13 12 12 13 13 13 13 13 13 13 13 13 13 13 12 12 13 13 13 13 13 13 13 13 14 14 14 14 14 13 13 13 13 13 13 13 13 13 13 13 13 13 13 13 13 13 13 12 12 13 14 14 14 14 14 13 13 13 13 13 13 13 13 12 13 13 13 13 13 13 13 13 13 13 12 13 13 13 13 13 13 13 13 13 13 14 14 13 13 13 13 13 13 13 13 12 12 12 13 13 13 13 13 13 12 12 12 12 12 12 12 12 12 12 11 11 11 11 11 11 11 11 11 11 11 
13 13 13 14 14 14 13 11 54 122 110 115 108 110 117 123 123 119 131 128 116 134 141 127 198 99 13 15 16 11 20 13 13 14 14 14 14 14 13 14 14 14 14 14 14 14 14 14 14 14 14 14 13 13 13 14 14 14 14 13 13 13 13 13 13 13 13 13 13 13 13 13 13 13 13 13 13 13 13 13 13 13 13 12 13 13 13 13 13 13 13 14 14 14 13 13 13 13 13 13 13 13 13 13 13 13 13 13 13 13 13 13 13 13 13 13 13 13 13 14 14 13 13 13 13 13 13 13 13 13 13 13 13 13 13 13 13 13 13 13 12 13 13 13 13 13 13 13 13 14 14 14 14 14 13 13 13 13 13 13 13 13 13 13 13 13 13 13 13 13 14 13 13 13 14 14 14 14 14 13 13 13 13 13 13 13 13 13 13 13 13 13 13 13 13 13 13 13 13 12 13 13 13 13 13 13 13 13 13 13 13 13 13 13 12 12 13 13 13 13 12 12 12 13 13 13 13 13 13 12 12 12 12 12 12 12 12 12 12 11 11 11 11 11 11 11 11 11 11 11 
13 13 13 13 13 14 12 15 82 118 110 108 106 113 119 121 122 124 126 140 134 127 126 179 131 31 15 13 15 14 14 15 13 14 14 14 14 14 13 14 14 14 14 14 14 14 14 14 14 14 14 14 14 13 14 14 14 14 14 13 13 13 13 13 13 13 13 13 13 13 13 13 13 13 13 13 13 13 13 13 13 13 12 12 13 13 13 13 13 13 13 13 14 14 13 13 13 13 13 13 13 13 13 13 13 13 13 13 13 13 13 13 13 13 13 13 13 13 13 14 14 14 13 13 13 13 13 14 13 13 13 13 13 13 13 13 13 13 13 13 13 13 13 13 13 13 13 13 13 14 14 14 14 14 13 13 13 13 13 13 13 13 13 13 13 13 13 13 13 14 14 14 13 13 14 14 13 13 12 13 13 14 13 13 13 13 13 13 13 13 13 13 13 13 13 13 13 13 13 13 13 13 13 13 13 13 13 13 13 13 13 13 13 12 12 12 13 13 13 13 13 13 13 13 13 13 13 13 13 13 12 12 12 12 12 12 12 12 11 11 11 11 11 11 11 11 11 11 11 11 
13 13 13 13 13 14 11 20 109 112 111 104 106 118 124 124 126 132 121 131 163 122 155 167 54 15 15 16 15 15 12 12 13 14 14 14 14 14 13 14 14 14 14 14 14 14 14 14 14 14 14 14 14 14 14 14 14 14 14 13 13 13 13 13 13 13 13 13 13 13 13 13 13 13 13 13 13 13 13 13 13 13 13 13 13 13 13 13 13 13 13 13 13 13 13 13 13 13 13 13 13 13 13 13 13 13 13 13 13 13 13 13 14 14 13 13 13 13 13 14 14 13 13 13 13 13 13 13 13 13 13 13 13 13 13 14 13 13 13 13 13 13 14 14 14 14 14 14 13 14 14 14 14 14 13 13 13 13 13 13 13 13 13 13 13 13 13 13 13 13 14 14 13 13 14 14 13 12 12 12 13 14 13 13 13 13 14 14 14 13 13 13 13 13 13 13 13 13 13 13 13 13 13 13 13 13 13 13 13 13 13 13 13 13 13 13 13 14 14 13 13 13 13 13 13 13 13 13 13 13 12 12 12 12 12 12 12 11 11 11 11 11 11 11 11 11 11 11 11 11 
13 13 13 13 13 14 11 29 122 110 112 107 114 126 130 127 127 134 129 108 148 154 193 79 19 17 9 13 16 14 16 12 13 14 14 14 14 14 13 14 14 14 14 14 14 14 14 14 14 14 14 14 14 14 14 14 14 14 14 13 13 13 13 13 13 13 14 14 14 14 13 13 13 13 13 13 13 13 13 13 14 14 13 13 14 14 14 13 13 13 13 13 13 13 13 13 13 13 13 13 13 13 13 13 13 13 13 13 13 13 13 14 14 14 13 13 13 13 13 14 14 13 13 14 14 14 13 13 13 13 13 13 13 13 14 14 14 13 13 13 13 14 14 14 14 14 14 14 13 14 14 14 14 14 13 13 13 13 13 13 13 13 13 13 13 13 13 13 13 13 13 13 12 13 13 14 13 12 12 12 13 14 13 13 13 14 14 14 14 13 13 13 13 13 13 13 13 13 13 13 13 13 13 13 13 13 13 13 13 14 14 14 14 14 13 13 14 14 14 13 13 13 13 13 13 13 13 13 13 13 13 13 12 12 12 12 12 11 11 11 11 11 11 11 11 11 11 11 11 11 
13 13 13 13 14 14 13 44 120 114 111 112 122 133 134 130 128 131 136 134 125 183 120 25 16 19 11 12 14 15 15 14 13 14 14 14 14 14 13 14 14 14 14 14 14 14 14 14 14 14 14 14 14 14 14 14 14 14 13 14 14 14 14 14 14 14 14 14 14 14 13 13 13 13 13 13 13 13 13 14 14 14 14 14 14 14 14 14 14 13 13 13 13 13 13 13 13 13 13 13 13 13 13 13 13 13 13 13 13 13 13 14 14 14 13 13 13 13 13 14 14 13 14 15 15 14 13 13 13 13 13 13 13 13 14 14 14 14 13 13 13 14 14 14 14 14 14 14 13 14 14 14 14 14 13 14 14 14 14 14 14 14 13 13 13 13 13 13 13 13 13 13 12 12 13 14 13 13 13 13 13 13 13 13 13 14 14 14 14 13 13 13 13 13 13 13 13 13 13 13 13 13 13 14 14 14 14 14 14 14 14 14 14 14 14 14 14 13 13 13 13 13 13 13 13 13 13 13 13 13 13 13 12 12 12 12 12 11 11 11 11 11 11 10 11 11 11 11 11 11 
13 13 13 14 14 13 17 64 113 122 109 110 120 129 134 133 132 134 130 164 144 128 35 18 14 13 21 11 13 16 11 16 13 14 14 14 14 13 13 14 14 14 14 14 13 14 14 14 14 14 14 14 14 14 14 14 14 13 13 14 14 14 14 14 14 14 14 14 14 13 13 13 13 13 13 13 13 13 13 13 14 14 13 13 14 14 14 14 14 13 13 13 13 13 13 13 13 13 13 13 13 13 13 13 13 13 13 13 13 13 13 14 14 14 13 13 13 13 13 14 14 13 14 14 14 14 13 13 13 13 13 13 13 13 14 14 14 14 14 13 13 14 14 14 14 14 14 14 13 14 14 14 14 14 13 14 14 14 14 14 14 14 13 13 13 13 13 13 13 13 14 13 13 13 14 14 14 14 14 13 13 13 14 14 14 14 14 13 13 13 13 13 13 13 13 13 13 13 13 13 13 13 13 14 14 14 14 14 14 14 14 14 14 14 13 13 13 13 13 13 12 12 12 13 13 13 13 13 13 13 13 13 12 12 12 12 12 11 11 11 11 11 10 10 11 11 11 11 11 11 
14 13 14 14 14 12 23 83 110 128 108 107 115 125 130 134 138 140 123 154 172 52 17 13 16 13 13 15 12 12 15 13 13 14 14 14 14 13 13 14 14 14 14 14 14 14 14 14 14 14 14 14 14 14 14 14 14 13 13 14 14 14 14 14 14 14 14 14 13 13 13 12 12 13 13 13 13 13 13 13 13 13 13 13 13 13 14 14 14 13 13 13 13 13 13 13 13 13 13 13 13 13 13 13 13 13 13 13 13 13 13 14 14 14 13 13 13 13 13 14 14 14 14 13 13 14 14 14 13 13 13 13 13 13 14 14 14 14 14 13 13 14 14 14 14 14 14 14 13 14 14 14 14 14 13 14 14 14 14 14 14 14 13 13 13 13 13 13 13 14 14 14 13 13 14 14 14 14 14 14 13 13 14 14 14 14 14 13 13 13 13 13 13 13 13 13 13 13 13 13 13 13 13 14 14 14 14 14 14 14 14 14 13 13 13 13 13 13 13 13 12 12 12 13 13 13 13 13 13 13 13 13 12 12 12 12 12 11 11 11 11 11 10 10 11 11 11 11 11 11 
13 14 14 14 13 11 41 108 105 126 107 112 128 140 131 130 137 135 139 192 89 15 21 15 15 14 14 14 14 14 13 13 14 14 14 14 14 14 14 14 14 14 14 14 14 14 14 14 14 14 14 14 14 14 14 13 13 14 14 14 14 14 14 14 14 14 14 14 14 13 13 13 13 14 14 14 14 14 14 14 13 14 14 14 14 14 14 14 14 14 14 13 13 13 14 14 14 14 14 13 14 14 14 14 14 14 14 13 13 13 14 14 14 14 14 14 14 14 14 14 14 13 13 13 13 13 13 13 14 14 14 14 14 14 14 14 14 14 14 14 14 14 14 14 13 13 13 14 14 14 14 13 14 14 14 14 14 14 13 14 14 14 14 14 14 14 14 14 14 14 14 14 14 14 14 14 14 14 14 14 13 13 14 14 15 15 14 14 13 14 14 13 13 13 14 14 14 14 13 13 13 13 13 13 13 13 13 13 14 14 14 13 13 13 13 14 13 13 13 13 13 13 13 13 13 13 13 13 12 12 13 13 13 13 13 13 13 12 11 11 11 12 11 10 10 11 11 11 11 10 
13 13 13 13 13 12 50 103 104 110 110 131 147 141 129 133 139 129 176 155 25 15 13 14 13 14 14 14 14 14 13 13 14 14 14 14 14 14 14 14 14 14 14 14 14 14 14 14 14 14 14 14 14 14 14 13 13 14 14 14 14 14 14 14 14 14 14 15 15 14 13 13 14 14 14 14 14 14 14 14 13 14 14 14 14 14 14 14 14 13 13 13 13 13 14 14 14 14 14 13 14 14 14 14 14 14 14 13 13 13 14 14 14 14 15 15 15 15 15 15 14 13 13 13 13 13 13 14 14 14 14 14 14 14 14 14 14 14 14 14 14 14 14 14 13 13 13 14 14 14 14 13 14 14 14 14 14 14 13 14 14 14 14 14 14 14 14 14 14 14 14 14 13 13 14 14 14 14 14 14 13 13 13 14 14 15 15 14 14 14 14 13 13 13 14 14 13 13 13 13 13 13 13 13 13 13 13 14 14 14 13 13 13 13 13 13 13 13 13 13 13 13 13 13 13 13 13 13 12 12 13 13 13 13 13 13 13 12 11 11 12 12 11 10 10 11 11 11 11 10 
13 13 13 13 13 14 60 106 107 96 104 120 137 139 125 125 142 157 157 53 14 18 14 15 14 14 14 14 14 14 13 13 14 14 14 14 14 14 14 14 14 14 14 14 14 14 14 14 14 14 14 14 14 14 14 13 13 14 14 14 14 14 14 14 14 14 14 15 15 14 14 13 14 14 14 14 14 14 14 14 14 14 14 14 14 14 14 14 14 14 14 13 13 13 14 14 14 14 14 13 14 14 14 14 14 14 14 13 13 13 14 14 14 14 14 14 14 14 14 14 14 14 14 14 14 14 14 14 14 14 14 14 14 14 13 13 13 14 14 14 15 15 14 14 13 13 13 14 14 14 14 13 14 14 14 14 14 14 13 14 14 14 14 14 14 14 14 14 13 13 14 14 13 13 14 14 14 14 14 14 13 13 13 13 14 14 14 14 14 14 13 13 13 13 13 14 13 13 13 13 13 14 14 14 14 13 14 14 14 14 13 13 14 14 13 13 13 13 13 13 13 13 13 13 13 13 13 13 12 12 12 12 12 13 13 13 12 12 11 11 12 12 11 11 10 11 11 11 11 11 
13 13 13 13 13 17 55 102 100 94 98 105 116 125 125 127 127 123 79 16 15 19 15 15 16 14 14 15 14 14 14 13 14 14 14 14 14 14 14 14 14 14 14 14 14 14 14 14 14 14 14 14 14 14 14 13 13 14 14 14 14 14 14 14 14 14 14 14 15 14 13 13 14 14 14 14 14 14 14 14 14 14 13 13 14 14 14 15 14 14 14 14 14 13 14 14 14 14 14 13 14 14 14 14 14 14 14 13 13 13 14 14 14 14 13 13 13 13 13 13 13 14 14 14 14 14 14 14 14 14 14 14 14 14 13 13 13 14 14 14 15 15 14 14 13 13 13 14 14 14 14 13 14 14 14 14 14 14 13 14 14 14 14 14 14 14 14 13 13 14 14 14 13 13 14 14 14 14 14 14 13 13 14 14 14 14 14 14 14 13 13 13 13 13 13 13 12 13 13 13 14 14 14 14 14 14 14 14 14 13 13 13 14 14 13 13 13 13 13 13 13 13 13 13 13 13 13 13 12 12 12 12 12 12 12 12 12 12 11 11 12 12 11 11 11 11 11 11 11 11 
14 14 14 14 14 18 36 71 65 73 73 81 82 82 95 101 79 47 26 17 12 17 12 15 15 14 14 15 15 14 14 13 14 14 14 14 14 14 14 14 14 14 14 14 14 14 14 14 14 14 14 14 14 14 14 13 13 14 14 14 14 14 14 14 14 14 13 14 14 13 13 13 14 14 14 14 14 14 14 14 14 14 13 13 14 14 14 14 14 14 13 13 13 13 14 14 14 14 14 13 14 14 14 14 14 14 14 13 13 14 14 14 14 14 13 13 13 13 13 13 13 14 14 14 14 14 14 14 14 14 14 14 14 14 13 13 13 14 14 14 15 15 14 14 13 13 13 14 14 14 14 13 14 14 14 14 14 14 13 14 14 14 14 14 14 14 13 13 13 14 15 14 14 14 14 14 14 14 14 14 13 13 15 15 14 13 13 13 13 13 13 13 13 13 13 13 12 13 13 13 14 14 14 14 14 14 14 14 14 13 13 13 14 14 13 13 13 13 13 13 13 13 13 13 13 13 13 13 12 12 12 12 12 12 12 12 12 11 11 11 12 12 12 11 11 11 11 11 11 11 
13 13 13 13 13 12 13 20 16 20 20 23 24 23 25 25 20 14 12 16 14 14 15 14 12 14 14 15 15 14 14 14 14 14 14 14 14 14 14 14 14 14 14 14 14 14 14 14 14 14 14 14 14 14 14 13 13 14 14 14 14 14 14 14 14 14 13 14 14 14 13 13 14 14 14 14 14 14 14 14 14 14 13 13 13 14 14 13 13 13 13 13 13 13 14 14 14 14 14 13 13 14 14 14 14 14 14 14 14 14 14 14 14 14 13 13 13 13 13 13 14 14 14 14 14 14 14 14 14 14 14 14 14 14 13 13 14 14 14 14 14 15 14 14 13 13 13 14 14 14 14 13 14 14 14 14 14 14 13 14 14 14 15 14 14 14 13 13 13 14 15 14 14 14 14 14 14 14 14 14 13 13 15 15 14 13 13 12 12 13 13 14 14 14 13 13 12 13 13 13 14 14 14 14 14 14 13 13 14 13 13 13 13 13 13 13 13 13 13 13 13 13 13 13 13 13 13 13 12 12 12 12 12 12 12 12 12 11 11 11 12 12 12 11 11 11 10 10 11 11 
13 13 13 13 14 14 13 13 13 12 14 13 14 14 14 14 14 16 15 12 16 13 16 16 14 14 15 15 15 15 14 14 14 14 14 14 14 14 14 14 14 14 14 14 14 14 14 14 14 14 14 14 14 14 14 13 13 14 14 14 14 14 14 14 14 14 13 14 14 14 13 14 14 14 14 14 14 14 14 14 14 14 13 13 13 14 14 14 14 14 13 13 13 13 14 14 14 14 14 13 13 13 13 13 13 13 13 14 14 14 14 14 14 14 14 14 14 14 14 14 14 14 14 14 14 14 14 14 14 14 14 14 14 14 14 14 14 14 14 14 14 14 14 14 13 13 13 14 14 14 14 13 14 14 14 14 14 14 13 14 14 14 15 14 14 14 13 13 13 14 14 14 13 13 14 14 14 14 14 14 13 13 14 14 13 13 13 13 13 13 13 14 14 14 13 13 13 13 13 13 14 14 14 14 14 13 13 13 13 13 14 13 13 13 13 14 13 13 13 13 13 13 13 13 13 13 13 13 12 12 12 12 12 12 12 12 12 11 11 11 12 12 12 11 11 11 10 10 10 11 
13 13 13 13 13 13 13 13 15 13 15 14 13 13 15 15 15 14 15 15 13 13 12 15 16 14 15 15 14 14 14 14 14 14 14 14 14 14 14 14 14 14 14 14 14 14 14 14 14 14 14 14 14 14 14 14 14 14 14 14 14 14 14 14 14 14 14 14 14 14 14 14 14 14 14 14 14 14 14 14 14 13 13 13 13 14 14 15 15 14 14 14 14 14 14 14 14 14 13 13 13 13 13 13 13 13 13 14 14 14 14 14 14 14 14 14 14 14 14 14 14 14 14 14 14 14 14 14 14 14 14 14 14 14 14 14 14 14 14 14 14 14 14 13 13 13 13 14 14 14 14 14 14 14 14 14 14 14 14 14 14 14 14 14 14 14 14 13 13 13 14 14 13 13 13 14 14 14 14 14 13 13 14 14 14 13 14 14 14 13 13 14 14 14 13 13 13 13 13 13 14 14 14 14 14 13 13 13 13 13 14 13 13 13 13 14 13 13 13 13 13 13 13 13 13 13 13 13 12 12 12 12 12 12 12 12 12 11 11 11 11 12 12 11 11 11 10 10 10 11 
12 12 13 13 14 14 14 14 14 14 14 13 13 13 14 14 15 15 15 14 13 13 13 13 14 14 14 14 14 14 14 14 14 14 14 14 14 14 14 14 14 14 14 14 14 14 14 14 14 14 14 14 14 14 14 14 14 14 14 14 14 14 14 14 14 14 14 14 14 14 14 13 13 13 13 14 14 14 14 14 14 13 13 13 13 14 14 14 14 14 14 14 14 14 14 14 13 13 13 13 14 13 13 13 13 13 14 14 14 14 14 14 14 14 14 14 14 14 14 14 14 14 14 14 14 14 14 14 15 15 14 14 13 13 14 14 14 14 14 14 14 13 13 13 13 13 13 14 14 14 14 14 14 14 14 14 14 14 14 14 14 14 13 14 14 14 14 13 13 14 14 14 14 14 14 14 14 14 14 14 13 13 15 14 14 14 15 15 14 13 13 13 13 14 14 14 13 13 13 13 14 14 15 14 14 14 13 13 13 13 13 13 13 13 13 13 13 13 13 13 13 13 13 13 13 13 13 13 12 12 11 11 11 12 12 12 12 11 11 11 11 11 11 11 11 11 10 10 10 10 
12 12 13 13 14 14 13 13 13 13 13 13 14 13 13 14 14 15 14 14 13 13 13 14 14 14 14 14 14 14 14 14 14 14 14 14 14 14 14 14 14 14 14 14 14 14 14 14 14 14 14 14 14 14 14 14 14 14 14 14 14 14 14 14 14 13 14 14 14 14 14 13 13 13 13 13 14 14 14 15 14 14 13 13 14 14 14 14 14 14 14 14 14 14 14 14 13 13 14 14 14 14 13 13 13 14 14 14 14 14 14 14 14 14 14 14 14 14 14 14 14 14 14 14 14 14 14 14 14 14 14 14 13 13 14 14 14 14 14 14 14 13 13 13 13 14 14 14 13 13 13 14 14 14 14 14 14 14 14 14 14 14 13 14 14 14 14 13 14 14 14 14 14 14 14 14 14 14 14 14 13 13 14 14 14 14 15 14 14 13 13 13 13 13 13 13 12 13 13 13 14 14 14 13 13 13 13 13 13 13 13 13 13 13 13 13 13 13 13 13 13 13 13 13 13 13 13 13 12 12 12 11 11 11 12 12 12 11 11 11 11 11 11 11 11 11 10 10 10 10 
13 13 13 14 13 13 13 13 13 13 13 13 14 13 13 13 13 14 14 14 13 13 13 14 14 14 14 14 14 14 14 14 14 14 14 14 14 14 14 13 13 13 13 13 13 14 14 14 14 14 14 14 14 13 13 13 13 13 13 14 14 14 14 13 13 13 14 14 14 14 14 14 13 13 13 13 14 14 15 15 15 14 14 13 14 14 14 13 13 13 13 13 13 13 13 13 13 14 14 14 14 14 14 14 14 14 14 14 14 14 14 14 14 14 14 14 14 14 14 14 14 14 14 14 14 14 14 14 13 13 14 13 14 14 14 14 14 14 14 14 14 14 14 14 14 14 14 14 13 13 13 13 14 14 14 14 14 14 14 14 14 14 14 14 14 14 14 14 14 14 14 14 14 14 14 14 14 14 14 14 14 14 14 14 13 13 14 14 13 13 13 13 13 13 12 12 12 13 13 14 14 13 13 13 13 14 14 14 14 14 13 13 13 13 13 13 13 13 13 13 13 13 13 12 12 12 12 12 11 11 12 11 11 11 12 12 12 11 11 11 11 11 11 11 11 11 10 10 10 10 
13 13 13 13 13 13 13 13 13 13 13 13 14 13 13 13 13 13 14 14 14 14 14 14 14 14 14 14 14 14 14 14 14 14 14 14 14 14 14 13 13 13 13 13 13 13 14 14 14 14 14 14 14 14 14 14 14 14 14 14 14 13 13 13 13 13 14 14 14 14 14 14 14 14 14 14 14 14 14 14 14 14 13 13 14 14 14 13 13 13 13 13 13 13 13 13 13 14 14 15 15 14 14 14 14 14 14 14 14 14 14 14 14 14 14 14 14 14 14 14 14 14 14 14 14 14 14 13 13 13 13 13 14 14 14 14 14 14 14 14 14 14 14 14 14 14 15 15 13 13 13 14 14 14 14 14 14 14 14 14 14 14 14 14 14 14 14 14 14 14 14 14 14 14 14 14 14 14 14 14 14 14 14 13 13 13 14 13 13 14 13 13 13 13 12 12 12 13 14 14 14 13 13 13 13 14 14 14 14 14 13 13 13 13 13 13 13 13 13 13 13 13 13 12 12 12 12 12 11 11 12 11 11 11 11 12 12 11 11 11 11 11 11 11 11 11 10 10 10 10 
13 13 13 13 13 13 13 13 13 13 13 13 14 13 13 13 13 13 13 14 14 14 14 14 14 14 14 14 14 14 14 14 14 14 14 14 14 14 14 13 13 13 13 13 13 13 14 14 14 14 14 14 14 14 14 14 14 14 14 14 14 14 14 13 13 13 14 14 14 14 14 14 14 15 14 14 14 13 13 13 13 13 13 13 13 13 13 13 13 13 13 13 13 13 13 13 13 14 14 15 14 14 14 14 14 14 14 14 14 14 14 14 14 14 14 14 14 14 14 14 14 14 14 14 14 14 14 13 13 13 13 14 14 14 14 14 14 14 14 14 14 14 14 14 14 14 15 15 14 14 14 14 14 14 14 14 14 14 14 14 15 14 14 14 14 14 14 14 14 13 13 13 13 13 13 13 14 14 14 14 14 14 14 13 13 13 14 13 13 14 14 13 13 13 13 13 13 13 14 14 13 13 13 12 12 13 13 13 13 13 13 13 13 13 13 13 13 13 13 13 13 13 13 13 13 13 12 12 12 12 12 11 11 11 11 11 11 11 11 11 11 11 11 11 11 11 10 10 10 10 
13 12 12 13 13 13 13 13 13 13 13 14 14 14 13 13 13 13 13 14 14 14 14 14 13 14 14 14 14 14 14 14 14 14 14 14 14 14 13 13 13 13 13 13 13 13 14 14 14 14 14 14 14 14 14 14 14 14 14 14 14 14 14 14 14 13 13 13 14 14 14 14 14 15 14 14 14 13 13 13 13 13 13 13 13 13 13 14 14 14 14 14 14 13 13 13 13 14 14 15 14 14 13 13 13 14 14 14 14 14 14 14 14 14 14 14 14 14 14 14 14 14 14 14 14 14 14 14 13 14 14 14 14 14 14 14 14 14 14 14 14 14 14 14 14 14 14 14 14 14 14 14 14 14 14 14 14 14 14 15 15 15 14 14 13 13 14 14 14 14 14 14 14 14 14 13 13 14 14 14 14 14 14 13 13 13 14 14 13 14 14 14 14 14 14 14 13 13 13 13 13 13 13 12 12 12 12 12 12 12 12 12 12 12 12 12 13 13 13 13 13 13 13 14 14 13 13 13 13 13 12 11 11 11 11 11 11 11 11 11 11 11 11 11 11 11 10 10 10 10 
12 12 12 12 12 13 13 13 13 13 13 14 14 14 13 13 14 14 13 13 14 14 14 14 13 14 14 14 14 14 14 14 14 14 14 14 14 14 13 13 13 13 13 13 13 13 14 14 14 14 14 14 14 14 14 14 14 14 14 14 14 14 14 14 14 14 13 13 13 14 14 14 14 14 14 14 14 14 13 13 14 14 14 14 14 14 14 14 14 14 14 14 14 14 13 13 13 14 14 14 14 13 13 13 13 13 14 14 14 14 14 14 14 14 14 14 14 14 14 14 14 14 14 14 14 14 14 14 14 14 14 14 14 14 14 14 14 14 14 14 14 13 14 14 14 14 14 14 15 14 14 14 13 13 13 13 14 14 15 15 16 16 14 14 13 13 13 14 14 14 14 14 14 14 14 14 13 13 14 14 14 14 14 14 13 14 14 14 13 14 14 14 14 14 15 15 14 13 13 13 13 13 14 13 13 13 13 13 13 13 12 12 12 12 12 12 13 13 13 13 13 13 13 13 13 13 12 12 12 13 12 11 11 11 11 11 11 11 11 11 11 11 11 11 11 11 10 10 10 10 
12 12 12 12 12 13 13 13 13 14 14 14 14 14 14 14 14 13 13 13 14 14 14 14 14 14 14 14 14 14 14 14 13 13 14 14 14 13 13 13 13 13 13 13 13 13 13 13 14 14 14 14 14 13 13 13 13 13 13 14 14 14 14 14 14 14 13 13 13 14 14 14 14 14 13 13 13 14 14 14 14 14 14 14 14 14 14 14 14 14 14 15 14 14 13 13 14 14 14 14 14 14 13 13 13 14 14 14 14 14 14 14 14 14 14 14 14 14 14 14 14 13 14 14 14 14 14 14 14 14 14 14 14 14 14 14 14 14 14 14 14 14 14 14 14 14 14 14 15 15 14 14 13 13 13 13 14 14 15 15 16 16 14 14 14 14 14 14 14 14 14 14 14 14 14 14 14 14 14 14 13 13 14 14 14 14 15 15 15 14 14 14 14 15 15 16 14 14 13 13 13 13 13 14 14 13 13 14 14 14 12 12 14 13 12 12 13 13 13 13 13 13 13 13 13 12 12 12 12 12 12 11 11 12 11 11 12 11 11 11 11 11 11 11 11 11 11 10 10 10 
