UP
14 14 14 13 12 12 13 13 13 13 14 16 18 17 15 15 15 15 15 14 13 14 15 15 15 16 17 25 34 30 34 20 7 7 8 7 7 6 6 6 6 6 6 8 9 9 11 15 7 4 6 8 4 4 3 2 2 2 2 1 2 2 2 2 1 1 2 2 2 3 4 4 6 8 7 7 8 7 7 7 7 7 7 8 8 8 8 8 9 9 7 7 8 9 9 9 8 8 9 9 9 9 8 7 8 8 8 8 8 8 7 8 9 9 8 9 9 5 4 4 4 4 5 8 9 10 10 10 10 10 10 9 8 9 9 9 8 8 8 8 7 7 8 8 8 9 8 8 8 7 8 8 8 8 8 8 8 8 8 8 7 7 7 8 8 8 8 8 9 9 7 5 4 4 5 6 5 4 5 5 5 5 6 5 5 4 4 5 5 5 5 5 5 5 5 5 5 5 5 5 4 4 5 5 6 6 6 5 5 4 4 3 2 2 1 1 1 2 2 2 2 2 3 3 2 2 2 2 2 2 2 2 2 2 2 2 2 2 2 2 2 2 2 2 2 2 2 3 3 2 
14 14 13 12 12 12 12 13 14 14 14 15 17 15 14 14 14 15 14 13 12 13 15 14 14 15 16 27 20 11 12 10 8 7 7 7 7 7 7 7 7 8 8 8 9 9 12 18 9 5 7 8 3 4 3 2 2 2 2 2 2 2 2 2 2 2 2 2 2 4 4 4 6 8 7 7 8 8 7 7 7 7 8 8 8 8 8 8 9 9 8 7 8 9 9 9 9 10 11 11 9 9 9 9 9 9 9 9 9 9 8 9 10 11 10 11 10 6 4 4 4 4 6 8 9 10 9 9 9 10 10 9 8 8 9 8 7 7 7 8 8 8 8 8 9 9 8 7 7 7 7 7 7 8 8 8 8 8 7 7 8 8 9 9 10 10 9 9 10 9 7 5 4 4 5 5 4 4 4 5 5 5 6 5 5 5 5 5 5 5 5 5 5 5 5 5 5 4 5 5 4 4 4 4 4 4 4 4 4 3 3 2 2 1 1 1 1 2 2 2 1 2 3 3 1 2 2 2 2 2 2 2 2 2 2 2 2 2 2 2 2 2 2 2 2 2 2 3 3 2 
13 13 12 11 11 12 12 13 14 14 13 14 15 13 13 13 14 14 13 12 11 12 13 13 13 14 14 18 22 34 19 7 7 7 6 6 6 7 7 7 8 8 8 8 8 8 11 17 9 5 7 8 2 3 2 2 2 3 2 2 2 2 1 2 2 2 2 2 3 3 4 4 6 7 7 7 7 8 7 7 7 8 8 8 8 8 8 8 9 9 7 7 8 9 9 9 8 9 10 9 7 8 9 9 8 8 9 9 8 8 8 8 9 10 10 11 9 5 3 4 5 5 6 9 10 10 9 9 9 10 10 10 9 9 9 8 7 7 7 8 9 9 9 9 9 9 8 8 8 7 7 8 8 8 8 8 8 8 8 8 8 8 9 9 10 10 9 10 11 9 7 4 4 4 4 4 3 3 3 3 3 3 4 4 4 4 3 3 3 3 3 3 3 3 3 3 2 2 2 2 2 2 2 2 2 2 2 2 2 2 2 1 1 1 1 1 2 2 2 2 2 2 3 3 1 2 2 2 2 2 2 2 2 2 2 2 2 2 2 2 2 2 2 2 2 2 2 3 3 2 
13 12 12 12 12 13 13 13 13 13 13 12 12 12 12 12 13 13 12 10 11 11 11 12 12 12 13 11 22 55 23 5 6 7 6 6 6 6 6 7 7 7 7 7 8 8 10 15 9 7 10 11 3 3 3 3 3 3 3 3 3 2 2 2 2 2 2 2 3 3 3 4 6 7 7 7 8 8 7 7 7 7 8 8 8 8 8 8 8 9 7 7 8 9 9 9 8 8 8 8 7 8 9 9 8 8 9 9 9 9 8 8 9 10 10 10 8 4 3 4 5 5 7 9 11 10 10 9 9 10 11 10 10 9 9 9 8 8 8 8 8 8 8 8 8 8 8 8 8 8 8 8 8 8 9 9 8 8 8 8 8 8 8 9 9 9 9 9 10 9 7 5 4 3 2 2 2 2 2 2 2 2 2 2 2 2 2 1 1 2 1 1 1 1 2 1 1 1 1 1 1 1 1 1 1 1 1 2 2 2 1 1 1 1 2 2 2 2 2 2 2 2 3 3 1 2 2 2 2 2 2 2 2 2 2 2 2 1 2 2 2 2 2 2 2 2 2 2 3 2 
12 12 12 12 13 14 14 13 13 13 12 11 11 10 11 11 12 12 11 9 10 10 10 11 11 11 11 11 12 22 8 5 8 7 6 6 6 6 6 6 6 7 7 8 9 9 10 14 10 7 11 14 5 4 4 4 4 3 3 3 3 2 3 3 3 3 3 3 3 3 3 5 6 7 8 8 8 8 8 7 7 8 8 8 9 8 8 8 9 9 8 8 8 9 9 9 9 9 10 10 10 10 10 9 9 9 10 10 10 10 9 9 10 11 11 10 7 4 3 4 4 4 6 8 10 10 9 8 8 9 9 9 9 9 9 9 9 9 8 8 8 7 7 7 7 7 8 8 7 7 7 7 8 8 8 8 7 7 8 8 7 8 8 8 8 8 8 8 8 9 7 6 4 3 2 1 1 1 1 1 1 1 1 1 1 1 1 1 1 1 1 1 1 1 1 2 2 2 2 1 1 1 2 2 2 2 2 2 2 2 2 2 2 2 2 2 2 2 2 2 2 2 3 2 1 2 2 2 2 2 2 2 2 2 2 2 1 1 1 2 2 2 2 1 2 2 2 3 3 2 
11 11 11 11 12 13 13 12 11 11 12 12 11 11 10 10 11 11 10 9 10 9 9 10 10 11 10 11 9 10 6 5 8 7 7 7 7 6 6 6 6 6 6 7 8 8 9 13 8 5 8 12 4 4 4 4 3 3 2 3 3 2 2 3 3 3 3 2 2 2 3 5 6 7 8 8 7 7 7 7 7 7 7 8 8 8 8 8 8 8 8 8 8 9 9 9 9 9 10 10 9 9 8 7 7 8 9 9 9 9 8 8 8 9 9 8 6 5 4 5 5 5 6 8 8 8 8 7 7 7 8 8 7 7 8 8 8 8 6 6 6 6 6 6 6 6 6 6 6 6 6 6 6 6 6 6 5 5 6 6 5 5 5 5 5 5 6 6 7 7 7 6 5 3 2 1 1 1 1 1 1 1 1 2 2 2 2 1 1 1 1 1 1 1 2 2 2 2 2 1 1 2 2 1 1 1 1 1 1 2 2 2 2 2 2 2 2 2 2 2 2 2 2 2 1 2 2 2 2 2 2 2 2 2 2 2 1 1 1 2 2 2 2 2 2 2 2 3 3 3 
11 11 11 10 10 11 11 10 9 10 12 13 14 11 10 10 10 11 10 9 10 9 9 9 10 10 9 9 10 8 8 7 6 7 7 7 6 6 6 6 6 6 6 7 7 7 9 14 8 4 5 9 3 4 4 3 3 2 2 2 2 1 2 2 2 2 3 2 2 2 3 4 4 5 6 6 6 6 5 5 5 5 6 6 6 6 6 6 6 6 6 6 7 7 7 8 8 7 7 7 6 7 7 7 6 6 7 8 8 8 7 7 7 7 7 7 6 6 6 8 9 8 8 9 8 7 7 6 6 6 7 7 7 7 7 8 8 6 4 4 5 5 5 5 5 6 5 5 5 5 5 5 5 5 6 6 4 4 5 5 5 5 5 4 4 5 5 5 6 6 6 5 5 3 2 1 2 2 1 1 2 2 2 2 2 2 2 2 2 1 1 1 1 1 2 2 2 2 2 1 1 2 1 1 1 2 2 1 1 1 2 2 2 2 2 2 2 2 2 1 1 2 3 2 1 2 2 2 2 2 2 2 2 2 2 1 1 1 2 2 2 2 2 2 2 2 2 3 3 3 
10 11 10 9 8 8 9 8 8 10 12 13 14 12 11 10 10 10 10 9 10 10 10 10 10 10 10 9 9 5 7 7 6 7 6 6 6 6 6 6 6 7 7 7 7 8 9 16 10 5 5 7 4 4 6 4 3 3 2 3 3 2 3 3 3 3 3 3 2 2 2 3 3 4 4 4 4 4 4 4 4 5 5 5 5 5 5 5 5 5 5 5 5 6 6 6 7 6 6 6 5 6 7 8 8 7 8 9 9 9 8 8 8 7 8 7 8 8 9 10 11 11 12 10 9 8 8 7 7 7 7 8 8 8 8 9 9 7 4 4 5 5 5 6 6 6 6 6 5 5 5 5 6 5 6 6 4 4 6 5 5 6 6 5 5 6 6 6 6 6 5 5 5 4 2 1 2 2 1 2 2 2 2 2 2 2 2 1 1 1 1 1 1 2 2 1 2 2 2 1 1 2 1 2 2 2 2 2 2 1 2 1 2 2 2 2 2 2 1 1 1 2 3 3 1 2 2 2 2 2 2 2 2 2 2 2 2 2 2 2 2 2 2 2 2 1 2 2 3 2 
10 10 9 8 7 8 8 8 8 9 10 12 13 13 11 10 10 10 10 9 10 12 12 11 11 11 11 9 7 6 7 6 6 7 6 6 6 6 6 6 6 6 5 6 7 9 9 18 13 7 6 8 6 4 7 5 6 5 4 5 5 4 4 5 4 4 4 4 3 2 3 3 4 4 4 5 5 5 5 5 5 5 5 6 6 6 5 5 6 6 5 6 6 6 6 6 7 6 6 7 6 6 7 9 10 9 9 10 10 10 10 10 9 9 9 9 10 11 10 9 9 12 13 12 10 10 10 9 8 8 9 9 10 10 10 9 10 9 5 5 7 7 6 8 7 6 7 7 7 7 7 7 7 7 7 8 5 4 6 6 6 6 6 6 6 6 7 7 7 6 6 5 6 4 1 1 2 1 1 2 2 2 2 2 1 1 1 1 1 1 2 2 2 1 1 1 1 2 2 1 1 1 1 1 2 2 2 2 2 2 2 1 1 1 2 2 1 1 2 2 1 2 3 3 1 2 1 1 2 2 1 2 2 2 2 2 2 2 2 2 2 1 2 2 2 2 1 2 3 2 
11 9 8 8 8 9 9 8 8 8 9 11 13 13 12 10 9 9 10 10 11 11 11 10 11 12 11 9 7 6 7 6 6 7 7 6 6 6 6 6 6 6 5 7 7 9 9 19 14 6 7 11 9 4 6 6 8 6 4 5 5 3 4 5 4 4 5 6 5 3 3 4 5 5 5 6 6 5 6 6 6 6 6 6 6 6 6 6 6 6 6 6 6 6 7 7 7 7 7 7 7 6 8 10 10 10 10 10 10 10 10 10 10 10 10 9 10 11 11 9 9 12 14 12 11 11 10 9 8 8 8 9 10 10 10 10 10 9 5 4 7 7 6 8 8 7 7 7 7 7 7 7 7 7 7 8 5 4 6 5 6 6 6 6 6 7 7 7 6 6 6 5 6 4 1 1 1 1 1 2 2 2 2 2 2 2 2 2 2 2 2 2 2 2 2 1 2 3 2 2 1 2 2 2 2 2 2 2 2 2 2 1 1 2 2 2 2 2 2 2 2 2 3 3 1 2 1 1 2 2 1 2 2 2 2 2 2 2 2 2 2 1 2 2 2 2 2 3 3 3 
10 9 8 8 9 9 9 8 8 8 9 10 12 12 11 11 9 8 9 11 10 10 9 9 11 11 9 8 7 7 7 7 6 7 7 7 7 6 6 6 6 5 5 7 7 7 8 16 11 4 5 9 7 3 4 4 5 4 3 4 3 2 4 5 4 5 6 7 6 4 3 4 5 5 6 6 6 6 6 7 7 7 7 7 7 7 6 7 7 7 6 6 6 7 7 7 7 7 7 7 7 7 8 10 11 11 11 10 10 10 10 10 10 10 10 10 10 11 11 9 10 12 14 12 11 11 10 8 7 7 8 9 10 10 10 10 11 9 5 4 7 8 7 8 8 7 8 8 8 8 8 8 8 8 7 8 5 4 6 5 6 6 6 6 6 7 7 7 6 6 6 5 5 4 1 1 1 1 1 2 2 2 1 2 2 2 2 2 2 2 2 2 2 2 1 1 2 3 2 2 1 2 2 2 2 1 1 1 2 2 2 2 2 2 2 2 2 2 2 2 2 2 3 3 1 2 1 1 2 2 1 2 2 2 2 2 2 2 2 2 2 1 2 2 2 2 2 3 4 3 
9 8 7 8 8 7 8 7 7 8 8 9 9 9 10 11 9 8 8 9 9 8 8 8 9 10 8 7 7 7 6 6 6 7 7 7 7 6 6 6 6 6 6 7 6 6 7 15 9 4 5 6 6 5 5 3 4 3 3 4 4 3 4 5 5 5 6 7 6 4 3 4 5 5 5 6 6 6 7 7 7 7 7 7 7 6 6 7 7 7 7 7 7 7 7 7 7 7 7 7 7 7 8 10 11 11 10 10 10 9 9 10 10 11 10 10 10 11 11 9 9 11 13 12 11 10 9 8 7 7 8 9 10 10 10 10 11 9 5 4 7 8 7 8 8 7 8 8 8 8 8 8 8 8 8 9 5 4 6 6 6 6 6 6 7 7 7 8 7 7 7 5 5 3 1 1 1 1 1 2 2 2 2 2 2 1 1 1 1 1 1 1 1 1 1 1 2 3 2 2 1 2 2 1 1 1 1 1 1 2 2 2 2 2 2 2 2 2 2 2 1 2 3 3 1 2 1 1 2 2 1 2 2 2 2 2 2 2 2 2 2 1 2 2 2 2 2 3 4 2 
7 6 7 7 7 6 6 6 7 7 7 7 7 7 9 10 9 8 7 8 9 8 8 7 9 9 7 7 7 7 7 7 7 7 7 7 7 6 6 6 6 7 6 7 6 7 9 16 11 11 13 11 9 7 4 3 4 3 3 4 4 3 4 4 4 4 5 6 5 3 4 5 6 6 6 6 7 7 7 7 7 7 7 7 7 6 7 7 7 7 8 8 8 8 8 8 8 7 7 7 7 7 8 10 11 10 10 10 9 9 9 10 10 11 11 10 10 11 10 8 8 10 11 11 10 10 9 8 7 7 8 9 10 10 10 10 10 9 6 5 7 8 7 8 7 7 8 8 8 8 8 8 8 8 8 9 6 5 7 6 7 7 7 7 7 7 8 8 8 8 7 5 5 3 1 1 1 1 1 2 2 2 2 2 2 2 2 1 1 1 1 1 1 1 2 1 2 2 2 1 1 1 2 2 2 2 2 2 2 2 2 2 2 2 2 2 2 2 2 2 1 2 2 3 1 2 1 1 2 2 2 2 2 2 2 2 2 2 2 2 2 1 2 2 2 2 2 3 3 2 
6 5 6 7 7 6 6 6 6 7 7 7 7 7 8 9 9 8 7 8 8 8 8 7 8 8 7 6 8 8 7 7 8 7 7 7 6 6 6 6 7 6 6 7 6 8 9 13 17 22 25 19 13 8 5 4 5 4 5 5 4 4 4 4 3 3 5 5 4 3 4 5 6 7 6 6 7 7 7 7 7 7 7 7 7 7 7 7 8 8 8 8 8 8 8 8 8 7 7 8 7 7 8 10 11 10 10 10 9 9 9 10 10 11 11 10 10 11 10 8 7 9 11 10 10 10 9 8 7 7 8 9 10 10 10 9 10 9 6 5 7 8 7 8 7 7 8 8 8 8 8 8 8 8 8 9 6 5 7 7 7 7 7 7 7 7 8 8 8 8 7 5 5 4 2 1 1 1 1 2 2 2 2 2 2 2 2 2 2 2 1 1 1 2 2 2 2 3 2 2 1 2 2 2 2 2 2 2 2 1 1 2 2 2 1 2 2 2 2 2 1 2 3 3 1 2 1 1 2 2 2 2 2 2 2 2 2 2 2 2 2 1 2 2 2 2 2 3 3 2 
6 5 6 7 7 7 6 6 6 6 7 7 8 8 9 9 8 8 8 8 7 8 8 7 6 6 6 5 6 6 5 6 6 6 5 5 5 5 5 5 5 5 4 5 5 7 7 8 11 13 16 14 9 6 6 4 5 4 4 5 4 3 4 4 4 4 6 7 6 4 4 5 6 6 6 6 7 7 7 8 8 8 8 7 7 7 7 8 8 9 8 8 8 8 8 8 8 8 8 8 8 7 9 11 11 11 10 10 10 10 10 10 10 11 11 10 10 10 10 8 7 9 10 10 9 10 9 9 8 8 8 9 10 10 9 9 10 10 7 5 7 8 7 7 7 7 8 8 8 8 8 8 8 8 7 8 5 5 7 7 7 7 7 7 7 7 8 8 7 7 7 5 5 4 2 1 2 1 1 2 2 2 2 2 2 2 2 2 2 1 1 1 1 2 2 2 2 3 2 2 2 2 2 1 2 2 2 2 2 1 1 2 2 2 1 1 2 2 2 2 2 2 3 3 1 2 1 1 2 2 2 2 2 2 2 2 1 2 2 2 2 1 2 2 2 2 2 3 3 2 
5 5 5 5 6 8 8 7 6 6 7 7 8 7 7 6 4 6 8 7 7 8 8 6 4 3 3 3 3 3 3 3 3 3 3 3 3 3 3 3 3 3 3 2 3 4 4 8 9 6 6 7 5 5 6 6 5 3 3 3 3 3 3 3 4 5 6 8 7 4 4 5 5 6 6 6 7 7 7 7 7 7 7 7 7 6 6 7 8 8 7 7 7 7 7 7 7 7 7 8 7 7 7 9 10 10 11 10 9 9 9 9 10 10 10 10 10 10 10 9 8 8 9 9 9 9 9 8 7 7 7 8 9 9 9 9 10 9 6 5 7 8 7 8 7 7 7 7 7 7 7 7 8 8 8 8 5 4 7 7 6 6 6 7 7 7 7 7 6 7 7 5 4 3 2 1 1 1 1 2 2 2 1 1 1 2 2 2 2 1 1 1 2 2 2 1 2 3 2 2 2 2 2 1 1 1 2 2 1 1 1 2 2 1 1 1 1 2 2 2 1 2 3 3 2 2 2 1 1 2 2 1 1 1 1 2 2 2 2 2 2 2 2 2 2 2 2 3 3 2 
5 6 6 5 5 7 6 4 4 4 5 6 6 8 7 6 7 10 10 9 7 8 8 5 4 3 3 3 3 3 3 3 3 3 3 3 3 3 3 3 3 3 3 2 2 2 2 6 13 8 6 8 8 8 8 9 7 4 3 3 4 4 4 3 4 5 6 8 7 4 4 5 5 5 6 6 6 6 7 7 7 7 7 7 7 6 6 7 7 7 7 7 7 7 7 7 7 7 7 8 7 7 7 8 9 10 11 10 9 9 9 9 9 9 9 9 9 9 9 9 8 8 9 8 9 9 9 8 8 8 8 8 9 9 9 9 10 9 6 5 7 8 7 8 7 7 7 7 7 7 7 7 7 8 7 8 5 3 7 7 6 6 7 7 7 7 7 7 7 7 7 5 4 3 1 1 1 2 1 2 2 2 2 1 1 2 2 1 1 1 1 1 2 2 2 1 2 2 2 1 1 2 2 2 1 1 2 2 2 1 2 2 2 1 2 1 1 2 2 2 1 2 3 3 1 2 1 1 1 1 2 1 1 1 1 2 2 2 2 2 2 2 2 2 2 2 2 3 3 2 
10 18 23 23 23 25 33 33 34 37 41 44 45 45 35 25 16 7 4 5 5 7 7 5 3 3 2 3 3 3 3 3 3 3 3 3 3 3 3 3 3 3 3 3 3 2 2 6 18 12 8 10 10 10 9 10 8 6 5 6 6 5 5 4 4 5 5 7 6 4 4 5 6 6 6 6 6 6 6 7 7 7 7 7 6 6 6 7 7 8 8 8 8 8 8 8 8 7 8 8 7 7 7 8 9 9 10 10 9 9 9 9 8 8 8 8 8 8 9 8 7 8 9 9 9 10 10 9 9 9 9 9 9 9 9 9 10 9 6 5 7 8 7 8 7 7 7 7 8 8 8 7 7 7 6 8 6 4 6 7 6 6 7 7 7 8 7 8 8 8 7 5 5 3 1 1 2 2 2 2 2 2 2 2 2 2 1 1 1 1 1 2 2 2 2 1 1 2 2 1 1 1 2 2 1 1 2 2 2 1 2 2 2 2 2 2 1 2 2 2 1 2 3 3 1 1 1 1 1 1 2 2 1 1 2 2 2 2 2 1 2 2 2 2 2 2 2 3 3 2 
8 19 31 38 39 39 37 37 39 43 45 46 46 51 60 72 66 38 15 7 4 6 7 5 4 3 2 3 3 3 3 3 3 3 3 3 3 2 2 3 3 3 3 3 3 3 3 6 18 14 9 9 8 9 8 8 7 8 9 9 7 4 5 4 4 4 5 6 6 4 4 6 6 6 6 6 6 6 7 7 7 7 7 7 6 6 6 7 7 8 8 8 8 8 8 8 8 8 8 8 8 7 7 8 9 9 9 10 10 10 10 9 9 9 9 9 9 9 9 8 7 8 9 9 10 10 10 10 10 10 10 9 9 9 9 9 9 9 6 5 7 8 7 8 7 7 8 8 8 8 7 7 8 8 7 9 7 4 7 7 7 6 6 7 7 8 7 8 8 8 7 5 5 3 2 1 2 2 2 2 2 2 1 1 2 2 2 1 1 1 1 2 2 2 2 1 2 2 2 1 1 2 2 2 1 1 1 2 2 1 2 2 2 2 2 2 2 2 2 2 1 2 2 3 1 2 2 2 2 2 2 2 1 1 2 2 2 2 2 1 2 2 2 2 2 2 2 3 3 2 
4 7 14 22 28 30 28 29 31 32 32 31 30 28 28 33 47 57 39 14 5 6 6 5 4 3 3 3 3 3 3 3 3 3 3 3 2 2 2 3 3 3 2 2 3 4 3 5 15 13 12 10 8 8 9 7 6 7 8 8 6 4 4 3 3 4 5 6 6 4 5 6 7 6 6 6 6 6 7 7 7 7 7 7 6 6 6 7 8 8 8 7 7 7 7 7 7 8 8 8 8 7 7 8 9 9 9 9 10 10 9 9 9 9 9 9 9 9 9 8 7 8 9 9 10 10 9 10 10 10 9 9 9 9 9 8 9 9 6 5 7 8 7 8 7 7 8 8 8 7 6 6 8 9 7 9 6 3 6 7 6 6 6 6 7 7 7 7 6 7 7 5 5 4 2 1 2 1 1 1 2 1 1 1 1 2 2 1 1 1 1 2 2 2 2 1 2 2 2 1 1 2 2 1 1 1 2 2 1 1 2 2 2 1 2 2 2 2 2 2 1 1 2 3 1 2 2 2 2 2 2 2 2 1 2 2 2 1 1 1 2 2 2 2 2 2 2 3 3 2 
4 4 5 11 22 29 26 28 30 30 29 28 28 38 35 30 33 48 55 44 16 6 4 4 3 2 3 3 2 2 2 2 2 2 3 3 2 2 2 3 3 3 2 2 3 4 3 5 11 10 10 9 7 8 9 7 6 4 4 5 5 4 3 2 3 5 6 6 6 5 5 6 6 6 6 6 6 6 6 7 7 6 6 6 6 6 6 7 8 8 7 7 7 7 7 7 7 7 8 8 8 7 7 8 9 9 9 9 10 10 9 8 8 8 8 8 8 8 9 8 7 8 9 9 9 9 9 9 9 9 9 8 9 9 9 8 9 9 6 5 7 8 7 8 7 7 8 8 7 5 4 4 6 9 8 8 5 3 6 6 6 6 6 6 7 8 7 6 6 7 7 5 5 4 2 1 1 1 1 1 1 1 1 1 1 2 2 1 1 1 1 2 2 2 2 1 1 2 2 1 1 1 1 1 1 1 2 1 1 1 2 2 2 1 2 2 2 1 2 2 1 1 2 3 1 1 2 2 1 1 2 2 1 1 1 2 1 1 1 1 1 2 2 2 1 2 2 2 3 2 
5 4 2 4 10 16 25 29 31 32 31 32 33 26 30 35 34 34 44 59 42 14 4 5 4 2 2 2 2 2 2 2 2 2 3 2 2 2 2 2 3 2 2 2 3 4 3 5 8 7 7 7 6 8 8 6 5 3 3 4 4 3 3 2 4 7 7 7 6 5 5 5 5 5 5 6 5 5 6 6 6 6 6 6 6 6 6 7 8 8 8 7 7 7 7 7 7 7 8 8 7 6 6 7 9 9 8 9 10 10 9 8 8 8 8 8 8 8 9 9 8 8 9 8 9 9 9 9 9 9 9 8 9 9 8 8 9 9 6 5 7 8 7 8 8 8 8 7 7 5 3 3 4 9 10 8 5 4 7 6 6 6 6 6 8 8 7 7 7 7 7 5 5 4 2 1 1 1 1 1 1 1 1 1 1 1 1 1 1 1 2 2 2 2 2 1 1 2 2 2 2 1 1 1 1 1 1 1 1 1 1 2 1 1 2 2 2 1 1 2 1 1 2 3 1 1 2 2 2 2 2 2 1 1 1 1 1 1 1 1 1 2 2 2 1 1 1 2 2 2 
6 5 3 2 4 5 15 21 27 30 30 31 33 36 36 36 33 29 36 56 68 33 12 7 5 3 2 3 3 2 2 3 3 3 3 2 2 2 2 2 2 2 2 2 3 3 3 6 8 6 6 7 7 9 8 6 5 4 4 4 4 3 3 2 4 7 8 7 6 4 4 5 5 5 5 5 5 5 5 5 6 5 5 6 6 6 6 7 8 8 8 7 7 7 7 7 7 7 8 8 7 6 6 7 9 9 8 9 9 9 8 8 8 8 8 8 8 8 9 9 8 8 9 8 9 9 9 9 9 8 8 9 9 9 8 8 8 9 6 5 7 8 7 8 8 8 8 7 7 5 2 2 2 8 12 10 6 5 8 7 6 6 6 7 8 8 7 7 7 8 7 5 5 4 2 1 1 2 1 1 1 1 2 1 1 1 1 1 1 1 2 2 2 2 2 2 1 3 3 2 2 2 1 1 1 1 1 1 2 2 1 2 1 1 2 2 2 1 1 2 1 1 2 3 1 2 2 2 2 2 2 2 1 1 1 1 1 1 1 1 1 2 2 2 1 1 1 2 2 2 
5 5 4 3 3 2 4 10 21 30 33 34 34 33 34 34 33 33 32 33 49 57 39 12 3 3 4 3 3 2 3 4 3 3 3 2 2 2 2 2 2 2 2 4 7 7 6 11 12 8 6 6 7 7 8 7 6 6 6 5 5 4 3 3 4 6 6 6 5 4 4 5 5 5 6 6 6 6 6 6 6 6 5 6 6 6 6 7 8 8 7 7 7 7 7 7 7 7 8 8 7 5 6 7 9 8 7 9 9 8 8 9 9 9 8 8 9 9 9 8 8 8 9 9 9 9 9 9 8 8 8 8 8 8 8 8 7 8 7 5 7 8 7 8 7 7 8 8 8 6 3 2 1 3 9 13 7 5 7 6 6 6 7 8 8 8 7 7 7 7 7 5 5 4 2 1 1 1 1 1 1 1 1 1 1 1 1 1 2 1 1 2 2 1 1 2 1 2 2 1 2 1 1 1 1 1 1 1 1 1 2 2 2 2 2 2 2 1 1 1 1 1 2 3 1 2 2 1 1 1 2 1 1 1 1 1 1 1 2 2 2 2 2 1 1 2 1 2 2 2 
5 5 4 3 3 3 3 4 7 16 27 33 32 35 33 31 32 34 35 34 33 57 61 29 8 3 2 3 2 2 4 3 2 3 3 3 2 2 2 2 2 2 2 7 16 15 11 15 17 10 6 7 7 5 5 6 7 7 8 7 6 5 4 4 4 5 5 5 4 4 5 5 5 5 6 6 6 6 6 6 5 5 5 6 6 6 7 7 8 8 7 7 7 7 7 7 7 7 7 8 7 5 6 7 8 8 7 8 9 8 8 9 9 8 8 8 8 9 9 8 8 8 8 9 9 8 8 8 7 7 7 8 8 8 8 8 7 8 6 5 7 8 6 7 7 7 8 8 7 6 3 1 2 2 4 13 10 4 5 8 7 7 7 7 7 7 6 7 7 7 6 5 5 4 2 1 1 1 1 1 1 1 1 1 1 1 1 1 2 1 1 2 2 1 1 2 1 2 2 1 2 1 1 1 1 1 1 1 1 1 1 1 1 1 1 2 2 1 1 1 1 1 2 3 1 1 1 1 1 1 2 2 2 1 2 2 1 1 1 1 1 1 1 1 1 2 2 2 3 2 
6 7 5 3 3 4 3 2 2 5 13 22 29 34 32 30 31 33 34 34 33 37 52 54 34 12 4 2 2 3 3 2 2 2 3 3 2 2 2 2 2 2 3 9 21 20 13 17 20 10 5 7 7 4 4 7 8 8 8 8 6 4 4 4 4 4 4 3 3 3 4 5 4 5 5 5 5 5 5 5 5 5 5 5 5 5 6 7 7 7 7 7 7 7 7 7 7 7 7 8 7 6 6 7 8 7 7 8 8 7 7 8 8 8 7 7 8 8 8 8 7 7 8 8 8 8 8 7 7 7 7 7 8 7 8 8 7 8 6 5 7 8 6 7 6 6 7 7 7 7 4 1 2 2 3 9 13 10 6 6 7 7 6 6 6 6 6 6 6 6 6 4 4 3 1 1 1 1 1 1 1 1 1 1 1 1 1 1 1 1 1 2 2 1 1 2 1 2 2 1 2 1 1 1 1 1 1 1 1 1 1 1 1 1 1 1 1 1 1 1 1 1 2 3 1 1 1 1 1 1 2 2 2 2 2 2 1 1 1 1 1 1 1 1 1 2 2 2 2 2 
7 8 6 4 3 3 3 3 2 2 4 10 19 29 31 32 32 31 32 34 34 31 36 54 65 46 17 4 2 5 2 2 3 2 2 2 2 2 2 2 2 3 3 8 20 19 12 17 20 9 4 7 7 5 6 8 8 7 6 6 5 4 4 4 3 3 3 3 3 3 4 4 4 4 5 4 5 5 5 5 5 5 5 5 5 5 5 6 7 7 7 7 7 7 7 7 7 7 7 7 7 6 6 7 8 7 7 8 8 7 7 7 7 7 6 7 7 7 8 8 7 7 8 8 8 8 7 7 7 7 7 7 8 7 8 8 7 8 6 4 7 8 7 7 7 7 7 6 7 9 5 1 2 5 9 8 10 18 10 5 7 7 6 6 7 7 7 7 6 6 6 4 4 3 1 1 1 1 1 1 1 1 1 1 1 1 1 1 1 1 1 1 1 1 1 2 1 2 2 1 1 1 1 1 1 1 1 1 1 1 1 1 1 1 1 1 1 1 1 1 1 1 2 2 1 1 1 1 1 1 2 2 2 2 2 2 2 2 1 1 1 1 1 1 1 2 2 2 2 1 
5 6 6 5 4 2 3 3 2 2 2 4 7 17 24 31 33 31 31 34 32 35 32 36 58 65 45 15 2 4 2 2 3 3 2 2 2 2 2 3 3 3 3 9 22 21 13 15 17 9 4 6 7 6 7 8 7 5 4 4 3 3 4 4 3 3 3 4 3 3 4 4 4 4 5 4 5 5 5 5 5 5 5 5 5 5 6 7 7 7 7 7 7 7 7 7 7 7 7 7 6 6 6 7 8 7 7 8 8 7 7 7 7 7 7 7 7 7 8 8 7 7 8 8 8 8 8 7 7 7 7 7 8 7 8 8 7 8 6 4 6 8 7 8 8 8 8 7 8 10 6 2 2 5 13 10 4 13 13 8 8 7 6 6 7 7 7 7 6 6 6 4 4 3 1 1 1 1 1 1 1 1 1 1 1 1 1 1 1 1 1 1 1 2 1 1 1 2 2 1 1 1 1 1 1 1 1 1 1 1 1 1 1 1 1 1 1 1 1 1 1 1 2 2 1 1 1 1 1 1 2 2 1 2 2 2 2 2 2 2 2 2 2 1 1 2 2 2 2 2 
5 7 6 5 4 3 3 2 2 3 3 3 2 6 13 23 30 31 31 32 32 31 31 31 34 45 60 42 12 2 2 3 2 3 2 2 2 2 2 3 3 2 3 10 23 22 14 12 13 8 5 5 6 6 7 7 5 4 3 3 3 3 3 3 3 3 3 3 3 4 4 5 4 5 5 5 5 5 5 5 5 5 5 6 5 5 6 7 7 7 7 7 7 7 7 7 7 7 7 6 6 6 6 7 8 7 7 8 8 7 7 8 8 8 7 7 8 8 8 8 7 7 8 8 8 8 8 7 7 7 7 7 8 7 7 8 7 8 6 4 6 8 7 8 7 7 8 8 8 8 6 3 2 3 8 7 2 6 14 13 9 6 7 7 6 6 6 7 7 7 6 4 4 3 1 1 1 1 1 1 1 1 1 1 1 1 1 1 1 1 1 1 1 2 1 1 1 2 2 1 1 1 1 1 1 1 1 1 1 1 2 1 1 1 1 1 1 1 1 1 1 1 2 2 1 1 1 1 1 1 2 2 1 1 2 2 2 2 2 2 2 2 2 1 1 1 1 2 2 2 
7 8 6 4 4 3 3 3 3 3 3 2 2 1 4 13 24 30 30 28 31 32 34 33 30 33 47 74 44 2 2 3 2 2 2 2 2 2 2 2 2 2 3 8 17 17 11 8 8 7 5 5 6 7 6 7 6 4 3 3 3 3 3 3 3 3 3 3 3 4 5 5 5 5 5 5 5 5 5 5 5 5 6 6 5 5 6 7 7 7 7 7 7 7 7 7 7 7 6 6 6 6 6 7 8 7 7 8 8 8 7 8 8 8 7 7 8 8 8 8 7 7 8 8 8 8 7 7 7 7 7 7 7 7 7 8 7 8 6 4 7 8 7 7 7 7 7 6 6 6 6 5 5 5 4 6 9 10 20 24 13 7 9 9 7 6 7 7 7 7 6 4 4 3 1 1 1 1 1 1 1 1 1 1 1 1 1 1 1 1 1 1 1 2 1 1 1 2 2 1 1 1 1 1 1 1 1 1 1 1 2 2 1 1 1 1 1 1 1 1 1 1 2 2 1 1 1 1 1 1 2 2 2 1 2 2 2 2 2 2 2 2 2 1 1 1 1 2 3 2 
7 9 6 4 3 3 3 3 3 3 2 2 3 1 2 5 13 24 32 30 33 31 32 36 35 33 36 63 78 23 3 3 2 2 2 3 1 2 3 3 2 3 3 6 9 11 7 4 4 5 5 5 6 7 7 7 6 4 3 3 3 3 3 4 4 4 3 3 4 4 4 5 5 6 5 5 5 5 5 5 5 5 6 6 5 5 6 6 7 7 7 7 7 7 7 6 6 7 7 7 6 6 6 7 8 7 7 8 8 8 8 8 8 8 7 7 8 8 8 8 7 6 8 9 8 7 7 7 7 7 7 7 7 7 7 7 7 7 6 5 7 8 7 7 7 6 6 7 7 5 7 7 8 8 7 12 18 21 29 38 26 8 7 11 8 8 8 5 5 7 5 7 4 2 1 1 1 1 1 1 1 1 1 1 1 1 1 1 1 1 1 1 1 2 1 1 1 2 3 1 1 1 1 1 1 1 1 1 1 1 2 2 1 1 1 1 1 2 1 2 2 1 2 2 1 1 1 1 2 1 1 2 2 2 2 2 2 2 2 1 2 2 2 2 1 2 1 2 3 3 
6 8 6 4 3 3 3 3 3 3 3 2 2 3 3 2 4 11 22 29 35 35 36 35 32 33 38 37 67 69 23 4 3 2 2 4 1 2 3 3 3 3 3 4 5 9 10 7 4 4 5 4 5 6 6 7 6 4 3 3 3 4 4 4 4 4 3 3 4 4 4 4 5 6 5 5 5 6 6 5 5 5 6 6 5 5 5 6 7 7 7 7 7 7 6 6 6 6 7 7 7 6 6 7 7 7 7 7 8 8 8 8 8 7 7 7 7 8 8 8 7 6 7 9 8 7 7 7 7 7 7 7 7 8 8 7 7 7 6 5 6 7 7 7 8 8 6 6 7 6 7 6 5 5 6 10 15 22 38 58 51 18 6 6 4 8 10 7 7 7 4 6 4 4 2 1 1 1 1 1 1 1 1 1 1 1 1 1 1 1 1 1 1 2 1 1 1 2 3 1 2 1 2 2 2 2 2 1 1 1 2 1 1 1 1 1 2 2 2 2 2 2 2 2 1 2 2 2 2 2 1 2 2 2 2 2 2 2 2 2 2 2 2 2 2 1 1 2 3 3 
5 7 6 4 3 4 3 2 2 2 3 3 2 3 3 2 2 3 9 15 26 36 41 34 29 31 36 33 37 73 66 20 5 1 2 4 2 2 2 2 2 2 3 3 4 10 19 14 4 3 3 3 3 3 3 4 4 3 3 3 3 3 3 4 3 3 3 3 3 4 4 4 4 5 5 5 5 5 6 5 5 5 6 6 5 5 5 6 7 7 7 7 7 6 6 6 6 6 7 7 6 6 6 7 7 7 7 7 8 8 8 8 8 7 7 7 7 8 7 8 8 7 7 8 8 7 7 7 7 7 7 7 7 8 8 7 7 6 5 4 5 7 8 8 8 7 6 7 8 8 9 6 5 5 6 9 14 23 39 60 69 46 20 11 6 8 9 7 9 9 6 6 3 3 1 1 1 1 1 1 1 1 1 1 1 1 1 1 1 1 1 1 1 1 1 1 1 2 3 1 2 1 2 2 2 2 2 2 1 1 1 1 1 1 1 1 1 2 2 2 2 2 2 2 1 2 2 2 2 2 1 1 2 2 2 2 1 1 2 2 2 2 2 2 2 2 2 2 3 3 
4 6 5 4 3 4 5 4 2 2 2 2 2 1 3 4 3 3 3 5 11 22 33 34 33 32 29 36 27 39 71 60 18 3 2 4 2 3 3 2 2 2 3 4 9 12 21 14 4 3 3 2 2 3 2 2 2 2 2 2 2 2 3 3 3 3 3 3 3 4 4 4 4 4 5 5 5 5 5 5 5 5 5 6 5 5 5 6 6 7 6 6 6 6 6 6 6 6 7 7 6 5 5 6 7 7 7 7 8 8 8 7 7 7 7 7 7 7 7 8 8 7 7 7 7 7 7 7 7 7 7 6 7 8 8 7 7 6 5 4 6 7 7 7 7 7 7 7 7 6 7 6 7 8 9 15 25 34 38 44 55 58 54 45 22 12 8 4 3 4 5 5 5 4 1 1 1 1 1 1 1 1 1 1 1 1 1 1 2 2 2 2 2 2 2 2 1 2 3 1 2 1 1 1 2 2 2 2 1 1 1 1 1 1 1 1 1 1 1 1 2 1 2 2 1 1 1 1 1 1 1 1 1 2 2 1 1 1 1 1 1 1 1 2 3 3 3 3 3 4 
5 6 5 4 3 4 8 11 9 4 1 1 2 2 2 3 2 2 3 4 3 8 18 29 39 39 30 27 35 33 41 62 52 19 3 2 1 3 4 3 3 2 2 5 14 14 16 9 3 4 4 3 3 3 3 3 3 3 3 3 3 3 3 3 3 3 3 3 3 3 4 4 4 4 4 4 5 5 5 5 5 5 5 5 5 5 5 6 6 6 6 6 5 5 5 5 5 6 6 7 6 5 5 6 7 7 7 7 8 8 7 7 7 7 7 7 7 7 7 7 7 7 7 7 7 7 6 6 6 6 6 6 6 7 7 7 7 7 5 5 6 6 5 5 7 9 9 9 7 6 6 6 9 13 15 20 30 37 37 38 47 64 91 106 85 66 53 33 14 10 6 3 4 4 2 1 1 1 1 1 1 1 1 1 1 1 1 1 2 1 1 1 1 1 1 1 1 1 2 1 2 1 1 1 1 2 2 2 1 1 2 1 1 1 1 1 1 1 1 1 1 1 2 2 1 1 1 1 1 1 1 1 1 2 2 1 1 1 1 2 1 1 1 3 3 3 4 4 4 4 
5 6 5 4 3 4 8 19 24 14 6 3 2 2 2 2 2 2 2 3 2 3 6 15 29 37 35 32 30 38 32 43 74 59 19 8 2 3 3 2 2 2 2 4 10 9 9 6 4 5 5 4 4 5 5 4 4 4 4 3 3 3 3 2 3 3 3 3 3 3 4 4 4 4 4 4 4 5 5 5 5 5 5 5 5 4 5 5 6 6 6 5 5 5 5 5 5 5 6 7 6 5 5 6 7 7 7 7 7 7 7 7 7 6 6 6 7 7 7 6 5 6 7 7 6 6 6 6 6 6 6 5 6 6 7 7 7 7 5 4 6 8 8 8 8 7 6 6 6 6 6 6 10 21 22 17 18 22 27 36 39 40 49 61 77 89 89 90 84 61 33 6 4 3 1 1 1 1 1 1 1 1 1 1 1 1 1 2 2 1 1 1 1 1 1 1 1 1 2 1 2 1 2 2 2 2 1 1 1 1 2 1 1 1 1 1 2 2 1 2 2 1 2 2 1 1 1 2 1 1 2 1 2 2 2 2 1 1 2 2 2 2 2 3 3 3 4 4 3 4 
5 6 5 4 3 4 5 17 31 30 21 13 7 4 2 2 3 3 2 2 3 2 3 5 10 17 24 37 31 31 34 35 50 65 65 37 6 4 4 3 2 2 2 4 3 5 5 4 3 3 3 3 3 4 5 4 4 3 3 3 2 2 2 3 3 3 3 3 4 3 4 5 5 5 4 4 4 5 5 5 5 5 5 5 5 4 5 5 6 6 6 6 6 6 5 5 5 6 6 6 5 5 5 6 7 7 7 7 7 7 7 7 7 7 6 6 7 7 7 5 4 5 7 7 6 6 7 7 6 6 6 6 6 7 7 7 7 7 5 4 6 10 15 16 16 13 10 10 9 8 7 6 13 25 23 14 12 17 25 41 53 59 61 59 71 84 90 92 94 96 68 12 6 4 2 1 1 1 1 1 1 1 1 1 1 1 2 3 3 3 3 5 6 4 3 3 2 2 3 1 2 1 1 2 1 1 1 1 1 1 1 1 1 1 1 1 1 2 1 2 1 1 1 2 1 1 1 2 1 1 2 2 2 2 2 2 1 1 2 1 1 2 2 3 3 3 3 3 3 4 
6 6 5 4 3 4 3 11 27 37 37 28 20 11 5 2 2 2 2 2 4 3 2 2 2 5 12 23 43 32 28 33 30 48 83 57 15 3 2 2 2 2 2 4 1 3 4 2 2 2 2 2 2 3 4 4 4 3 3 2 2 2 2 3 3 3 3 3 4 3 3 5 5 5 4 5 4 5 5 5 5 5 5 5 5 4 4 5 5 6 6 6 6 6 6 6 6 6 6 6 6 5 5 6 7 7 7 7 7 7 7 7 7 7 6 6 6 7 7 5 3 5 7 7 6 7 7 7 7 6 6 6 6 7 8 7 7 6 4 4 5 8 11 16 24 28 30 31 30 24 17 14 23 28 18 12 15 22 31 47 63 81 93 85 79 75 79 77 81 93 68 10 3 3 2 1 1 1 1 1 1 1 1 1 1 1 2 3 3 2 3 6 7 4 2 2 3 2 3 1 2 1 1 1 1 1 1 1 1 2 1 1 1 1 1 1 1 1 1 1 1 1 1 2 1 1 1 1 1 1 1 2 2 2 2 2 1 1 1 1 1 2 2 3 3 3 4 3 3 4 
5 7 6 4 3 3 2 8 15 30 31 28 35 31 19 9 4 2 2 2 2 2 3 2 2 2 3 10 17 30 36 34 32 37 39 73 59 15 3 3 3 2 1 4 4 3 4 4 3 4 4 4 3 3 4 4 3 3 3 3 2 3 3 3 3 3 3 3 3 3 2 4 4 3 5 5 5 5 5 5 5 5 5 5 5 4 3 4 5 6 6 6 5 5 5 5 5 5 5 5 6 6 6 6 5 6 7 6 6 7 6 6 7 6 6 6 6 6 6 5 3 3 7 7 6 7 7 6 6 6 6 6 6 7 7 6 6 6 4 3 4 6 7 7 8 8 10 16 25 28 24 20 20 16 9 8 17 18 12 17 31 44 58 70 70 65 67 68 74 67 49 12 4 3 2 1 1 1 1 1 1 1 1 1 1 1 1 1 1 1 2 3 3 2 1 1 1 2 3 1 1 1 1 1 1 1 1 1 1 1 1 1 1 1 1 1 1 1 1 1 1 1 2 2 1 1 1 1 2 1 1 1 1 1 2 1 1 1 1 2 3 3 3 3 4 4 5 5 4 5 
3 6 7 5 3 3 3 6 10 24 32 31 32 36 37 29 14 5 3 3 2 2 2 3 3 2 2 1 5 19 31 33 31 32 33 52 75 55 17 3 3 2 3 4 6 5 3 5 5 4 5 4 3 3 4 4 3 3 4 4 3 3 3 3 3 3 3 3 3 3 2 3 4 3 4 4 5 5 5 5 5 5 5 5 5 4 3 4 5 6 6 6 6 5 5 6 6 6 6 5 6 5 5 5 5 6 7 6 6 7 7 6 6 6 6 6 6 6 6 5 3 3 6 6 6 6 6 5 5 5 5 5 5 6 7 6 6 5 4 3 4 5 6 6 6 7 5 3 5 7 7 7 7 7 6 9 18 18 8 9 13 15 24 32 34 36 40 43 52 51 41 10 4 3 2 1 1 1 1 1 1 1 1 1 1 1 1 1 1 1 2 2 1 1 1 2 1 2 2 1 1 2 1 2 1 1 1 1 1 1 1 2 2 1 1 1 1 1 1 1 1 2 2 2 1 1 1 2 2 1 1 1 1 1 1 1 1 1 2 2 4 4 5 5 5 6 7 6 6 6 
4 5 5 4 3 3 4 4 5 18 32 35 34 29 31 33 29 20 11 5 3 3 3 3 2 2 2 3 2 4 12 24 32 34 36 37 60 79 52 17 4 2 4 3 5 8 3 3 3 2 3 3 2 2 3 4 3 2 3 4 4 4 3 3 3 3 3 3 3 3 2 4 5 4 4 4 5 5 5 5 5 5 5 5 5 4 3 3 5 6 6 5 5 5 5 5 6 6 6 5 5 5 5 5 5 6 6 5 6 6 6 6 6 6 6 6 6 6 6 6 3 3 6 6 6 6 6 6 6 6 6 6 5 5 6 6 6 5 4 3 4 5 8 9 7 6 6 5 5 5 5 5 5 7 8 7 17 29 16 10 10 11 15 17 17 18 20 21 28 29 27 8 4 3 2 1 1 1 1 1 1 1 1 1 1 1 1 1 1 1 1 1 1 2 2 2 2 2 3 1 2 2 1 1 2 2 1 1 1 1 1 2 2 1 1 1 1 1 1 2 1 2 2 2 2 1 1 1 1 1 1 1 1 1 1 1 1 1 1 2 4 5 6 6 6 6 7 7 6 6 
4 4 4 4 3 3 6 6 4 15 28 34 33 32 31 32 37 36 26 17 9 5 2 2 3 3 2 4 2 2 4 10 20 30 37 35 34 54 77 55 15 3 3 4 6 6 3 1 2 2 2 2 2 2 4 6 4 2 3 4 5 4 4 3 3 4 3 3 4 3 2 3 4 3 4 4 4 4 4 4 4 4 4 4 4 3 2 3 4 5 4 4 4 4 4 4 4 4 4 4 4 4 4 5 5 4 4 4 5 5 5 5 5 5 5 5 4 4 5 5 3 3 5 5 5 5 5 5 5 5 4 4 4 4 4 4 5 5 4 3 3 5 10 14 10 5 4 5 4 3 3 3 3 6 6 5 12 27 15 8 7 8 9 8 8 8 9 9 11 10 12 5 4 3 1 1 1 1 1 1 1 1 1 1 1 1 1 1 1 1 1 2 3 3 2 1 2 3 3 1 2 2 1 1 1 2 2 1 1 1 1 1 1 1 1 1 1 1 1 2 1 1 2 2 1 1 1 1 1 1 1 1 1 1 1 1 1 1 1 2 3 4 5 5 5 5 5 5 5 4 
4 4 4 4 3 4 8 8 5 13 24 32 35 36 35 33 32 31 29 28 20 13 7 3 2 2 2 2 2 3 3 4 8 16 25 35 34 34 62 75 48 15 2 4 8 3 1 2 3 3 3 3 2 2 4 8 6 3 2 3 5 4 4 4 4 4 4 4 4 3 2 2 3 2 2 2 2 2 2 2 2 2 2 2 3 2 2 2 2 3 2 3 3 3 3 3 3 3 3 3 3 3 3 4 4 3 3 3 3 3 3 3 3 3 3 3 3 3 3 3 2 2 3 3 3 3 3 4 4 3 3 3 3 3 2 3 3 3 4 4 3 3 7 13 12 6 3 2 2 2 1 1 2 2 3 3 7 19 8 2 2 2 3 2 3 4 4 4 4 3 5 3 4 4 1 1 1 1 1 1 1 1 1 1 1 1 1 1 1 1 1 2 5 9 9 6 4 7 5 5 9 8 9 9 3 1 1 1 1 1 1 1 1 1 1 1 1 1 1 1 1 1 2 2 2 1 1 1 1 1 1 1 2 1 1 1 1 1 1 2 3 4 4 4 4 3 3 4 3 3 
5 5 4 3 3 4 6 8 5 11 20 29 35 36 34 32 33 35 33 30 27 28 24 12 4 2 3 3 2 2 3 4 5 7 11 24 35 30 36 57 76 47 11 3 6 3 2 2 3 2 2 3 2 2 4 8 7 3 1 2 3 3 4 4 4 4 4 4 5 4 1 1 2 1 1 2 1 1 1 1 1 1 2 1 2 2 1 1 2 1 1 2 2 2 2 2 2 2 2 2 2 2 2 3 3 2 2 2 2 2 2 2 2 2 2 2 2 2 2 3 2 2 3 2 2 2 3 4 4 4 4 4 4 3 3 4 4 4 4 4 4 3 4 8 11 8 4 3 2 2 2 1 1 1 2 1 6 26 13 2 2 3 2 2 2 4 4 3 4 2 4 3 5 5 2 1 1 1 1 1 1 1 1 1 1 1 1 1 1 1 1 2 5 15 19 15 10 13 11 16 35 32 35 29 6 2 2 2 2 2 1 1 1 2 2 2 1 1 2 2 1 2 3 3 2 2 2 2 2 2 1 2 2 2 1 2 2 1 2 3 3 4 3 3 3 3 3 3 3 2 
11 18 20 12 5 4 6 7 4 8 13 20 25 37 35 33 34 37 37 35 30 30 30 26 21 13 8 4 2 2 3 4 4 4 6 10 20 27 28 37 60 80 50 9 2 3 3 2 2 2 2 2 2 2 6 10 10 6 2 2 2 2 3 3 4 4 4 4 5 4 1 1 2 1 1 2 1 1 1 1 1 2 2 1 1 2 1 1 1 1 1 1 2 2 2 2 2 2 2 2 2 2 2 3 3 2 1 2 2 2 2 2 2 2 2 2 2 2 2 2 2 2 3 2 2 2 2 3 4 4 3 4 4 4 4 5 5 4 3 4 4 3 2 4 8 7 4 3 2 2 3 3 2 1 2 1 5 28 16 4 4 4 3 2 3 5 4 3 4 3 4 3 5 5 2 1 1 1 1 1 1 1 2 1 1 1 1 2 1 1 2 2 3 10 14 14 13 12 10 25 63 59 60 44 8 2 2 2 1 2 2 2 2 2 2 2 2 2 2 2 2 2 3 3 2 2 2 3 3 2 2 2 3 2 2 3 2 2 3 3 4 4 3 3 3 3 2 3 2 2 
16 55 86 53 14 4 5 8 5 12 20 14 9 18 28 32 33 34 31 32 32 32 30 29 32 30 23 14 6 2 2 3 3 3 6 5 8 15 23 30 39 63 71 51 10 3 4 2 2 2 2 2 2 3 4 6 6 4 2 2 2 2 3 3 3 3 3 4 4 3 2 1 1 1 1 1 1 1 1 1 1 1 1 1 1 1 1 1 1 1 1 1 2 2 2 2 2 2 2 2 2 2 2 2 2 2 2 2 2 2 2 2 2 2 2 2 2 2 2 2 2 2 2 2 2 2 2 3 4 3 3 3 4 4 3 4 4 3 3 2 4 3 1 3 5 4 2 2 2 3 6 4 3 3 2 2 6 15 9 5 5 4 3 3 3 4 3 3 3 3 4 4 4 3 2 1 1 1 1 1 2 2 2 1 1 1 2 2 2 2 2 2 2 3 5 9 13 14 12 24 61 66 62 47 12 3 3 1 1 2 2 2 2 2 2 2 2 2 2 2 2 2 3 3 1 2 2 2 2 2 2 2 2 2 2 2 2 2 3 3 3 3 2 3 3 3 3 3 2 2 
12 46 78 53 17 8 7 8 6 13 23 16 5 3 10 17 26 37 36 35 31 29 28 31 34 33 29 26 16 8 5 3 2 3 5 5 5 7 11 20 30 39 54 89 49 10 3 3 2 2 1 1 2 3 4 3 2 3 3 3 3 4 4 4 3 4 4 4 4 3 2 1 1 1 1 1 1 1 1 1 1 1 2 2 2 2 2 2 2 2 2 2 2 2 2 2 2 2 2 2 2 2 2 2 2 2 2 2 2 2 2 2 2 2 2 2 2 2 2 2 2 2 2 2 2 2 2 3 3 2 3 3 2 2 2 3 2 3 3 3 4 4 2 3 6 5 2 2 2 4 7 4 3 4 3 3 6 9 7 6 5 3 2 2 3 3 2 2 2 2 3 3 3 2 1 1 1 1 1 2 2 1 1 1 1 2 2 2 1 1 1 3 4 2 3 7 13 18 17 19 34 36 35 34 11 2 2 3 2 1 1 2 2 2 2 2 2 2 2 2 2 2 2 3 1 1 2 2 2 2 2 2 2 2 2 2 2 2 3 3 3 2 2 2 2 2 3 3 2 1 
6 21 42 35 17 12 13 8 7 9 15 16 6 1 2 4 10 21 29 34 37 28 25 30 32 31 33 37 32 24 15 6 2 2 3 5 7 6 5 9 16 24 43 71 86 54 11 3 2 2 2 2 3 4 3 3 3 3 3 2 2 2 3 2 2 2 3 3 3 3 3 3 2 2 3 2 3 3 3 3 3 3 3 3 3 3 3 3 3 3 3 3 3 4 4 4 4 3 3 3 4 4 3 3 4 4 4 3 3 3 3 3 3 3 4 4 4 4 4 5 5 5 5 5 6 6 5 6 5 3 5 4 3 4 3 4 3 4 6 5 7 6 4 6 9 8 5 4 3 4 6 5 5 5 3 2 4 5 5 5 5 4 3 3 4 3 3 3 2 3 3 3 2 2 2 1 1 2 2 2 2 1 1 1 2 3 3 2 1 1 2 5 7 4 7 7 10 17 18 14 13 10 12 21 18 10 5 3 2 1 2 2 2 2 2 2 2 1 1 1 1 1 2 3 1 1 2 2 2 2 2 2 2 1 1 2 2 2 3 3 2 2 2 2 2 2 2 3 2 2 
7 23 43 38 21 14 10 3 5 5 11 22 12 2 1 1 1 4 8 17 33 27 22 25 29 32 35 34 36 36 29 18 9 5 3 4 5 6 7 6 6 12 32 32 70 93 43 14 8 11 12 10 7 7 9 10 10 8 8 7 8 9 12 12 12 13 14 14 14 13 12 11 11 11 11 12 11 11 11 11 11 10 10 11 11 11 11 11 11 11 11 11 11 11 11 11 11 11 12 13 15 16 16 16 18 18 17 16 15 15 15 13 13 13 14 14 14 14 15 15 15 16 16 17 18 15 11 12 15 15 15 13 11 13 14 15 11 11 11 7 9 11 8 8 11 11 9 7 4 4 6 7 9 8 3 2 2 2 3 3 4 3 2 2 3 3 3 2 2 2 2 2 1 2 1 1 1 1 2 2 2 1 1 1 1 2 3 1 1 2 1 5 7 4 10 8 6 10 12 10 6 5 8 22 47 67 41 6 1 2 1 1 2 2 2 2 1 1 2 2 2 2 3 2 1 1 2 2 2 2 2 2 2 2 2 2 2 2 3 3 2 2 2 2 2 2 2 3 2 2 
13 24 35 31 21 19 10 4 9 8 12 26 16 2 1 1 1 0 1 3 9 12 16 20 29 35 31 29 31 34 37 36 28 20 8 4 3 4 7 6 4 6 11 19 40 63 90 58 26 19 16 16 15 16 20 18 17 19 19 20 21 23 19 17 17 19 20 21 21 22 23 22 22 22 22 22 24 25 24 24 23 23 23 23 24 24 24 24 24 24 24 24 24 24 24 24 25 29 31 31 31 33 34 35 37 37 35 34 32 31 31 30 29 29 28 27 27 27 28 29 27 26 26 26 26 20 10 10 24 28 22 17 16 21 23 23 16 16 16 9 10 13 9 7 9 11 11 9 5 3 4 6 9 10 6 3 2 1 2 3 3 2 2 2 2 2 2 1 1 2 2 1 1 2 2 1 1 1 1 2 2 2 1 1 1 1 2 2 2 2 1 6 8 2 6 6 4 5 8 8 7 8 10 15 32 67 60 11 1 1 1 1 1 1 1 1 1 2 2 2 2 2 2 2 1 2 2 2 2 2 2 2 2 2 2 2 2 2 2 2 2 1 1 2 2 1 2 2 1 1 
33 39 43 39 36 40 30 21 27 22 21 26 18 5 1 1 2 1 1 1 1 3 6 9 19 32 32 35 33 30 32 38 37 30 23 14 7 4 4 4 5 5 5 11 20 36 84 91 52 27 17 23 28 22 13 9 14 24 28 27 26 25 30 31 32 33 35 35 34 35 37 37 36 35 35 36 40 41 41 40 39 39 38 38 38 38 38 38 38 38 39 40 40 39 40 41 42 45 45 43 40 40 40 41 42 41 39 38 36 35 35 38 39 38 36 35 33 32 32 30 27 25 23 21 20 13 5 5 18 24 17 12 12 15 15 13 11 14 16 8 6 10 7 4 5 7 8 7 4 1 2 3 5 7 6 3 2 1 1 2 2 2 2 2 2 2 2 2 2 2 2 2 2 2 2 2 1 1 1 2 2 2 2 2 1 1 2 2 2 2 2 8 9 1 2 1 1 1 3 3 3 3 3 3 5 12 17 6 1 1 2 2 2 2 2 2 2 2 2 2 2 2 2 2 2 2 2 2 2 2 2 2 2 2 2 2 2 2 3 3 2 2 2 3 3 3 3 3 3 3 
33 36 38 37 35 33 36 40 39 42 44 43 44 24 4 0 1 1 1 1 0 1 1 1 5 15 23 32 35 32 29 31 32 30 36 34 23 13 7 5 6 5 6 5 8 20 34 68 86 68 42 37 40 28 9 4 10 30 42 44 45 46 44 43 43 45 46 46 44 45 47 49 47 45 44 45 47 47 46 45 44 42 42 41 40 40 40 40 40 40 40 40 39 38 39 40 41 41 40 38 37 35 34 33 34 34 33 32 31 30 30 30 29 28 26 24 23 22 21 19 17 15 14 13 12 9 5 5 12 15 13 10 8 10 9 8 8 13 15 7 6 8 6 4 5 7 7 7 5 3 4 4 5 7 8 7 6 5 5 5 5 6 6 5 5 6 6 6 5 6 6 7 7 7 6 5 4 4 5 5 5 5 6 6 5 4 5 5 4 4 5 7 8 5 4 3 3 3 3 3 3 3 4 5 6 6 8 9 10 10 8 8 9 9 9 9 9 10 11 11 10 10 11 11 11 12 12 12 12 13 13 12 13 13 13 13 12 11 12 13 13 13 13 14 15 17 17 18 18 19 
54 51 53 56 54 49 44 56 44 52 54 48 61 38 7 1 1 1 1 1 1 1 0 0 0 2 5 16 27 36 35 34 36 37 30 32 34 28 18 10 6 6 5 7 4 5 12 39 96 104 57 24 22 22 10 4 9 24 29 27 25 25 24 24 24 25 25 25 24 21 22 23 22 20 19 20 19 18 18 17 16 16 15 15 14 14 14 14 14 14 13 12 11 11 11 12 13 13 13 14 14 14 14 13 13 14 13 13 12 12 12 12 12 11 11 10 9 9 9 9 8 8 9 9 9 9 9 10 10 10 13 12 9 12 11 11 11 15 15 9 11 12 11 10 12 13 13 13 13 12 14 15 16 17 18 21 24 27 27 26 25 26 27 25 25 27 28 27 27 27 29 33 34 32 30 29 29 30 31 31 30 29 31 35 34 31 30 28 26 26 26 18 17 29 30 30 32 32 30 29 31 35 37 39 40 39 42 40 38 40 40 40 41 42 42 41 40 41 45 43 42 45 47 46 45 46 45 44 45 48 49 50 51 53 53 51 49 46 43 45 47 47 47 49 50 50 53 55 57 57 
49 46 48 49 49 50 48 47 39 33 30 27 33 23 7 1 1 1 1 1 1 1 1 1 0 0 1 3 5 13 25 34 36 33 29 32 34 33 32 22 9 5 6 7 5 5 6 8 25 67 84 41 17 13 11 11 9 9 11 12 11 10 10 10 11 11 10 9 9 9 9 10 10 10 10 9 9 9 9 9 9 9 9 8 8 9 9 9 9 10 10 10 9 10 10 10 9 9 9 8 8 9 9 8 8 9 9 8 8 8 9 9 9 9 10 11 11 12 12 12 12 13 14 14 14 16 17 16 16 17 19 19 19 18 20 21 22 23 24 27 29 28 30 34 35 35 35 35 36 39 40 41 41 40 41 45 48 49 49 50 50 50 49 48 48 49 50 50 50 50 52 54 51 46 42 42 42 43 43 44 44 45 47 48 48 48 49 51 49 49 47 28 23 42 52 46 45 48 46 44 45 45 45 49 50 46 44 48 51 48 47 47 48 50 50 49 47 50 52 50 48 50 52 50 47 48 48 47 48 50 53 55 53 52 51 51 52 52 51 54 57 58 58 55 54 55 54 52 51 51 
40 39 37 32 24 18 15 16 15 15 14 11 12 12 6 2 1 1 1 1 1 0 0 1 1 1 1 1 1 2 6 16 26 30 34 35 32 32 34 28 16 8 6 6 6 6 7 8 9 17 59 93 61 24 15 12 10 11 12 11 9 10 12 11 11 10 10 10 10 10 11 11 11 11 11 10 12 12 12 12 12 12 12 11 12 12 12 11 10 11 11 11 12 13 15 15 15 16 16 15 16 17 17 17 18 20 20 20 20 20 22 22 22 22 23 24 24 25 27 29 30 31 32 32 32 33 35 36 37 37 37 37 37 38 40 41 42 42 42 44 44 42 41 43 43 42 43 44 44 45 45 44 44 41 40 42 44 43 43 43 43 42 42 42 42 42 42 43 43 42 43 43 43 40 41 43 43 44 44 44 44 42 39 40 41 41 42 45 42 37 35 24 23 36 41 40 44 45 43 42 45 47 45 43 43 41 42 46 45 43 45 44 45 46 47 46 45 47 49 46 43 45 46 44 44 45 45 44 45 47 47 43 42 43 43 43 40 37 33 34 35 36 37 36 36 37 35 33 32 33 
24 26 24 20 12 5 7 10 12 17 20 16 15 13 7 5 5 3 1 0 1 1 1 1 0 0 1 1 1 1 1 2 8 16 30 35 35 32 33 33 28 14 7 5 6 7 6 6 5 6 22 62 86 72 48 25 20 23 23 20 18 20 21 20 19 18 18 19 20 19 19 20 20 20 19 19 19 20 20 21 20 20 20 19 20 21 21 21 21 23 22 22 23 24 26 27 26 25 25 25 26 28 29 28 28 29 30 30 30 31 32 32 32 32 32 33 33 33 31 31 31 32 32 32 32 30 30 32 33 34 33 32 31 31 31 31 31 31 30 32 33 31 30 30 30 29 29 30 30 29 29 29 28 29 31 33 33 31 30 30 31 31 32 32 32 32 31 31 31 30 29 30 31 30 28 26 26 27 27 27 27 27 27 27 27 26 26 27 30 31 29 27 29 33 32 28 28 29 27 26 30 33 31 28 28 27 28 30 29 26 25 24 24 25 26 26 26 28 29 27 25 25 25 25 26 27 27 26 26 26 28 29 28 29 30 30 26 24 28 28 28 29 30 30 31 32 30 28 28 29 
22 25 23 23 18 9 10 12 14 20 23 19 19 16 8 10 18 14 5 3 2 1 1 1 1 1 1 1 1 1 1 0 1 3 9 18 29 33 33 33 32 23 11 5 5 6 6 6 6 6 7 16 50 85 85 63 43 27 22 23 24 23 22 21 21 20 20 21 21 20 20 20 20 20 20 20 20 20 21 21 21 20 19 20 21 22 22 22 23 25 24 23 22 23 23 23 22 21 21 22 23 24 24 23 22 22 24 24 24 23 24 24 24 23 23 22 22 22 21 21 21 21 21 21 20 19 18 19 20 21 21 21 20 18 17 18 18 18 17 18 19 18 17 17 18 19 18 18 18 17 18 18 18 18 19 20 20 18 17 18 18 20 20 21 21 20 20 19 19 19 19 19 19 19 20 21 21 21 21 21 21 21 20 20 19 17 16 16 19 21 22 26 31 27 21 18 18 19 18 17 19 21 20 20 20 20 19 19 19 20 20 19 19 19 21 21 20 21 22 20 19 20 20 20 22 22 22 21 20 20 21 20 19 20 21 20 17 15 15 14 14 14 15 16 17 17 17 16 16 17 
10 10 9 11 11 7 9 9 8 9 10 8 9 10 7 11 24 29 22 15 6 1 0 1 2 1 1 1 1 0 1 1 1 0 1 3 11 21 28 32 33 32 19 7 5 6 6 7 6 6 7 9 16 36 65 85 71 41 20 13 12 11 10 10 11 11 11 10 9 9 9 9 9 9 9 9 10 10 11 11 11 10 9 10 10 10 10 9 9 9 10 9 9 9 9 9 8 9 10 11 11 11 10 10 11 11 12 12 11 11 11 12 12 12 11 11 11 11 11 11 11 11 11 10 10 10 10 10 10 11 12 13 12 11 10 10 12 12 11 10 11 11 11 10 11 11 11 11 10 10 10 10 10 10 10 10 10 10 9 10 10 11 11 11 11 11 11 11 11 12 13 12 12 11 11 10 10 10 10 10 10 10 11 11 10 9 9 9 10 11 13 20 27 21 14 11 11 13 12 11 12 12 11 12 12 11 10 9 10 11 10 9 9 10 10 10 10 9 10 9 9 10 10 10 11 11 11 10 9 8 8 9 8 8 8 8 7 7 7 7 7 7 8 8 9 8 9 10 10 10 
7 6 6 8 8 6 6 6 5 6 6 5 7 6 6 8 16 31 38 30 21 8 2 1 1 1 1 1 1 1 1 1 1 1 1 1 1 5 14 24 31 32 25 14 7 6 7 7 7 7 7 7 9 18 35 56 76 80 49 20 9 8 7 7 7 7 7 6 6 5 5 6 6 6 6 5 5 6 6 6 6 5 5 4 4 4 4 4 5 6 6 5 5 6 6 6 6 6 6 7 8 8 7 7 7 8 8 8 8 8 9 9 9 9 8 8 8 8 8 8 8 9 9 8 8 8 8 7 7 8 8 9 9 7 7 7 9 9 7 8 9 10 10 9 8 8 9 9 8 7 7 7 7 7 7 7 7 7 7 7 7 7 7 7 7 7 7 8 9 9 9 9 8 8 8 8 8 8 8 8 8 8 8 8 8 8 8 9 9 8 10 16 22 19 13 10 9 10 9 9 9 9 9 8 8 9 9 8 7 8 9 8 8 9 9 9 9 9 10 9 8 9 10 9 8 9 9 8 8 7 7 8 9 9 9 8 8 8 8 8 8 8 9 9 9 8 9 10 10 10 
7 8 9 10 8 7 6 7 7 8 8 7 9 7 7 8 13 26 38 37 35 24 13 6 2 1 1 1 1 1 1 1 1 1 1 1 1 1 3 9 15 23 27 20 10 7 7 7 7 7 7 6 7 12 23 33 51 74 69 52 33 17 10 9 8 7 7 6 6 6 6 6 7 7 6 6 7 8 8 9 8 7 6 6 7 7 6 6 7 8 7 7 7 7 8 7 7 7 9 11 12 12 11 12 10 10 10 10 11 12 14 12 10 10 10 10 10 9 10 10 11 11 11 11 11 10 10 10 10 10 10 9 9 8 8 8 9 9 7 7 9 10 10 9 8 8 9 9 9 8 8 8 9 9 8 8 8 7 7 7 7 7 7 7 7 7 7 8 9 9 8 7 7 8 8 8 8 8 8 8 8 8 9 9 9 8 9 9 9 8 9 12 15 14 11 9 8 9 8 8 9 9 10 9 8 10 14 13 9 8 8 8 8 9 9 9 8 8 9 8 7 8 8 7 7 8 9 9 9 9 8 7 9 10 10 8 8 9 8 8 8 9 9 9 9 8 8 8 8 9 
9 10 11 11 10 10 8 9 10 10 9 8 9 10 9 9 14 25 35 37 38 37 32 24 15 7 3 1 1 0 1 1 1 0 1 1 1 1 1 1 3 9 16 20 15 8 6 6 7 7 7 7 6 7 13 23 33 51 56 61 66 55 29 18 11 7 6 7 8 8 8 10 11 9 7 8 9 10 11 11 11 10 9 10 10 10 9 9 10 10 10 9 8 8 8 8 7 9 11 13 14 15 16 16 16 17 19 20 19 19 19 18 16 15 15 14 13 12 12 12 12 12 12 12 11 11 11 11 11 10 9 9 9 8 8 9 9 9 9 8 8 17 19 9 7 7 7 8 8 8 8 7 8 8 8 9 9 8 7 7 7 7 7 7 7 7 7 8 8 8 7 7 7 7 8 8 9 8 8 9 9 9 9 9 9 9 9 9 9 9 9 8 10 11 11 10 10 11 11 13 13 11 12 12 10 15 22 19 12 9 9 9 8 9 8 7 7 8 9 9 8 8 8 8 8 9 9 9 10 10 9 7 8 11 11 8 7 9 8 8 8 8 8 8 8 7 7 7 7 7 
10 10 10 10 10 10 10 11 11 10 10 10 11 12 12 11 13 22 33 37 40 38 36 34 29 22 17 8 2 0 1 1 1 1 1 1 1 1 1 1 1 1 3 10 13 11 7 6 7 8 9 9 9 9 8 12 22 43 47 49 65 68 64 56 41 29 20 14 12 12 11 12 15 13 11 12 12 12 13 13 13 13 12 11 12 12 10 11 12 12 11 11 11 11 10 10 10 10 11 12 12 13 14 13 13 15 18 19 19 18 18 18 17 16 17 16 16 15 15 14 15 15 14 13 12 11 11 11 11 10 9 9 10 9 9 11 11 10 11 10 11 24 30 14 10 11 10 12 11 11 10 9 12 11 13 16 17 15 14 15 16 16 16 18 18 18 19 22 24 25 25 25 25 25 25 27 29 27 27 30 31 32 37 41 42 42 46 46 48 51 51 46 49 58 58 56 59 63 63 70 69 62 61 60 56 63 73 65 51 41 35 31 27 24 19 15 12 9 9 7 7 8 8 7 8 9 9 9 9 9 8 6 7 10 10 8 7 8 7 8 8 7 7 7 7 7 7 7 7 7 
10 10 10 10 10 10 10 11 11 12 12 12 12 12 14 13 12 16 26 36 35 33 34 37 38 36 33 23 14 6 2 1 1 1 1 1 0 1 1 1 0 1 1 2 4 6 6 5 6 8 9 11 11 11 10 8 12 27 44 50 49 52 64 66 65 62 53 41 32 23 14 10 11 12 11 13 12 12 13 13 13 12 12 11 12 13 12 12 13 13 12 12 13 14 14 13 13 14 16 16 16 17 19 19 16 15 17 18 19 21 24 30 32 31 30 30 31 32 34 35 37 39 41 41 39 35 36 39 39 36 36 38 42 42 43 46 48 47 49 53 50 61 78 65 53 59 62 65 61 63 63 63 72 70 72 78 81 79 80 83 87 87 86 92 95 92 91 95 97 100 105 101 103 102 100 105 105 102 103 108 108 102 105 114 111 107 111 114 115 121 124 117 114 135 136 121 123 127 125 130 134 126 125 126 119 126 136 130 118 115 118 114 109 102 91 81 70 54 44 38 32 25 18 14 10 8 7 8 8 9 9 10 10 9 7 8 9 9 9 9 8 8 8 8 9 9 9 9 9 9 
11 10 10 11 11 10 10 10 10 12 12 11 10 9 12 13 12 12 19 28 30 30 32 34 34 30 26 23 21 16 9 3 1 1 1 1 1 1 1 0 0 1 1 1 1 2 2 4 6 8 10 11 13 13 12 12 14 20 42 65 65 69 72 73 80 88 89 83 75 67 51 36 35 36 37 38 40 42 42 43 43 42 41 43 47 49 49 50 52 50 54 58 60 62 64 65 65 68 72 74 74 79 87 90 84 81 82 81 82 87 92 101 104 99 95 96 100 99 98 96 94 97 103 106 106 104 105 108 110 109 109 110 109 106 108 114 118 117 117 120 109 111 123 130 116 123 120 121 114 117 117 115 126 120 120 124 124 121 121 125 130 128 126 130 133 125 122 125 123 126 136 128 129 132 126 129 131 128 128 131 133 131 136 139 132 126 126 127 122 125 130 133 123 135 138 127 127 129 127 126 134 132 130 139 137 141 148 148 146 145 143 143 145 147 146 142 137 127 119 119 117 100 84 73 56 40 25 17 13 10 9 10 12 11 10 10 10 9 11 10 10 10 10 10 11 12 12 12 12 12 
11 10 11 12 11 11 14 12 10 10 12 13 14 11 12 14 14 14 18 24 28 27 24 22 21 19 18 16 14 13 12 10 6 3 1 1 1 1 1 1 1 1 1 2 2 2 3 5 10 12 14 16 18 19 18 23 23 20 41 88 109 113 120 120 117 120 122 123 121 127 119 106 105 108 110 113 113 114 115 117 116 115 113 113 118 122 122 124 127 123 120 120 119 119 121 124 127 128 130 129 123 125 131 131 129 129 130 128 125 127 130 127 125 122 119 127 133 126 126 128 125 128 133 132 126 128 131 128 131 135 134 129 127 127 126 126 125 120 112 123 124 117 105 133 127 130 127 138 131 134 132 124 127 124 127 127 125 121 121 124 126 124 122 125 127 120 117 123 123 122 130 126 123 126 122 121 126 125 121 121 128 127 122 114 115 124 122 124 113 116 118 129 119 106 111 114 108 108 118 117 124 130 127 135 137 138 137 136 134 136 141 140 140 142 146 151 152 146 140 142 145 143 148 152 142 125 106 86 62 41 28 16 11 9 8 9 12 13 11 11 11 11 12 11 11 12 12 12 12 11 
11 10 11 12 12 12 10 11 14 20 25 27 27 31 27 23 20 19 19 22 22 22 21 21 21 20 20 22 19 16 16 20 21 18 15 7 2 1 2 3 2 2 3 4 3 4 5 6 12 16 20 22 23 25 25 26 26 21 35 82 126 135 128 124 121 125 131 136 137 129 125 125 125 124 124 126 127 127 130 131 131 128 126 122 124 127 125 127 131 128 132 133 127 123 124 128 133 137 141 139 129 128 130 126 127 131 133 133 130 129 130 130 129 125 124 134 133 110 101 104 106 115 126 125 116 120 123 118 119 124 122 116 116 121 119 116 115 109 96 111 121 111 83 122 119 121 105 106 103 114 119 115 118 114 119 118 118 117 118 119 118 114 115 120 121 117 122 122 117 114 115 123 111 109 115 112 115 116 112 108 115 119 113 94 106 126 114 119 106 109 102 104 108 90 89 97 78 78 105 109 113 128 121 116 124 125 124 124 122 125 133 128 120 115 116 122 127 131 135 134 132 140 149 154 154 154 157 158 147 129 113 84 45 22 13 9 9 11 12 12 12 13 14 12 11 11 11 11 11 11 
12 12 12 13 15 16 23 36 56 74 80 75 68 54 43 36 33 30 27 27 23 25 29 30 29 26 24 25 30 33 30 33 44 56 42 21 7 3 3 4 3 5 5 3 2 3 4 4 8 12 18 21 21 22 23 22 22 21 23 43 85 115 121 118 114 113 112 109 104 108 112 115 114 114 114 113 117 120 122 123 123 121 120 117 120 120 116 118 122 120 120 119 115 111 111 113 116 115 117 118 113 114 117 114 113 117 119 120 119 121 124 123 120 114 113 121 108 73 70 78 74 82 99 112 116 117 119 121 121 117 115 114 110 108 110 108 111 108 94 89 83 75 54 93 82 89 80 78 78 91 103 105 111 107 108 109 109 112 113 114 110 105 105 105 97 92 101 98 97 94 92 112 86 77 95 94 88 89 90 86 85 92 94 71 87 102 76 84 72 73 62 49 72 77 69 75 56 56 96 103 98 118 113 103 111 115 118 125 122 121 127 123 116 109 109 115 110 100 114 117 126 147 150 143 149 145 143 145 148 151 157 158 134 110 84 47 15 7 12 11 11 13 14 12 11 10 10 10 10 10 
14 15 15 15 18 21 28 34 40 42 41 39 38 39 37 40 47 47 43 43 43 40 35 30 27 28 29 25 25 24 21 20 20 19 24 20 10 4 2 2 2 2 2 2 2 3 3 2 3 7 14 17 17 17 18 20 19 20 16 16 46 88 103 100 93 89 86 81 77 79 81 83 86 94 102 103 103 104 106 107 106 105 103 105 108 107 101 103 107 107 108 108 107 106 105 104 105 105 108 111 108 108 109 105 102 102 104 103 103 107 112 109 104 99 103 116 101 59 62 67 49 45 57 77 94 93 94 103 100 89 88 94 100 102 103 99 99 94 79 72 62 54 43 83 62 77 81 81 74 80 86 84 88 88 93 93 94 97 97 95 95 96 93 84 67 58 63 59 60 59 55 79 51 39 60 60 49 49 55 51 45 54 65 46 63 73 44 56 48 49 39 20 51 81 68 67 46 43 89 95 82 99 101 95 100 99 100 105 101 103 118 118 114 108 105 109 116 127 124 106 107 139 142 129 137 141 143 143 142 144 144 145 154 151 151 134 75 31 9 8 7 9 10 10 9 8 8 8 8 9 
11 10 10 9 7 6 7 7 7 7 8 10 11 13 15 19 24 30 37 42 46 47 51 54 56 51 45 35 25 15 10 8 9 10 11 14 15 12 8 5 2 1 1 1 1 1 1 1 1 2 6 12 15 14 17 15 13 14 16 14 18 39 73 84 73 61 63 72 71 74 67 65 69 75 83 81 77 89 90 82 85 85 88 88 84 94 88 90 92 87 90 92 93 91 91 93 92 94 86 92 98 88 97 98 86 93 90 85 96 89 91 95 92 81 89 89 86 57 46 57 39 51 76 60 63 62 56 67 88 100 98 93 89 85 81 86 92 82 61 60 67 61 35 56 64 73 92 94 88 77 54 56 73 81 84 86 81 78 82 83 82 87 83 56 31 30 43 50 55 48 37 54 74 40 52 47 53 44 72 71 51 51 60 37 65 53 34 56 38 50 49 24 42 49 54 57 38 37 64 83 80 82 84 81 88 88 88 93 89 92 105 99 110 107 98 120 121 123 121 96 88 132 125 125 133 137 138 135 131 131 129 140 147 140 134 152 153 131 46 15 11 9 7 8 9 10 8 8 8 8 
10 9 9 9 8 8 10 10 10 9 8 8 7 8 7 6 6 6 6 7 10 12 15 20 26 29 29 29 30 34 36 36 32 27 21 28 35 30 20 13 9 3 2 1 1 0 1 1 1 1 3 6 7 8 11 12 10 9 10 9 9 16 35 57 64 47 47 60 61 64 55 50 57 66 72 68 64 70 69 66 72 73 70 70 69 76 70 74 76 73 74 73 74 73 72 74 74 73 69 74 78 71 76 75 73 79 76 73 79 75 74 73 74 70 79 76 67 45 41 45 42 53 38 40 55 48 37 34 52 63 45 47 58 52 56 59 43 49 55 55 53 58 41 52 62 57 43 34 34 33 34 55 67 69 70 65 67 68 63 62 65 64 70 60 30 32 45 54 55 39 36 40 56 39 42 31 36 30 50 50 38 36 43 28 45 40 26 41 31 41 43 30 44 42 39 37 33 36 51 66 64 65 73 72 77 82 77 85 89 83 94 93 96 86 78 99 102 112 112 89 79 114 112 113 117 123 128 129 129 132 139 133 87 69 74 84 102 143 111 38 14 11 9 8 8 9 9 10 9 8 
9 8 8 9 9 9 13 14 14 14 12 10 9 8 7 6 5 5 6 7 5 5 6 6 5 5 6 6 6 9 14 18 21 21 29 33 37 41 40 32 20 9 7 5 2 1 0 1 1 1 1 3 4 5 7 8 8 7 7 7 7 7 11 29 45 32 31 42 44 49 41 34 41 49 49 46 47 48 46 47 53 54 49 50 53 57 49 57 58 56 63 59 61 63 58 62 62 59 60 62 63 63 62 62 65 66 63 62 63 63 62 61 66 64 68 67 59 49 44 48 41 32 18 27 54 52 29 27 36 27 22 24 22 23 25 24 24 28 39 42 30 39 42 45 40 32 28 28 29 30 34 55 56 43 46 45 45 56 59 57 56 57 60 54 46 46 50 52 45 38 45 43 48 37 43 43 47 40 55 53 47 41 49 39 47 50 36 46 40 39 43 42 46 40 37 34 42 45 45 55 50 46 58 59 61 71 60 70 80 66 75 86 90 77 76 102 100 103 108 90 78 102 107 112 115 120 124 125 125 127 125 79 20 14 28 23 18 45 61 38 20 13 9 10 15 12 9 8 9 10 
10 10 9 9 8 8 11 12 13 14 14 14 13 16 14 11 9 7 6 6 5 5 6 6 5 5 5 5 4 3 2 2 2 2 3 4 6 10 15 16 13 11 13 13 9 5 3 1 1 1 1 2 2 3 4 6 6 6 6 6 7 6 5 12 23 22 23 28 29 32 29 25 31 36 33 36 38 35 36 38 38 41 39 38 43 45 35 44 45 43 49 41 43 47 40 44 46 42 47 44 42 49 46 47 52 47 48 50 44 49 49 47 54 50 47 52 48 53 41 50 49 40 40 33 43 56 44 47 53 34 42 43 33 42 41 37 47 46 52 53 31 22 16 23 22 34 47 40 41 46 36 46 44 32 37 38 32 41 46 44 43 45 42 34 44 44 42 42 40 42 43 48 45 39 48 47 48 41 44 41 41 33 41 36 35 41 32 34 33 26 29 35 29 27 31 29 35 34 25 33 33 28 37 37 37 46 34 42 52 41 54 73 80 66 67 91 85 86 96 89 79 90 102 108 114 119 121 120 118 118 117 72 14 11 33 28 12 29 53 64 52 37 20 8 9 9 9 9 9 9 
9 10 11 10 9 8 8 9 9 10 11 11 12 14 13 11 10 9 8 7 6 7 7 6 4 3 3 2 2 2 3 3 3 3 3 3 4 3 2 3 5 10 15 19 20 16 10 5 2 1 1 1 1 2 3 4 5 5 4 5 6 6 5 5 9 16 21 22 23 23 22 19 24 26 21 27 27 22 27 28 22 26 30 25 30 30 20 29 30 28 35 27 29 34 26 30 33 28 35 29 25 36 32 35 40 31 36 39 29 37 40 33 40 39 31 41 37 41 41 39 37 39 40 37 36 30 35 34 32 39 35 35 37 31 37 39 25 30 37 28 27 25 10 23 21 29 42 30 31 38 21 24 33 34 39 35 31 33 20 22 29 24 27 28 18 25 34 23 28 30 16 28 23 24 38 39 37 33 30 26 30 24 30 29 24 30 23 22 21 11 16 23 15 15 21 18 18 16 9 16 21 18 24 24 22 29 20 24 31 25 39 54 61 50 48 64 59 66 77 77 71 73 88 94 100 106 112 115 118 120 119 83 42 37 55 57 46 75 101 113 107 105 80 40 23 11 10 11 10 9 
9 11 11 11 10 9 10 9 9 8 9 9 9 8 7 8 9 11 11 10 10 10 9 8 6 4 3 3 3 3 3 3 3 4 5 5 4 4 4 5 7 11 15 19 22 22 20 15 8 5 2 1 1 1 2 3 4 5 4 4 5 6 5 3 4 10 17 19 20 22 21 17 19 18 9 14 15 10 15 15 9 13 18 13 18 17 10 17 16 14 20 13 14 19 12 16 18 13 21 15 12 22 16 18 22 13 19 23 11 18 22 14 23 24 15 26 21 18 28 17 15 25 11 23 26 12 28 18 12 36 15 18 26 10 20 28 4 14 26 10 18 29 11 26 24 16 23 18 18 25 9 14 26 33 36 28 31 34 12 17 25 12 20 28 5 13 28 14 25 27 14 31 18 17 30 38 34 33 28 26 32 27 31 30 27 30 25 24 24 13 19 27 18 20 21 20 21 19 13 17 23 21 23 25 24 29 24 25 29 26 32 40 48 43 40 53 49 54 60 63 59 55 73 77 81 89 98 104 112 119 123 117 107 103 106 107 105 131 120 130 138 149 148 124 96 50 24 11 10 14 
10 11 11 10 9 10 10 10 10 10 9 9 9 9 8 7 8 9 9 8 10 10 9 9 10 9 8 5 3 3 3 3 4 5 3 2 2 4 6 7 8 12 16 19 19 20 21 20 18 14 9 4 2 1 2 3 3 4 5 5 5 6 6 5 5 7 10 14 17 21 21 15 18 20 10 14 15 9 14 14 8 12 18 12 17 16 8 16 14 11 17 10 12 16 9 13 15 10 18 13 9 20 12 11 16 9 16 19 5 12 16 9 17 17 8 20 17 11 20 12 13 27 10 20 26 14 25 19 12 26 17 19 21 15 20 23 12 17 25 18 20 29 15 26 24 20 26 21 25 32 14 21 28 26 34 29 28 39 23 26 36 27 34 38 23 30 39 28 36 35 27 51 29 29 33 38 32 35 29 27 34 30 30 29 29 29 26 26 31 22 26 31 23 28 24 24 28 27 25 25 28 28 26 26 25 29 28 27 29 30 30 30 36 34 30 42 40 45 45 45 43 37 57 60 62 68 75 79 83 88 89 96 104 106 101 103 100 114 108 121 132 123 131 163 165 136 81 38 19 16 
10 10 10 9 9 9 9 9 9 9 9 9 9 10 9 8 8 9 9 8 8 8 7 7 8 8 8 8 7 6 4 3 2 2 3 3 4 5 6 8 10 14 17 19 18 17 17 18 21 21 16 12 9 6 4 3 3 3 5 5 5 6 5 5 5 5 7 11 14 18 19 15 19 23 17 21 21 16 19 19 14 18 24 18 21 20 15 20 19 15 21 16 19 21 15 18 21 16 22 20 18 24 17 17 21 16 22 27 16 20 25 19 24 25 18 26 26 22 28 24 24 29 20 27 34 28 31 31 27 32 32 32 29 29 31 29 28 27 31 28 24 30 26 31 28 26 29 26 30 37 25 31 31 24 32 29 24 35 34 33 39 41 39 37 44 45 42 40 40 38 35 45 34 39 37 37 35 36 32 31 35 31 30 29 29 29 28 27 31 28 28 28 24 27 24 24 26 27 27 25 26 27 25 23 21 24 26 25 25 27 29 26 30 27 19 28 30 35 36 34 31 29 43 46 48 51 55 56 53 49 47 51 53 55 56 63 65 75 85 98 109 98 102 136 157 171 150 107 62 22 
8 8 8 8 8 8 8 8 8 8 7 7 7 9 8 7 8 8 8 8 8 7 7 7 7 7 7 7 7 7 6 5 4 3 3 3 4 6 8 11 13 16 17 17 17 17 17 18 18 18 16 17 17 14 11 7 5 4 3 4 5 5 5 4 4 5 5 7 11 17 21 18 18 21 21 21 20 20 21 20 19 20 24 21 19 20 20 22 22 18 17 16 20 18 18 21 24 22 22 28 27 23 23 27 28 25 22 26 27 25 27 26 25 27 28 28 29 31 32 32 31 31 32 34 38 36 33 33 34 35 35 34 32 32 32 32 31 31 32 30 28 30 28 29 30 27 27 26 26 28 28 31 27 24 26 25 24 29 36 37 38 42 41 42 44 44 43 42 42 46 46 37 37 38 34 34 36 34 32 34 32 30 31 30 28 29 30 26 25 28 27 26 25 25 25 26 25 24 23 22 22 22 23 24 22 22 24 25 24 24 27 26 29 27 18 26 27 29 33 29 23 26 33 37 37 39 43 44 39 30 28 33 36 38 39 42 49 56 66 82 92 89 90 106 121 137 154 153 129 52 
8 8 8 8 8 9 9 8 8 8 8 7 7 9 9 8 8 8 9 9 8 8 8 8 7 7 6 5 5 6 6 6 6 5 4 5 7 10 13 14 14 15 15 14 15 15 17 18 17 15 14 16 17 17 16 14 11 8 6 4 4 4 4 4 4 4 4 4 6 16 21 18 18 21 20 19 19 20 21 20 19 20 23 20 20 21 20 20 21 19 15 13 18 15 17 21 22 24 27 31 27 24 28 40 52 56 58 57 54 51 47 48 50 50 48 45 44 44 42 41 40 40 40 42 46 45 41 39 39 39 38 37 36 35 33 33 34 34 32 30 29 30 28 28 28 25 27 29 28 30 29 31 26 22 23 23 23 27 33 36 38 41 44 46 47 45 46 45 42 44 45 38 38 40 36 36 37 34 32 33 31 30 32 31 29 30 31 28 26 27 27 27 26 25 25 25 24 23 23 23 23 23 24 26 26 23 21 24 25 25 26 23 23 21 14 18 19 20 21 17 14 18 26 31 30 32 34 34 34 32 33 37 39 40 41 45 49 53 60 69 74 72 74 84 93 100 113 134 147 76 
9 8 8 8 8 9 9 8 8 8 8 8 7 8 8 7 7 7 8 8 8 8 8 8 8 7 6 7 8 8 8 7 6 5 7 7 8 9 10 11 12 12 11 11 11 12 13 15 16 15 13 14 15 15 15 14 14 14 13 10 6 4 4 3 4 5 4 3 4 11 15 13 15 20 19 18 19 20 21 20 18 17 18 20 22 23 20 18 19 20 14 12 17 12 13 16 15 16 17 17 12 10 15 24 36 57 91 106 102 103 107 105 104 104 99 94 91 90 94 96 93 88 83 82 84 83 78 73 69 68 67 65 64 61 56 55 54 53 49 44 41 41 39 36 34 32 30 26 26 27 26 26 21 18 20 19 17 19 25 27 31 36 40 44 46 46 47 47 43 42 45 39 39 40 37 37 36 34 33 33 32 31 31 31 29 30 31 29 26 26 26 27 26 25 24 24 23 23 23 23 23 23 23 25 27 23 20 25 26 25 26 21 19 15 9 9 9 9 10 8 8 13 21 27 29 30 30 29 30 32 34 34 33 33 35 38 40 42 45 48 49 49 51 56 62 72 81 97 108 60 
14 14 13 13 14 15 14 14 14 14 13 13 13 14 13 12 12 13 13 13 14 14 13 13 13 14 14 14 14 14 14 14 13 12 13 11 8 6 5 6 6 8 9 9 10 11 11 12 12 12 12 12 13 13 13 13 13 15 15 13 11 9 5 3 3 4 5 5 4 6 7 7 10 17 19 19 18 18 18 17 14 12 11 13 15 16 13 12 16 20 14 12 17 12 14 18 15 14 11 7 3 2 2 4 7 19 48 64 62 65 72 75 78 81 84 85 88 92 94 96 98 100 102 108 115 114 110 107 107 110 113 114 111 109 106 101 95 92 91 92 92 91 87 80 74 72 71 63 54 47 43 47 45 34 27 23 19 21 25 25 28 30 30 32 35 34 31 31 33 35 44 43 40 37 34 35 34 33 33 32 31 30 29 29 27 27 29 27 25 25 25 26 25 24 23 23 23 23 22 22 22 22 22 23 24 21 21 27 24 20 22 23 22 18 14 13 14 14 14 15 15 17 21 25 26 28 28 27 26 28 29 28 27 26 28 30 30 31 33 32 33 34 36 38 40 44 47 49 44 25 
22 21 20 20 21 22 23 23 23 23 22 22 22 22 21 20 20 21 21 21 20 19 18 18 19 20 21 18 18 18 19 20 20 20 20 18 14 11 8 7 6 6 7 8 9 10 10 10 10 10 10 11 11 12 11 12 12 13 13 14 14 15 11 7 3 3 4 4 3 4 4 4 7 14 17 18 18 18 17 15 13 11 10 11 12 12 10 10 14 18 14 12 17 13 16 19 17 18 18 14 10 7 4 2 2 4 10 13 12 13 14 16 17 19 21 22 24 26 28 29 32 35 39 43 48 51 52 53 58 65 72 75 83 92 97 99 99 103 111 113 111 115 119 118 116 123 125 115 109 106 98 99 89 85 92 86 80 81 84 81 72 63 60 62 67 61 48 33 20 19 27 30 31 33 32 32 32 33 33 30 29 28 27 27 25 24 26 25 24 24 24 24 23 23 22 22 22 22 21 21 20 20 21 22 22 20 22 25 20 16 17 22 24 22 23 22 25 23 23 25 25 23 23 24 24 25 27 26 26 26 27 26 25 25 25 26 27 27 27 27 27 29 30 31 32 34 32 28 24 19 
16 16 15 15 15 16 17 17 17 17 17 17 17 16 15 14 14 15 16 16 14 13 13 13 13 14 14 16 16 16 16 17 16 16 16 16 15 13 11 9 8 7 6 7 7 7 8 8 9 9 10 10 10 10 9 9 10 11 13 13 13 13 15 12 8 6 4 2 2 2 3 2 5 11 15 16 18 18 17 16 15 14 13 14 16 16 13 12 14 16 15 13 16 14 15 16 14 16 16 15 12 9 7 5 4 4 3 4 5 5 5 5 5 5 5 4 3 3 4 4 5 5 5 6 6 7 7 8 10 13 15 16 19 23 25 28 31 34 39 43 46 51 58 63 66 76 84 85 94 106 106 105 89 89 110 122 122 118 117 115 116 119 122 130 134 115 90 63 35 21 19 18 19 22 24 26 27 31 32 29 29 28 26 26 24 22 23 23 22 23 22 22 21 21 21 21 20 20 20 19 20 20 20 21 20 20 21 22 19 17 16 20 20 19 23 20 24 22 21 23 25 23 22 23 23 24 25 26 27 26 25 24 25 24 23 23 24 26 26 26 26 26 26 26 26 25 24 23 21 22 
14 15 14 14 14 14 14 14 14 14 14 14 14 15 14 13 13 14 14 14 14 14 15 15 14 14 13 14 14 14 14 14 14 14 13 13 13 14 14 14 14 11 10 8 7 7 6 7 7 7 8 8 8 9 10 10 9 9 10 10 11 11 11 11 12 12 8 5 4 2 2 1 3 9 13 15 16 15 15 15 15 15 15 13 14 15 14 14 15 15 15 13 15 14 15 14 14 15 14 11 7 5 5 6 6 5 6 9 8 5 4 4 3 4 4 4 4 4 4 3 3 3 2 2 2 3 3 3 3 3 3 3 3 3 3 3 3 4 4 5 5 7 9 10 10 13 18 19 22 26 31 38 37 47 76 103 114 106 101 103 106 110 120 128 120 91 63 44 27 19 20 19 16 15 14 15 17 23 28 26 27 27 26 26 23 21 22 22 22 22 21 20 20 20 20 19 18 18 18 19 20 20 20 19 19 20 21 20 21 23 21 20 17 16 22 18 21 20 18 19 21 20 20 22 22 21 21 23 23 21 20 20 21 21 19 18 21 23 24 24 24 24 23 22 20 17 19 19 16 16 
19 20 18 17 16 17 17 17 17 17 17 17 18 18 18 18 18 18 18 20 19 18 17 17 17 18 19 17 17 17 17 17 17 17 15 15 15 16 16 16 16 15 15 14 13 11 9 7 6 6 6 6 6 7 7 8 8 8 9 10 10 10 8 8 9 9 9 9 9 6 3 2 1 3 8 13 13 13 12 11 12 13 12 10 11 13 13 12 12 13 14 13 13 13 13 12 12 10 7 5 4 5 5 5 8 10 11 10 7 5 5 3 3 5 7 7 6 4 3 3 3 3 3 3 2 2 1 2 2 3 4 4 4 4 3 3 3 3 3 3 4 3 3 3 3 4 4 4 5 6 7 10 12 18 27 35 46 36 38 33 32 35 40 43 39 34 35 32 25 24 20 16 15 16 15 11 7 9 17 21 21 21 21 22 19 22 23 19 19 18 18 18 18 18 18 18 17 17 17 17 18 18 18 18 17 18 19 18 24 31 28 18 16 17 17 17 18 18 18 18 18 18 18 19 20 19 19 19 19 19 19 19 22 22 19 17 18 20 20 21 21 21 19 18 16 14 14 15 15 16 
25 26 25 23 23 23 22 22 21 22 22 23 23 22 23 23 23 22 22 22 22 21 20 19 20 20 21 21 21 21 21 22 22 22 21 21 22 22 22 22 22 21 22 22 22 21 19 17 13 10 8 5 4 5 5 7 7 6 6 7 7 7 8 8 7 7 7 7 7 9 8 5 3 2 3 5 9 11 11 10 11 12 11 10 10 12 11 11 11 11 12 12 12 11 11 11 10 7 5 5 6 7 9 10 9 7 5 4 3 4 4 7 9 10 9 6 4 3 3 4 3 3 2 2 2 1 1 1 1 2 2 2 3 3 3 2 2 2 3 3 3 3 3 3 4 4 4 4 5 5 6 7 8 9 9 10 17 11 12 9 10 12 16 23 27 32 41 57 70 74 78 80 80 78 81 81 65 61 50 33 22 16 19 19 16 18 19 16 16 16 16 16 16 16 16 16 16 16 16 16 16 16 17 17 16 17 17 15 20 24 20 16 15 16 16 14 14 14 15 15 16 16 16 16 16 16 17 17 18 18 19 19 20 20 18 16 17 18 19 19 19 18 18 17 17 18 18 18 18 17 
26 28 28 27 26 26 26 25 25 25 26 27 27 26 27 28 28 26 25 25 27 28 28 28 28 28 28 24 23 23 23 24 24 24 23 23 23 23 22 22 22 22 22 24 25 25 24 24 26 24 19 14 11 10 11 8 6 5 4 4 4 4 6 6 6 6 6 6 6 8 9 9 6 4 4 4 6 8 9 9 8 9 9 10 10 10 9 9 9 10 10 10 10 10 9 9 9 7 7 8 9 9 10 12 10 7 6 5 6 7 9 10 10 9 6 4 3 3 3 3 2 2 1 1 2 2 2 1 1 1 2 2 3 3 3 3 3 3 3 3 3 3 4 4 5 6 5 5 6 6 6 6 7 8 8 7 12 13 25 32 43 52 59 71 83 92 105 113 112 116 127 142 147 141 143 144 144 152 112 68 45 18 17 18 14 16 16 15 16 14 14 13 13 14 14 14 14 14 14 14 14 14 14 15 14 15 14 12 14 16 14 13 11 11 13 13 12 12 13 14 14 15 15 15 15 16 17 17 17 18 17 16 14 13 13 13 14 16 16 15 14 14 14 15 16 18 18 17 17 16 
28 30 31 31 30 29 31 30 30 29 29 30 30 30 31 31 30 29 28 28 26 26 27 28 27 27 26 26 26 25 25 26 26 27 26 26 26 25 25 25 24 23 24 25 26 26 25 24 25 26 26 24 21 20 19 17 15 11 9 7 5 4 5 5 4 5 5 6 6 5 6 7 8 7 6 6 5 5 8 7 6 7 7 8 9 8 8 8 8 9 9 8 8 8 8 8 8 8 9 9 9 9 8 8 9 10 9 10 12 12 12 9 7 5 3 3 3 3 2 1 1 1 1 1 1 2 2 2 1 1 2 2 3 3 3 3 3 3 4 3 4 4 4 5 5 6 5 5 6 7 7 6 6 7 8 6 7 14 52 82 91 89 90 96 101 101 106 112 110 103 105 112 115 117 120 116 129 158 127 93 76 20 13 15 13 14 14 14 14 13 13 12 12 13 13 13 13 13 13 13 13 13 13 12 12 12 12 10 11 13 13 12 8 7 11 14 13 13 13 14 15 15 15 15 15 15 16 16 15 14 15 16 14 13 15 18 20 20 20 20 19 19 19 20 20 20 20 20 20 19 
26 27 28 29 28 27 28 28 27 26 25 25 25 26 26 25 23 22 22 24 23 24 25 25 25 24 23 24 24 23 24 24 24 25 26 26 25 25 25 24 24 24 24 25 25 25 25 24 23 24 25 25 24 24 25 28 26 22 17 13 9 6 4 4 4 4 4 5 5 5 4 4 6 6 6 5 4 5 7 6 6 6 6 7 7 7 7 7 8 8 8 7 8 8 8 7 7 7 7 6 7 8 8 7 7 7 7 7 8 7 6 7 6 4 3 3 3 2 1 1 1 2 2 2 2 2 2 2 1 1 1 2 1 2 2 3 3 3 3 3 3 3 4 4 5 5 5 6 7 7 6 5 5 5 6 4 3 8 49 78 74 68 67 71 73 73 77 89 95 91 94 96 95 101 115 115 118 134 118 94 87 17 10 12 11 12 12 12 12 12 11 11 11 11 12 12 12 12 12 12 12 12 12 12 11 12 11 11 11 12 13 12 9 8 10 12 12 13 13 13 14 14 13 13 13 13 13 13 13 13 14 15 13 13 17 21 24 24 22 23 23 23 22 22 22 21 21 21 21 20 
12 12 12 13 13 12 14 13 13 12 12 12 12 12 11 10 9 9 10 11 13 13 14 14 14 14 13 13 12 12 12 12 13 13 13 13 12 12 12 12 12 12 12 13 14 14 14 14 16 16 15 14 13 15 17 16 15 14 13 12 10 8 5 4 4 4 4 4 4 4 3 3 4 5 4 4 3 5 6 5 5 6 6 5 5 5 5 6 6 6 6 6 6 6 6 6 6 7 6 5 6 7 7 5 5 4 4 3 3 3 3 4 3 2 2 2 2 2 2 3 3 3 3 2 2 2 2 2 2 2 1 1 1 1 2 2 3 3 3 3 3 3 4 5 5 5 6 6 6 5 4 4 4 3 4 4 2 5 33 49 49 50 51 55 55 56 63 65 60 61 72 78 78 85 99 104 103 107 104 86 87 15 9 10 9 11 11 10 10 9 10 10 10 10 9 10 10 10 10 10 10 10 10 11 11 11 11 11 11 11 10 11 11 10 10 9 10 11 11 11 11 11 11 12 12 12 12 12 13 14 16 17 16 17 20 24 26 26 25 25 25 25 24 24 24 25 25 24 24 24 
5 5 5 6 6 6 6 6 6 6 6 6 7 6 6 6 5 5 6 6 6 6 6 6 6 6 6 6 6 6 6 6 6 7 6 5 5 6 6 6 6 5 6 6 6 6 6 6 6 6 6 6 5 6 6 6 6 6 7 7 7 6 4 4 5 5 5 5 4 4 4 3 3 3 3 3 3 4 4 4 4 4 4 4 4 4 4 5 5 4 4 5 5 5 5 5 5 6 6 5 5 5 4 4 4 4 4 3 3 3 3 3 2 3 3 2 2 2 3 3 3 2 2 2 2 2 2 2 2 2 2 2 1 1 2 2 2 3 3 3 4 4 5 5 5 5 4 4 3 3 2 3 4 4 4 3 2 3 17 27 29 29 31 32 30 31 36 37 28 26 34 45 50 57 64 71 79 78 85 67 72 12 8 7 5 7 8 8 7 7 8 8 8 8 7 7 8 8 8 8 8 8 8 10 9 8 8 9 9 9 8 8 9 10 9 8 8 9 9 9 10 10 10 11 11 11 10 10 11 12 14 17 17 18 19 20 21 21 22 21 19 19 19 19 20 21 21 22 22 23 
6 5 6 6 6 6 5 5 6 6 6 7 7 6 6 7 7 7 7 7 6 6 6 6 6 6 6 6 6 6 6 6 6 7 6 6 6 6 6 6 6 6 6 6 5 5 5 5 5 5 6 6 6 6 6 7 6 6 6 5 5 5 4 5 5 6 6 6 6 6 6 5 4 4 4 4 3 3 3 3 3 3 3 3 3 3 4 4 4 3 3 4 4 4 4 4 4 4 4 5 4 3 3 4 4 4 4 4 3 3 3 3 3 4 3 2 2 2 3 3 2 2 1 1 1 1 1 1 2 2 2 2 2 1 1 2 2 3 3 3 4 4 4 4 3 3 2 2 2 1 2 3 5 6 6 4 3 2 11 21 23 21 23 25 23 23 27 27 18 14 17 25 32 40 44 50 59 61 63 45 49 7 5 5 3 4 5 4 5 5 6 6 7 6 6 6 6 6 6 6 6 6 7 8 7 6 6 7 7 7 7 6 7 7 7 8 9 8 9 9 9 9 9 9 9 8 7 7 7 8 8 8 9 9 9 9 8 9 10 9 7 7 7 7 8 8 8 9 10 10 
6 6 6 6 6 5 5 5 5 6 6 5 5 4 4 5 6 7 6 5 5 5 5 6 6 6 5 5 5 5 6 6 6 6 6 6 6 6 6 6 7 7 6 6 5 5 5 5 5 5 4 5 6 6 6 7 7 7 6 6 5 5 6 6 6 7 7 7 7 7 7 7 5 6 6 6 5 4 4 3 3 3 3 3 3 3 3 3 3 2 3 3 3 4 3 2 3 3 3 3 3 3 2 3 3 3 3 3 3 2 2 2 2 2 2 2 1 2 2 1 1 1 1 1 1 1 1 1 1 2 2 2 2 2 2 2 2 2 2 2 2 2 2 2 1 1 1 1 1 0 2 6 8 6 6 6 4 2 11 21 21 21 21 23 22 20 21 20 15 14 15 18 23 31 34 33 37 45 38 28 29 4 3 4 2 4 4 3 4 4 4 4 4 5 5 5 4 5 5 5 5 5 6 6 5 5 5 6 6 6 6 5 5 6 7 8 9 9 9 8 7 6 7 7 6 6 6 6 6 6 5 6 6 6 6 6 6 6 6 7 6 6 5 5 6 6 6 6 6 6 
5 6 6 6 6 5 5 5 5 5 5 5 5 4 4 5 5 6 6 5 6 6 6 6 7 6 6 6 6 6 6 6 7 7 6 6 6 6 6 6 6 7 6 6 5 5 5 5 5 5 5 6 7 6 5 6 7 7 7 6 6 6 7 7 8 8 7 7 6 6 7 7 6 6 7 7 6 6 6 5 4 4 5 4 4 4 3 3 3 3 3 2 2 2 1 1 2 2 2 1 2 2 1 2 2 1 2 2 2 2 2 1 1 1 1 1 1 1 1 1 1 1 1 1 1 1 1 1 1 1 2 2 2 3 3 2 1 1 1 1 1 1 1 1 1 1 0 1 1 0 2 6 9 8 8 8 5 2 10 19 20 19 19 20 19 17 18 16 12 11 13 16 20 27 28 21 22 29 26 17 19 4 2 3 3 5 3 3 3 3 3 3 3 3 4 3 3 4 4 4 4 5 5 6 5 6 6 6 7 6 6 5 5 7 8 10 9 7 6 6 5 5 6 6 6 6 6 6 7 6 6 6 6 6 6 6 7 7 7 7 7 7 6 7 7 7 6 6 6 6 
6 6 7 7 6 6 7 6 6 5 5 6 6 6 6 6 6 7 7 7 8 8 8 8 8 7 7 7 7 7 7 7 7 7 6 7 6 6 6 6 6 6 5 5 5 5 5 5 5 5 6 7 7 6 5 6 6 7 7 7 6 6 6 6 7 7 6 6 5 5 6 7 5 5 6 6 6 6 6 6 6 6 6 7 6 6 5 4 4 4 4 3 2 2 2 2 2 2 1 1 1 1 1 1 1 1 1 1 1 1 1 1 1 1 1 1 1 1 1 1 1 1 1 1 1 1 1 1 1 1 1 2 3 3 3 1 0 0 1 1 1 1 1 1 1 1 0 0 1 0 2 5 8 8 10 9 6 2 9 18 19 17 18 19 18 17 19 16 11 10 12 15 19 25 25 17 18 24 20 11 15 9 8 5 4 7 4 4 5 4 4 4 4 4 4 4 4 5 5 5 5 6 6 6 6 6 6 7 7 7 5 5 5 7 10 10 9 6 5 4 5 5 5 5 5 5 5 6 6 6 6 6 6 6 6 6 6 6 5 6 6 6 6 6 6 6 6 6 5 6 
7 8 8 8 8 8 9 8 7 7 7 7 7 8 8 7 8 8 8 8 10 10 9 9 8 8 7 7 6 6 6 6 6 6 6 7 7 6 6 6 6 6 6 6 6 6 7 7 6 6 6 7 7 6 5 5 6 6 6 6 6 6 5 6 6 6 7 7 6 6 7 8 6 5 6 7 7 7 7 7 7 7 7 8 7 7 6 6 5 5 6 5 3 3 4 5 6 5 3 3 3 3 2 2 2 2 2 2 2 2 1 2 2 2 2 2 1 1 1 1 1 1 2 2 2 2 2 2 2 1 2 4 4 3 2 1 1 2 2 3 4 4 3 2 2 1 1 1 1 0 1 4 6 6 7 7 5 1 9 17 17 15 16 17 17 17 19 17 11 11 12 15 18 23 26 23 25 27 19 8 13 20 18 6 5 7 4 4 5 5 5 5 5 5 5 5 6 6 6 6 6 6 6 5 5 5 5 6 6 6 5 5 5 7 9 9 7 6 5 4 5 5 4 4 4 4 4 5 5 5 5 6 6 6 5 5 5 5 6 6 6 6 6 6 6 6 5 5 5 5 
8 9 9 8 8 9 9 9 8 7 7 7 8 9 8 8 8 8 8 8 8 9 9 8 8 8 8 8 8 8 8 8 7 7 7 8 7 6 6 7 6 7 7 7 7 7 7 7 7 6 6 6 6 6 6 5 6 6 6 6 6 6 6 6 6 7 7 7 7 6 7 8 7 7 8 9 8 8 8 8 7 6 6 6 6 6 6 5 5 5 6 5 4 4 5 7 8 7 5 4 5 5 4 4 4 4 4 4 4 4 4 4 4 4 4 4 4 4 3 4 4 3 4 5 5 4 4 5 5 4 4 4 4 3 2 1 3 4 4 5 6 7 6 5 4 3 2 2 1 0 1 2 3 3 3 3 2 1 8 16 16 15 15 16 16 15 17 17 13 12 13 16 18 21 24 23 28 26 15 5 11 26 22 5 4 6 4 4 5 5 5 4 4 5 5 5 6 6 5 5 5 5 5 5 5 5 4 4 5 5 5 5 4 5 7 7 5 5 5 5 5 5 4 3 4 4 4 5 5 5 5 6 6 6 5 5 5 5 6 7 6 6 5 6 6 5 5 5 5 5 
8 9 8 8 8 9 9 8 8 7 7 7 8 8 8 8 8 8 8 7 7 8 8 8 7 8 8 8 7 7 7 7 7 7 7 9 8 6 7 8 7 8 8 8 7 7 7 7 7 7 6 7 7 7 6 6 6 6 7 7 6 6 7 7 6 6 6 6 6 5 6 7 7 7 9 9 8 8 8 7 6 6 6 5 5 5 6 5 5 4 5 5 5 4 4 6 6 6 5 5 5 5 5 5 6 5 5 5 5 6 6 6 5 5 6 6 6 5 5 6 6 5 6 8 8 6 6 7 7 6 4 3 3 3 2 1 3 5 5 4 6 7 6 6 7 6 5 4 3 1 1 1 1 1 1 1 1 1 7 13 13 13 13 14 13 13 15 17 15 15 16 17 18 20 21 18 23 20 12 5 10 25 20 5 5 6 5 6 5 5 5 5 6 6 6 6 5 5 5 5 4 5 5 5 5 5 5 5 5 6 6 5 3 3 5 6 5 6 6 6 6 5 5 5 5 5 5 6 6 6 6 6 6 6 6 6 6 6 6 7 6 6 5 6 6 6 6 6 5 5 
8 8 7 6 7 9 9 9 9 9 9 9 9 9 9 8 9 9 8 8 8 8 8 8 7 7 8 8 8 8 8 8 7 7 7 9 9 7 7 9 7 8 8 8 8 8 8 8 7 7 7 7 8 8 7 7 8 8 8 7 7 7 7 7 6 5 5 6 6 6 6 7 7 7 8 7 7 8 9 8 8 7 7 6 6 7 7 6 5 4 4 6 6 4 4 4 5 6 6 6 6 5 5 6 7 7 7 6 6 6 6 6 5 5 6 6 6 5 6 7 6 5 6 9 9 8 7 6 5 5 3 2 2 2 1 1 2 4 3 4 7 7 5 6 8 7 7 7 5 4 3 3 2 1 1 1 1 1 6 10 9 9 9 10 10 10 13 15 16 15 16 16 15 17 20 20 23 16 10 4 7 19 16 6 7 7 6 7 6 6 6 6 7 7 7 7 6 6 6 6 6 7 7 6 6 6 6 7 7 7 7 5 2 1 4 6 7 7 7 7 6 6 7 7 7 7 7 8 8 8 7 6 7 7 7 8 8 8 9 9 9 9 8 8 9 10 10 9 9 8 
8 7 8 8 7 7 9 9 7 9 9 10 11 10 9 9 9 10 9 9 9 9 10 9 9 9 9 9 9 9 9 9 9 9 9 8 7 7 8 8 8 8 9 10 10 8 8 8 7 7 8 8 8 9 9 8 8 8 8 8 8 7 8 8 7 7 7 7 7 8 8 9 9 9 9 8 7 8 8 9 9 9 9 7 7 7 8 8 7 6 6 7 7 7 6 6 6 6 6 7 8 8 8 8 8 9 9 8 7 7 7 7 6 6 7 7 7 6 6 6 7 5 5 9 9 7 6 4 2 1 1 1 1 1 1 0 1 1 1 2 5 9 8 5 5 4 4 5 6 6 6 5 5 4 4 5 4 2 4 6 7 7 6 7 7 8 10 11 10 9 11 14 14 14 16 18 20 15 8 4 6 10 11 8 8 8 9 9 9 9 9 9 9 10 10 9 7 8 8 9 8 8 8 9 9 8 8 8 8 9 8 4 2 1 1 4 7 7 9 8 7 8 7 6 7 7 8 9 9 10 9 8 8 8 9 9 9 10 10 10 10 10 10 9 10 10 10 10 11 11 
8 8 9 10 9 9 12 8 6 8 9 9 9 9 9 9 10 10 10 10 9 9 10 9 9 9 9 9 8 8 9 8 8 8 8 8 8 8 8 8 7 8 9 10 10 9 8 7 9 10 10 10 9 9 9 9 9 9 9 9 9 8 9 9 9 9 9 10 9 10 10 10 9 8 7 6 6 6 7 8 8 7 6 7 8 8 9 9 9 7 7 8 8 9 9 9 9 7 6 7 7 8 8 7 6 6 7 7 7 7 7 8 7 7 8 9 8 8 8 8 9 7 7 10 10 5 2 1 1 0 0 0 1 1 0 0 0 0 0 1 3 7 8 7 7 7 5 6 8 7 6 6 6 6 7 8 8 6 5 4 4 4 3 4 4 4 5 7 7 7 8 10 9 10 12 14 15 12 6 4 5 7 8 7 6 7 8 8 8 9 9 9 9 9 9 9 8 9 10 10 10 9 8 7 7 7 7 7 7 7 5 2 1 1 1 2 4 8 9 7 6 8 8 7 7 7 8 8 9 9 9 9 9 9 10 10 10 10 11 11 11 11 11 11 11 11 11 11 12 13 
8 8 9 10 10 11 10 7 11 10 10 9 9 9 9 9 9 10 10 9 8 9 9 8 8 8 9 9 8 8 9 9 8 9 8 8 9 9 9 7 6 8 9 10 10 10 9 8 9 10 10 10 9 8 8 9 9 9 9 8 8 7 7 7 6 7 7 7 7 7 6 6 6 6 6 6 6 7 8 9 8 8 7 7 7 7 7 8 7 7 6 6 6 7 7 7 7 7 7 7 7 6 6 6 5 5 6 6 6 6 7 6 5 4 6 6 6 6 5 5 6 5 4 7 5 2 1 1 0 1 1 1 1 1 1 1 1 1 1 1 2 6 7 8 9 8 7 8 9 8 7 7 7 7 6 5 7 8 5 4 3 3 2 3 3 3 3 4 4 4 4 4 4 6 8 9 10 8 4 3 4 5 6 5 5 5 6 6 7 7 7 7 8 8 8 9 10 10 11 11 11 10 11 11 11 11 11 11 12 11 7 2 1 3 2 1 5 11 13 11 11 13 15 14 16 16 16 16 17 17 18 19 19 19 19 19 20 20 20 20 21 21 21 22 23 27 27 27 27 28 
9 8 9 9 10 12 6 9 28 21 11 9 10 11 10 9 9 10 10 9 9 9 10 10 9 9 10 8 7 7 8 7 7 7 8 8 9 10 10 8 6 9 9 10 11 12 10 8 7 7 9 9 9 9 9 9 9 9 8 7 7 6 8 8 7 7 8 8 7 6 6 6 7 8 8 9 7 6 7 7 7 7 7 8 9 9 9 9 9 9 8 8 8 8 8 7 6 6 7 8 7 6 5 5 5 5 5 5 5 4 5 5 5 5 6 6 6 6 6 6 6 5 5 6 4 1 0 0 0 0 1 1 1 1 1 1 1 1 1 1 2 6 8 7 8 7 7 7 7 6 5 6 7 9 8 5 7 9 7 7 7 7 7 7 7 6 7 9 8 8 9 10 10 12 14 14 15 14 11 10 11 13 14 13 13 13 14 14 14 14 14 14 14 14 14 15 15 16 16 16 16 16 18 22 21 21 22 22 23 23 15 4 1 3 2 2 11 23 28 29 29 31 29 26 25 26 27 28 30 31 31 29 29 30 30 30 31 31 30 30 31 31 31 32 32 31 31 30 31 31 
10 10 10 10 10 12 8 12 35 25 11 9 9 12 11 10 10 10 10 9 10 10 11 11 10 10 11 11 10 10 11 11 10 11 10 10 10 10 10 9 8 9 9 9 10 11 10 8 7 7 8 9 9 10 10 10 9 9 8 8 7 7 8 8 7 7 8 8 8 8 8 8 8 8 8 9 9 9 8 7 7 7 7 7 7 7 7 7 7 7 7 8 8 8 8 7 6 6 7 8 8 7 7 8 8 8 9 9 8 8 8 8 7 6 8 9 8 8 9 9 9 8 8 8 6 2 1 1 1 1 1 1 1 1 1 1 1 1 1 3 11 25 29 25 24 25 22 19 19 16 15 17 18 23 24 19 21 20 16 17 20 19 19 20 19 18 20 21 19 17 20 24 25 24 24 25 27 27 25 24 25 27 27 27 26 25 26 27 29 31 31 31 32 32 32 31 28 28 29 29 29 29 28 27 27 27 27 27 28 26 17 6 1 2 2 4 14 22 24 25 26 26 24 22 22 23 24 25 26 27 26 24 25 25 25 26 26 26 26 26 25 25 25 24 24 23 23 23 23 23 
12 11 12 11 11 13 14 12 21 19 13 21 18 14 12 11 10 10 10 10 10 11 11 11 10 11 11 13 12 12 13 13 12 13 12 11 11 11 11 11 10 10 10 11 11 11 11 10 9 10 10 10 10 10 11 11 10 10 10 9 9 9 9 8 9 9 10 11 11 10 10 10 11 12 12 12 11 9 8 6 5 5 5 6 6 7 7 7 6 7 7 7 7 7 7 7 7 6 6 7 7 7 8 8 9 9 10 10 10 10 11 12 12 11 13 14 12 12 14 13 14 14 12 13 11 4 1 1 1 1 1 1 1 1 1 1 1 1 1 6 16 29 29 22 20 21 19 18 17 15 14 15 15 13 13 13 15 13 11 12 13 12 12 12 12 11 12 13 11 9 11 14 13 12 12 14 15 15 15 15 15 16 16 17 17 16 16 17 16 13 13 13 13 13 14 13 12 13 13 13 13 13 13 13 13 13 13 13 14 16 18 11 7 7 7 10 20 22 20 19 19 20 22 23 25 25 25 25 25 25 25 26 26 26 26 26 27 27 27 27 27 26 26 25 26 29 28 28 28 29 
16 15 17 18 17 17 20 17 19 22 20 48 46 21 17 15 15 15 16 16 16 17 17 17 16 16 17 16 14 15 16 15 14 15 16 16 16 17 18 18 16 17 17 18 17 17 17 18 17 16 16 15 14 15 16 16 15 15 15 15 16 16 18 17 16 17 18 18 17 17 17 18 19 20 20 19 19 19 18 17 15 14 13 11 12 13 13 12 12 12 12 11 10 10 10 10 10 8 6 5 5 5 4 4 3 2 3 3 3 3 3 3 2 2 2 2 2 2 2 2 2 2 2 2 2 1 1 1 1 1 1 1 1 1 1 1 2 3 3 5 7 10 8 6 6 5 5 6 6 5 5 6 5 4 5 6 6 6 6 6 6 6 6 7 7 6 7 8 8 8 8 9 9 10 11 12 12 13 14 14 13 14 15 16 15 15 14 15 16 17 17 17 18 18 18 19 19 19 19 19 19 20 21 24 23 23 23 23 23 24 23 21 20 21 22 22 26 30 27 25 26 28 30 30 28 28 28 28 28 29 29 29 29 30 30 30 31 31 31 31 31 31 31 31 31 31 30 30 31 31 
23 23 25 26 25 24 26 26 27 29 26 58 60 29 24 23 22 24 24 25 25 25 26 25 24 24 24 25 23 24 25 24 23 24 22 22 23 24 24 24 22 21 22 23 23 22 22 22 21 21 20 19 18 20 21 20 19 19 19 20 21 21 20 19 17 16 16 16 15 16 17 17 17 16 15 14 13 13 14 14 14 13 12 11 11 13 13 12 11 11 11 11 10 8 8 8 8 7 5 4 3 3 2 2 1 2 2 2 2 2 2 2 2 2 2 3 2 2 3 3 4 4 4 5 5 5 6 6 6 6 6 6 7 8 8 9 11 14 16 17 17 17 15 15 15 16 14 14 15 14 15 16 15 16 17 17 16 16 17 17 17 17 17 18 18 18 19 21 21 20 20 21 22 24 25 25 26 27 28 27 26 26 27 28 27 26 26 27 27 26 26 27 27 28 27 26 26 27 27 27 27 27 27 28 27 27 27 27 27 27 27 26 28 29 32 29 25 27 26 27 29 29 28 27 26 26 27 28 29 30 30 29 29 30 30 30 29 29 30 30 30 31 31 31 31 31 31 31 31 32 
26 26 24 23 23 25 23 23 23 23 25 26 28 24 23 23 22 22 23 23 22 21 21 20 19 18 18 17 19 20 20 19 18 17 17 17 17 16 16 16 15 15 15 15 16 16 14 12 13 13 13 13 13 13 13 13 12 12 12 12 12 12 13 14 14 13 12 12 12 13 13 13 13 13 13 13 12 12 12 11 11 11 12 10 10 10 10 9 9 8 8 8 7 6 6 6 6 6 5 5 5 6 6 6 6 7 7 8 8 8 9 10 10 11 11 11 12 12 13 14 15 17 19 19 19 20 20 20 20 20 20 20 21 22 21 22 23 26 28 30 29 28 30 29 26 27 27 26 26 25 25 26 28 29 28 28 27 27 26 25 27 28 28 29 29 29 30 32 33 31 30 32 32 32 30 30 30 30 30 29 28 28 29 28 27 28 28 29 29 28 28 30 31 30 28 26 27 28 30 30 30 29 29 28 29 30 32 32 31 31 30 30 30 31 31 30 29 29 31 32 34 34 34 32 31 31 32 33 34 35 36 36 36 37 38 38 34 33 34 32 32 33 33 31 30 31 29 28 29 29 
15 16 16 16 17 18 18 19 19 18 18 17 16 17 17 17 17 17 17 18 17 17 16 16 16 15 15 15 16 18 18 17 17 17 17 17 17 17 17 17 17 19 19 18 18 18 18 17 19 20 20 19 19 19 19 20 21 21 21 21 21 21 23 24 24 23 21 20 20 20 20 19 18 17 16 16 15 14 14 12 12 11 11 10 10 11 11 11 11 11 12 12 12 12 13 13 14 16 17 17 17 17 18 19 19 20 20 21 21 22 23 24 24 25 25 25 25 25 25 25 26 27 28 29 29 28 28 28 27 27 27 27 27 26 24 23 22 23 23 26 27 26 28 28 25 25 26 26 26 26 25 25 27 26 24 24 24 23 23 23 24 25 25 26 26 26 26 27 28 26 25 26 26 26 25 25 26 26 27 27 26 27 28 27 27 28 28 29 29 29 29 31 32 32 30 29 30 30 32 32 33 33 32 30 28 28 29 30 31 31 30 29 29 29 28 27 25 24 24 25 26 26 26 26 27 27 26 26 25 25 26 27 27 28 29 28 26 25 25 22 20 20 20 19 19 19 17 16 16 15 
20 22 22 21 21 22 23 24 24 24 23 21 20 23 23 23 23 24 25 25 25 25 25 25 25 25 25 24 25 26 26 26 26 27 26 26 27 27 27 27 27 29 28 26 25 26 26 26 27 27 27 26 26 26 25 26 26 26 26 26 26 26 23 22 22 21 19 18 18 18 18 17 16 15 15 14 14 14 14 15 16 17 18 18 19 20 20 21 21 21 23 23 23 24 24 25 26 26 26 26 26 26 27 28 27 26 27 27 26 27 28 28 28 28 28 27 27 27 25 24 24 24 24 24 24 24 24 24 24 23 23 23 23 24 23 23 24 25 26 24 22 22 24 23 22 22 23 25 25 24 22 22 23 24 24 24 24 24 24 24 24 25 25 25 25 25 26 27 28 27 26 27 27 27 28 30 31 31 31 31 31 31 30 30 30 29 28 28 28 28 28 28 28 27 26 25 26 25 25 24 24 24 22 18 16 15 15 17 18 18 18 17 17 18 18 17 15 13 12 12 13 13 13 14 15 15 15 15 14 13 14 14 15 15 15 15 13 13 13 13 13 14 14 14 13 12 13 12 10 9 
30 31 30 28 27 27 28 29 28 28 28 28 28 28 28 28 28 29 30 31 28 27 27 27 28 28 28 28 29 29 29 28 28 29 29 29 29 28 28 28 28 28 27 26 26 26 26 26 26 26 26 25 24 24 23 25 26 26 26 26 26 26 24 24 24 23 21 21 21 22 22 22 22 22 22 22 22 23 23 24 25 27 28 27 26 26 27 27 28 28 27 27 27 27 26 27 26 26 26 26 25 25 25 26 25 24 25 24 23 23 24 24 24 23 23 22 22 21 22 23 22 22 22 22 22 22 21 21 22 22 22 23 22 22 22 23 23 24 25 25 24 24 25 25 25 24 25 26 27 26 24 23 24 25 26 26 26 26 26 26 27 27 27 26 26 26 26 27 27 26 27 28 29 28 27 27 26 25 24 23 23 23 24 23 22 21 20 20 20 19 18 18 17 16 15 14 13 13 13 12 13 13 13 12 11 10 10 11 11 11 11 11 11 12 12 11 10 9 9 8 9 9 10 11 11 12 12 12 12 12 13 14 14 14 14 13 13 13 13 14 14 14 14 14 13 12 13 12 11 10 
31 32 31 29 28 29 30 29 28 27 27 28 29 27 26 26 27 27 28 29 27 27 27 28 28 28 28 29 30 30 29 28 28 28 29 29 28 27 27 26 26 26 26 26 27 28 27 25 27 27 27 26 26 25 25 26 26 26 26 26 26 26 25 25 25 25 25 25 26 27 27 27 26 26 26 26 27 27 27 27 27 27 28 27 26 25 25 25 25 25 25 25 25 26 25 25 25 24 24 23 22 22 22 22 23 24 24 23 21 22 22 24 24 23 23 22 21 21 22 23 23 23 23 23 23 22 22 22 23 24 24 25 25 26 25 25 25 25 25 26 28 29 29 29 29 29 27 28 29 28 26 25 25 26 25 25 25 25 25 25 25 25 25 25 25 25 25 24 23 22 22 24 24 23 22 21 20 18 16 14 14 13 13 13 12 12 12 13 13 13 12 12 12 12 11 10 10 10 11 12 13 13 13 12 12 12 12 12 11 10 11 11 11 11 11 10 10 10 9 9 9 10 11 12 13 13 13 13 13 13 13 13 14 13 13 12 12 12 12 11 10 9 9 11 12 10 11 10 10 10 
30 30 30 29 30 31 31 31 29 28 28 28 28 28 28 28 28 28 29 29 28 27 27 27 27 27 27 27 28 29 29 27 26 26 27 27 26 26 25 25 24 25 26 26 27 28 27 25 25 25 25 25 24 24 24 25 25 25 25 25 25 25 24 24 25 25 25 26 27 27 27 26 26 25 24 24 24 24 24 24 24 25 26 26 25 24 23 23 24 24 22 22 23 23 24 24 23 23 23 22 22 22 22 23 23 24 24 23 22 22 23 25 25 25 24 24 23 23 24 26 26 26 26 25 24 25 26 26 27 27 27 27 27 26 26 27 27 27 27 26 27 28 26 26 27 26 23 23 24 24 23 22 22 22 22 22 21 21 21 21 21 20 20 20 20 19 19 19 18 18 18 18 17 15 15 14 13 12 10 10 9 9 9 9 9 10 11 13 14 14 13 13 13 14 13 12 11 11 11 12 11 11 11 11 11 12 12 12 10 11 12 11 11 11 11 10 10 10 10 9 9 10 10 11 12 12 11 11 11 11 12 13 13 13 12 11 12 12 10 9 8 8 9 13 15 13 12 11 11 12 
30 30 29 29 30 31 30 30 30 30 29 28 27 28 28 28 27 27 28 28 27 26 26 26 26 26 25 24 26 28 29 28 27 26 25 25 24 25 24 25 25 24 24 24 25 26 25 24 25 25 25 25 25 25 25 25 25 25 25 25 25 25 23 24 25 25 25 25 26 26 25 25 24 23 23 22 21 21 21 21 21 22 22 23 23 22 22 22 23 23 23 23 24 24 24 24 23 23 23 23 24 25 26 27 27 27 27 26 26 26 27 28 29 28 28 27 27 26 26 26 26 26 26 24 23 24 26 25 25 24 24 23 23 23 23 23 22 22 21 20 22 22 20 19 21 19 18 18 20 20 18 18 18 18 19 19 18 18 17 17 16 16 16 16 16 15 15 15 15 14 14 13 11 10 9 9 9 8 8 8 8 8 9 8 8 9 10 12 14 13 12 12 12 12 12 11 11 12 12 12 12 11 12 13 13 13 14 14 13 13 14 13 13 14 14 13 14 16 15 14 13 13 13 13 15 14 12 12 13 14 14 14 14 14 13 12 12 13 11 12 12 11 12 13 14 12 11 10 10 11 
30 29 28 28 28 30 28 27 28 28 28 28 27 27 27 27 27 27 27 27 25 25 25 25 25 25 25 25 27 29 29 27 27 28 26 25 24 25 25 25 24 23 23 23 23 24 24 23 24 25 25 25 25 25 25 24 23 23 23 22 22 22 22 22 22 23 23 23 22 22 22 21 21 21 21 21 21 20 20 21 22 23 23 23 24 24 24 25 26 26 26 27 29 28 26 27 27 25 25 26 28 28 28 27 27 28 28 28 27 26 26 26 27 26 26 27 27 23 19 16 15 15 14 13 16 20 20 18 19 20 20 20 22 22 20 20 19 18 17 17 18 18 16 16 17 16 16 16 16 16 15 13 13 14 15 15 15 13 13 12 12 12 11 10 10 10 10 11 12 12 11 10 9 8 8 9 9 9 9 10 11 11 10 10 10 11 12 13 13 13 13 13 13 12 11 12 13 14 15 16 16 16 17 20 20 19 17 16 18 19 17 11 10 14 15 12 13 21 27 30 27 21 18 19 27 32 30 26 28 29 29 31 31 29 14 8 10 9 8 9 9 9 8 8 9 8 8 6 7 8 
28 28 27 26 26 28 27 27 27 26 26 26 26 27 27 27 27 27 27 27 26 26 26 26 26 26 26 27 28 29 27 25 25 26 27 25 24 25 25 25 23 23 23 23 23 23 23 23 23 23 23 23 23 22 22 21 21 21 21 21 21 21 23 23 23 23 25 24 23 23 24 23 23 23 24 24 25 25 25 25 25 25 25 26 27 27 27 27 27 28 27 29 31 31 29 27 25 25 24 24 24 24 24 24 23 23 23 23 23 23 23 22 21 20 19 20 20 16 11 7 6 7 7 7 11 18 19 15 15 15 15 16 17 17 15 14 15 16 16 15 15 15 14 14 14 14 13 12 12 12 12 11 10 11 12 12 12 11 11 11 11 11 10 10 10 10 11 12 12 13 12 12 11 11 11 11 11 11 12 12 14 14 13 13 13 13 14 14 15 17 17 18 17 17 17 17 18 18 18 19 19 18 19 20 21 20 18 17 19 19 12 4 4 6 6 4 7 15 21 25 24 21 19 24 40 55 58 54 56 58 57 55 59 49 16 5 7 6 6 7 7 7 7 7 7 7 9 8 11 11 
27 26 24 23 24 26 27 27 27 26 25 24 24 26 26 26 26 26 26 26 26 26 26 26 26 26 26 25 25 25 24 23 23 24 24 23 23 23 23 23 22 22 22 23 23 23 23 22 23 24 25 24 24 24 24 23 23 24 24 24 25 25 25 25 25 25 26 26 25 26 27 27 27 26 26 26 28 29 30 30 29 29 30 29 29 28 28 27 27 26 26 25 24 24 24 21 18 19 19 18 19 20 21 21 22 21 21 21 21 21 21 23 24 21 18 19 18 15 9 5 4 5 6 7 10 16 16 14 12 11 11 12 13 13 11 11 12 13 14 13 12 12 13 13 12 12 11 11 11 12 11 11 11 11 11 12 12 12 12 12 12 12 13 13 13 13 14 15 16 16 16 16 15 15 15 15 16 16 15 15 16 16 16 15 15 16 16 16 16 16 16 16 16 16 16 19 22 21 19 18 18 17 17 16 18 19 18 17 18 16 7 2 3 5 2 2 3 6 8 9 9 9 10 17 37 56 65 62 63 66 63 57 63 54 20 7 10 9 8 10 12 12 12 12 14 18 19 16 17 19 
27 25 23 22 23 25 27 27 26 26 25 25 24 25 25 25 25 25 25 25 26 26 26 26 26 26 26 23 23 23 23 24 25 27 23 22 22 22 23 23 23 23 24 24 25 25 24 23 23 23 24 25 26 26 26 25 25 25 26 26 27 27 28 28 29 29 29 29 28 28 28 28 27 27 26 26 25 26 27 26 26 26 27 26 26 25 24 23 23 22 21 19 18 18 19 19 20 19 18 18 21 22 22 21 22 22 20 18 18 18 18 20 19 17 15 15 14 11 8 6 4 5 6 7 9 11 12 12 12 10 9 11 14 13 12 12 12 14 14 13 13 14 14 14 13 12 12 13 13 13 14 14 14 14 14 15 15 14 13 14 14 13 14 14 14 14 14 15 15 15 14 14 13 13 14 15 16 15 14 13 13 14 14 14 14 16 17 17 17 17 16 16 17 17 18 19 19 18 15 14 13 13 13 14 15 16 15 15 16 14 7 6 10 13 9 9 10 9 10 10 9 11 14 20 35 50 58 57 55 54 52 48 46 45 31 26 27 25 27 29 32 32 32 31 31 32 29 18 20 39 
26 25 23 22 22 24 25 25 25 25 25 25 25 25 25 25 25 25 25 25 26 26 26 26 26 26 26 24 23 24 25 27 28 28 25 24 25 25 26 27 28 27 28 28 29 29 28 27 29 30 30 31 31 31 31 31 32 31 31 31 30 30 29 29 29 29 29 29 29 26 25 26 25 25 24 23 21 21 21 20 18 18 17 20 21 21 20 20 19 19 18 18 21 22 19 18 22 23 21 18 18 20 20 18 17 17 16 14 13 13 14 14 14 13 12 12 11 7 5 4 3 3 4 5 6 8 10 11 12 11 10 11 13 13 13 13 14 14 13 14 16 16 17 16 14 13 13 13 13 12 12 12 12 12 12 13 13 12 11 12 12 11 12 12 12 11 11 10 10 10 9 8 8 8 8 10 11 11 10 10 10 11 11 11 11 13 14 14 13 10 10 10 10 11 11 13 14 13 12 11 11 11 11 12 11 11 10 11 12 12 11 9 9 11 15 20 22 21 23 24 26 30 36 41 45 51 55 56 55 50 51 58 51 51 52 54 49 42 42 42 42 41 40 39 37 32 24 9 6 23 
26 26 25 24 24 26 25 25 25 26 26 26 26 25 25 25 25 25 25 25 26 26 26 26 26 26 26 25 25 25 26 27 26 25 26 26 28 27 27 28 29 28 29 30 31 30 29 28 31 32 32 31 29 28 27 27 27 26 26 25 25 25 21 20 22 21 20 20 21 21 22 22 21 21 19 18 19 19 19 20 21 22 21 23 23 23 22 21 20 20 20 21 24 22 13 7 7 11 11 8 7 10 12 13 13 12 12 12 12 13 13 14 14 14 14 14 11 7 5 4 3 3 4 5 6 9 10 10 12 11 10 10 10 10 11 12 12 12 10 11 12 12 12 11 10 10 10 9 9 8 8 8 8 8 7 8 8 8 8 8 9 9 8 8 8 8 8 8 9 8 8 7 7 7 7 8 9 10 10 11 12 13 12 12 12 13 13 13 13 14 14 13 13 14 14 13 12 11 11 11 11 12 11 10 9 8 7 8 9 9 10 10 9 9 12 15 15 16 17 18 19 20 23 24 23 23 23 25 26 23 20 19 18 16 16 15 13 12 11 10 9 9 8 8 8 13 15 12 17 64 
31 32 32 31 31 32 31 31 31 30 30 30 30 29 29 29 29 29 29 29 29 29 29 29 29 29 29 29 30 30 32 33 31 28 31 34 34 32 29 29 30 29 30 32 33 33 31 29 26 25 25 25 25 24 23 23 23 23 22 22 22 22 23 24 26 25 24 24 24 25 26 27 26 25 23 21 24 23 21 24 28 29 26 24 23 22 20 19 17 17 17 16 16 15 8 4 4 8 8 7 8 11 13 13 12 12 13 13 13 14 14 13 12 11 9 9 7 4 4 4 5 4 5 6 8 10 9 8 9 10 9 10 10 9 9 9 9 9 8 8 7 7 7 7 7 7 7 8 7 7 7 7 7 7 7 7 8 7 7 7 7 8 7 7 7 7 7 9 10 9 9 9 9 10 10 10 11 10 10 11 12 12 11 11 11 12 12 12 11 10 10 10 10 10 10 10 10 10 10 11 11 11 11 9 9 8 9 9 9 8 8 10 11 12 10 8 9 10 10 10 10 10 10 9 7 7 7 8 9 8 9 10 11 10 10 9 7 9 10 10 10 10 10 9 9 12 17 21 24 58 
