Rating Wins Games Win% SOS
15 4.58444 14 22 0.636364 4.28345
0 1 2 3 4 5 6 7 8 9 10 11 12 13 14 15 16 17 18 19 
0 1 1 1 0 1 1 1 1 1 -1 1 1 -1 -1 0 2 -1 -1 -1 

19 4.54226 20 22 0.909091 3.83496
0 1 2 3 4 5 6 7 8 9 10 11 12 13 14 15 16 17 18 19 
1 1 1 1 1 2 1 1 1 1 1 1 1 0 1 1 0 1 1 0 

0 4.54203 14 22 0.636364 4.10292
0 1 2 3 4 5 6 7 8 9 10 11 12 13 14 15 16 17 18 19 
0 1 1 1 -1 -1 1 -1 0 1 1 1 1 -1 1 0 1 0 1 -1 

17 4.36206 17 22 0.772727 3.84527
0 1 2 3 4 5 6 7 8 9 10 11 12 13 14 15 16 17 18 19 
0 1 1 2 1 1 1 1 -1 1 1 2 -1 1 1 1 1 0 -1 -1 

13 4.33126 13 22 0.590909 4.06309
0 1 2 3 4 5 6 7 8 9 10 11 12 13 14 15 16 17 18 19 
1 -2 1 1 -1 1 1 1 -1 1 -1 2 1 0 -1 1 -1 -1 1 0 

4 4.32488 17 22 0.772727 3.85967
0 1 2 3 4 5 6 7 8 9 10 11 12 13 14 15 16 17 18 19 
1 1 -1 1 0 -1 2 1 2 1 1 1 1 1 1 0 1 -1 1 -1 

14 4.28345 10 22 0.454545 4.58444
0 1 2 3 4 5 6 7 8 9 10 11 12 13 14 15 16 17 18 19 
-1 -1 0 -1 -1 1 1 -1 1 0 1 0 -1 1 0 1 -1 -1 1 -1 

8 4.10978 11 22 0.5 3.51973
0 1 2 3 4 5 6 7 8 9 10 11 12 13 14 15 16 17 18 19 
0 1 0 1 -2 1 1 1 0 -1 1 -1 -1 1 -1 -1 1 1 -1 -1 

1 4.10292 11 22 0.5 4.54203
0 1 2 3 4 5 6 7 8 9 10 11 12 13 14 15 16 17 18 19 
-1 0 1 1 -1 1 1 -1 -1 0 1 -1 -1 2 1 -1 1 -1 0 -1 

12 4.06309 14 22 0.636364 4.33126
0 1 2 3 4 5 6 7 8 9 10 11 12 13 14 15 16 17 18 19 
-1 1 1 -1 -1 2 1 2 1 -1 0 1 0 -1 1 -1 1 1 1 -1 

5 3.85967 11 22 0.5 4.32488
0 1 2 3 4 5 6 7 8 9 10 11 12 13 14 15 16 17 18 19 
1 -1 1 1 1 0 2 1 -1 1 1 1 -2 -1 -1 -1 -1 -1 1 -2 

16 3.84527 10 22 0.454545 4.36206
0 1 2 3 4 5 6 7 8 9 10 11 12 13 14 15 16 17 18 19 
-1 -1 1 1 -1 1 1 -1 -1 1 1 -1 -1 1 1 -2 0 -1 0 0 

18 3.83496 8 22 0.363636 4.54226
0 1 2 3 4 5 6 7 8 9 10 11 12 13 14 15 16 17 18 19 
-1 0 1 -1 -1 -1 0 1 1 -1 -1 -1 -1 -1 -1 1 0 1 0 -1 

10 3.74996 9 22 0.409091 3.68206
0 1 2 3 4 5 6 7 8 9 10 11 12 13 14 15 16 17 18 19 
-1 -1 1 0 -1 -1 -1 2 -1 1 0 -1 0 1 -1 1 -1 -1 1 -1 

11 3.68206 8 22 0.363636 3.74996
0 1 2 3 4 5 6 7 8 9 10 11 12 13 14 15 16 17 18 19 
-1 1 1 -1 -1 -1 -1 -1 1 1 1 0 -1 -2 0 -1 1 -2 1 -1 

2 3.64293 5 22 0.227273 3.58426
0 1 2 3 4 5 6 7 8 9 10 11 12 13 14 15 16 17 18 19 
-1 -1 0 -1 1 -1 -1 1 0 0 -1 -1 -1 -1 0 -1 -1 -1 -1 -1 

6 3.60296 5 22 0.227273 3.43203
0 1 2 3 4 5 6 7 8 9 10 11 12 13 14 15 16 17 18 19 
-1 -1 1 -1 -2 -2 0 -1 -1 1 1 1 -1 -1 -1 -1 -1 -1 0 -1 

3 3.58426 8 22 0.363636 3.64293
0 1 2 3 4 5 6 7 8 9 10 11 12 13 14 15 16 17 18 19 
-1 -1 1 0 -1 -1 1 -2 -1 1 0 1 1 -1 1 -1 -1 -2 1 -1 

9 3.51973 7 22 0.318182 4.10978
0 1 2 3 4 5 6 7 8 9 10 11 12 13 14 15 16 17 18 19 
-1 0 0 -1 -1 -1 -1 1 1 0 -1 -1 1 -1 0 -1 -1 -1 1 -1 

7 3.43203 8 22 0.363636 3.60296
0 1 2 3 4 5 6 7 8 9 10 11 12 13 14 15 16 17 18 19 
1 1 -1 2 -1 -1 1 0 -1 -1 -2 1 -2 -1 1 -1 1 -1 -1 -1 

