Rating Wins Games Win% SOS
2 5.15672 22 25 0.88 4.2922
0 1 2 3 4 5 6 7 8 9 10 11 12 13 14 15 16 
1 1 0 2 3 1 2 3 1 1 -1 1 1 0 0 1 2 

4 4.93316 22 25 0.88 3.23293
0 1 2 3 4 5 6 7 8 9 10 11 12 13 14 15 16 
2 1 -3 2 0 2 1 2 1 1 2 1 1 1 2 2 1 

7 4.64269 19 25 0.76 3.56029
0 1 2 3 4 5 6 7 8 9 10 11 12 13 14 15 16 
1 1 -3 1 -2 2 -1 0 1 2 1 2 2 2 1 1 2 

14 4.61359 18 25 0.72 4.08804
0 1 2 3 4 5 6 7 8 9 10 11 12 13 14 15 16 
2 1 0 -1 -2 2 2 -1 1 2 0 2 2 -1 0 1 1 

3 4.2922 12 23 0.521739 5.15672
0 1 2 3 4 5 6 7 8 9 10 11 12 13 14 15 16 
0 -1 -2 0 -2 1 0 -1 1 2 -1 1 1 -2 1 2 1 

0 4.27359 15 24 0.625 3.74829
0 1 2 3 4 5 6 7 8 9 10 11 12 13 14 15 16 
0 2 -1 0 -2 1 1 -1 1 1 1 -1 2 2 -2 1 1 

13 4.26661 14 24 0.583333 3.39433
0 1 2 3 4 5 6 7 8 9 10 11 12 13 14 15 16 
-2 0 0 2 -1 1 -1 -2 2 -1 0 2 1 0 1 1 1 

15 4.08804 10 22 0.454545 4.61359
0 1 2 3 4 5 6 7 8 9 10 11 12 13 14 15 16 
-1 0 -1 -2 -2 2 1 -1 0 0 1 1 1 -1 -1 0 1 

10 3.99155 12 23 0.521739 3.8699
0 1 2 3 4 5 6 7 8 9 10 11 12 13 14 15 16 
-1 0 1 1 -2 1 1 -1 1 -1 0 2 -1 0 0 -1 1 

11 3.8699 9 22 0.409091 3.99155
0 1 2 3 4 5 6 7 8 9 10 11 12 13 14 15 16 
1 1 -1 -1 -1 1 1 -2 1 0 -2 0 1 -2 -2 -1 2 

1 3.74829 9 22 0.409091 4.27359
0 1 2 3 4 5 6 7 8 9 10 11 12 13 14 15 16 
-2 0 -1 1 -1 -1 1 -1 2 1 0 -1 0 0 -1 0 -1 

6 3.56029 7 22 0.318182 4.64269
0 1 2 3 4 5 6 7 8 9 10 11 12 13 14 15 16 
-1 -1 -2 0 -1 0 0 1 0 -1 -1 -1 -1 1 -2 -1 2 

9 3.53056 9 22 0.409091 3.37324
0 1 2 3 4 5 6 7 8 9 10 11 12 13 14 15 16 
-1 -1 -1 -2 -1 1 1 -2 2 0 1 0 -1 1 -2 0 1 

12 3.39433 8 22 0.363636 4.26661
0 1 2 3 4 5 6 7 8 9 10 11 12 13 14 15 16 
-2 0 -1 -1 -1 0 1 -2 1 1 1 -1 0 -1 -2 -1 2 

8 3.37324 4 22 0.181818 3.53056
0 1 2 3 4 5 6 7 8 9 10 11 12 13 14 15 16 
-1 -2 -1 -1 -1 1 0 -1 0 -2 -1 -1 -1 -2 -1 0 0 

5 3.23293 3 22 0.136364 4.93316
0 1 2 3 4 5 6 7 8 9 10 11 12 13 14 15 16 
-1 1 -1 -1 -2 0 0 -2 -1 -1 -1 -1 0 -1 -2 -2 -1 

16 3.03231 3 22 0.136364 4.27359
0 1 2 3 4 5 6 7 8 9 10 11 12 13 14 15 16 
-1 1 -2 -1 -1 1 -2 -2 0 -1 -1 -2 -2 -1 -1 -1 0 

