0 1 104 84
2 3 48 47
4 5 155 80
6 7 105 85
8 9 92 94
10 11 113 58
12 13 84 84
14 15 92 88
3 1 95 95
15 4 56 143
5 14 98 116
16 0 52 171
9 2 78 89
11 8 123 45
13 10 98 93
7 12 122 77
4 0 102 74
11 16 122 51
6 9 54 79
1 7 52 115
14 13 88 101
12 8 82 71
2 5 122 43
3 10 84 136
1 4 90 161
7 14 72 65
0 10 79 79
13 2 54 81
5 6 98 66
16 12 69 159
9 15 127 98
8 3 76 89
5 16 101 104
0 6 85 79
15 1 103 112
10 4 77 107
9 11 85 78
7 2 98 117
14 12 106 52
13 0 71 87
15 5 133 73
1 8 124 98
6 3 90 71
10 16 197 58
4 11 105 57
5 7 72 104
11 13 65 73
2 15 127 61
1 9 148 99
16 8 124 116
10 14 106 90
12 6 149 53
3 0 81 84
2 4 65 62
15 12 124 83
6 16 130 73
13 5 121 59
8 10 66 102
7 3 99 69
11 1 153 118
14 9 96 63
0 2 100 102
3 12 106 86
5 9 90 142
1 10 105 89
8 15 73 59
4 6 135 92
13 7 60 106
14 11 175 52
12 0 46 93
15 13 71 72
9 3 56 102
16 2 73 139
1 5 74 89
6 8 61 101
4 14 105 53
11 7 62 91
10 12 68 101
2 11 148 87
14 16 85 67
4 3 108 51
8 13 51 116
7 9 111 89
15 6 115 68
5 0 49 111
3 11 81 57
6 14 67 106
2 7 88 83
16 15 63 122
0 8 124 63
13 1 75 65
9 10 98 64
12 4 41 129
11 6 100 70
7 16 129 58
10 15 90 111
3 2 72 100
8 1 94 125
12 9 149 60
0 13 100 66
14 5 110 88
7 10 146 81
1 12 91 118
16 11 88 110
13 4 93 99
9 8 88 65
2 6 125 73
0 14 67 103
5 15 91 136
11 12 127 63
1 0 81 184
9 16 112 62
10 2 115 111
6 13 57 50
8 5 99 88
4 7 106 65
15 3 70 79
14 2 96 88
7 8 105 63
10 1 105 66
16 13 36 106
4 15 147 30
5 3 53 109
11 0 96 69
6 10 73 84
0 4 79 98
1 16 70 85
3 14 82 61
12 5 113 92
13 9 87 98
8 2 104 133
15 11 142 111
3 6 127 24
15 8 122 77
13 11 114 75
10 0 79 153
16 4 75 129
2 1 113 51
12 7 78 132
9 14 64 65
15 0 62 80
11 14 95 103
2 12 233 47
16 3 54 74
9 7 44 95
4 10 166 92
6 5 111 79
3 9 113 72
0 12 134 58
2 16 188 38
10 13 100 99
5 4 21 159
8 6 105 110
7 15 103 86
14 1 147 90
3 4 70 89
7 5 197 32
9 0 85 115
11 10 101 150
8 16 123 61
12 14 62 110
1 13 99 56
6 2 85 96
0 7 66 78
16 6 64 125
14 10 134 77
15 9 143 45
4 8 102 84
13 3 83 68
5 11 97 157
12 1 110 117
9 4 52 132
7 11 113 67
2 13 86 99
3 15 135 70
8 14 81 89
6 1 99 121
12 16 112 82
10 5 120 113
0 3 66 86
5 12 112 104
11 9 107 61
13 8 119 67
14 6 145 50
4 2 53 149
1 15 91 104
16 7 97 106
2 7 98 67
4 14 82 62
3 13 57 82
0 10 149 87
7 13 122 86
14 0 101 98
4 7 68 65
2 14 117 69
4 2 81 119
