0 1 24 6
2 3 0 7
1 3 0 7
4 5 4 0
6 1 10 1
7 4 9 2
8 9 0 2
10 11 5 3
0 1 6 2
11 4 5 13
8 7 9 2
2 8 2 7
11 12 3 7
11 13 0 5
5 0 6 0
5 11 2 3
2 14 2 9
11 4 0 5
7 0 4 2
2 9 0 0
7 9 8 3
0 14 2 1
6 0 39 7
3 6 6 13
4 0 5 6
9 11 21 3
11 1 18 1
9 4 1 1
15 4 6 9
7 11 2 1
0 13 3 6
10 12 0 2
6 4 6 7
5 2 0 3
15 8 2 10
11 9 2 16
0 11 18 6
6 4 3 0
5 2 0 10
0 6 18 0
0 4 16 17
4 6 0 12
15 5 6 2
0 7 0 12
5 9 6 4
2 6 11 7
9 3 4 1
0 5 7 0
3 6 5 0
2 14 11 27
15 8 1 9
7 9 7 4
11 9 0 3
8 5 21 0
9 8 0 21
8 0 14 0
8 2 1 0
7 11 3 7
0 12 3 3
9 14 2 4
5 9 3 0
6 3 0 13
1 2 15 0
8 3 2 1
4 3 0 1
0 4 5 12
12 7 0 10
6 8 0 4
5 8 4 13
13 11 17 1
6 9 1 1
15 8 3 2
6 1 11 4
0 15 2 14
4 8 7 11
15 14 0 3
0 7 1 18
9 11 9 2
7 9 3 0
11 6 2 3
0 8 11 3
4 7 10 6
5 15 1 3
6 4 0 10
7 2 13 2
4 5 3 8
7 12 17 0
5 3 0 1
2 9 4 0
4 15 3 4
0 13 1 22
11 0 0 1
1 15 2 5
9 2 4 5
0 2 0 4
0 9 4 3
12 2 2 0
5 15 3 1
9 1 0 1
0 2 5 6
3 6 8 26
15 0 8 4
7 15 2 2
9 4 1 15
6 4 3 11
4 14 7 6
7 4 10 10
8 5 10 2
0 8 5 2
8 6 3 30
11 0 26 7
5 0 2 11
11 1 6 1
7 1 2 1
1 8 9 2
10 15 1 2
4 6 4 25
11 3 1 5
11 1 5 0
4 7 0 4
2 7 5 3
4 1 0 1
7 8 4 3
11 0 0 0
11 0 14 6
6 10 8 3
4 13 1 0
0 7 2 4
