0 1 2 1
2 3 2 2
4 5 1 2
6 7 0 1
8 9 0 1
10 11 2 2
12 13 0 1
14 15 2 1
16 17 0 2
18 19 1 3
9 16 0 0
19 2 2 0
1 12 1 3
3 0 2 2
15 10 0 0
5 18 1 0
7 8 1 1
11 4 1 1
13 6 4 0
17 14 3 1
18 4 0 0
3 19 3 6
17 8 0 1
16 1 3 3
6 11 1 0
5 10 3 0
12 15 1 3
9 7 2 1
2 0 1 1
13 14 0 3
0 17 2 2
19 5 4 2
1 18 0 0
14 9 0 1
15 16 4 0
8 2 0 1
11 13 2 2
10 3 0 2
4 6 4 0
7 12 2 2
9 0 0 3
18 11 0 0
16 7 2 2
6 8 2 2
5 15 0 1
12 14 3 1
3 1 2 3
2 4 5 3
17 19 1 1
13 10 0 1
0 13 1 1
19 9 3 0
1 2 2 0
7 17 2 4
14 3 1 1
4 12 2 1
15 6 2 1
11 5 0 0
10 18 4 0
8 16 1 0
9 17 0 2
7 1 2 0
2 18 2 2
14 10 2 1
11 8 3 1
5 16 2 2
19 0 2 0
4 3 2 1
13 15 1 0
12 6 2 0
0 7 2 2
18 12 1 3
1 19 1 2
3 9 3 0
17 13 4 1
16 2 1 0
15 11 8 0
6 14 2 3
8 5 2 1
10 4 2 2
14 7 0 0
15 8 1 0
11 0 0 2
5 2 2 0
10 1 2 2
12 17 2 1
18 3 1 3
4 19 1 1
13 16 1 2
6 9 2 0
0 18 3 0
19 6 2 1
3 5 0 0
7 15 0 1
2 10 0 1
16 14 1 0
8 12 2 2
9 13 1 2
17 4 1 0
1 11 1 3
18 7 1 0
14 19 1 2
4 1 1 0
6 17 2 2
15 2 2 0
12 9 0 0
11 3 1 1
5 0 2 1
13 8 1 2
10 16 0 2
0 4 1 2
19 10 2 0
3 12 2 1
2 11 0 0
17 5 2 1
16 6 1 0
8 18 1 2
1 14 3 1
7 13 1 2
9 15 1 1
18 9 1 1
14 8 1 0
4 7 3 0
6 2 3 2
11 19 0 0
5 1 1 1
10 0 0 1
12 16 1 0
15 17 0 3
13 3 2 1
18 16 1 1
1 9 0 1
2 14 1 3
4 8 2 1
5 6 2 0
10 12 1 2
0 15 1 0
19 13 3 0
3 7 1 1
11 17 1 4
7 10 0 0
14 11 0 0
17 3 1 0
16 19 2 1
6 18 2 0
8 0 3 2
13 1 0 0
9 2 2 1
12 5 3 1
15 4 1 2
0 16 4 1
18 15 1 0
19 7 2 0
1 8 1 1
2 17 0 1
11 12 1 1
10 9 1 0
4 14 3 0
5 13 1 2
3 6 3 1
9 4 1 1
7 5 0 1
17 1 3 0
6 10 3 2
15 3 3 0
13 18 2 1
12 2 2 0
14 0 2 2
16 11 0 1
8 19 0 2
0 6 2 1
18 14 0 1
19 12 2 0
1 15 1 3
3 8 0 1
2 13 1 2
4 16 3 1
11 7 1 3
5 9 1 0
10 17 1 3
9 11 0 0
7 2 0 1
17 18 2 2
16 3 3 2
6 1 0 0
15 19 1 1
8 10 2 0
13 4 0 0
12 0 1 2
14 5 4 1
9 1 0 0
7 3 2 0
14 2 2 2
17 11 3 2
16 18 3 3
6 5 1 1
15 0 2 0
8 4 1 1
13 19 5 3
12 10 1 1
18 6 2 1
19 16 2 0
1 13 2 1
3 17 1 1
2 9 1 0
11 14 0 1
5 12 1 1
10 7 1 0
0 8 3 0
4 15 0 1
9 14 0 2
18 1 2 3
2 8 0 1
16 15 1 2
6 4 0 2
5 19 0 5
13 11 2 1
17 0 0 2
12 7 3 0
3 10 0 0
