Rating Wins Games Win% SOS
7 4.42952 15 21 0.714286 4.07538
0 1 2 3 4 5 6 7 8 9 10 11 12 13 14 15 
4 1 0 0 0 0 0 0 0 3 0 0 2 0 0 -1 

6 4.403 11 20 0.55 3.73802
0 1 2 3 4 5 6 7 8 9 10 11 12 13 14 15 
0 2 -1 0 0 0 0 0 0 -1 1 1 0 0 0 0 

15 4.34007 9 14 0.642857 4.07538
0 1 2 3 4 5 6 7 8 9 10 11 12 13 14 15 
2 1 0 0 0 1 0 1 -1 0 1 0 0 0 -1 0 

2 4.28196 8 17 0.470588 4.22892
0 1 2 3 4 5 6 7 8 9 10 11 12 13 14 15 
2 -1 0 -1 0 2 1 0 -2 1 0 0 -1 0 -2 0 

3 4.22892 7 11 0.636364 4.28196
0 1 2 3 4 5 6 7 8 9 10 11 12 13 14 15 
0 1 1 0 1 1 0 0 -1 -1 0 1 0 0 0 0 

14 4.19237 4 6 0.666667 4.28196
0 1 2 3 4 5 6 7 8 9 10 11 12 13 14 15 
-1 0 2 0 -1 0 0 0 0 1 0 0 0 0 0 1 

13 4.16518 4 5 0.8 3.9586
0 1 2 3 4 5 6 7 8 9 10 11 12 13 14 15 
2 0 0 0 -1 0 0 0 0 0 0 2 0 0 0 0 

12 4.13717 4 6 0.666667 3.9586
0 1 2 3 4 5 6 7 8 9 10 11 12 13 14 15 
1 0 1 0 0 0 0 -2 0 0 1 1 0 0 0 0 

4 4.07538 15 26 0.576923 3.72922
0 1 2 3 4 5 6 7 8 9 10 11 12 13 14 15 
1 -1 0 -1 0 0 0 0 -1 2 0 2 0 1 1 0 

11 3.9586 7 23 0.304348 3.80235
0 1 2 3 4 5 6 7 8 9 10 11 12 13 14 15 
-1 3 0 -1 -2 1 -1 0 0 -4 -1 0 -1 -2 0 0 

10 3.80235 1 4 0.25 3.9586
0 1 2 3 4 5 6 7 8 9 10 11 12 13 14 15 
0 0 0 0 0 0 -1 0 0 0 0 1 -1 0 0 -1 

1 3.73802 4 14 0.285714 3.63964
0 1 2 3 4 5 6 7 8 9 10 11 12 13 14 15 
-2 0 1 -1 1 0 -2 -1 1 1 0 -3 0 0 0 -1 

5 3.72922 5 17 0.294118 4.07538
0 1 2 3 4 5 6 7 8 9 10 11 12 13 14 15 
-1 0 -2 -1 0 0 0 0 -3 2 0 -1 0 0 0 -1 

8 3.68518 13 20 0.65 3.1934
0 1 2 3 4 5 6 7 8 9 10 11 12 13 14 15 
-1 -1 2 1 1 3 0 0 0 0 0 0 0 0 0 1 

0 3.63964 13 31 0.419355 3.73802
0 1 2 3 4 5 6 7 8 9 10 11 12 13 14 15 
0 2 -2 0 -1 1 0 -4 1 1 0 1 -1 -2 1 -2 

9 3.1934 8 21 0.380952 3.68518
0 1 2 3 4 5 6 7 8 9 10 11 12 13 14 15 
-1 -1 -1 1 -2 -2 1 -3 0 0 0 4 0 0 -1 0 

