0 -893
1 666
0 798
0 -157
0 -1920
1 -2465
1 209
1 4804
0 2728
0 1424
1 795
1 -801
0 -963
0 1804
0 1436
0 -3134
0 -534
1 1263
1 -692
0 -218
1 -2167
0 -1043
0 1019
1 372
1 4369
0 -910
0 -1085
1 4523
1 -63
1 121
1 -3549
1 2284
1 -202
0 -160
1 -1433
0 5232
1 930
0 1228
0 1577
1 311
1 481
0 638
0 -260
0 -1306
0 232
0 271
1 -1302
1 785
0 2477
1 -491
0 -694
0 -1673
0 -652
0 346
1 353
1 -210
0 -538
0 333
1 395
0 -772
1 -725
0 -715
1 -2201
0 183
1 -1405
0 625
1 1996
1 -244
0 8
1 -861
1 -1390
0 452
1 810
1 -2103
1 632
0 155
0 -502
0 -861
0 2371
1 -1027
1 164
0 -1334
0 686
0 -51
0 -2104
1 -270
1 1272
1 1603
1 -729
1 -293
0 1436
1 635
1 -1984
1 -4200
0 -123
0 80
1 870
0 314
0 -1398
0 -316
0 777
1 -96
0 -2416
1 -3217
1 -2830
0 -3249
1 3319
0 -754
1 1241
1 685
0 -319
0 -216
0 440
1 679
0 -634
0 -2281
0 3117
1 1861
0 -37
1 -1557
1 3676
1 54
1 2231
1 -182
0 -832
1 2251
0 -2355
0 -2544
1 -901
1 -482
0 -2246
1 622
0 363
1 -366
1 1647
1 482
1 -1768
0 -372
1 43
0 -669
0 -212
0 -2655
0 -1417
0 875
0 1337
1 -30
1 410
0 -113
0 -10
0 -787
0 62
1 -438
1 2905
1 444
1 1531
0 12
0 -2582
0 137
0 -576
1 345
1 1048
1 -79
0 -1231
0 -2031
1 -689
1 12
1 -302
1 75
1 1098
0 -4233
1 253
1 517
0 -3155
1 1423
1 -67
0 1233
1 -129
0 -135
0 -1803
1 3623
0 -643
1 -1363
1 29
0 -155
1 -2460
1 -38
1 2147
1 4015
0 -2285
0 -6375
0 -170
1 3834
0 -1296
1 572
0 -3805
1 5470
1 7575
0 9
0 -862
0 -292
0 -610
1 -871
0 -118
1 427
1 1865
0 -350
1 140
0 -879
0 396
1 -689
0 -348
0 1517
0 -542
1 4885
1 347
0 -784
0 -510
0 -3309
1 -662
1 -1323
1 -845
1 355
1 -386
1 -1119
0 959
1 3315
0 547
0 597
0 -279
0 -159
1 549
1 -1026
0 441
0 -130
0 1202
1 -595
0 861
0 -2585
0 -1750
1 -689
1 -354
0 -361
1 118
1 445
0 -68
0 -1904
0 1240
0 38
1 1777
0 10
0 -68
1 1732
1 21
0 145
0 1646
1 -984
1 -1933
1 -351
0 75
0 -23
0 -1130
1 978
0 2134
1 -15
0 -33
0 -1436
0 -2001
1 4804
0 -1020
0 -447
0 -246
0 -1941
0 -2312
0 -2046
1 -1285
0 -747
1 1523
0 -2137
0 -1552
1 903
0 -113
1 2247
1 1208
1 -1419
0 194
0 788
1 38
1 -921
0 507
1 1013
0 -216
0 -217
1 739
1 3
0 -2676
1 2749
1 6205
0 -2110
1 1752
0 569
1 -81
1 4949
0 -433
0 -638
1 -497
1 422
1 -66
1 261
0 -2219
0 -4789
1 2313
0 -7851
1 -53
1 282
1 -20
0 1991
0 307
1 52
1 271
0 -85
0 -1284
0 -212
0 -477
1 2577
0 -3048
1 -133
0 1191
1 1455
1 686
0 2243
1 -2582
1 -5807
0 1684
1 934
0 68
1 -1750
1 2704
0 -1588
1 3061
0 100
0 -214
0 340
0 -1709
1 654
0 -1549
0 -5560
1 51
1 412
1 456
0 417
1 -431
1 -302
1 170
0 -173
0 -231
1 -347
0 1373
0 -227
1 3568
0 284
1 116
1 5647
1 -763
1 1243
0 -380
0 -3642
0 -210
0 18
0 -4820
1 -3498
1 2102
0 -1788
0 -8451
1 3811
0 -1219
1 4222
0 164
0 2083
0 -505
0 -1199
0 -3180
0 1806
0 -2487
1 2265
1 1497
0 -98
0 -586
0 147
0 -941
0 -1746
1 2232
1 -555
1 -844
1 -740
0 -3417
0 -635
1 8059
0 -5275
0 -2491
0 -428
1 -643
1 9337
0 1004
0 1039
0 1902
1 6392
0 444
1 -173
0 892
0 -805
0 -282
0 -1032
1 1098
0 -8
0 -1892
1 985
1 1039
0 606
0 -458
1 -982
0 -3729
0 992
0 -566
0 1313
0 -1524
1 708
1 96
0 1917
1 543
1 2402
1 -422
1 723
1 -1705
0 -1537
1 -40
1 1255
0 -958
1 1811
1 478
0 1950
1 1216
1 -121
1 1233
0 -1051
1 428
1 -358
1 -1435
0 194
0 -7
0 -460
0 -1181
0 349
0 -444
1 3184
1 2160
1 -363
1 4096
0 -492
0 -88
0 -638
0 781
1 -783
0 -35
0 -1141
0 -2033
1 538
0 -382
1 -1268
1 57
1 1019
1 682
1 -192
1 -165
0 -500
0 164
1 -35
1 101
0 311
0 -2400
0 -97
0 -178
0 -1214
1 5899
0 -495
0 -1980
1 -182
1 1031
0 -1298
0 204
1 3275
1 1672
0 345
1 44
0 -2293
0 -5144
1 6559
1 1168
1 1119
1 1685
1 934
0 -361
1 5870
0 -2739
1 -1360
0 1488
0 -3434
1 3431
1 4519
1 1064
0 30
1 333
0 -2812
1 -11
0 -761
0 -1148
1 1852
0 -684
0 792
1 2161
0 -3631
0 -1468
1 1703
0 -6633
1 4544
0 -2349
0 -1355
1 1660
0 -128
1 3228
0 -107
0 -5440
0 335
1 655
1 -2849
0 -1660
1 4510
1 -1397
1 1707
1 -81
0 -448
0 -7635
0 -1808
0 -1327
0 -1982
1 -739
1 40
1 -270
0 -5506
1 3308
0 -583
1 -27
0 797
1 -811
0 975
0 -1499
1 -496
0 -3183
0 -325
1 328
1 641
0 -5543
1 875
1 2212
1 -1021
0 715
1 1081
0 -123
0 1564
0 200
0 -791
0 -1268
1 -360
1 5225
0 2470
0 -72
1 81
1 4828
1 723
0 1529
0 1284
0 110
1 595
0 -3277
1 -1205
0 -1957
0 2483
0 2053
1 841
0 678
0 -3176
1 763
0 -4175
1 1586
1 -732
1 -879
0 2207
0 1651
1 1180
0 255
1 2733
1 1415
1 -326
1 2587
1 2328
0 156
1 -877
1 1361
0 -3344
0 -1205
1 1752
1 2644
1 1973
0 -3197
0 16
1 -424
0 -1059
0 225
0 -3608
1 906
1 3408
1 194
1 -214
0 353
1 633
1 678
0 -468
1 -633
0 -130
1 517
1 333
0 -101
0 -1327
0 47
1 2503
1 2058
0 846
0 -2653
1 665
0 -310
1 -148
1 2068
1 4312
0 1370
1 855
1 -1873
0 236
0 190
1 -2595
0 1743
1 144
0 -3200
0 -2958
1 1335
1 -756
0 -844
1 -273
0 473
0 -1889
0 -473
0 -1125
1 -197
0 -1051
1 -658
1 370
1 408
0 -1344
0 -2492
0 1982
1 1409
0 -794
1 -816
1 718
0 -653
1 28
0 -2686
0 5446
0 55
1 1543
0 -1088
0 299
0 -1043
1 485
0 -479
1 117
0 -3617
1 -247
1 435
0 -88
0 1344
0 -1964
1 677
0 -1362
1 2439
1 3162
0 -745
1 30
0 930
0 1997
1 -2845
1 2623
0 -1676
1 -136
1 1685
0 -1848
0 748
0 -1210
1 2307
1 -1048
0 -3276
0 1654
0 -202
0 -2839
0 -400
0 -1459
0 120
1 1718
1 4448
0 -378
0 -7220
1 2031
0 589
1 -1276
0 -2100
0 2291
0 -6950
1 -146
1 2943
0 -2964
1 -1324
1 -1139
0 -2129
0 -1861
1 -108
0 3082
0 -4409
0 -3690
1 304
1 3770
0 -139
0 -4368
0 -39
0 577
0 -744
1 -2000
1 2082
0 -7249
1 1322
1 -1408
0 2059
1 602
0 -890
0 735
0 1284
0 -933
1 -228
0 -1894
1 -362
1 -1214
1 484
0 -1111
1 2204
0 94
1 -2372
0 -4821
0 1249
1 4273
1 1680
0 -1063
0 179
1 -206
1 -1060
0 -491
0 -268
1 -70
1 592
0 -1789
0 -174
1 -236
1 -1090
1 -1099
0 -1156
1 -1324
1 -978
1 -38
0 -2880
0 -987
0 323
0 286
0 -844
0 -428
0 -959
0 -982
0 -2508
1 -1122
0 -1950
1 -187
0 576
1 482
1 835
0 -1599
