2 13
2 245552
2 147520
2 22391
1 961498
2 143322
2 73
2 52
1 861933
3 5
2 65092
1 930854
2 157116
2 259
1 69142
1 972533
2 58
3 7
2 5
2 174
1 887933
2 158470
2 52
2 60
2 8
1 292377
2 21
2 10
2 10
2 351
2 19
2 5
2 35
2 34
2 8
2 109547
4 7
2 53
1 12838
2 16
2 7
3 8
2 17
2 9
2 51
2 227493
2 168
2 16
1 958422
2 35
1 458842
1 345534
2 15
2 23
2 6
3 5
1 402034
2 9
1 750429
2 136727
2 11
1 636762
1 318826
3 5
1 612347
2 169868
2 5
2 5
2 84748
2 45926
2 7
2 7
2 113811
2 228008
1 992694
1 996318
1 321183
2 17
1 832451
3 16
1 947401
2 72824
2 13
1 422371
2 316
2 44
1 811187
1 302159
2 28071
2 5
1 849062
2 92483
2 174388
2 7
2 10
2 5
2 8
2 5
3 6
1 685522
3 6
2 7
2 15
2 477
2 113174
2 19
2 101979
2 15
3 5
1 240371
2 29
1 81075
3 6
2 20
3 6
1 930955
2 9
2 203450
3 5
1 136693
2 45
2 27
1 506621
2 133
2 62103
2 53
2 60
1 594942
1 882707
2 44
3 5
2 291
3 5
2 21
2 187870
1 842378
2 459
1 658567
1 115431
2 244653
2 11
2 41814
2 18
2 7
2 85847
2 15576
3 5
2 5
2 5
2 767
1 5318
2 187259
1 172710
2 21
2 79882
2 5
2 29878
1 699086
1 16063
2 23
3 7
3 5
1 342107
2 17
1 110815
1 592758
3 5
1 454933
1 251329
2 223900
2 108387
1 649433
1 62859
1 992402
2 5
5 5
2 19
2 5
2 193509
1 929147
3 7
2 16
2 210
2 50171
2 19
2 7
1 120973
2 476
2 7
1 137031
2 227631
2 246
2 232766
2 433
1 181054
1 41882
2 86141
2 5
2 9
2 23766
